1.199999999999999956e-01	1.117097439004649806e-01
1.249780000000000058e-01	5.546232036628055972e-01
1.305999999999999939e-01	9.065334797027240210e-01
1.367059999999999942e-01	1.218004741241607736e+00
1.431360000000000132e-01	1.441283858685404873e+00
1.497320000000000040e-01	1.631113451050900442e+00
1.563350000000000017e-01	1.626014594847470462e+00
1.627850000000000130e-01	2.372737440747354931e+00
1.689219999999999888e-01	2.374396376767966110e+00
1.745889999999999942e-01	2.393800910687762684e+00
1.796250000000000069e-01	2.629510220123925990e+00
1.839349999999999874e-01	2.828374970067956351e+00
1.877439999999999942e-01	3.140066785062230803e+00
1.913779999999999926e-01	3.300192657719087652e+00
1.951660000000000061e-01	3.330385577231944616e+00
1.994340000000000002e-01	2.984140968144506800e+00
2.044499999999999929e-01	3.050303839027474595e+00
2.101250000000000062e-01	3.046608629332516749e+00
2.162479999999999958e-01	2.925038261574371301e+00
2.226049999999999973e-01	2.628857254477389382e+00
2.289819999999999911e-01	2.707122141680389227e+00
2.351930000000000132e-01	3.041196044790487107e+00
2.412249999999999950e-01	2.685293938823271276e+00
2.471349999999999936e-01	3.027670622942465251e+00
2.529799999999999827e-01	2.648435291050118323e+00
2.588170000000000193e-01	2.517202444923019478e+00
2.646970000000000156e-01	2.748817668185335794e+00
2.706259999999999777e-01	2.665806656075020431e+00
2.765880000000000005e-01	3.283524373220652937e+00
2.825679999999999858e-01	2.775954883892329139e+00
2.885510000000000019e-01	2.751637479618122217e+00
2.945229999999999793e-01	3.011082636572678606e+00
3.004809999999999981e-01	3.148733272865699373e+00
3.064310000000000089e-01	3.279042434772627690e+00
3.123750000000000138e-01	2.603969942613636235e+00
3.183190000000000186e-01	3.343588323223723791e+00
3.242650000000000254e-01	3.139522357493009341e+00
3.302149999999999808e-01	3.302735446616929860e+00
3.361680000000000224e-01	3.000376659734060425e+00
3.421210000000000084e-01	2.825499026005014791e+00
3.480759999999999965e-01	3.174747062787746543e+00
3.540289999999999826e-01	3.233442085239133679e+00
3.599809999999999954e-01	3.285189326365145934e+00
3.659330000000000083e-01	3.761798787432470093e+00
3.718839999999999923e-01	3.310254832108749490e+00
3.778360000000000052e-01	3.747159035399913574e+00
3.837869999999999893e-01	3.496041337607527666e+00
3.897390000000000021e-01	3.561511244888772687e+00
3.956910000000000149e-01	4.010853142822492501e+00
4.016429999999999723e-01	3.136611888964775385e+00
4.075949999999999851e-01	3.087542845591790819e+00
4.135469999999999979e-01	3.460491762072820165e+00
4.194979999999999820e-01	3.522120077356256207e+00
4.254499999999999948e-01	3.739719171495002215e+00
4.314009999999999789e-01	3.945694491910888946e+00
4.373540000000000205e-01	4.098661487550183224e+00
4.433079999999999798e-01	4.328903943369846630e+00
4.492619999999999947e-01	4.168975085608899178e+00
4.552160000000000095e-01	4.155598288728256762e+00
4.611680000000000224e-01	4.007584307584621364e+00
4.671170000000000044e-01	4.454282376811397270e+00
4.730619999999999825e-01	3.774266616639040173e+00
4.790059999999999873e-01	4.087066327131695154e+00
4.849510000000000209e-01	4.142811006764853587e+00
4.909020000000000050e-01	4.524303628332903671e+00
4.968629999999999991e-01	4.372245252680898808e+00
5.028390000000000359e-01	5.306973542338454308e+00
5.088230000000000253e-01	5.240724182550466459e+00
5.148009999999999531e-01	4.730835819849158241e+00
5.207570000000000254e-01	5.141251588808271045e+00
5.266750000000000043e-01	4.940480718414949735e+00
5.325410000000000421e-01	5.230953899796992879e+00
5.383719999999999617e-01	4.940051901021020875e+00
5.442249999999999588e-01	5.482406420263302493e+00
5.501580000000000359e-01	5.202137813634891472e+00
5.562289999999999734e-01	5.290387368987104821e+00
5.624930000000000208e-01	5.722863923040368839e+00
5.688929999999999820e-01	5.602592987397080115e+00
5.752220000000000111e-01	5.507559259061133972e+00
5.812610000000000277e-01	5.920078908784183191e+00
5.867949999999999555e-01	5.853158610573291121e+00
5.916080000000000227e-01	5.806757623496528353e+00
5.957040000000000113e-01	6.304095276826609862e+00
5.993990000000000151e-01	6.089174324100770086e+00
6.030370000000000452e-01	6.028984092554918739e+00
6.069609999999999728e-01	5.798628024593402763e+00
6.115110000000000268e-01	6.482472696792240363e+00
6.168270000000000142e-01	5.640272485779253664e+00
6.227219999999999978e-01	6.006844132493363020e+00
6.289789999999999548e-01	5.855615656811239411e+00
6.353790000000000271e-01	5.666329671191441264e+00
6.417070000000000274e-01	5.720082736912223353e+00
6.478369999999999962e-01	5.734101026668451340e+00
6.538089999999999735e-01	5.799746667335387684e+00
6.596819999999999906e-01	5.953777724839189212e+00
6.655140000000000500e-01	5.850279881231940315e+00
6.713630000000000431e-01	5.977349334108110313e+00
6.772660000000000347e-01	5.962390400271145197e+00
6.832110000000000127e-01	6.176298763816034487e+00
6.891829999999999901e-01	5.721076132286032845e+00
6.951669999999999794e-01	5.827415045983275199e+00
7.011469999999999647e-01	5.995877242563858900e+00
7.071119999999999628e-01	6.346838902319560383e+00
7.130670000000000064e-01	6.174100939076445194e+00
7.190130000000000132e-01	6.345112016388315013e+00
7.249569999999999625e-01	6.029664245286739721e+00
7.309010000000000229e-01	6.504774735566096311e+00
7.368489999999999762e-01	6.462043234425833838e+00
7.428000000000000158e-01	6.655122630005233297e+00
7.487530000000000019e-01	6.517490250778016581e+00
7.547080000000000455e-01	6.599209150565457094e+00
7.606619999999999493e-01	6.679517216930619838e+00
7.666140000000000176e-01	6.869875513777897957e+00
7.725670000000000037e-01	6.899456223020797196e+00
7.785180000000000433e-01	7.379435077766994588e+00
7.844689999999999719e-01	7.565512165986350901e+00
7.904210000000000402e-01	7.556694452767574788e+00
7.963729999999999976e-01	7.043274592028334169e+00
8.023249999999999549e-01	7.293782268602593710e+00
8.082770000000000232e-01	7.651851888704646498e+00
8.142289999999999806e-01	7.738976846567569901e+00
8.201800000000000201e-01	7.570628437407664890e+00
8.261319999999999775e-01	7.413088377751392066e+00
8.320830000000000171e-01	7.345635418347244538e+00
8.380349999999999744e-01	7.570343379791194316e+00
8.439870000000000427e-01	7.819860113031854354e+00
8.499400000000000288e-01	7.703468973223683847e+00
8.558940000000000436e-01	8.259436183524609731e+00
8.618479999999999475e-01	8.136429943442310631e+00
8.678010000000000446e-01	8.272893356232385642e+00
8.737519999999999731e-01	8.783386233283549061e+00
8.797000000000000375e-01	8.758560667610776562e+00
8.856439999999999868e-01	8.903509724228838351e+00
8.915870000000000184e-01	9.225851435358213948e+00
8.975349999999999717e-01	9.489591802119154096e+00
9.034900000000000153e-01	1.043609909599446084e+01
9.094569999999999599e-01	9.890439305743846887e+00
9.154379999999999740e-01	9.986162012466838434e+00
9.214210000000000456e-01	1.018973715793272383e+01
9.273909999999999654e-01	9.665932380450179551e+00
9.333329999999999682e-01	9.971287379299894837e+00
9.392300000000000093e-01	1.003950879067409829e+01
9.450749999999999984e-01	1.047758698852377357e+01
9.509090000000000042e-01	1.054077843605898224e+01
9.567890000000000006e-01	1.082397303236087005e+01
9.627750000000000474e-01	1.097929791895851537e+01
9.689229999999999787e-01	1.064600844378970734e+01
9.752680000000000238e-01	1.127723540676675285e+01
9.816639999999999810e-01	1.132433798038118233e+01
9.878930000000000211e-01	1.153210438113907621e+01
9.937399999999999567e-01	1.146930268733376046e+01
9.989850000000000119e-01	1.178191088091308103e+01
1.003457999999999961e+00	1.159793627695227869e+01
1.007338000000000067e+00	1.180482008592791132e+01
1.010966000000000031e+00	1.214043262537563805e+01
1.014685999999999977e+00	1.224081491022114498e+01
1.018841000000000108e+00	1.205050437288130816e+01
1.023735000000000062e+00	1.226804920280331324e+01
1.029328999999999938e+00	1.265509556733487173e+01
1.035408000000000106e+00	1.285963926397318957e+01
1.041754000000000069e+00	1.311686215649508824e+01
1.048148999999999997e+00	1.343714780907662742e+01
1.054391999999999996e+00	1.365847222692182505e+01
1.060446000000000000e+00	1.373246197938706636e+01
1.066368999999999900e+00	1.404569103628089266e+01
1.072216999999999976e+00	1.435733850922239263e+01
1.078049000000000035e+00	1.484928828678741830e+01
1.083920999999999912e+00	1.506691900415161989e+01
1.089842999999999895e+00	1.520576488683297534e+01
1.095801999999999943e+00	1.625405163576136758e+01
1.101780999999999899e+00	1.649748005809234286e+01
1.107765000000000111e+00	1.717681438057371679e+01
1.113739999999999952e+00	1.706840609001321951e+01
1.119699999999999918e+00	1.782493560275041133e+01
1.125650000000000039e+00	1.811462212922988613e+01
1.131594999999999906e+00	1.859668065260306236e+01
1.137537999999999938e+00	1.887367527797851352e+01
1.143483999999999945e+00	1.976445232179471034e+01
1.149432999999999927e+00	1.965280803746442118e+01
1.155386000000000024e+00	1.985874079523420832e+01
1.161338999999999899e+00	2.087258823537132457e+01
1.167294000000000054e+00	2.160730001539250367e+01
1.173246999999999929e+00	2.174019562465627331e+01
1.179200000000000026e+00	2.134217452515646585e+01
1.185151999999999983e+00	2.131175279757543706e+01
1.191103000000000023e+00	2.137180276532233592e+01
1.197054000000000062e+00	2.142065125148277360e+01
1.203006000000000020e+00	2.129790599632839587e+01
1.208957999999999977e+00	2.139766741994671762e+01
1.214909999999999934e+00	2.100384005262726106e+01
1.220861999999999892e+00	2.119785065771126753e+01
1.226814000000000071e+00	2.136466317483769473e+01
1.232765000000000111e+00	2.125074432793160639e+01
1.238717000000000068e+00	2.114664829109752375e+01
1.244668000000000108e+00	2.128149116538088137e+01
1.250620000000000065e+00	2.095565207819879916e+01
1.256572000000000022e+00	2.102478443363625615e+01
1.262526000000000037e+00	2.078848798384698782e+01
1.268480000000000052e+00	2.076141501915520848e+01
1.274434000000000067e+00	2.105226780332405312e+01
1.280386000000000024e+00	2.092962793252102571e+01
1.286335999999999924e+00	2.119313626930384586e+01
1.292281999999999931e+00	2.076457136238720125e+01
1.298224999999999962e+00	2.086702658879165639e+01
1.304170000000000051e+00	2.101393309387267649e+01
1.310119999999999951e+00	2.089563288630382942e+01
1.316079999999999917e+00	2.098566837662799500e+01
1.322052999999999923e+00	2.144507936781311486e+01
1.328036999999999912e+00	2.106817862189301849e+01
1.334017000000000008e+00	2.125827866945844846e+01
1.339976000000000056e+00	2.091995375710671112e+01
1.345900000000000096e+00	2.140422082500947809e+01
1.351774000000000031e+00	2.106173701791818331e+01
1.357607000000000008e+00	2.098434686846354325e+01
1.363453000000000026e+00	2.160449796140544976e+01
1.369372000000000034e+00	2.136103446728838406e+01
1.375421999999999922e+00	2.117302469975064483e+01
1.381658999999999970e+00	2.124856406304410683e+01
1.388052000000000064e+00	2.165757126637832286e+01
1.394403000000000059e+00	2.159802243317514581e+01
1.400492999999999988e+00	2.147604016540172722e+01
1.406104999999999938e+00	2.162099935590907052e+01
1.411021999999999998e+00	2.180339153413033415e+01
1.415195999999999898e+00	2.122197715717605959e+01
1.418924000000000074e+00	2.152866767725424069e+01
1.422549999999999981e+00	2.173784754623537552e+01
1.426417000000000046e+00	2.133211470130486376e+01
1.430868000000000029e+00	2.173945562556762212e+01
1.436091000000000006e+00	2.137678544335160424e+01
1.441923000000000066e+00	2.171222009375878770e+01
1.448144000000000098e+00	2.219281529856150215e+01
1.454538000000000109e+00	2.162047180857871709e+01
1.460887000000000047e+00	2.196008120048232115e+01
1.467041999999999957e+00	2.164716255825991809e+01
1.473030999999999979e+00	2.199840529652665211e+01
1.478914000000000062e+00	2.206937887810387267e+01
1.484749000000000096e+00	2.199515040195256788e+01
1.490591999999999917e+00	2.183818255583901191e+01
1.496488000000000040e+00	2.202190566255587001e+01
1.502428000000000097e+00	2.208779292002683547e+01
1.508397999999999906e+00	2.158416799872742331e+01
1.514380999999999977e+00	2.224489533643021844e+01
1.520361999999999991e+00	2.188488302671612828e+01
1.526329999999999965e+00	2.193298787265714367e+01
1.532284999999999897e+00	2.200380484915059398e+01
1.538232999999999961e+00	2.193615991059109049e+01
1.544175999999999993e+00	2.212022326087004487e+01
1.550119999999999942e+00	2.198097185686138744e+01
1.556068000000000007e+00	2.166030130010328492e+01
1.562019000000000046e+00	2.186772404643956946e+01
1.567971999999999921e+00	2.160851568022321700e+01
1.573925999999999936e+00	2.142502043144760293e+01
1.579879999999999951e+00	2.147662561723097596e+01
1.585833000000000048e+00	2.177060853425133402e+01
1.591785000000000005e+00	2.152877317187536121e+01
1.597736999999999963e+00	2.193449718698193607e+01
1.603688000000000002e+00	2.209497609490571435e+01
1.609639000000000042e+00	2.142219698506358583e+01
1.615590999999999999e+00	2.219611212313244408e+01
1.621542999999999957e+00	2.202217737470652636e+01
1.627494999999999914e+00	2.223929576280466236e+01
1.633447000000000093e+00	2.172457786148614645e+01
1.639399000000000051e+00	2.183574466640611789e+01
1.645350000000000090e+00	2.226882481571517758e+01
1.651302000000000048e+00	2.172709617961435313e+01
1.657253000000000087e+00	2.212550602979164083e+01
1.663205000000000044e+00	2.253947838962819361e+01
1.669157999999999920e+00	2.219884114597483560e+01
1.675111999999999934e+00	2.240165944397192277e+01
1.681065999999999949e+00	2.245697157012772394e+01
1.687019000000000046e+00	2.286759569941678194e+01
1.692971000000000004e+00	2.301545224464627282e+01
1.698919000000000068e+00	2.288127338164313329e+01
1.704863000000000017e+00	2.366956692763083936e+01
1.710806999999999967e+00	2.410654194371362635e+01
1.716752999999999973e+00	2.429276914447348190e+01
1.722706999999999988e+00	2.412348091258416360e+01
1.728671999999999986e+00	2.479820159642795474e+01
1.734652000000000083e+00	2.498989453773835123e+01
1.740636000000000072e+00	2.545454622108968223e+01
1.746609000000000078e+00	2.599980089807178985e+01
1.752555000000000085e+00	2.689877614828403196e+01
1.758458000000000077e+00	2.694711269679049792e+01
1.764308999999999905e+00	2.720297432546103877e+01
1.770140999999999964e+00	2.749825403283095326e+01
1.776011999999999924e+00	2.827031714990549816e+01
1.781979999999999897e+00	2.865321917680983788e+01
1.788105000000000055e+00	2.841000571153682586e+01
1.794426999999999994e+00	2.916133378213824301e+01
1.800829000000000013e+00	2.890609879368417268e+01
1.807091999999999921e+00	2.948927576037113596e+01
1.813002000000000002e+00	3.013765388135893275e+01
1.818338000000000010e+00	2.997657901059140784e+01
1.822912000000000088e+00	3.105304844459472235e+01
1.826850000000000085e+00	3.124486212964416509e+01
1.830492000000000008e+00	3.188225144879057282e+01
1.834179999999999922e+00	3.153978234761345689e+01
1.838259000000000087e+00	3.207621417224623173e+01
1.843048000000000020e+00	3.237386467169358184e+01
1.848562000000000038e+00	3.324978148557357827e+01
1.854589999999999961e+00	3.356051363217797956e+01
1.860913000000000039e+00	3.372224296449038405e+01
1.867313999999999918e+00	3.377955655571983584e+01
1.873583999999999916e+00	3.430742097674964697e+01
1.879660000000000108e+00	3.446249764482335110e+01
1.885596000000000050e+00	3.513653489271681707e+01
1.891450999999999993e+00	3.536893206016640789e+01
1.897281999999999913e+00	3.551541306629378170e+01
1.903146999999999922e+00	3.596774729955810557e+01
1.909062999999999954e+00	3.631441035719595334e+01
1.915018000000000109e+00	3.617783362343709541e+01
1.920995999999999926e+00	3.629018834227069590e+01
1.926979999999999915e+00	3.684088342951199024e+01
1.932955999999999896e+00	3.728546139324075881e+01
1.938917999999999919e+00	3.758366626314350611e+01
1.944868999999999959e+00	3.801079042886607340e+01
1.950814000000000048e+00	3.878577302938472116e+01
1.956757999999999997e+00	3.963404755393825951e+01
1.962703000000000086e+00	4.006336023025757243e+01
1.968652000000000069e+00	4.044364449751878254e+01
1.974604000000000026e+00	4.146129458481477315e+01
1.980558000000000041e+00	4.173703477072741919e+01
1.986512000000000056e+00	4.226150322080934529e+01
1.992466000000000070e+00	4.267697960770616561e+01
1.998418000000000028e+00	4.327755856336595031e+01
2.004370000000000207e+00	4.315857296536604792e+01
2.010321999999999942e+00	4.292419792854970240e+01
2.016272999999999982e+00	4.313578300094521722e+01
2.022224000000000022e+00	4.266367980145573569e+01
2.028176000000000201e+00	4.252611334880665339e+01
2.034127999999999936e+00	4.165223163167647868e+01
2.040080000000000116e+00	4.119355858591653430e+01
2.046031999999999851e+00	4.014468621198661680e+01
2.051984000000000030e+00	3.995824353855210376e+01
2.057935000000000070e+00	3.915614829762712645e+01
2.063886999999999805e+00	3.875937317472316579e+01
2.069837999999999845e+00	3.818639900769561990e+01
2.075791000000000164e+00	3.803386926891489139e+01
2.081744000000000039e+00	3.722752361810321986e+01
2.087698000000000054e+00	3.713446034329165002e+01
2.093652000000000069e+00	3.731928975056612074e+01
2.099604999999999944e+00	3.705539228465308810e+01
2.105554999999999843e+00	3.722227301143283995e+01
2.111501000000000072e+00	3.759249111317498659e+01
2.117445000000000022e+00	3.799529957142632242e+01
2.123388999999999971e+00	3.877818119730373780e+01
2.129338000000000175e+00	3.933097275901842949e+01
2.135295999999999861e+00	4.076921870732313380e+01
2.141268000000000171e+00	4.196423798325432131e+01
2.147250999999999799e+00	4.300126007242125326e+01
2.153232000000000035e+00	4.402648547061778572e+01
2.159196000000000115e+00	4.549787295321787184e+01
2.165125000000000188e+00	4.696210417695102990e+01
2.171006000000000213e+00	4.755531492500153945e+01
2.176841000000000026e+00	4.832192630239327258e+01
2.182682999999999929e+00	4.862458325335308018e+01
2.188588999999999896e+00	4.888905743282762728e+01
2.194618000000000180e+00	4.837343925407663647e+01
2.200828000000000007e+00	4.736989138835808433e+01
2.207209999999999894e+00	4.699237129620206588e+01
2.213579000000000185e+00	4.619721779736583045e+01
2.219714999999999883e+00	4.527024203373757416e+01
2.225403000000000020e+00	4.480781972828857818e+01
2.230423000000000044e+00	4.376648169034174174e+01
2.234681000000000139e+00	4.277736394032452694e+01
2.238447999999999993e+00	4.222717224953250792e+01
2.242068000000000172e+00	4.144504172684895593e+01
2.245884000000000214e+00	4.130746654531974116e+01
2.250237999999999960e+00	4.132763525600174148e+01
2.255365999999999982e+00	4.142061166307141207e+01
2.261130000000000084e+00	4.130191297695705543e+01
2.267313000000000134e+00	4.190602046513497214e+01
2.273696000000000161e+00	4.236285658833936196e+01
2.280063999999999869e+00	4.375934060126422054e+01
2.286243999999999943e+00	4.468725148533577851e+01
2.292251999999999956e+00	4.635141812741395739e+01
2.298146000000000022e+00	4.766883960545304433e+01
2.303983000000000114e+00	4.940147815581958213e+01
2.309822000000000042e+00	5.137677432474524153e+01
2.315710999999999853e+00	5.367498058607192490e+01
2.321645999999999876e+00	5.532249015630333133e+01
2.327612999999999932e+00	5.733051781032675365e+01
2.333594999999999864e+00	5.827860827446582448e+01
2.339576999999999796e+00	5.959826338584060323e+01
2.345546999999999827e+00	6.037409951391516927e+01
2.351503999999999817e+00	5.978162465388732727e+01
2.357451999999999881e+00	5.918267335223449521e+01
2.363395999999999830e+00	5.830612457672126681e+01
2.369339000000000084e+00	5.746371950347874957e+01
2.375286000000000008e+00	5.651317247795181231e+01
2.381237000000000048e+00	5.579922778459685162e+01
2.387189999999999923e+00	5.496507640500677638e+01
2.393143999999999938e+00	5.428200781594622271e+01
2.399097999999999953e+00	5.386617204654376678e+01
2.405050999999999828e+00	5.296844159957299070e+01
2.411004000000000147e+00	5.263283839301531941e+01
2.416955999999999882e+00	5.255708007342006027e+01
2.422906999999999922e+00	5.186929913760354083e+01
2.428857999999999961e+00	5.255216487898751865e+01
2.434809000000000001e+00	5.225482847443385026e+01
2.440760000000000041e+00	5.260515314512595353e+01
2.446712000000000220e+00	5.308643916749689851e+01
2.452663999999999955e+00	5.326784795444803677e+01
2.458616999999999830e+00	5.352643085915076426e+01
2.464570999999999845e+00	5.354906133117290779e+01
2.470524999999999860e+00	5.349282484809422300e+01
2.476478000000000179e+00	5.420387224647020474e+01
2.482429999999999914e+00	5.600254044529220465e+01
2.488377999999999979e+00	5.867963221022814935e+01
2.494323000000000068e+00	6.337901823734875251e+01
2.500265999999999877e+00	6.957738803215265477e+01
2.506212000000000106e+00	7.573949931209010344e+01
2.512164999999999981e+00	8.107106658805281540e+01
2.518129000000000062e+00	8.405287379048739638e+01
2.524108000000000018e+00	8.495135580703134792e+01
2.530091999999999786e+00	8.241246183763037436e+01
2.536067000000000071e+00	7.933022775133612470e+01
2.542015999999999831e+00	7.514666490446869318e+01
2.547924000000000078e+00	7.065184273355717437e+01
2.553779000000000021e+00	6.701453437118716749e+01
2.559610000000000163e+00	6.414854664132488438e+01
2.565475000000000172e+00	6.157537141441190442e+01
2.571432000000000162e+00	6.045459697725854653e+01
2.577539999999999942e+00	5.950490156458368318e+01
2.583845999999999865e+00	5.868011796367284916e+01
2.590249000000000024e+00	5.749114529839327759e+01
2.596534000000000120e+00	5.730907528089794312e+01
2.602485000000000159e+00	5.618785914854046837e+01
2.607883000000000173e+00	5.517946889490402640e+01
2.612527000000000044e+00	5.326527558759473635e+01
2.616509000000000196e+00	5.017876661329814425e+01
2.620163999999999938e+00	4.744789910136511679e+01
2.623834000000000000e+00	4.363570457763245969e+01
2.627863000000000060e+00	3.984224784746333370e+01
2.632579999999999920e+00	3.582459480406705410e+01
2.638037000000000187e+00	3.262653783629644266e+01
2.644026000000000209e+00	2.880405627936756474e+01
2.650332000000000132e+00	2.535419186425349736e+01
2.656734000000000151e+00	2.164392512598396223e+01
2.663022999999999918e+00	1.727721341882562101e+01
2.669115000000000126e+00	1.359028648273621265e+01
2.675060999999999911e+00	1.175617633651783223e+01
2.680919999999999970e+00	1.163090909343888768e+01
2.686751000000000111e+00	1.498535937461674372e+01
2.692610999999999866e+00	2.200988644531113181e+01
2.698523999999999923e+00	3.338997525640775166e+01
2.704476000000000102e+00	4.553649704872799475e+01
2.710452000000000083e+00	5.567134115811369810e+01
2.716435999999999851e+00	6.176956022440403160e+01
2.722412999999999972e+00	6.132168326290694438e+01
2.728375999999999912e+00	5.295795186460899373e+01
2.734328000000000092e+00	3.963962373518677396e+01
2.740273999999999877e+00	2.512558242315074608e+01
2.746217000000000130e+00	1.132723174406784672e+01
2.752162000000000219e+00	1.102726129185781057e+00
2.758110999999999979e+00	-4.010658159661581124e+00
2.764063000000000159e+00	-5.153508044984514314e+00
2.770016000000000034e+00	-3.558196079521064092e+00
2.775971000000000188e+00	-7.413085309133074507e-02
2.781924000000000063e+00	4.212401391702161213e+00
2.787876999999999938e+00	7.352636429660440065e+00
2.793829000000000118e+00	1.068079506612263430e+01
2.799780999999999853e+00	1.430760791426579459e+01
2.805731999999999893e+00	1.664921668007040267e+01
2.811682999999999932e+00	1.962771721483569465e+01
2.817635000000000112e+00	2.264913637888749776e+01
2.823586999999999847e+00	2.456510047687939746e+01
2.829539000000000026e+00	2.640371923829215461e+01
2.835491000000000206e+00	2.819739897441090193e+01
2.841442999999999941e+00	2.931155071798126954e+01
2.847395000000000120e+00	2.932150619503922684e+01
2.853346999999999856e+00	2.884870875520929090e+01
2.859299000000000035e+00	2.842866612944579430e+01
2.865251000000000214e+00	2.814164433660510767e+01
2.871201999999999810e+00	2.796182838577055563e+01
2.877153999999999989e+00	2.768696766179767366e+01
2.883106000000000169e+00	2.779442274586720885e+01
2.889057999999999904e+00	2.796405522768974450e+01
2.895010000000000083e+00	2.818180735694310002e+01
2.900961999999999819e+00	2.805892677386636791e+01
2.906913999999999998e+00	2.798885016649517610e+01
2.912866000000000177e+00	2.787280563902682218e+01
2.918817999999999913e+00	2.714319281014393681e+01
2.924770000000000092e+00	2.639848502102638861e+01
2.930721000000000132e+00	2.554847513528033787e+01
2.936672999999999867e+00	2.411618733920506230e+01
2.942625000000000046e+00	2.311774374719097125e+01
2.948576999999999781e+00	2.196602821500998459e+01
2.954528999999999961e+00	2.096311326776058692e+01
2.960481000000000140e+00	1.979250049776828035e+01
2.966432999999999875e+00	1.993088478039613776e+01
2.972385000000000055e+00	1.993296278066347327e+01
2.978336999999999790e+00	2.002927392332769330e+01
2.984288999999999970e+00	2.019497189753064248e+01
2.990240000000000009e+00	2.008068446026156195e+01
2.996192000000000188e+00	1.935016930734553853e+01
3.002143999999999924e+00	1.855030455466641115e+01
3.008096000000000103e+00	1.713892996715406980e+01
3.014047999999999838e+00	1.465501282910776126e+01
3.020000000000000018e+00	1.195014867067414066e+01
