1.199999999999999956e-01	1.214788694455769091e+00
1.249780000000000058e-01	-5.905135412836329811e-01
1.305999999999999939e-01	2.158754781749108176e-01
1.367059999999999942e-01	1.347724060966580151e+00
1.431360000000000132e-01	2.220520115749644141e+00
1.497320000000000040e-01	2.321642555883196568e+00
1.563350000000000017e-01	4.612478693276709230e+00
1.627850000000000130e-01	4.196787200559785269e+00
1.689219999999999888e-01	5.094564069282052188e+00
1.745889999999999942e-01	6.081775744950342677e+00
1.796250000000000069e-01	5.516937205874234529e+00
1.839349999999999874e-01	4.573799951503809247e+00
1.877439999999999942e-01	5.385491607049646134e+00
1.913779999999999926e-01	5.301487367303997722e+00
1.951660000000000061e-01	4.749976421682415406e+00
1.994340000000000002e-01	3.571213604875229652e+00
2.044499999999999929e-01	3.355418146214731223e+00
2.101250000000000062e-01	2.987134207354765092e+00
2.162479999999999958e-01	4.307818101094811780e+00
2.226049999999999973e-01	4.012416595700578625e+00
2.289819999999999911e-01	4.203783955629823765e+00
2.351930000000000132e-01	5.044094046954675115e+00
2.412249999999999950e-01	5.217267018582453453e+00
2.471349999999999936e-01	6.037381659855515892e+00
2.529799999999999827e-01	5.564774631265418492e+00
2.588170000000000193e-01	5.149096703422434196e+00
2.646970000000000156e-01	5.093129114917519296e+00
2.706259999999999777e-01	3.856531636797824625e+00
2.765880000000000005e-01	4.288138343062470881e+00
2.825679999999999858e-01	3.997970355441376356e+00
2.885510000000000019e-01	3.302686268123617985e+00
2.945229999999999793e-01	3.981759114842319480e+00
3.004809999999999981e-01	3.576751255196922052e+00
3.064310000000000089e-01	3.929537217979626629e+00
3.123750000000000138e-01	3.992889078564247907e+00
3.183190000000000186e-01	4.799755039543365243e+00
3.242650000000000254e-01	4.571834129554298798e+00
3.302149999999999808e-01	5.502675357374315013e+00
3.361680000000000224e-01	5.684245855635863265e+00
3.421210000000000084e-01	6.801718315150032446e+00
3.480759999999999965e-01	5.387548252682402783e+00
3.540289999999999826e-01	5.969819614604623403e+00
3.599809999999999954e-01	5.782702020361668360e+00
3.659330000000000083e-01	5.074091815749516066e+00
3.718839999999999923e-01	4.368219170520267092e+00
3.778360000000000052e-01	4.004089786289555697e+00
3.837869999999999893e-01	4.292411566721791694e+00
3.897390000000000021e-01	4.519055901242650108e+00
3.956910000000000149e-01	5.245451171209555952e+00
4.016429999999999723e-01	5.487831367243203751e+00
4.075949999999999851e-01	5.716599642614514032e+00
4.135469999999999979e-01	7.807681070431767623e+00
4.194979999999999820e-01	6.469880286635379285e+00
4.254499999999999948e-01	7.121667154819243173e+00
4.314009999999999789e-01	7.131160215517983403e+00
4.373540000000000205e-01	7.164663949450601699e+00
4.433079999999999798e-01	6.700010099965290955e+00
4.492619999999999947e-01	6.289477272720839451e+00
4.552160000000000095e-01	6.152893569011737007e+00
4.611680000000000224e-01	6.433090588259309683e+00
4.671170000000000044e-01	5.320025633553855826e+00
4.730619999999999825e-01	5.528922670511581927e+00
4.790059999999999873e-01	5.641009952200103150e+00
4.849510000000000209e-01	5.575394752862404602e+00
4.909020000000000050e-01	6.228049252095994248e+00
4.968629999999999991e-01	6.709578050814532624e+00
5.028390000000000359e-01	6.289768865242416851e+00
5.088230000000000253e-01	7.125051872992880675e+00
5.148009999999999531e-01	6.764879293942679617e+00
5.207570000000000254e-01	7.602901731581088285e+00
5.266750000000000043e-01	7.576218555636872409e+00
5.325410000000000421e-01	7.756166529325049908e+00
5.383719999999999617e-01	7.062955198851552652e+00
5.442249999999999588e-01	8.496509320327881198e+00
5.501580000000000359e-01	7.915993063294409104e+00
5.562289999999999734e-01	8.131223121725575709e+00
5.624930000000000208e-01	8.446133305660483259e+00
5.688929999999999820e-01	8.215751107623201932e+00
5.752220000000000111e-01	7.312015661351112250e+00
5.812610000000000277e-01	7.215264714852317240e+00
5.867949999999999555e-01	7.270150490638469520e+00
5.916080000000000227e-01	7.331957978392066089e+00
5.957040000000000113e-01	6.169852955711370157e+00
5.993990000000000151e-01	6.944488187888896213e+00
6.030370000000000452e-01	7.860815160487134357e+00
6.069609999999999728e-01	7.803634706753424410e+00
6.115110000000000268e-01	6.779410664185282265e+00
6.168270000000000142e-01	6.228054035197899019e+00
6.227219999999999978e-01	6.473030603664095217e+00
6.289789999999999548e-01	6.287686319234707888e+00
6.353790000000000271e-01	5.881721790887643131e+00
6.417070000000000274e-01	6.081001888867702654e+00
6.478369999999999962e-01	6.745028549906321835e+00
6.538089999999999735e-01	6.565775404383276559e+00
6.596819999999999906e-01	7.207667828737808868e+00
6.655140000000000500e-01	7.724650153380606454e+00
6.713630000000000431e-01	8.476232266141542127e+00
6.772660000000000347e-01	9.087125878689471747e+00
6.832110000000000127e-01	7.806651351509058756e+00
6.891829999999999901e-01	8.710769540816022172e+00
6.951669999999999794e-01	7.894890229802903114e+00
7.011469999999999647e-01	8.120633579363484955e+00
7.071119999999999628e-01	7.920628679841025921e+00
7.130670000000000064e-01	8.081588166789181571e+00
7.190130000000000132e-01	8.870261773118750526e+00
7.249569999999999625e-01	8.872274821984492021e+00
7.309010000000000229e-01	9.678703502058214170e+00
7.368489999999999762e-01	8.393613541867738448e+00
7.428000000000000158e-01	8.703045716342833416e+00
7.487530000000000019e-01	8.834553137342142648e+00
7.547080000000000455e-01	7.536676162519222011e+00
7.606619999999999493e-01	7.868228285529234256e+00
7.666140000000000176e-01	7.724224582046062437e+00
7.725670000000000037e-01	6.590414801545708912e+00
7.785180000000000433e-01	7.841825040521720247e+00
7.844689999999999719e-01	8.022322003962727877e+00
7.904210000000000402e-01	7.581035296987862715e+00
7.963729999999999976e-01	8.320769409570132780e+00
8.023249999999999549e-01	1.000200305775877041e+01
8.082770000000000232e-01	1.075383936237953719e+01
8.142289999999999806e-01	1.095882603010586820e+01
8.201800000000000201e-01	1.179542155840116813e+01
8.261319999999999775e-01	1.169215252632340452e+01
8.320830000000000171e-01	1.137719047188209487e+01
8.380349999999999744e-01	1.113753231340037253e+01
8.439870000000000427e-01	9.857626361470725129e+00
8.499400000000000288e-01	1.000657864291401644e+01
8.558940000000000436e-01	1.020714873857075489e+01
8.618479999999999475e-01	1.096066059214209254e+01
8.678010000000000446e-01	1.170948251310898058e+01
8.737519999999999731e-01	1.103143436368742414e+01
8.797000000000000375e-01	1.222350834965408772e+01
8.856439999999999868e-01	1.206070931019877257e+01
8.915870000000000184e-01	1.231404665014152044e+01
8.975349999999999717e-01	1.238842054832319128e+01
9.034900000000000153e-01	1.178486664629133251e+01
9.094569999999999599e-01	1.164732896422531638e+01
9.154379999999999740e-01	1.191936575348843874e+01
9.214210000000000456e-01	1.194789063839944809e+01
9.273909999999999654e-01	1.213525679546988023e+01
9.333329999999999682e-01	1.181731461744256784e+01
9.392300000000000093e-01	1.232646785302099168e+01
9.450749999999999984e-01	1.164779582854568929e+01
9.509090000000000042e-01	1.204477899048537815e+01
9.567890000000000006e-01	1.123760279339562373e+01
9.627750000000000474e-01	1.006529487901798348e+01
9.689229999999999787e-01	1.031799809965724712e+01
9.752680000000000238e-01	1.041055008643280466e+01
9.816639999999999810e-01	1.086451349275337996e+01
9.878930000000000211e-01	1.053002762524160296e+01
9.937399999999999567e-01	1.059016722442270009e+01
9.989850000000000119e-01	1.113669514506562841e+01
1.003457999999999961e+00	1.116749547010563504e+01
1.007338000000000067e+00	1.080391848585632353e+01
1.010966000000000031e+00	1.047924837350698191e+01
1.014685999999999977e+00	1.136634526975467274e+01
1.018841000000000108e+00	1.141052796266009928e+01
1.023735000000000062e+00	1.238394849629047023e+01
1.029328999999999938e+00	1.274160014056066359e+01
1.035408000000000106e+00	1.398211663055690934e+01
1.041754000000000069e+00	1.395311516068959001e+01
1.048148999999999997e+00	1.386956766508818539e+01
1.054391999999999996e+00	1.526445230720578650e+01
1.060446000000000000e+00	1.565214619326409995e+01
1.066368999999999900e+00	1.567570008920452551e+01
1.072216999999999976e+00	1.541566854361536976e+01
1.078049000000000035e+00	1.639062760306040900e+01
1.083920999999999912e+00	1.645941964966981175e+01
1.089842999999999895e+00	1.643938712375847189e+01
1.095801999999999943e+00	1.617251456270292920e+01
1.101780999999999899e+00	1.625442775272420803e+01
1.107765000000000111e+00	1.740172902513960196e+01
1.113739999999999952e+00	1.612860787210694724e+01
1.119699999999999918e+00	1.695437659747187809e+01
1.125650000000000039e+00	1.703386903924950957e+01
1.131594999999999906e+00	1.796853988455381312e+01
1.137537999999999938e+00	1.830178728252345621e+01
1.143483999999999945e+00	1.905181683119150193e+01
1.149432999999999927e+00	1.901960127990633609e+01
1.155386000000000024e+00	1.915243389824876985e+01
1.161338999999999899e+00	1.994921260147723174e+01
1.167294000000000054e+00	1.974437979111859676e+01
1.173246999999999929e+00	2.040478543573241765e+01
1.179200000000000026e+00	1.965310132536231080e+01
1.185151999999999983e+00	1.968802894715994256e+01
1.191103000000000023e+00	2.044391082716129660e+01
1.197054000000000062e+00	1.979083306229837902e+01
1.203006000000000020e+00	2.000103408072031286e+01
1.208957999999999977e+00	2.024005387416840662e+01
1.214909999999999934e+00	1.993856168366072268e+01
1.220861999999999892e+00	2.012394251792103361e+01
1.226814000000000071e+00	2.048772061744153206e+01
1.232765000000000111e+00	2.086376358125549046e+01
1.238717000000000068e+00	1.986917368431889130e+01
1.244668000000000108e+00	2.101693356548088332e+01
1.250620000000000065e+00	2.084693325737181624e+01
1.256572000000000022e+00	2.021159959934966821e+01
1.262526000000000037e+00	2.139584193377352861e+01
1.268480000000000052e+00	2.092096881074889581e+01
1.274434000000000067e+00	2.092784303526478595e+01
1.280386000000000024e+00	2.160310580482885712e+01
1.286335999999999924e+00	2.108563096181435981e+01
1.292281999999999931e+00	2.160449163083883661e+01
1.298224999999999962e+00	2.176995548787094137e+01
1.304170000000000051e+00	2.226101209068804465e+01
1.310119999999999951e+00	2.173238358455904518e+01
1.316079999999999917e+00	2.252651221644750379e+01
1.322052999999999923e+00	2.151363241363609902e+01
1.328036999999999912e+00	2.152434717170667611e+01
1.334017000000000008e+00	2.178577539937734286e+01
1.339976000000000056e+00	2.239764686908637970e+01
1.345900000000000096e+00	2.340326311470185772e+01
1.351774000000000031e+00	2.354982526648751318e+01
1.357607000000000008e+00	2.391568818655174766e+01
1.363453000000000026e+00	2.349865032655383246e+01
1.369372000000000034e+00	2.363358072742328275e+01
1.375421999999999922e+00	2.398167750452315872e+01
1.381658999999999970e+00	2.378436777335938856e+01
1.388052000000000064e+00	2.344533964906912260e+01
1.394403000000000059e+00	2.283517635322841954e+01
1.400492999999999988e+00	2.233016608718564910e+01
1.406104999999999938e+00	2.285477010147995358e+01
1.411021999999999998e+00	2.251140492478453936e+01
1.415195999999999898e+00	2.230754941608539710e+01
1.418924000000000074e+00	2.311949397543198970e+01
1.422549999999999981e+00	2.332233894184838263e+01
1.426417000000000046e+00	2.407762797578310909e+01
1.430868000000000029e+00	2.418549396328880619e+01
1.436091000000000006e+00	2.305140156234877935e+01
1.441923000000000066e+00	2.326576606389595625e+01
1.448144000000000098e+00	2.283172414281957785e+01
1.454538000000000109e+00	2.259472598068770566e+01
1.460887000000000047e+00	2.286878379661927241e+01
1.467041999999999957e+00	2.300716583018720129e+01
1.473030999999999979e+00	2.495223736165498352e+01
1.478914000000000062e+00	2.484159535404246810e+01
1.484749000000000096e+00	2.630804476873840514e+01
1.490591999999999917e+00	2.668293702498715447e+01
1.496488000000000040e+00	2.669910360434340646e+01
1.502428000000000097e+00	2.645740932890094044e+01
1.508397999999999906e+00	2.612114530797328271e+01
1.514380999999999977e+00	2.582748886390727705e+01
1.520361999999999991e+00	2.514060391455826604e+01
1.526329999999999965e+00	2.482067401544333407e+01
1.532284999999999897e+00	2.490089119345946855e+01
1.538232999999999961e+00	2.442046435544667560e+01
1.544175999999999993e+00	2.434089338063500918e+01
1.550119999999999942e+00	2.467638364880853175e+01
1.556068000000000007e+00	2.406280967331153775e+01
1.562019000000000046e+00	2.333463773668592722e+01
1.567971999999999921e+00	2.252995543551876167e+01
1.573925999999999936e+00	2.206235613569081622e+01
1.579879999999999951e+00	2.144268786573133312e+01
1.585833000000000048e+00	2.195436867633705802e+01
1.591785000000000005e+00	2.136421592305273265e+01
1.597736999999999963e+00	2.166710728745566783e+01
1.603688000000000002e+00	2.263912930615765262e+01
1.609639000000000042e+00	2.247039680135804929e+01
1.615590999999999999e+00	2.402847924423740267e+01
1.621542999999999957e+00	2.551248865898945439e+01
1.627494999999999914e+00	2.779654813108815503e+01
1.633447000000000093e+00	2.830272096328210907e+01
1.639399000000000051e+00	2.903384785924292188e+01
1.645350000000000090e+00	2.901852446134432384e+01
1.651302000000000048e+00	2.898199879745304841e+01
1.657253000000000087e+00	2.835903058973458712e+01
1.663205000000000044e+00	2.791251540892618266e+01
1.669157999999999920e+00	2.690786225762903783e+01
1.675111999999999934e+00	2.713942672721245586e+01
1.681065999999999949e+00	2.758773431806775278e+01
1.687019000000000046e+00	2.887234694837585636e+01
1.692971000000000004e+00	2.858990460713288329e+01
1.698919000000000068e+00	2.931453302335459910e+01
1.704863000000000017e+00	3.024438009750819134e+01
1.710806999999999967e+00	3.028466155257279979e+01
1.716752999999999973e+00	3.055186859271571009e+01
1.722706999999999988e+00	3.013703790274521666e+01
1.728671999999999986e+00	3.072500581019139076e+01
1.734652000000000083e+00	3.045343126724999649e+01
1.740636000000000072e+00	3.037270383190778489e+01
1.746609000000000078e+00	3.039535750297297767e+01
1.752555000000000085e+00	3.005879221558763348e+01
1.758458000000000077e+00	2.985761519579637024e+01
1.764308999999999905e+00	3.103811370483355248e+01
1.770140999999999964e+00	3.133612121945902018e+01
1.776011999999999924e+00	3.171780200942611572e+01
1.781979999999999897e+00	3.186139395360780924e+01
1.788105000000000055e+00	3.281621798132470502e+01
1.794426999999999994e+00	3.213806718102810578e+01
1.800829000000000013e+00	3.213583568132537494e+01
1.807091999999999921e+00	3.204745612121553933e+01
1.813002000000000002e+00	3.169181045862577761e+01
1.818338000000000010e+00	3.161402736818630999e+01
1.822912000000000088e+00	3.119701587519378805e+01
1.826850000000000085e+00	3.083095729000299201e+01
1.830492000000000008e+00	3.202467451447385116e+01
1.834179999999999922e+00	3.170828992273966662e+01
1.838259000000000087e+00	3.250503227130614192e+01
1.843048000000000020e+00	3.315178790060023317e+01
1.848562000000000038e+00	3.282566827907946561e+01
1.854589999999999961e+00	3.408858592670271292e+01
1.860913000000000039e+00	3.497678872118946458e+01
1.867313999999999918e+00	3.557676953605604808e+01
1.873583999999999916e+00	3.660705398666267030e+01
1.879660000000000108e+00	3.662060463963098300e+01
1.885596000000000050e+00	3.750412108303603276e+01
1.891450999999999993e+00	3.818074535370845979e+01
1.897281999999999913e+00	3.901456385814518057e+01
1.903146999999999922e+00	3.878174469331277407e+01
1.909062999999999954e+00	3.972731938246762695e+01
1.915018000000000109e+00	4.097462231575628522e+01
1.920995999999999926e+00	4.098616483107135622e+01
1.926979999999999915e+00	4.151948222497860286e+01
1.932955999999999896e+00	4.126167399418042692e+01
1.938917999999999919e+00	4.087567050641790445e+01
1.944868999999999959e+00	4.060020022277448248e+01
1.950814000000000048e+00	4.015794304419561200e+01
1.956757999999999997e+00	4.070310524529966756e+01
1.962703000000000086e+00	4.024044003682705295e+01
1.968652000000000069e+00	4.080111328611945254e+01
1.974604000000000026e+00	4.007468473191543978e+01
1.980558000000000041e+00	4.088985798359087198e+01
1.986512000000000056e+00	3.948982014497025261e+01
1.992466000000000070e+00	3.969491811398641090e+01
1.998418000000000028e+00	4.023707102007902847e+01
2.004370000000000207e+00	4.043752176120619879e+01
2.010321999999999942e+00	4.024307958939358087e+01
2.016272999999999982e+00	4.010726634864975182e+01
2.022224000000000022e+00	4.060903819078922794e+01
2.028176000000000201e+00	4.004899609205168787e+01
2.034127999999999936e+00	4.099956691750521998e+01
2.040080000000000116e+00	4.053247174535336228e+01
2.046031999999999851e+00	4.130178866464390808e+01
2.051984000000000030e+00	4.163284988884931437e+01
2.057935000000000070e+00	4.290048122099914707e+01
2.063886999999999805e+00	4.450826046710120920e+01
2.069837999999999845e+00	4.557131247654876915e+01
2.075791000000000164e+00	4.592302149503336040e+01
2.081744000000000039e+00	4.548037607360018342e+01
2.087698000000000054e+00	4.656476168258912196e+01
2.093652000000000069e+00	4.649136174151504974e+01
2.099604999999999944e+00	4.439325667006381337e+01
2.105554999999999843e+00	4.402323967033074581e+01
2.111501000000000072e+00	4.243711018132889734e+01
2.117445000000000022e+00	4.154652055367883889e+01
2.123388999999999971e+00	4.048339570669630660e+01
2.129338000000000175e+00	4.009432161110292725e+01
2.135295999999999861e+00	3.764589977135855037e+01
2.141268000000000171e+00	3.917122966744400259e+01
2.147250999999999799e+00	3.808978186606664451e+01
2.153232000000000035e+00	3.877229003262948481e+01
2.159196000000000115e+00	3.971920323380381745e+01
2.165125000000000188e+00	4.085380865847145060e+01
2.171006000000000213e+00	4.062533642430776126e+01
2.176841000000000026e+00	4.236203736855980395e+01
2.182682999999999929e+00	4.246254844948580853e+01
2.188588999999999896e+00	4.366365804332908596e+01
2.194618000000000180e+00	4.407477209248600047e+01
2.200828000000000007e+00	4.393408262156464872e+01
2.207209999999999894e+00	4.307246598222232592e+01
2.213579000000000185e+00	4.308803070406079883e+01
2.219714999999999883e+00	4.329793110909936615e+01
2.225403000000000020e+00	4.251323022657497575e+01
2.230423000000000044e+00	4.276904797158820770e+01
2.234681000000000139e+00	4.175398072023912022e+01
2.238447999999999993e+00	4.073476293539486903e+01
2.242068000000000172e+00	4.011684301131555941e+01
2.245884000000000214e+00	3.994646639085910067e+01
2.250237999999999960e+00	3.958280142410433911e+01
2.255365999999999982e+00	3.974227768133070526e+01
2.261130000000000084e+00	3.911432262101395452e+01
2.267313000000000134e+00	3.998076804106037230e+01
2.273696000000000161e+00	3.990196119415233511e+01
2.280063999999999869e+00	4.229421133075159389e+01
2.286243999999999943e+00	4.345329805529608791e+01
2.292251999999999956e+00	4.651789370399232126e+01
2.298146000000000022e+00	4.806815705323750620e+01
2.303983000000000114e+00	5.055877084393119247e+01
2.309822000000000042e+00	5.351059991609260891e+01
2.315710999999999853e+00	5.427819324333395912e+01
2.321645999999999876e+00	5.531583417141094117e+01
2.327612999999999932e+00	5.437571266877942833e+01
2.333594999999999864e+00	5.388142813694292244e+01
2.339576999999999796e+00	5.311346591414747564e+01
2.345546999999999827e+00	5.053490301693836528e+01
2.351503999999999817e+00	4.779512631264037736e+01
2.357451999999999881e+00	4.548942148270766239e+01
2.363395999999999830e+00	4.347405165117461934e+01
2.369339000000000084e+00	4.046662632099653933e+01
2.375286000000000008e+00	3.966129789223661106e+01
2.381237000000000048e+00	3.885274318349534184e+01
2.387189999999999923e+00	3.941402006956220561e+01
2.393143999999999938e+00	3.717142156977806167e+01
2.399097999999999953e+00	3.745912820710570657e+01
2.405050999999999828e+00	3.660115537245741280e+01
2.411004000000000147e+00	3.499691960015029224e+01
2.416955999999999882e+00	3.440115591409306006e+01
2.422906999999999922e+00	3.512084336950663044e+01
2.428857999999999961e+00	3.708598318947643691e+01
2.434809000000000001e+00	4.115903977745605857e+01
2.440760000000000041e+00	4.490505057791397547e+01
2.446712000000000220e+00	5.105732163626677078e+01
2.452663999999999955e+00	5.555131896990490503e+01
2.458616999999999830e+00	5.810084601009859995e+01
2.464570999999999845e+00	5.738665627430422944e+01
2.470524999999999860e+00	5.517093182831272458e+01
2.476478000000000179e+00	5.105153537375099404e+01
2.482429999999999914e+00	4.540494013399909079e+01
2.488377999999999979e+00	4.068457108735456274e+01
2.494323000000000068e+00	3.687645755434389372e+01
2.500265999999999877e+00	3.388781774124699808e+01
2.506212000000000106e+00	3.270783677493114538e+01
2.512164999999999981e+00	3.339383700679413636e+01
2.518129000000000062e+00	3.554808065241488890e+01
2.524108000000000018e+00	3.900858995236757920e+01
2.530091999999999786e+00	4.381479786804764132e+01
2.536067000000000071e+00	4.946366876804668067e+01
2.542015999999999831e+00	5.405681438643689063e+01
2.547924000000000078e+00	5.735878495553019008e+01
2.553779000000000021e+00	5.706187453557409128e+01
2.559610000000000163e+00	5.598066854500135037e+01
2.565475000000000172e+00	5.298224873114985911e+01
2.571432000000000162e+00	4.864428399265416658e+01
2.577539999999999942e+00	4.529398557199046138e+01
2.583845999999999865e+00	4.127628331559043318e+01
2.590249000000000024e+00	3.943684343524265756e+01
2.596534000000000120e+00	3.780997769696587341e+01
2.602485000000000159e+00	3.685212079769548410e+01
2.607883000000000173e+00	3.642232339097839144e+01
2.612527000000000044e+00	3.583535705895433665e+01
2.616509000000000196e+00	3.488408183512220262e+01
2.620163999999999938e+00	3.360301574882490172e+01
2.623834000000000000e+00	3.149403564342554418e+01
2.627863000000000060e+00	2.925178380230626729e+01
2.632579999999999920e+00	2.772268441968141417e+01
2.638037000000000187e+00	2.418030027586220498e+01
2.644026000000000209e+00	2.094502232020330013e+01
2.650332000000000132e+00	1.756813175871256050e+01
2.656734000000000151e+00	1.481018127229640413e+01
2.663022999999999918e+00	1.308592383109984603e+01
2.669115000000000126e+00	1.114384080039939207e+01
2.675060999999999911e+00	1.020162166149085969e+01
2.680919999999999970e+00	9.475320265057817437e+00
2.686751000000000111e+00	9.349123314660813477e+00
2.692610999999999866e+00	9.128275202834215563e+00
2.698523999999999923e+00	8.556320068550920865e+00
2.704476000000000102e+00	7.964528641486008809e+00
2.710452000000000083e+00	7.718691566653954617e+00
2.716435999999999851e+00	7.515228544775379937e+00
2.722412999999999972e+00	7.423393273723098318e+00
2.728375999999999912e+00	8.042966068027954663e+00
2.734328000000000092e+00	7.956082905613737211e+00
2.740273999999999877e+00	9.112555016906311423e+00
2.746217000000000130e+00	9.961733040318685894e+00
2.752162000000000219e+00	1.202049079976267798e+01
2.758110999999999979e+00	1.359765819920191632e+01
2.764063000000000159e+00	1.513290503499376527e+01
2.770016000000000034e+00	1.604773642048419546e+01
2.775971000000000188e+00	1.526426602645533492e+01
2.781924000000000063e+00	1.310347154102060685e+01
2.787876999999999938e+00	8.251958947525810828e+00
2.793829000000000118e+00	3.958886074913133601e+00
2.799780999999999853e+00	-7.097319786797381402e-01
2.805731999999999893e+00	-4.980122048957363212e+00
2.811682999999999932e+00	-6.685654040086769001e+00
2.817635000000000112e+00	-6.484195242407945869e+00
2.823586999999999847e+00	-5.592215188701255890e+00
2.829539000000000026e+00	-4.174329048759460647e+00
2.835491000000000206e+00	-3.608419337179644248e+00
2.841442999999999941e+00	-4.665246987444549909e+00
2.847395000000000120e+00	-7.753122610267306314e+00
2.853346999999999856e+00	-1.228850330710566929e+01
2.859299000000000035e+00	-1.576957817619188518e+01
2.865251000000000214e+00	-1.918491029458984443e+01
2.871201999999999810e+00	-2.044510574917162060e+01
2.877153999999999989e+00	-2.023495337783201009e+01
2.883106000000000169e+00	-1.646542616888248745e+01
2.889057999999999904e+00	-1.142141890066577758e+01
2.895010000000000083e+00	-6.093632732847975575e+00
2.900961999999999819e+00	-1.872438108909830756e-01
2.906913999999999998e+00	5.380848576020848206e+00
2.912866000000000177e+00	1.100569860951512879e+01
2.918817999999999913e+00	1.684565362659520460e+01
2.924770000000000092e+00	2.148278675549606476e+01
2.930721000000000132e+00	2.596875794127389625e+01
2.936672999999999867e+00	3.076674362499987581e+01
2.942625000000000046e+00	3.468129525733752416e+01
2.948576999999999781e+00	3.733961954842512654e+01
2.954528999999999961e+00	3.956969440970874530e+01
2.960481000000000140e+00	3.967974328936428208e+01
2.966432999999999875e+00	3.725965518115225450e+01
2.972385000000000055e+00	3.524290144723028106e+01
2.978336999999999790e+00	3.156463482663023257e+01
2.984288999999999970e+00	2.725278688721610720e+01
2.990240000000000009e+00	2.258664502359613024e+01
2.996192000000000188e+00	1.876778281093335821e+01
3.002143999999999924e+00	1.603557000902405605e+01
3.008096000000000103e+00	1.457873287370250992e+01
3.014047999999999838e+00	1.385036505573078536e+01
3.020000000000000018e+00	1.638298688585275897e+01
