1.199999999999999956e-01	6.986066314714928227e-01
1.249780000000000058e-01	1.579672217227648501e+00
1.305999999999999939e-01	2.405050536707896924e+00
1.367059999999999942e-01	3.160858788087936411e+00
1.431360000000000132e-01	3.485508814559049817e+00
1.497320000000000040e-01	3.896244449555092526e+00
1.563350000000000017e-01	3.422230675151858303e+00
1.627850000000000130e-01	3.083169294833657759e+00
1.689219999999999888e-01	3.475528534437098749e+00
1.745889999999999942e-01	2.940812245977710848e+00
1.796250000000000069e-01	2.971852187026554848e+00
1.839349999999999874e-01	3.709041024207493820e+00
1.877439999999999942e-01	3.442803444844378280e+00
1.913779999999999926e-01	3.629714316865273460e+00
1.951660000000000061e-01	4.316275760327825672e+00
1.994340000000000002e-01	4.564972984331051364e+00
2.044499999999999929e-01	3.646468281257555955e+00
2.101250000000000062e-01	3.576811046730126620e+00
2.162479999999999958e-01	2.997714084431878589e+00
2.226049999999999973e-01	2.527292529993267145e+00
2.289819999999999911e-01	3.130963692311779401e+00
2.351930000000000132e-01	2.985537255774245224e+00
2.412249999999999950e-01	3.214947961466402937e+00
2.471349999999999936e-01	4.137833006765919031e+00
2.529799999999999827e-01	4.102827096157772857e+00
2.588170000000000193e-01	3.525646932624770358e+00
2.646970000000000156e-01	3.822915847100938347e+00
2.706259999999999777e-01	4.302983973630648329e+00
2.765880000000000005e-01	4.133467509933573147e+00
2.825679999999999858e-01	4.117533122167521320e+00
2.885510000000000019e-01	3.844286179135421033e+00
2.945229999999999793e-01	3.465932525861656899e+00
3.004809999999999981e-01	3.325480914713754732e+00
3.064310000000000089e-01	3.625423180731323303e+00
3.123750000000000138e-01	3.786771354346443186e+00
3.183190000000000186e-01	4.154611668503490840e+00
3.242650000000000254e-01	4.320165483997633338e+00
3.302149999999999808e-01	3.838547295515061908e+00
3.361680000000000224e-01	3.984274097368753154e+00
3.421210000000000084e-01	4.033398044028406737e+00
3.480759999999999965e-01	3.903622733534268807e+00
3.540289999999999826e-01	4.642792119226932357e+00
3.599809999999999954e-01	4.691131642501445320e+00
3.659330000000000083e-01	3.682850245344644780e+00
3.718839999999999923e-01	3.808737833315602117e+00
3.778360000000000052e-01	3.773541408781376116e+00
3.837869999999999893e-01	3.921941887387820014e+00
3.897390000000000021e-01	3.957820392343044169e+00
3.956910000000000149e-01	4.277906216529657080e+00
4.016429999999999723e-01	4.335106946125518945e+00
4.075949999999999851e-01	4.166705988219003842e+00
4.135469999999999979e-01	4.203229821899512331e+00
4.194979999999999820e-01	4.338684146463336333e+00
4.254499999999999948e-01	4.544972834625406577e+00
4.314009999999999789e-01	4.651464824276581034e+00
4.373540000000000205e-01	4.791226952478266909e+00
4.433079999999999798e-01	4.581149337856911252e+00
4.492619999999999947e-01	4.682590156662900682e+00
4.552160000000000095e-01	5.024991414410770574e+00
4.611680000000000224e-01	5.156432446898669752e+00
4.671170000000000044e-01	5.805974122995779751e+00
4.730619999999999825e-01	5.948218056728926229e+00
4.790059999999999873e-01	6.223421924326518528e+00
4.849510000000000209e-01	5.951644448095814610e+00
4.909020000000000050e-01	6.272617640736443789e+00
4.968629999999999991e-01	5.673551374033571904e+00
5.028390000000000359e-01	5.102838590937390784e+00
5.088230000000000253e-01	4.644076789753246004e+00
5.148009999999999531e-01	3.785217256703369948e+00
5.207570000000000254e-01	4.194369093224860734e+00
5.266750000000000043e-01	3.604006538945419003e+00
5.325410000000000421e-01	4.847852931791353015e+00
5.383719999999999617e-01	4.776313859388130467e+00
5.442249999999999588e-01	5.881154862629283997e+00
5.501580000000000359e-01	7.272427627396263361e+00
5.562289999999999734e-01	7.305051361905094076e+00
5.624930000000000208e-01	8.191208235549497729e+00
5.688929999999999820e-01	8.270013816481853297e+00
5.752220000000000111e-01	7.048043091682576922e+00
5.812610000000000277e-01	7.098384973547731569e+00
5.867949999999999555e-01	6.478768071892014646e+00
5.916080000000000227e-01	6.877383673616158433e+00
5.957040000000000113e-01	6.540840617019290093e+00
5.993990000000000151e-01	7.124546270781325852e+00
6.030370000000000452e-01	7.112802951735336165e+00
6.069609999999999728e-01	8.441154083121158891e+00
6.115110000000000268e-01	9.048376151986674998e+00
6.168270000000000142e-01	8.247983099031603871e+00
6.227219999999999978e-01	7.061402213793842364e+00
6.289789999999999548e-01	6.641803296392125411e+00
6.353790000000000271e-01	5.664851671590291460e+00
6.417070000000000274e-01	5.649501268684567812e+00
6.478369999999999962e-01	5.512931273450382363e+00
6.538089999999999735e-01	5.893334951652282605e+00
6.596819999999999906e-01	5.968978933832868705e+00
6.655140000000000500e-01	6.644709596108396177e+00
6.713630000000000431e-01	7.168024840207690040e+00
6.772660000000000347e-01	6.601045514989380081e+00
6.832110000000000127e-01	6.838067892444177787e+00
6.891829999999999901e-01	6.888339759430058606e+00
6.951669999999999794e-01	7.197026921348397721e+00
7.011469999999999647e-01	7.127099713115865320e+00
7.071119999999999628e-01	6.884949444547615371e+00
7.130670000000000064e-01	7.459913876255051868e+00
7.190130000000000132e-01	7.047118933725140977e+00
7.249569999999999625e-01	7.845207613105938727e+00
7.309010000000000229e-01	7.076745724700664653e+00
7.368489999999999762e-01	7.714305686008859020e+00
7.428000000000000158e-01	7.346709609223005977e+00
7.487530000000000019e-01	7.140723231736937571e+00
7.547080000000000455e-01	7.823106096082406147e+00
7.606619999999999493e-01	7.023803793024670838e+00
7.666140000000000176e-01	7.829474782356721008e+00
7.725670000000000037e-01	7.740170852435902304e+00
7.785180000000000433e-01	8.173557926238228077e+00
7.844689999999999719e-01	8.133784086702771532e+00
7.904210000000000402e-01	9.120620930396071913e+00
7.963729999999999976e-01	9.091995350337613857e+00
8.023249999999999549e-01	9.333554395803680848e+00
8.082770000000000232e-01	8.871380116771156565e+00
8.142289999999999806e-01	9.215383988632902756e+00
8.201800000000000201e-01	9.991415373316803183e+00
8.261319999999999775e-01	9.550387921339240194e+00
8.320830000000000171e-01	9.456836672659177268e+00
8.380349999999999744e-01	1.055154990354450639e+01
8.439870000000000427e-01	1.053974653065734479e+01
8.499400000000000288e-01	1.022147391562216789e+01
8.558940000000000436e-01	1.087206828847646989e+01
8.618479999999999475e-01	1.077663135335170352e+01
8.678010000000000446e-01	1.128473731476346309e+01
8.737519999999999731e-01	1.115687501039082363e+01
8.797000000000000375e-01	1.063251386562287237e+01
8.856439999999999868e-01	1.001934823675809128e+01
8.915870000000000184e-01	1.054686131762962553e+01
8.975349999999999717e-01	1.126418484198605086e+01
9.034900000000000153e-01	1.120560197562894089e+01
9.094569999999999599e-01	1.075978394469950317e+01
9.154379999999999740e-01	1.183789973078594571e+01
9.214210000000000456e-01	1.217539116387824549e+01
9.273909999999999654e-01	1.221754402396949146e+01
9.333329999999999682e-01	1.223750099260616686e+01
9.392300000000000093e-01	1.252194366037262796e+01
9.450749999999999984e-01	1.233576117646380865e+01
9.509090000000000042e-01	1.202868866968869277e+01
9.567890000000000006e-01	1.127562670597643901e+01
9.627750000000000474e-01	1.153678648520458161e+01
9.689229999999999787e-01	1.093835642026555099e+01
9.752680000000000238e-01	1.145130440504772729e+01
9.816639999999999810e-01	1.159737113077666670e+01
9.878930000000000211e-01	1.154591345525410873e+01
9.937399999999999567e-01	1.215837845976727927e+01
9.989850000000000119e-01	1.175684283680932829e+01
1.003457999999999961e+00	1.251714724224225783e+01
1.007338000000000067e+00	1.282331302741017609e+01
1.010966000000000031e+00	1.265000510892107144e+01
1.014685999999999977e+00	1.324114009363186106e+01
1.018841000000000108e+00	1.326296146571256784e+01
1.023735000000000062e+00	1.358015852339234719e+01
1.029328999999999938e+00	1.436511187741735363e+01
1.035408000000000106e+00	1.549873495332403195e+01
1.041754000000000069e+00	1.574326499577861149e+01
1.048148999999999997e+00	1.565216624236856724e+01
1.054391999999999996e+00	1.542509725140428145e+01
1.060446000000000000e+00	1.531322605307227569e+01
1.066368999999999900e+00	1.515056949621735427e+01
1.072216999999999976e+00	1.473146008863406031e+01
1.078049000000000035e+00	1.459648968961778337e+01
1.083920999999999912e+00	1.523747840066718950e+01
1.089842999999999895e+00	1.593472887241225422e+01
1.095801999999999943e+00	1.703459870944064036e+01
1.101780999999999899e+00	1.835488514846461428e+01
1.107765000000000111e+00	1.821411018791300407e+01
1.113739999999999952e+00	1.844085643028452282e+01
1.119699999999999918e+00	1.884607033841896140e+01
1.125650000000000039e+00	1.872269613286033163e+01
1.131594999999999906e+00	1.882178108568790620e+01
1.137537999999999938e+00	1.833890311098820902e+01
1.143483999999999945e+00	1.881005137524583404e+01
1.149432999999999927e+00	1.817100164733578538e+01
1.155386000000000024e+00	1.870512444915988226e+01
1.161338999999999899e+00	1.829494501726096445e+01
1.167294000000000054e+00	1.888614415129616475e+01
1.173246999999999929e+00	1.962612992159782266e+01
1.179200000000000026e+00	1.931036739562496152e+01
1.185151999999999983e+00	1.865250968224654216e+01
1.191103000000000023e+00	1.924158654886826270e+01
1.197054000000000062e+00	1.911531524607086396e+01
1.203006000000000020e+00	1.978588872497261875e+01
1.208957999999999977e+00	2.008441187016698137e+01
1.214909999999999934e+00	1.967547341961852325e+01
1.220861999999999892e+00	2.041058086934528859e+01
1.226814000000000071e+00	2.034016589262912333e+01
1.232765000000000111e+00	2.085151948297913549e+01
1.238717000000000068e+00	2.062041502586425423e+01
1.244668000000000108e+00	2.086020118208744734e+01
1.250620000000000065e+00	2.165563902375310334e+01
1.256572000000000022e+00	2.218795066980235831e+01
1.262526000000000037e+00	2.208688917618144032e+01
1.268480000000000052e+00	2.183531398727576800e+01
1.274434000000000067e+00	2.147691206876671899e+01
1.280386000000000024e+00	2.147410694058563507e+01
1.286335999999999924e+00	2.244149371821083605e+01
1.292281999999999931e+00	2.196035289054709949e+01
1.298224999999999962e+00	2.089696520580734429e+01
1.304170000000000051e+00	2.118947641909964830e+01
1.310119999999999951e+00	2.096802503910075544e+01
1.316079999999999917e+00	2.117023273930391980e+01
1.322052999999999923e+00	2.124469971942702173e+01
1.328036999999999912e+00	2.173618508598373822e+01
1.334017000000000008e+00	2.141179939757704886e+01
1.339976000000000056e+00	2.142672046234415717e+01
1.345900000000000096e+00	2.204623801128292371e+01
1.351774000000000031e+00	2.250583648048060326e+01
1.357607000000000008e+00	2.247083599477903704e+01
1.363453000000000026e+00	2.199723069177760948e+01
1.369372000000000034e+00	2.248767435768539613e+01
1.375421999999999922e+00	2.238809466146220828e+01
1.381658999999999970e+00	2.228422391445345596e+01
1.388052000000000064e+00	2.265952054709295993e+01
1.394403000000000059e+00	2.336092775917012432e+01
1.400492999999999988e+00	2.433135636105395605e+01
1.406104999999999938e+00	2.439202581613195520e+01
1.411021999999999998e+00	2.391212622343687855e+01
1.415195999999999898e+00	2.490217669951877610e+01
1.418924000000000074e+00	2.409095636206675906e+01
1.422549999999999981e+00	2.400519715228504936e+01
1.426417000000000046e+00	2.449684487386746312e+01
1.430868000000000029e+00	2.381639662524226964e+01
1.436091000000000006e+00	2.389788411410594904e+01
1.441923000000000066e+00	2.475735454134271762e+01
1.448144000000000098e+00	2.457505320218731626e+01
1.454538000000000109e+00	2.586545295703031400e+01
1.460887000000000047e+00	2.485031579801121282e+01
1.467041999999999957e+00	2.521216331913800346e+01
1.473030999999999979e+00	2.519366420822600006e+01
1.478914000000000062e+00	2.526947635224422584e+01
1.484749000000000096e+00	2.452549892141178844e+01
1.490591999999999917e+00	2.521828930423193427e+01
1.496488000000000040e+00	2.494461162364216023e+01
1.502428000000000097e+00	2.487951879038122271e+01
1.508397999999999906e+00	2.499862069293999411e+01
1.514380999999999977e+00	2.518258979567807643e+01
1.520361999999999991e+00	2.564443895782772387e+01
1.526329999999999965e+00	2.557512916320278151e+01
1.532284999999999897e+00	2.574430428555496775e+01
1.538232999999999961e+00	2.587318747587082157e+01
1.544175999999999993e+00	2.638023044971916775e+01
1.550119999999999942e+00	2.615565175551768107e+01
1.556068000000000007e+00	2.648756257223084631e+01
1.562019000000000046e+00	2.665879844178273217e+01
1.567971999999999921e+00	2.689663969014897305e+01
1.573925999999999936e+00	2.618312013360760560e+01
1.579879999999999951e+00	2.696854539628614944e+01
1.585833000000000048e+00	2.717175644218717068e+01
1.591785000000000005e+00	2.713743114463348860e+01
1.597736999999999963e+00	2.768970524839818736e+01
1.603688000000000002e+00	2.730565138801911829e+01
1.609639000000000042e+00	2.722098929294253011e+01
1.615590999999999999e+00	2.813117688436037156e+01
1.621542999999999957e+00	2.741549123101267682e+01
1.627494999999999914e+00	2.779685040736821477e+01
1.633447000000000093e+00	2.814053492829173209e+01
1.639399000000000051e+00	2.788149376540922475e+01
1.645350000000000090e+00	2.866110958283200461e+01
1.651302000000000048e+00	2.880492852901300438e+01
1.657253000000000087e+00	2.930168943418226135e+01
1.663205000000000044e+00	2.920381643533287885e+01
1.669157999999999920e+00	2.982547726931927201e+01
1.675111999999999934e+00	2.856160375152303033e+01
1.681065999999999949e+00	2.784556423338083420e+01
1.687019000000000046e+00	2.840641013504912848e+01
1.692971000000000004e+00	2.724489636843403417e+01
1.698919000000000068e+00	2.780512370335283379e+01
1.704863000000000017e+00	2.727528883338458243e+01
1.710806999999999967e+00	2.707582442922181443e+01
1.716752999999999973e+00	2.775612025442575970e+01
1.722706999999999988e+00	2.822148425493198332e+01
1.728671999999999986e+00	2.838095223257803568e+01
1.734652000000000083e+00	2.851812811289935468e+01
1.740636000000000072e+00	2.848969030294817628e+01
1.746609000000000078e+00	2.894001320804263955e+01
1.752555000000000085e+00	2.862379815771935299e+01
1.758458000000000077e+00	2.926914327091837009e+01
1.764308999999999905e+00	2.939248091470346580e+01
1.770140999999999964e+00	3.013537246687764792e+01
1.776011999999999924e+00	3.088637267052641278e+01
1.781979999999999897e+00	3.162179529747797346e+01
1.788105000000000055e+00	3.189242973568996575e+01
1.794426999999999994e+00	3.286044900777906008e+01
1.800829000000000013e+00	3.243128629351686243e+01
1.807091999999999921e+00	3.253185058649607697e+01
1.813002000000000002e+00	3.304298117184777084e+01
1.818338000000000010e+00	3.317049968027501450e+01
1.822912000000000088e+00	3.294593200754523821e+01
1.826850000000000085e+00	3.234821447540997497e+01
1.830492000000000008e+00	3.223920834089964416e+01
1.834179999999999922e+00	3.215892804457681819e+01
1.838259000000000087e+00	3.262249134022913211e+01
1.843048000000000020e+00	3.269339455595768840e+01
1.848562000000000038e+00	3.237348522489987346e+01
1.854589999999999961e+00	3.246878889741647356e+01
1.860913000000000039e+00	3.287668635662847549e+01
1.867313999999999918e+00	3.329251325587428312e+01
1.873583999999999916e+00	3.356359238084147734e+01
1.879660000000000108e+00	3.350152079235071767e+01
1.885596000000000050e+00	3.353251930599160602e+01
1.891450999999999993e+00	3.371662703884073409e+01
1.897281999999999913e+00	3.437575733522783139e+01
1.903146999999999922e+00	3.487441310288604512e+01
1.909062999999999954e+00	3.606679668891320034e+01
1.915018000000000109e+00	3.702443421714920646e+01
1.920995999999999926e+00	3.792311845347851573e+01
1.926979999999999915e+00	3.864217659196226151e+01
1.932955999999999896e+00	3.974863239385415170e+01
1.938917999999999919e+00	4.054940844187625260e+01
1.944868999999999959e+00	4.086861524310484839e+01
1.950814000000000048e+00	4.209160431859530149e+01
1.956757999999999997e+00	4.229247884194621321e+01
1.962703000000000086e+00	4.361866848602272739e+01
1.968652000000000069e+00	4.353323299714095640e+01
1.974604000000000026e+00	4.404216944887824781e+01
1.980558000000000041e+00	4.457334485217745623e+01
1.986512000000000056e+00	4.411136536205114567e+01
1.992466000000000070e+00	4.371920976620045707e+01
1.998418000000000028e+00	4.360869531614362415e+01
2.004370000000000207e+00	4.179864245259901878e+01
2.010321999999999942e+00	4.053169054529045212e+01
2.016272999999999982e+00	3.988213210737561099e+01
2.022224000000000022e+00	3.878305343842429664e+01
2.028176000000000201e+00	3.843971270535288909e+01
2.034127999999999936e+00	3.861724020436741966e+01
2.040080000000000116e+00	3.870444725304211175e+01
2.046031999999999851e+00	3.859522130592642242e+01
2.051984000000000030e+00	3.954219247096690992e+01
2.057935000000000070e+00	4.007698753686852200e+01
2.063886999999999805e+00	4.082231512075131974e+01
2.069837999999999845e+00	4.034334350979831640e+01
2.075791000000000164e+00	4.123450007756262181e+01
2.081744000000000039e+00	4.093918218723066360e+01
2.087698000000000054e+00	4.117862426492919070e+01
2.093652000000000069e+00	4.055144898499488448e+01
2.099604999999999944e+00	4.010863103739918500e+01
2.105554999999999843e+00	4.004834379662266031e+01
2.111501000000000072e+00	3.925341758039403572e+01
2.117445000000000022e+00	3.879076420097538147e+01
2.123388999999999971e+00	3.857071820875405876e+01
2.129338000000000175e+00	3.744413513031143026e+01
2.135295999999999861e+00	3.762128800642190640e+01
2.141268000000000171e+00	3.761286082906341477e+01
2.147250999999999799e+00	3.748424280691295252e+01
2.153232000000000035e+00	3.788414173280178687e+01
2.159196000000000115e+00	3.810779236812083326e+01
2.165125000000000188e+00	3.848216224173803113e+01
2.171006000000000213e+00	3.926046804261555678e+01
2.176841000000000026e+00	3.990381520636962875e+01
2.182682999999999929e+00	4.084557513716134025e+01
2.188588999999999896e+00	4.160354725319243130e+01
2.194618000000000180e+00	4.330544355350202324e+01
2.200828000000000007e+00	4.387240630259898921e+01
2.207209999999999894e+00	4.511196106236091907e+01
2.213579000000000185e+00	4.698597419140203613e+01
2.219714999999999883e+00	4.819375564884879992e+01
2.225403000000000020e+00	4.934108097711714436e+01
2.230423000000000044e+00	4.976239267785179976e+01
2.234681000000000139e+00	4.901204588109171567e+01
2.238447999999999993e+00	4.796163399757343626e+01
2.242068000000000172e+00	4.768535007967118844e+01
2.245884000000000214e+00	4.674387288645278460e+01
2.250237999999999960e+00	4.519106758033674964e+01
2.255365999999999982e+00	4.460912290747832998e+01
2.261130000000000084e+00	4.336322290607761687e+01
2.267313000000000134e+00	4.313682134452520955e+01
2.273696000000000161e+00	4.248169182243629649e+01
2.280063999999999869e+00	4.186518418446633660e+01
2.286243999999999943e+00	4.211607041370759674e+01
2.292251999999999956e+00	4.269562852696245159e+01
2.298146000000000022e+00	4.364939794821563623e+01
2.303983000000000114e+00	4.555083737684586254e+01
2.309822000000000042e+00	4.713331990139402450e+01
2.315710999999999853e+00	4.939290060740317045e+01
2.321645999999999876e+00	5.217671817694942149e+01
2.327612999999999932e+00	5.463527383832612827e+01
2.333594999999999864e+00	5.646753125044048716e+01
2.339576999999999796e+00	5.695858695730505872e+01
2.345546999999999827e+00	5.653303518661984839e+01
2.351503999999999817e+00	5.651425194277958752e+01
2.357451999999999881e+00	5.468003487123972661e+01
2.363395999999999830e+00	5.286930243163258325e+01
2.369339000000000084e+00	5.228582576388231473e+01
2.375286000000000008e+00	5.065946973593414526e+01
2.381237000000000048e+00	4.989934230416685779e+01
2.387189999999999923e+00	4.966191877940858745e+01
2.393143999999999938e+00	4.900772686453269955e+01
2.399097999999999953e+00	5.012449972531642572e+01
2.405050999999999828e+00	5.116851451776145865e+01
2.411004000000000147e+00	5.223514231845013001e+01
2.416955999999999882e+00	5.393570561975274558e+01
2.422906999999999922e+00	5.537994910130375104e+01
2.428857999999999961e+00	5.835763410458678635e+01
2.434809000000000001e+00	6.158233596248712871e+01
2.440760000000000041e+00	6.459212462515090181e+01
2.446712000000000220e+00	6.737147230870100145e+01
2.452663999999999955e+00	6.844997183280021602e+01
2.458616999999999830e+00	6.841243893616980642e+01
2.464570999999999845e+00	6.416934680722674500e+01
2.470524999999999860e+00	5.817241544470009273e+01
2.476478000000000179e+00	5.160838335956059097e+01
2.482429999999999914e+00	4.457342328789732733e+01
2.488377999999999979e+00	3.868646044597894473e+01
2.494323000000000068e+00	3.398386075471637469e+01
2.500265999999999877e+00	3.137898230701016189e+01
2.506212000000000106e+00	2.983380648523583289e+01
2.512164999999999981e+00	3.021767952907450194e+01
2.518129000000000062e+00	2.975238017625894571e+01
2.524108000000000018e+00	2.944615831728283695e+01
2.530091999999999786e+00	2.995187744540734087e+01
2.536067000000000071e+00	3.127999732984500270e+01
2.542015999999999831e+00	3.396931808677072695e+01
2.547924000000000078e+00	3.764482626666747223e+01
2.553779000000000021e+00	4.476567128642034987e+01
2.559610000000000163e+00	5.289940067486605813e+01
2.565475000000000172e+00	6.190137628747719845e+01
2.571432000000000162e+00	6.908001262821339594e+01
2.577539999999999942e+00	7.457875530397772934e+01
2.583845999999999865e+00	7.475326251550769996e+01
2.590249000000000024e+00	7.122814062354987641e+01
2.596534000000000120e+00	6.496208004926562296e+01
2.602485000000000159e+00	5.729703302786403896e+01
2.607883000000000173e+00	4.987383487658498638e+01
2.612527000000000044e+00	4.302374442434802404e+01
2.616509000000000196e+00	3.743751814783538379e+01
2.620163999999999938e+00	3.349551343920203550e+01
2.623834000000000000e+00	3.126059418473627716e+01
2.627863000000000060e+00	2.959779311374612831e+01
2.632579999999999920e+00	2.848172102259055549e+01
2.638037000000000187e+00	2.866130950345266015e+01
2.644026000000000209e+00	2.839559951345764333e+01
2.650332000000000132e+00	2.847474646096921447e+01
2.656734000000000151e+00	2.961645525826851966e+01
2.663022999999999918e+00	2.893885762937267359e+01
2.669115000000000126e+00	2.865221922583498326e+01
2.675060999999999911e+00	2.761692843548139820e+01
2.680919999999999970e+00	2.489422789119803525e+01
2.686751000000000111e+00	2.289067420042271195e+01
2.692610999999999866e+00	1.901979284659250524e+01
2.698523999999999923e+00	1.413030060781378516e+01
2.704476000000000102e+00	9.207264668648159400e+00
2.710452000000000083e+00	5.212250359925782561e+00
2.716435999999999851e+00	2.395818397336731742e+00
2.722412999999999972e+00	2.071944946214718808e+00
2.728375999999999912e+00	3.186894787373497184e+00
2.734328000000000092e+00	5.921051600046165930e+00
2.740273999999999877e+00	8.578919976569714834e+00
2.746217000000000130e+00	1.062059054444376649e+01
2.752162000000000219e+00	1.171378543278255258e+01
2.758110999999999979e+00	1.086641494138303976e+01
2.764063000000000159e+00	8.178489271058708709e+00
2.770016000000000034e+00	5.515265026464987841e+00
2.775971000000000188e+00	2.158536753967252864e+00
2.781924000000000063e+00	-1.158950278624170549e+00
2.787876999999999938e+00	-3.493580771895825166e+00
2.793829000000000118e+00	-5.788767611768207644e+00
2.799780999999999853e+00	-6.206431589195556597e+00
2.805731999999999893e+00	-6.760207461192140777e+00
2.811682999999999932e+00	-5.694525603022257521e+00
2.817635000000000112e+00	-3.171639944214471818e+00
2.823586999999999847e+00	-5.860636468023515677e-01
2.829539000000000026e+00	9.547655020145062732e-01
2.835491000000000206e+00	4.250618421402201363e-01
2.841442999999999941e+00	-2.719780692489577323e+00
2.847395000000000120e+00	-8.608340726095626394e+00
2.853346999999999856e+00	-1.557555844244717314e+01
2.859299000000000035e+00	-2.334191646598979375e+01
2.865251000000000214e+00	-2.764676893856440287e+01
2.871201999999999810e+00	-2.872724659178673789e+01
2.877153999999999989e+00	-2.632644434357312946e+01
2.883106000000000169e+00	-1.974570509186324330e+01
2.889057999999999904e+00	-1.192278282284027924e+01
2.895010000000000083e+00	-3.649017814393600290e+00
2.900961999999999819e+00	1.994231843448419417e+00
2.906913999999999998e+00	6.427849128146123192e+00
2.912866000000000177e+00	8.090868884758599222e+00
2.918817999999999913e+00	1.036480869013753647e+01
2.924770000000000092e+00	1.098937944050171645e+01
2.930721000000000132e+00	1.166547937366124543e+01
2.936672999999999867e+00	1.413813354849514781e+01
2.942625000000000046e+00	1.721422183814072682e+01
2.948576999999999781e+00	2.046584200592038272e+01
2.954528999999999961e+00	2.232476560561164547e+01
2.960481000000000140e+00	2.425645986589200476e+01
2.966432999999999875e+00	2.417165362964050601e+01
2.972385000000000055e+00	2.248383966463764949e+01
2.978336999999999790e+00	1.981336925568736973e+01
2.984288999999999970e+00	1.689954974121715736e+01
2.990240000000000009e+00	1.269361985494962397e+01
2.996192000000000188e+00	9.216925771159406366e+00
3.002143999999999924e+00	5.752310600129376894e+00
3.008096000000000103e+00	2.670951664240849066e+00
3.014047999999999838e+00	2.405042466370843623e+00
3.020000000000000018e+00	1.781025963789845790e+00
