1.199999999999999956e-01	7.397331467645849035e-01
1.249780000000000058e-01	1.629206212783460783e+00
1.305999999999999939e-01	1.972115379825672754e+00
1.367059999999999942e-01	2.591336640417463588e+00
1.431360000000000132e-01	3.313873019773043715e+00
1.497320000000000040e-01	2.980819941253620264e+00
1.563350000000000017e-01	3.654605581382854407e+00
1.627850000000000130e-01	3.605755173374225464e+00
1.689219999999999888e-01	3.315033212926694173e+00
1.745889999999999942e-01	3.732207489512269660e+00
1.796250000000000069e-01	3.599225832129019587e+00
1.839349999999999874e-01	3.756314129197151352e+00
1.877439999999999942e-01	3.298171144592163984e+00
1.913779999999999926e-01	3.177477911684713607e+00
1.951660000000000061e-01	3.686233050477747852e+00
1.994340000000000002e-01	3.413238779101535947e+00
2.044499999999999929e-01	3.379716093030149082e+00
2.101250000000000062e-01	3.223427435681952780e+00
2.162479999999999958e-01	2.881789444802687949e+00
2.226049999999999973e-01	3.041970239341097670e+00
2.289819999999999911e-01	3.075352686345196762e+00
2.351930000000000132e-01	3.298848867346701574e+00
2.412249999999999950e-01	2.973025950691879693e+00
2.471349999999999936e-01	3.434028304790592845e+00
2.529799999999999827e-01	3.714272233248835597e+00
2.588170000000000193e-01	3.617587807147419454e+00
2.646970000000000156e-01	3.627540584840330151e+00
2.706259999999999777e-01	4.182645539079600461e+00
2.765880000000000005e-01	4.252885596906685883e+00
2.825679999999999858e-01	3.936918012958247726e+00
2.885510000000000019e-01	4.284588888512399940e+00
2.945229999999999793e-01	4.032886485601451909e+00
3.004809999999999981e-01	3.780759509754280767e+00
3.064310000000000089e-01	3.905205489782499484e+00
3.123750000000000138e-01	3.673417101417094877e+00
3.183190000000000186e-01	4.039442633881926703e+00
3.242650000000000254e-01	3.663425241821133493e+00
3.302149999999999808e-01	3.225668708674672036e+00
3.361680000000000224e-01	3.479808419937092889e+00
3.421210000000000084e-01	3.528251449935335238e+00
3.480759999999999965e-01	3.701281339207057375e+00
3.540289999999999826e-01	3.732237349724881081e+00
3.599809999999999954e-01	4.045386734421148489e+00
3.659330000000000083e-01	4.234483049607848493e+00
3.718839999999999923e-01	4.128975881361760969e+00
3.778360000000000052e-01	4.446374236496117405e+00
3.837869999999999893e-01	4.155505901868985497e+00
3.897390000000000021e-01	4.507423376474160470e+00
3.956910000000000149e-01	4.122623893053382282e+00
4.016429999999999723e-01	4.532490957682824728e+00
4.075949999999999851e-01	4.078913062065742778e+00
4.135469999999999979e-01	4.379720424713839932e+00
4.194979999999999820e-01	4.072778717690324513e+00
4.254499999999999948e-01	4.367825789950217086e+00
4.314009999999999789e-01	4.009533092725120262e+00
4.373540000000000205e-01	3.991625137664236878e+00
4.433079999999999798e-01	4.214781570454057658e+00
4.492619999999999947e-01	4.672287539179573734e+00
4.552160000000000095e-01	4.649281293573635843e+00
4.611680000000000224e-01	4.888654261998681250e+00
4.671170000000000044e-01	4.425183068705285550e+00
4.730619999999999825e-01	4.926057862305884605e+00
4.790059999999999873e-01	4.737175636397099154e+00
4.849510000000000209e-01	4.566699827666930389e+00
4.909020000000000050e-01	4.314047305444456804e+00
4.968629999999999991e-01	4.730854471109054771e+00
5.028390000000000359e-01	4.551832344991755264e+00
5.088230000000000253e-01	4.616977138879208020e+00
5.148009999999999531e-01	5.004270885269481717e+00
5.207570000000000254e-01	5.195902252167176272e+00
5.266750000000000043e-01	5.139192304033201708e+00
5.325410000000000421e-01	4.966453228091827654e+00
5.383719999999999617e-01	5.519772452224763981e+00
5.442249999999999588e-01	5.468211001223973078e+00
5.501580000000000359e-01	5.275111179537411488e+00
5.562289999999999734e-01	6.005464142458392551e+00
5.624930000000000208e-01	5.687057846274936601e+00
5.688929999999999820e-01	5.575370966649599858e+00
5.752220000000000111e-01	5.844197961773970995e+00
5.812610000000000277e-01	5.995228931324930066e+00
5.867949999999999555e-01	6.085737064894325421e+00
5.916080000000000227e-01	5.874681617736285943e+00
5.957040000000000113e-01	6.048713020645783978e+00
5.993990000000000151e-01	6.246263131321989626e+00
6.030370000000000452e-01	6.238428711151374984e+00
6.069609999999999728e-01	6.167018988120121392e+00
6.115110000000000268e-01	6.335886918095160247e+00
6.168270000000000142e-01	6.067954194820252667e+00
6.227219999999999978e-01	6.537046318984144122e+00
6.289789999999999548e-01	6.521646407760075981e+00
6.353790000000000271e-01	6.758947018822045294e+00
6.417070000000000274e-01	6.439772130299271424e+00
6.478369999999999962e-01	6.418235687208895257e+00
6.538089999999999735e-01	6.353980824513559611e+00
6.596819999999999906e-01	6.572163950100425645e+00
6.655140000000000500e-01	6.905966156035728609e+00
6.713630000000000431e-01	6.715950492016569129e+00
6.772660000000000347e-01	7.039207097536875679e+00
6.832110000000000127e-01	6.913559096520808467e+00
6.891829999999999901e-01	7.316138984998264760e+00
6.951669999999999794e-01	6.858943728644723237e+00
7.011469999999999647e-01	6.996688606736394256e+00
7.071119999999999628e-01	7.509097163499506067e+00
7.130670000000000064e-01	7.213407113107784596e+00
7.190130000000000132e-01	7.063046014968746178e+00
7.249569999999999625e-01	7.618193330250740303e+00
7.309010000000000229e-01	7.112665742288147186e+00
7.368489999999999762e-01	7.361786918865987239e+00
7.428000000000000158e-01	7.346483664967083271e+00
7.487530000000000019e-01	7.462510709743486181e+00
7.547080000000000455e-01	7.628189980821164617e+00
7.606619999999999493e-01	7.625315529856123042e+00
7.666140000000000176e-01	7.441209511845118030e+00
7.725670000000000037e-01	7.424637435710114808e+00
7.785180000000000433e-01	7.148969339064786155e+00
7.844689999999999719e-01	7.546810973448084603e+00
7.904210000000000402e-01	7.550606119590878684e+00
7.963729999999999976e-01	8.209728710970768617e+00
8.023249999999999549e-01	8.244998727692822271e+00
8.082770000000000232e-01	8.008218311819856439e+00
8.142289999999999806e-01	7.717924659951739486e+00
8.201800000000000201e-01	7.919575209149391171e+00
8.261319999999999775e-01	8.300770378857549758e+00
8.320830000000000171e-01	8.128258092582020922e+00
8.380349999999999744e-01	8.663900487320590926e+00
8.439870000000000427e-01	8.448452240243144118e+00
8.499400000000000288e-01	8.748307813762901120e+00
8.558940000000000436e-01	9.043503207814763911e+00
8.618479999999999475e-01	9.863355395395796421e+00
8.678010000000000446e-01	9.908702553644538114e+00
8.737519999999999731e-01	1.031370321322580175e+01
8.797000000000000375e-01	1.092515359472340819e+01
8.856439999999999868e-01	1.106117635538002908e+01
8.915870000000000184e-01	1.070070284488412504e+01
8.975349999999999717e-01	1.089646279007368967e+01
9.034900000000000153e-01	1.095162075899736820e+01
9.094569999999999599e-01	1.085389386705585935e+01
9.154379999999999740e-01	1.099254719884005915e+01
9.214210000000000456e-01	1.108316709548583212e+01
9.273909999999999654e-01	1.086584155742442448e+01
9.333329999999999682e-01	1.123981750428292514e+01
9.392300000000000093e-01	1.143336892970929775e+01
9.450749999999999984e-01	1.135262486797556747e+01
9.509090000000000042e-01	1.122917477552757326e+01
9.567890000000000006e-01	1.133524810864912880e+01
9.627750000000000474e-01	1.095206886090037024e+01
9.689229999999999787e-01	1.103251259706174459e+01
9.752680000000000238e-01	1.106772504036155169e+01
9.816639999999999810e-01	1.123556274239100716e+01
9.878930000000000211e-01	1.151493752658315017e+01
9.937399999999999567e-01	1.181774241645098478e+01
9.989850000000000119e-01	1.199418935876335013e+01
1.003457999999999961e+00	1.196134605322100697e+01
1.007338000000000067e+00	1.197696258736952579e+01
1.010966000000000031e+00	1.243137754689074370e+01
1.014685999999999977e+00	1.236974326393116996e+01
1.018841000000000108e+00	1.237016057455951312e+01
1.023735000000000062e+00	1.268517105978793147e+01
1.029328999999999938e+00	1.251592499246994983e+01
1.035408000000000106e+00	1.259065316667053125e+01
1.041754000000000069e+00	1.274324747707085237e+01
1.048148999999999997e+00	1.305081308544582264e+01
1.054391999999999996e+00	1.368483293898699849e+01
1.060446000000000000e+00	1.372772144379121961e+01
1.066368999999999900e+00	1.403117064595712549e+01
1.072216999999999976e+00	1.466155405893943175e+01
1.078049000000000035e+00	1.491209833688107267e+01
1.083920999999999912e+00	1.520940719734192825e+01
1.089842999999999895e+00	1.522222847912147081e+01
1.095801999999999943e+00	1.549458701947969352e+01
1.101780999999999899e+00	1.571380738843953395e+01
1.107765000000000111e+00	1.652927124580669727e+01
1.113739999999999952e+00	1.645461838459864978e+01
1.119699999999999918e+00	1.656187581877814807e+01
1.125650000000000039e+00	1.662204697575159074e+01
1.131594999999999906e+00	1.710988916846228136e+01
1.137537999999999938e+00	1.705448925244348857e+01
1.143483999999999945e+00	1.777518526986458269e+01
1.149432999999999927e+00	1.802147201258758358e+01
1.155386000000000024e+00	1.773421920787025030e+01
1.161338999999999899e+00	1.779301648568123184e+01
1.167294000000000054e+00	1.810155764833950798e+01
1.173246999999999929e+00	1.890391798247945587e+01
1.179200000000000026e+00	1.853138071610543136e+01
1.185151999999999983e+00	1.928147281775396849e+01
1.191103000000000023e+00	1.909852072377985976e+01
1.197054000000000062e+00	1.916267045322115692e+01
1.203006000000000020e+00	1.927150712086022111e+01
1.208957999999999977e+00	1.894453149923131718e+01
1.214909999999999934e+00	1.953472593411969527e+01
1.220861999999999892e+00	1.938426237522446272e+01
1.226814000000000071e+00	1.918073253069878703e+01
1.232765000000000111e+00	1.971453519501625351e+01
1.238717000000000068e+00	1.983938402883284624e+01
1.244668000000000108e+00	1.996428535215595090e+01
1.250620000000000065e+00	2.037339641216470909e+01
1.256572000000000022e+00	2.030581117375190914e+01
1.262526000000000037e+00	2.072680617758368626e+01
1.268480000000000052e+00	2.050325814530856050e+01
1.274434000000000067e+00	2.040082060459669933e+01
1.280386000000000024e+00	2.078255697518623180e+01
1.286335999999999924e+00	2.093240074554350727e+01
1.292281999999999931e+00	2.070790460722329840e+01
1.298224999999999962e+00	2.071826078329802812e+01
1.304170000000000051e+00	2.075797379119052977e+01
1.310119999999999951e+00	2.043569953077496493e+01
1.316079999999999917e+00	2.034997182217728806e+01
1.322052999999999923e+00	1.984761078717022897e+01
1.328036999999999912e+00	2.051976183826146993e+01
1.334017000000000008e+00	2.020918145938060206e+01
1.339976000000000056e+00	2.085170951341761025e+01
1.345900000000000096e+00	2.096343275299056330e+01
1.351774000000000031e+00	2.157753003016763671e+01
1.357607000000000008e+00	2.131798013213353826e+01
1.363453000000000026e+00	2.191223520583514883e+01
1.369372000000000034e+00	2.223280631502952076e+01
1.375421999999999922e+00	2.244039915531143592e+01
1.381658999999999970e+00	2.247832314844566071e+01
1.388052000000000064e+00	2.286920846192783330e+01
1.394403000000000059e+00	2.271802161463054759e+01
1.400492999999999988e+00	2.279353298469699851e+01
1.406104999999999938e+00	2.326230289124688966e+01
1.411021999999999998e+00	2.344676666227714534e+01
1.415195999999999898e+00	2.385380338750127649e+01
1.418924000000000074e+00	2.392004874997570951e+01
1.422549999999999981e+00	2.369582735298919118e+01
1.426417000000000046e+00	2.326301394964646008e+01
1.430868000000000029e+00	2.377611369215528470e+01
1.436091000000000006e+00	2.375766106303363756e+01
1.441923000000000066e+00	2.326053456278766873e+01
1.448144000000000098e+00	2.343375667427115516e+01
1.454538000000000109e+00	2.319993942911077411e+01
1.460887000000000047e+00	2.374491026673451088e+01
1.467041999999999957e+00	2.305193246151547370e+01
1.473030999999999979e+00	2.326843354090248539e+01
1.478914000000000062e+00	2.382809376581717586e+01
1.484749000000000096e+00	2.383115249896239618e+01
1.490591999999999917e+00	2.389686224379474311e+01
1.496488000000000040e+00	2.434881290674409016e+01
1.502428000000000097e+00	2.445096999692428241e+01
1.508397999999999906e+00	2.483106525570629231e+01
1.514380999999999977e+00	2.464272252631942450e+01
1.520361999999999991e+00	2.463210982456724807e+01
1.526329999999999965e+00	2.502973032731668468e+01
1.532284999999999897e+00	2.452518839120912020e+01
1.538232999999999961e+00	2.479881788075022087e+01
1.544175999999999993e+00	2.513832581466273552e+01
1.550119999999999942e+00	2.493794122248084832e+01
1.556068000000000007e+00	2.547961755856084665e+01
1.562019000000000046e+00	2.546648251953274666e+01
1.567971999999999921e+00	2.631907185501030000e+01
1.573925999999999936e+00	2.658794853629713018e+01
1.579879999999999951e+00	2.668440438783180824e+01
1.585833000000000048e+00	2.653764993292981700e+01
1.591785000000000005e+00	2.689198314503427056e+01
1.597736999999999963e+00	2.673554669652716953e+01
1.603688000000000002e+00	2.725176998089101588e+01
1.609639000000000042e+00	2.741908409425587223e+01
1.615590999999999999e+00	2.743705329757587563e+01
1.621542999999999957e+00	2.784785562052246988e+01
1.627494999999999914e+00	2.811430531135663458e+01
1.633447000000000093e+00	2.853290288594880053e+01
1.639399000000000051e+00	2.897526630929095148e+01
1.645350000000000090e+00	2.919639480022618727e+01
1.651302000000000048e+00	2.938142968639864705e+01
1.657253000000000087e+00	2.922722995504213372e+01
1.663205000000000044e+00	2.880732920759036020e+01
1.669157999999999920e+00	2.939538401216552188e+01
1.675111999999999934e+00	2.876404663300742470e+01
1.681065999999999949e+00	2.857271050566296822e+01
1.687019000000000046e+00	2.816440276157661771e+01
1.692971000000000004e+00	2.806918840401808879e+01
1.698919000000000068e+00	2.818833219316966776e+01
1.704863000000000017e+00	2.801802053075410726e+01
1.710806999999999967e+00	2.809595031197075343e+01
1.716752999999999973e+00	2.824906389856094435e+01
1.722706999999999988e+00	2.840520956055307877e+01
1.728671999999999986e+00	2.878312028375640352e+01
1.734652000000000083e+00	2.870499374237431667e+01
1.740636000000000072e+00	2.858045041895924143e+01
1.746609000000000078e+00	2.903089697724555052e+01
1.752555000000000085e+00	2.896073648287021740e+01
1.758458000000000077e+00	2.960899994055757745e+01
1.764308999999999905e+00	2.966387083908411881e+01
1.770140999999999964e+00	2.982224701318382643e+01
1.776011999999999924e+00	3.015858759175977255e+01
1.781979999999999897e+00	3.005719091853592673e+01
1.788105000000000055e+00	3.063618159644888195e+01
1.794426999999999994e+00	3.132283433162702124e+01
1.800829000000000013e+00	3.138482723491024018e+01
1.807091999999999921e+00	3.151870742393108671e+01
1.813002000000000002e+00	3.159467503598342475e+01
1.818338000000000010e+00	3.160714315956894538e+01
1.822912000000000088e+00	3.198220042115500306e+01
1.826850000000000085e+00	3.209599183418166746e+01
1.830492000000000008e+00	3.218713786513015407e+01
1.834179999999999922e+00	3.229044524781549086e+01
1.838259000000000087e+00	3.228200602097044936e+01
1.843048000000000020e+00	3.186797809978102336e+01
1.848562000000000038e+00	3.213435738227267535e+01
1.854589999999999961e+00	3.194674715412866561e+01
1.860913000000000039e+00	3.181850185896183802e+01
1.867313999999999918e+00	3.211633701102504546e+01
1.873583999999999916e+00	3.212546047853511055e+01
1.879660000000000108e+00	3.213759258781392703e+01
1.885596000000000050e+00	3.222631669845529245e+01
1.891450999999999993e+00	3.269975648164150073e+01
1.897281999999999913e+00	3.356721065278199490e+01
1.903146999999999922e+00	3.469091771986249029e+01
1.909062999999999954e+00	3.534402153007474823e+01
1.915018000000000109e+00	3.629181672178958706e+01
1.920995999999999926e+00	3.783487963465532289e+01
1.926979999999999915e+00	3.879970058495970164e+01
1.932955999999999896e+00	3.970679345315839015e+01
1.938917999999999919e+00	4.080021493356507278e+01
1.944868999999999959e+00	4.169180219333900084e+01
1.950814000000000048e+00	4.249030132851724062e+01
1.956757999999999997e+00	4.348935726109896649e+01
1.962703000000000086e+00	4.411366727032805102e+01
1.968652000000000069e+00	4.437493018762628338e+01
1.974604000000000026e+00	4.453400275533937958e+01
1.980558000000000041e+00	4.461340704025442960e+01
1.986512000000000056e+00	4.445161203833335861e+01
1.992466000000000070e+00	4.391901321868950703e+01
1.998418000000000028e+00	4.315476775386833452e+01
2.004370000000000207e+00	4.246448794388209080e+01
2.010321999999999942e+00	4.175884847984332993e+01
2.016272999999999982e+00	4.133180590238579555e+01
2.022224000000000022e+00	4.020792243189952586e+01
2.028176000000000201e+00	3.972037700538159299e+01
2.034127999999999936e+00	3.941896791028197100e+01
2.040080000000000116e+00	3.905936635714690652e+01
2.046031999999999851e+00	3.903375907034278214e+01
2.051984000000000030e+00	3.930057353878259363e+01
2.057935000000000070e+00	3.901822976226596040e+01
2.063886999999999805e+00	3.971882739649230842e+01
2.069837999999999845e+00	3.984048907265086825e+01
2.075791000000000164e+00	4.016135306797232118e+01
2.081744000000000039e+00	4.004611420144637179e+01
2.087698000000000054e+00	3.980440643076117624e+01
2.093652000000000069e+00	3.932073388387058088e+01
2.099604999999999944e+00	4.044860974567335887e+01
2.105554999999999843e+00	3.920239814893920993e+01
2.111501000000000072e+00	3.936794592264904935e+01
2.117445000000000022e+00	3.937206527569777137e+01
2.123388999999999971e+00	3.863758922190685752e+01
2.129338000000000175e+00	3.815104691506570589e+01
2.135295999999999861e+00	3.799227129374895640e+01
2.141268000000000171e+00	3.772684851143619511e+01
2.147250999999999799e+00	3.744048281953551793e+01
2.153232000000000035e+00	3.712923722106089741e+01
2.159196000000000115e+00	3.797602408917116890e+01
2.165125000000000188e+00	3.833985972799901987e+01
2.171006000000000213e+00	3.875557345057585223e+01
2.176841000000000026e+00	4.028004999626691784e+01
2.182682999999999929e+00	4.139027562034227259e+01
2.188588999999999896e+00	4.299398190845806766e+01
2.194618000000000180e+00	4.365243011004356077e+01
2.200828000000000007e+00	4.520298256003785298e+01
2.207209999999999894e+00	4.623452458974900026e+01
2.213579000000000185e+00	4.700901947443926332e+01
2.219714999999999883e+00	4.798752718923895344e+01
2.225403000000000020e+00	4.784961784947915930e+01
2.230423000000000044e+00	4.844022408807801838e+01
2.234681000000000139e+00	4.732157056274668605e+01
2.238447999999999993e+00	4.743616481842672528e+01
2.242068000000000172e+00	4.675742486486917215e+01
2.245884000000000214e+00	4.550442012099254896e+01
2.250237999999999960e+00	4.466282578000737402e+01
2.255365999999999982e+00	4.341785480020503485e+01
2.261130000000000084e+00	4.298281813167408671e+01
2.267313000000000134e+00	4.262886805006380797e+01
2.273696000000000161e+00	4.192706421616666290e+01
2.280063999999999869e+00	4.217861162130500219e+01
2.286243999999999943e+00	4.255107297927821719e+01
2.292251999999999956e+00	4.363769188271724175e+01
2.298146000000000022e+00	4.473334989761598735e+01
2.303983000000000114e+00	4.647886824425779650e+01
2.309822000000000042e+00	4.830048665566775412e+01
2.315710999999999853e+00	5.128649561935186085e+01
2.321645999999999876e+00	5.370784285437276395e+01
2.327612999999999932e+00	5.638749589521301431e+01
2.333594999999999864e+00	5.796949289403190164e+01
2.339576999999999796e+00	5.889475390994370230e+01
2.345546999999999827e+00	5.854160901968290887e+01
2.351503999999999817e+00	5.743843620754917367e+01
2.357451999999999881e+00	5.544772495860904371e+01
2.363395999999999830e+00	5.387907527041475220e+01
2.369339000000000084e+00	5.204002761239507890e+01
2.375286000000000008e+00	5.077629389534556736e+01
2.381237000000000048e+00	4.980229469034853906e+01
2.387189999999999923e+00	4.912445268879025662e+01
2.393143999999999938e+00	4.933174469489850367e+01
2.399097999999999953e+00	5.018403335657441033e+01
2.405050999999999828e+00	5.037455190317615461e+01
2.411004000000000147e+00	5.145911905582228485e+01
2.416955999999999882e+00	5.276291387106582675e+01
2.422906999999999922e+00	5.414160921621068212e+01
2.428857999999999961e+00	5.657659171021568056e+01
2.434809000000000001e+00	5.946014668245648238e+01
2.440760000000000041e+00	6.305553182693734016e+01
2.446712000000000220e+00	6.519980139657066331e+01
2.452663999999999955e+00	6.656097436154011859e+01
2.458616999999999830e+00	6.613268526781372714e+01
2.464570999999999845e+00	6.225859396992889572e+01
2.470524999999999860e+00	5.671061243300477628e+01
2.476478000000000179e+00	4.931968959668427033e+01
2.482429999999999914e+00	4.241652295768064107e+01
2.488377999999999979e+00	3.673073219497940300e+01
2.494323000000000068e+00	3.221929265021129396e+01
2.500265999999999877e+00	2.948630082778379347e+01
2.506212000000000106e+00	2.891894916438765506e+01
2.512164999999999981e+00	2.821008857558281235e+01
2.518129000000000062e+00	2.884652394364721673e+01
2.524108000000000018e+00	2.824621748255573195e+01
2.530091999999999786e+00	2.922447695243075216e+01
2.536067000000000071e+00	2.951835688442526617e+01
2.542015999999999831e+00	3.215300550736773033e+01
2.547924000000000078e+00	3.621933243888371123e+01
2.553779000000000021e+00	4.262795414256979143e+01
2.559610000000000163e+00	5.109065630258877633e+01
2.565475000000000172e+00	6.029920634620746256e+01
2.571432000000000162e+00	6.761079047973700540e+01
2.577539999999999942e+00	7.316702853235580051e+01
2.583845999999999865e+00	7.440744529303643162e+01
2.590249000000000024e+00	7.187653358948740845e+01
2.596534000000000120e+00	6.615943582682336910e+01
2.602485000000000159e+00	5.997803161936992211e+01
2.607883000000000173e+00	5.346040092771216479e+01
2.612527000000000044e+00	4.860249578773409951e+01
2.616509000000000196e+00	4.515293010065417434e+01
2.620163999999999938e+00	4.276555309075111211e+01
2.623834000000000000e+00	4.158833136135090314e+01
2.627863000000000060e+00	4.107833952249097820e+01
2.632579999999999920e+00	4.102228366185740072e+01
2.638037000000000187e+00	4.124945925440466965e+01
2.644026000000000209e+00	4.112222065029862961e+01
2.650332000000000132e+00	4.153632991596757762e+01
2.656734000000000151e+00	4.113870350284327770e+01
2.663022999999999918e+00	4.129339586134629769e+01
2.669115000000000126e+00	4.076521762933180781e+01
2.675060999999999911e+00	4.008766364370249846e+01
2.680919999999999970e+00	3.843735840679269700e+01
2.686751000000000111e+00	3.615264335800938511e+01
2.692610999999999866e+00	3.347628320154963433e+01
2.698523999999999923e+00	3.067340119497803741e+01
2.704476000000000102e+00	2.775430631007558091e+01
2.710452000000000083e+00	2.552241609480795859e+01
2.716435999999999851e+00	2.375265892602342177e+01
2.722412999999999972e+00	2.416949062248040292e+01
2.728375999999999912e+00	2.602350908365178128e+01
2.734328000000000092e+00	2.857330731280108083e+01
2.740273999999999877e+00	3.183636249882702174e+01
2.746217000000000130e+00	3.414766762608757489e+01
2.752162000000000219e+00	3.485974329311077469e+01
2.758110999999999979e+00	3.453228801611289356e+01
2.764063000000000159e+00	3.227239888714418470e+01
2.770016000000000034e+00	2.925507407251788905e+01
2.775971000000000188e+00	2.501181202659701697e+01
2.781924000000000063e+00	1.983398465895917084e+01
2.787876999999999938e+00	1.477025226510783185e+01
2.793829000000000118e+00	9.618569048838505609e+00
2.799780999999999853e+00	5.405776176730695326e+00
2.805731999999999893e+00	3.883347147312468106e+00
2.811682999999999932e+00	5.489651213705372790e+00
2.817635000000000112e+00	9.835135754507350114e+00
2.823586999999999847e+00	1.583250933286185180e+01
2.829539000000000026e+00	2.194870676217139760e+01
2.835491000000000206e+00	2.743846504715109091e+01
2.841442999999999941e+00	2.931718824468502049e+01
2.847395000000000120e+00	2.868875866687676179e+01
2.853346999999999856e+00	2.469510868876839993e+01
2.859299000000000035e+00	2.069377099537192422e+01
2.865251000000000214e+00	1.626185323706222619e+01
2.871201999999999810e+00	1.314629004333608187e+01
2.877153999999999989e+00	1.220959177115119410e+01
2.883106000000000169e+00	1.302583956785045238e+01
2.889057999999999904e+00	1.363142135747380834e+01
2.895010000000000083e+00	1.497210282257030123e+01
2.900961999999999819e+00	1.558110796492105266e+01
2.906913999999999998e+00	1.465844303969502427e+01
2.912866000000000177e+00	1.230279373605797311e+01
2.918817999999999913e+00	1.035665776977215380e+01
2.924770000000000092e+00	8.553788231979197576e+00
2.930721000000000132e+00	8.387402919645861488e+00
2.936672999999999867e+00	7.692055731033851096e+00
2.942625000000000046e+00	8.958612432772982359e+00
2.948576999999999781e+00	9.743335917731547724e+00
2.954528999999999961e+00	1.070883520492251861e+01
2.960481000000000140e+00	1.012943619960687336e+01
2.966432999999999875e+00	8.666550086157920774e+00
2.972385000000000055e+00	5.744169302179399139e+00
2.978336999999999790e+00	2.066090765228713266e+00
2.984288999999999970e+00	-2.412552628132611066e+00
2.990240000000000009e+00	-6.458294881393435105e+00
2.996192000000000188e+00	-1.027911975497222130e+01
3.002143999999999924e+00	-1.297299014640026016e+01
3.008096000000000103e+00	-1.564888377200914427e+01
3.014047999999999838e+00	-1.628185989487869989e+01
3.020000000000000018e+00	-1.530221814902529331e+01
