1.199999999999999956e-01	2.896617749786073226e+00
1.249780000000000058e-01	3.213533705560059239e+00
1.305999999999999939e-01	3.014275117804974702e+00
1.367059999999999942e-01	3.206545855263335021e+00
1.431360000000000132e-01	3.321037927916862920e+00
1.497320000000000040e-01	3.110650960601184067e+00
1.563350000000000017e-01	3.093227846291037419e+00
1.627850000000000130e-01	3.005471338412033067e+00
1.689219999999999888e-01	2.864612092203481453e+00
1.745889999999999942e-01	2.908772237083239176e+00
1.796250000000000069e-01	2.887693682032589138e+00
1.839349999999999874e-01	2.907940777503524643e+00
1.877439999999999942e-01	2.731297132247778148e+00
1.913779999999999926e-01	2.816207979540316320e+00
1.951660000000000061e-01	2.874154532766487247e+00
1.994340000000000002e-01	2.887746683674083492e+00
2.044499999999999929e-01	2.891029154090746012e+00
2.101250000000000062e-01	2.901785287431349225e+00
2.162479999999999958e-01	3.031292860073296680e+00
2.226049999999999973e-01	2.807555710790615944e+00
2.289819999999999911e-01	2.968705165812697278e+00
2.351930000000000132e-01	3.183797378255654564e+00
2.412249999999999950e-01	3.100434088808440514e+00
2.471349999999999936e-01	3.018052417354711636e+00
2.529799999999999827e-01	3.126313549455458141e+00
2.588170000000000193e-01	3.042850864761535767e+00
2.646970000000000156e-01	3.233907063483357547e+00
2.706259999999999777e-01	3.194961092045167206e+00
2.765880000000000005e-01	3.050075745047384324e+00
2.825679999999999858e-01	3.423650696158392570e+00
2.885510000000000019e-01	3.365699967841115914e+00
2.945229999999999793e-01	3.443515744567625436e+00
3.004809999999999981e-01	3.626185725787178793e+00
3.064310000000000089e-01	3.498415243167828592e+00
3.123750000000000138e-01	3.686823899095982959e+00
3.183190000000000186e-01	3.561160703757241475e+00
3.242650000000000254e-01	3.474788365151701530e+00
3.302149999999999808e-01	3.542715821479782257e+00
3.361680000000000224e-01	3.545951783565276738e+00
3.421210000000000084e-01	3.489719793294618011e+00
3.480759999999999965e-01	3.734189803090768756e+00
3.540289999999999826e-01	3.470546289169015530e+00
3.599809999999999954e-01	3.364882894020670534e+00
3.659330000000000083e-01	3.691849089040349252e+00
3.718839999999999923e-01	3.649307981354938946e+00
3.778360000000000052e-01	3.473419239776921685e+00
3.837869999999999893e-01	3.842145909036041029e+00
3.897390000000000021e-01	3.956603514790055343e+00
3.956910000000000149e-01	3.795066620477967057e+00
4.016429999999999723e-01	3.960131667168360625e+00
4.075949999999999851e-01	3.869010635868681547e+00
4.135469999999999979e-01	4.042015442766988542e+00
4.194979999999999820e-01	4.166635961393754251e+00
4.254499999999999948e-01	4.165151982534462505e+00
4.314009999999999789e-01	3.853991131175401375e+00
4.373540000000000205e-01	4.180444657144042786e+00
4.433079999999999798e-01	4.343231913800755351e+00
4.492619999999999947e-01	4.319522750806176425e+00
4.552160000000000095e-01	4.152601923541499929e+00
4.611680000000000224e-01	4.208688288308499281e+00
4.671170000000000044e-01	4.334870696186413852e+00
4.730619999999999825e-01	4.422787721532015937e+00
4.790059999999999873e-01	4.278703311825953648e+00
4.849510000000000209e-01	4.545019619173380043e+00
4.909020000000000050e-01	4.590472304475704313e+00
4.968629999999999991e-01	4.624451373978396340e+00
5.028390000000000359e-01	4.652824672588305788e+00
5.088230000000000253e-01	4.724472442746322720e+00
5.148009999999999531e-01	4.813208365570043945e+00
5.207570000000000254e-01	5.009222724144646754e+00
5.266750000000000043e-01	4.872762545754039998e+00
5.325410000000000421e-01	4.967936590288489107e+00
5.383719999999999617e-01	5.023410078115175814e+00
5.442249999999999588e-01	5.073017077415394205e+00
5.501580000000000359e-01	5.431171584632312310e+00
5.562289999999999734e-01	5.282283635979435843e+00
5.624930000000000208e-01	5.441094862394219689e+00
5.688929999999999820e-01	5.445525540796394282e+00
5.752220000000000111e-01	5.494812988547661980e+00
5.812610000000000277e-01	5.663952067945395186e+00
5.867949999999999555e-01	5.584616670778364877e+00
5.916080000000000227e-01	5.730756165906774946e+00
5.957040000000000113e-01	5.633492121792403218e+00
5.993990000000000151e-01	5.714112136694285304e+00
6.030370000000000452e-01	5.968361709201299270e+00
6.069609999999999728e-01	5.649861960741675126e+00
6.115110000000000268e-01	5.852696379254191505e+00
6.168270000000000142e-01	5.924619952901086783e+00
6.227219999999999978e-01	6.062653331315423166e+00
6.289789999999999548e-01	5.769703304948429867e+00
6.353790000000000271e-01	5.764470344542329094e+00
6.417070000000000274e-01	5.980763091089160710e+00
6.478369999999999962e-01	6.051220536002097639e+00
6.538089999999999735e-01	6.051485068214228491e+00
6.596819999999999906e-01	6.063334082422008997e+00
6.655140000000000500e-01	6.259021211919319150e+00
6.713630000000000431e-01	6.458844256324299593e+00
6.772660000000000347e-01	6.371441308376343926e+00
6.832110000000000127e-01	6.537367871382845586e+00
6.891829999999999901e-01	6.635502638102181550e+00
6.951669999999999794e-01	6.786804432361106088e+00
7.011469999999999647e-01	6.806025557206861087e+00
7.071119999999999628e-01	6.919213839691658485e+00
7.130670000000000064e-01	7.083317520412432344e+00
7.190130000000000132e-01	7.000100712252369739e+00
7.249569999999999625e-01	7.155321473616805150e+00
7.309010000000000229e-01	7.257577302554888199e+00
7.368489999999999762e-01	6.894862377772124518e+00
7.428000000000000158e-01	7.131187848520500694e+00
7.487530000000000019e-01	7.052399896343557906e+00
7.547080000000000455e-01	7.106587674443771263e+00
7.606619999999999493e-01	7.286893848051281708e+00
7.666140000000000176e-01	7.383449806649078795e+00
7.725670000000000037e-01	7.220541443695490003e+00
7.785180000000000433e-01	7.477057828012476648e+00
7.844689999999999719e-01	7.575701851464421210e+00
7.904210000000000402e-01	7.632888198285858294e+00
7.963729999999999976e-01	7.785859649994410603e+00
8.023249999999999549e-01	7.845288276795300497e+00
8.082770000000000232e-01	8.161446927959504549e+00
8.142289999999999806e-01	8.175997650377375692e+00
8.201800000000000201e-01	8.131114122875299444e+00
8.261319999999999775e-01	8.322592325715207906e+00
8.320830000000000171e-01	8.732268337785276557e+00
8.380349999999999744e-01	8.923092887962036812e+00
8.439870000000000427e-01	9.124489991563246249e+00
8.499400000000000288e-01	9.191964916238752892e+00
8.558940000000000436e-01	9.281849514096332854e+00
8.618479999999999475e-01	9.698328771078298161e+00
8.678010000000000446e-01	9.578593918178917477e+00
8.737519999999999731e-01	9.738667837503548697e+00
8.797000000000000375e-01	9.893622995373908324e+00
8.856439999999999868e-01	9.974643064421535144e+00
8.915870000000000184e-01	1.015455516978092021e+01
8.975349999999999717e-01	1.039545183546618290e+01
9.034900000000000153e-01	1.025921910555552685e+01
9.094569999999999599e-01	1.051077199602517709e+01
9.154379999999999740e-01	1.062563395116559661e+01
9.214210000000000456e-01	1.067222714515894388e+01
9.273909999999999654e-01	1.065361901039478632e+01
9.333329999999999682e-01	1.070401865722147861e+01
9.392300000000000093e-01	1.096949655654244005e+01
9.450749999999999984e-01	1.069341867369268861e+01
9.509090000000000042e-01	1.078986154046748958e+01
9.567890000000000006e-01	1.087587542462679657e+01
9.627750000000000474e-01	1.091589101615447888e+01
9.689229999999999787e-01	1.097066647197940625e+01
9.752680000000000238e-01	1.112411976246235668e+01
9.816639999999999810e-01	1.117811470562952891e+01
9.878930000000000211e-01	1.128055469796867882e+01
9.937399999999999567e-01	1.146267088179539861e+01
9.989850000000000119e-01	1.136429365762544208e+01
1.003457999999999961e+00	1.165931707468243772e+01
1.007338000000000067e+00	1.207871002491558876e+01
1.010966000000000031e+00	1.212352083884926124e+01
1.014685999999999977e+00	1.229219814651670895e+01
1.018841000000000108e+00	1.243465493668080413e+01
1.023735000000000062e+00	1.273451869654588187e+01
1.029328999999999938e+00	1.287872243384198967e+01
1.035408000000000106e+00	1.281946771038067645e+01
1.041754000000000069e+00	1.319353624205179720e+01
1.048148999999999997e+00	1.324810135451741822e+01
1.054391999999999996e+00	1.348825330706375958e+01
1.060446000000000000e+00	1.355203973399170714e+01
1.066368999999999900e+00	1.381629490630029089e+01
1.072216999999999976e+00	1.399607564269325799e+01
1.078049000000000035e+00	1.430023577604637985e+01
1.083920999999999912e+00	1.459855719389199358e+01
1.089842999999999895e+00	1.490393127199176782e+01
1.095801999999999943e+00	1.504885887563242264e+01
1.101780999999999899e+00	1.521923183412399005e+01
1.107765000000000111e+00	1.545414539684721156e+01
1.113739999999999952e+00	1.588851473035221140e+01
1.119699999999999918e+00	1.603088261592977659e+01
1.125650000000000039e+00	1.639017430798486075e+01
1.131594999999999906e+00	1.648562827019693344e+01
1.137537999999999938e+00	1.678268374355173975e+01
1.143483999999999945e+00	1.700815635990581498e+01
1.149432999999999927e+00	1.733752903121833810e+01
1.155386000000000024e+00	1.732959003497814621e+01
1.161338999999999899e+00	1.768100701842793754e+01
1.167294000000000054e+00	1.763249882898859511e+01
1.173246999999999929e+00	1.806492869144101121e+01
1.179200000000000026e+00	1.802884662204375843e+01
1.185151999999999983e+00	1.839759439657791873e+01
1.191103000000000023e+00	1.858091300772726839e+01
1.197054000000000062e+00	1.871427926385427654e+01
1.203006000000000020e+00	1.886795222859888455e+01
1.208957999999999977e+00	1.916406589685208672e+01
1.214909999999999934e+00	1.906914709142819930e+01
1.220861999999999892e+00	1.913624373401220780e+01
1.226814000000000071e+00	1.930414821283457627e+01
1.232765000000000111e+00	1.954230489925669190e+01
1.238717000000000068e+00	1.968176023668727481e+01
1.244668000000000108e+00	1.980091370403310336e+01
1.250620000000000065e+00	2.001041779197601400e+01
1.256572000000000022e+00	1.986694317815525679e+01
1.262526000000000037e+00	1.998546519667042176e+01
1.268480000000000052e+00	1.992802457809988326e+01
1.274434000000000067e+00	2.000364013742424873e+01
1.280386000000000024e+00	2.015058795536670644e+01
1.286335999999999924e+00	2.025293859321536161e+01
1.292281999999999931e+00	2.034374932651980572e+01
1.298224999999999962e+00	2.031062598294734656e+01
1.304170000000000051e+00	2.049317938014100093e+01
1.310119999999999951e+00	2.072635794529189823e+01
1.316079999999999917e+00	2.073267220901522734e+01
1.322052999999999923e+00	2.089090164576368025e+01
1.328036999999999912e+00	2.107196639338942745e+01
1.334017000000000008e+00	2.121398069250966500e+01
1.339976000000000056e+00	2.139579647023929709e+01
1.345900000000000096e+00	2.154244112624324003e+01
1.351774000000000031e+00	2.172277984389113925e+01
1.357607000000000008e+00	2.180152775302635604e+01
1.363453000000000026e+00	2.194552765492391444e+01
1.369372000000000034e+00	2.209991548221359636e+01
1.375421999999999922e+00	2.203159545089147286e+01
1.381658999999999970e+00	2.213711483835346527e+01
1.388052000000000064e+00	2.218786557382122737e+01
1.394403000000000059e+00	2.228403127939746753e+01
1.400492999999999988e+00	2.212577294720294319e+01
1.406104999999999938e+00	2.200913821892277156e+01
1.411021999999999998e+00	2.203011410362179490e+01
1.415195999999999898e+00	2.203617143610170004e+01
1.418924000000000074e+00	2.181043758299309232e+01
1.422549999999999981e+00	2.196172464686380366e+01
1.426417000000000046e+00	2.218738912252999285e+01
1.430868000000000029e+00	2.199993859834748378e+01
1.436091000000000006e+00	2.221291579203091260e+01
1.441923000000000066e+00	2.219860156062492607e+01
1.448144000000000098e+00	2.224968853984223571e+01
1.454538000000000109e+00	2.268266221863567367e+01
1.460887000000000047e+00	2.271152809158698105e+01
1.467041999999999957e+00	2.305675080202867022e+01
1.473030999999999979e+00	2.308803707315578890e+01
1.478914000000000062e+00	2.327188608048656704e+01
1.484749000000000096e+00	2.365241071780463855e+01
1.490591999999999917e+00	2.360084079548788338e+01
1.496488000000000040e+00	2.370198369387867032e+01
1.502428000000000097e+00	2.369961553589902437e+01
1.508397999999999906e+00	2.352831757276469204e+01
1.514380999999999977e+00	2.380688517014111483e+01
1.520361999999999991e+00	2.331018625449604187e+01
1.526329999999999965e+00	2.319335453592795560e+01
1.532284999999999897e+00	2.319812156559263272e+01
1.538232999999999961e+00	2.327568819575055770e+01
1.544175999999999993e+00	2.297921109968753228e+01
1.550119999999999942e+00	2.283963328670303383e+01
1.556068000000000007e+00	2.257717763323316262e+01
1.562019000000000046e+00	2.288146808482223094e+01
1.567971999999999921e+00	2.286629833980014936e+01
1.573925999999999936e+00	2.273671876183116325e+01
1.579879999999999951e+00	2.320229031164668143e+01
1.585833000000000048e+00	2.349747074946204961e+01
1.591785000000000005e+00	2.407943463363087488e+01
1.597736999999999963e+00	2.440028943742996503e+01
1.603688000000000002e+00	2.487604351556174009e+01
1.609639000000000042e+00	2.531097166964378076e+01
1.615590999999999999e+00	2.581487404720214585e+01
1.621542999999999957e+00	2.643143215044682393e+01
1.627494999999999914e+00	2.683658290986667083e+01
1.633447000000000093e+00	2.718262674881972529e+01
1.639399000000000051e+00	2.735940394919694896e+01
1.645350000000000090e+00	2.724877976575497129e+01
1.651302000000000048e+00	2.754065164283785805e+01
1.657253000000000087e+00	2.733140140617090807e+01
1.663205000000000044e+00	2.720023143748640493e+01
1.669157999999999920e+00	2.693408656433710746e+01
1.675111999999999934e+00	2.693576642079278116e+01
1.681065999999999949e+00	2.649772121698240213e+01
1.687019000000000046e+00	2.625217627078400184e+01
1.692971000000000004e+00	2.596445136824278777e+01
1.698919000000000068e+00	2.570727261984001188e+01
1.704863000000000017e+00	2.525712158825142950e+01
1.710806999999999967e+00	2.512662270013150589e+01
1.716752999999999973e+00	2.523866810568180696e+01
1.722706999999999988e+00	2.513468964098100855e+01
1.728671999999999986e+00	2.529772966244474119e+01
1.734652000000000083e+00	2.517532106042316897e+01
1.740636000000000072e+00	2.568634571659965715e+01
1.746609000000000078e+00	2.608909785963330208e+01
1.752555000000000085e+00	2.650928321313655900e+01
1.758458000000000077e+00	2.696134151772385934e+01
1.764308999999999905e+00	2.771637271624012655e+01
1.770140999999999964e+00	2.829819749707588983e+01
1.776011999999999924e+00	2.882109952474888814e+01
1.781979999999999897e+00	2.955764666230476223e+01
1.788105000000000055e+00	3.004622794791104923e+01
1.794426999999999994e+00	3.063721151779687091e+01
1.800829000000000013e+00	3.096004343377696699e+01
1.807091999999999921e+00	3.103118817103564808e+01
1.813002000000000002e+00	3.111741037358360273e+01
1.818338000000000010e+00	3.096836439780958372e+01
1.822912000000000088e+00	3.090369869492513288e+01
1.826850000000000085e+00	3.067190496958489021e+01
1.830492000000000008e+00	3.033005653086478048e+01
1.834179999999999922e+00	2.988906161473844492e+01
1.838259000000000087e+00	2.956680902993978322e+01
1.843048000000000020e+00	2.937856384213478123e+01
1.848562000000000038e+00	2.909586848782107182e+01
1.854589999999999961e+00	2.903324380572680852e+01
1.860913000000000039e+00	2.916062009398081400e+01
1.867313999999999918e+00	2.942714690892113794e+01
1.873583999999999916e+00	2.964773687667507573e+01
1.879660000000000108e+00	2.990477732207910933e+01
1.885596000000000050e+00	3.074032109214016373e+01
1.891450999999999993e+00	3.154605156074033445e+01
1.897281999999999913e+00	3.224109144689426643e+01
1.903146999999999922e+00	3.337210475196073389e+01
1.909062999999999954e+00	3.430994799196027145e+01
1.915018000000000109e+00	3.539558118804071540e+01
1.920995999999999926e+00	3.610899243688628246e+01
1.926979999999999915e+00	3.654834445240270924e+01
1.932955999999999896e+00	3.696579781188169278e+01
1.938917999999999919e+00	3.709576553639606544e+01
1.944868999999999959e+00	3.685802422643407539e+01
1.950814000000000048e+00	3.662071593011793169e+01
1.956757999999999997e+00	3.629190550912337443e+01
1.962703000000000086e+00	3.588739391552066849e+01
1.968652000000000069e+00	3.518073144666051633e+01
1.974604000000000026e+00	3.445889365903893520e+01
1.980558000000000041e+00	3.363232570368713681e+01
1.986512000000000056e+00	3.323939219601761152e+01
1.992466000000000070e+00	3.269748869692053717e+01
1.998418000000000028e+00	3.230219350960856417e+01
2.004370000000000207e+00	3.198750315235499997e+01
2.010321999999999942e+00	3.178527994878626117e+01
2.016272999999999982e+00	3.179499178449519547e+01
2.022224000000000022e+00	3.171179541607918395e+01
2.028176000000000201e+00	3.196262345992960263e+01
2.034127999999999936e+00	3.244053321898459075e+01
2.040080000000000116e+00	3.269710732533099673e+01
2.046031999999999851e+00	3.334335741289232402e+01
2.051984000000000030e+00	3.428907095974865626e+01
2.057935000000000070e+00	3.517525126502786037e+01
2.063886999999999805e+00	3.607840618901470719e+01
2.069837999999999845e+00	3.689312922032298303e+01
2.075791000000000164e+00	3.769333829347315401e+01
2.081744000000000039e+00	3.825499263248859450e+01
2.087698000000000054e+00	3.886866435048550983e+01
2.093652000000000069e+00	3.913835316317818780e+01
2.099604999999999944e+00	3.907077383311930419e+01
2.105554999999999843e+00	3.892232671126810573e+01
2.111501000000000072e+00	3.863382381398018595e+01
2.117445000000000022e+00	3.832762266297260112e+01
2.123388999999999971e+00	3.756216663589626137e+01
2.129338000000000175e+00	3.733778697789406920e+01
2.135295999999999861e+00	3.657358350636744859e+01
2.141268000000000171e+00	3.634841490923154339e+01
2.147250999999999799e+00	3.612702006478983918e+01
2.153232000000000035e+00	3.619247223763699850e+01
2.159196000000000115e+00	3.599403069165473568e+01
2.165125000000000188e+00	3.652819534988610428e+01
2.171006000000000213e+00	3.692642988038747376e+01
2.176841000000000026e+00	3.765240529292969995e+01
2.182682999999999929e+00	3.866538626700411641e+01
2.188588999999999896e+00	3.942653132035979269e+01
2.194618000000000180e+00	4.024809353983792448e+01
2.200828000000000007e+00	4.100089190658129468e+01
2.207209999999999894e+00	4.146915787623473193e+01
2.213579000000000185e+00	4.122502286071338773e+01
2.219714999999999883e+00	4.099767844773392511e+01
2.225403000000000020e+00	4.037902337785079965e+01
2.230423000000000044e+00	3.944714269724478584e+01
2.234681000000000139e+00	3.843452812502906824e+01
2.238447999999999993e+00	3.725054323446381943e+01
2.242068000000000172e+00	3.598993562622356990e+01
2.245884000000000214e+00	3.438828107959810154e+01
2.250237999999999960e+00	3.312108542234422259e+01
2.255365999999999982e+00	3.215161173510057324e+01
2.261130000000000084e+00	3.128822701651469984e+01
2.267313000000000134e+00	3.048009204768908020e+01
2.273696000000000161e+00	3.014856738824198956e+01
2.280063999999999869e+00	3.022442916120434830e+01
2.286243999999999943e+00	3.031992195766476073e+01
2.292251999999999956e+00	3.127064233985817765e+01
2.298146000000000022e+00	3.192287096373129174e+01
2.303983000000000114e+00	3.324744628391621859e+01
2.309822000000000042e+00	3.485828341629918725e+01
2.315710999999999853e+00	3.658233627872741067e+01
2.321645999999999876e+00	3.880233572586914192e+01
2.327612999999999932e+00	4.065389016412645873e+01
2.333594999999999864e+00	4.231524542159122149e+01
2.339576999999999796e+00	4.352390242556808886e+01
2.345546999999999827e+00	4.402233019531002611e+01
2.351503999999999817e+00	4.352936555138704477e+01
2.357451999999999881e+00	4.303732128789712874e+01
2.363395999999999830e+00	4.231090523580647300e+01
2.369339000000000084e+00	4.122066306911998623e+01
2.375286000000000008e+00	4.010522811234953622e+01
2.381237000000000048e+00	3.914003987440822385e+01
2.387189999999999923e+00	3.828267148828578570e+01
2.393143999999999938e+00	3.755222043946045574e+01
2.399097999999999953e+00	3.721809117687463697e+01
2.405050999999999828e+00	3.677127429766061084e+01
2.411004000000000147e+00	3.655619964093226315e+01
2.416955999999999882e+00	3.658543592686169887e+01
2.422906999999999922e+00	3.684067981086261767e+01
2.428857999999999961e+00	3.729417883287248969e+01
2.434809000000000001e+00	3.771943397344624316e+01
2.440760000000000041e+00	3.836826223443391370e+01
2.446712000000000220e+00	3.907762189813370668e+01
2.452663999999999955e+00	3.973001920515605434e+01
2.458616999999999830e+00	4.004734280343149067e+01
2.464570999999999845e+00	4.038614138036076184e+01
2.470524999999999860e+00	4.033679101028884162e+01
2.476478000000000179e+00	4.033393961830709173e+01
2.482429999999999914e+00	4.107787540975278517e+01
2.488377999999999979e+00	4.210854240418496630e+01
2.494323000000000068e+00	4.395625650572791443e+01
2.500265999999999877e+00	4.615530166076241869e+01
2.506212000000000106e+00	4.868239080967654075e+01
2.512164999999999981e+00	5.104921449421578927e+01
2.518129000000000062e+00	5.323388541553597264e+01
2.524108000000000018e+00	5.447058296478560635e+01
2.530091999999999786e+00	5.505040240159991782e+01
2.536067000000000071e+00	5.472900982966371686e+01
2.542015999999999831e+00	5.335258864466926809e+01
2.547924000000000078e+00	5.137329013991827509e+01
2.553779000000000021e+00	4.850092611015296740e+01
2.559610000000000163e+00	4.514480734136196105e+01
2.565475000000000172e+00	4.207530338696390970e+01
2.571432000000000162e+00	3.980790978815235093e+01
2.577539999999999942e+00	3.836374783453221937e+01
2.583845999999999865e+00	3.901230571259787894e+01
2.590249000000000024e+00	4.073815057308851806e+01
2.596534000000000120e+00	4.337440480748622207e+01
2.602485000000000159e+00	4.622851260004091500e+01
2.607883000000000173e+00	4.824764166943923271e+01
2.612527000000000044e+00	4.873587779922770835e+01
2.616509000000000196e+00	4.790628833062033465e+01
2.620163999999999938e+00	4.583063920610880615e+01
2.623834000000000000e+00	4.310732272990981784e+01
2.627863000000000060e+00	3.956671237209424419e+01
2.632579999999999920e+00	3.615119223762208378e+01
2.638037000000000187e+00	3.251591892378667836e+01
2.644026000000000209e+00	2.933908784031233097e+01
2.650332000000000132e+00	2.677261089488107615e+01
2.656734000000000151e+00	2.445811877283200886e+01
2.663022999999999918e+00	2.321903797019728799e+01
2.669115000000000126e+00	2.241570327068463442e+01
2.675060999999999911e+00	2.241774501342825232e+01
2.680919999999999970e+00	2.286216014230921445e+01
2.686751000000000111e+00	2.337146467256503612e+01
2.692610999999999866e+00	2.399655535164330189e+01
2.698523999999999923e+00	2.446288808910469470e+01
2.704476000000000102e+00	2.520844497107252025e+01
2.710452000000000083e+00	2.603928183294399190e+01
2.716435999999999851e+00	2.674113770804451562e+01
2.722412999999999972e+00	2.764957719844421646e+01
2.728375999999999912e+00	2.846937722193515441e+01
2.734328000000000092e+00	2.933074933181796240e+01
2.740273999999999877e+00	2.948171554378965808e+01
2.746217000000000130e+00	2.888078655287243990e+01
2.752162000000000219e+00	2.735922446106292227e+01
2.758110999999999979e+00	2.486304214697845083e+01
2.764063000000000159e+00	2.218741269837300223e+01
2.770016000000000034e+00	1.962805754628771737e+01
2.775971000000000188e+00	1.813151596967432155e+01
2.781924000000000063e+00	1.797936423732672750e+01
2.787876999999999938e+00	1.949463011673011792e+01
2.793829000000000118e+00	2.207836085996894937e+01
2.799780999999999853e+00	2.487260250179263821e+01
2.805731999999999893e+00	2.703857188763528185e+01
2.811682999999999932e+00	2.834286005733846636e+01
2.817635000000000112e+00	2.803619830764054299e+01
2.823586999999999847e+00	2.689756537438819706e+01
2.829539000000000026e+00	2.473539635952741023e+01
2.835491000000000206e+00	2.204531551101763043e+01
2.841442999999999941e+00	1.979127967884791772e+01
2.847395000000000120e+00	1.758851838873204443e+01
2.853346999999999856e+00	1.640537565415928256e+01
2.859299000000000035e+00	1.538406862907143058e+01
2.865251000000000214e+00	1.536902144615403820e+01
2.871201999999999810e+00	1.611364616511118797e+01
2.877153999999999989e+00	1.792534079393767854e+01
2.883106000000000169e+00	2.046957342802802060e+01
2.889057999999999904e+00	2.325018432029025561e+01
2.895010000000000083e+00	2.585175770893145497e+01
2.900961999999999819e+00	2.839230844874698079e+01
2.906913999999999998e+00	2.983322941201044642e+01
2.912866000000000177e+00	3.089158995859926904e+01
2.918817999999999913e+00	3.120448696473941652e+01
2.924770000000000092e+00	3.097719767245806466e+01
2.930721000000000132e+00	2.981768898515682764e+01
2.936672999999999867e+00	2.792067434575029949e+01
2.942625000000000046e+00	2.524615930692414167e+01
2.948576999999999781e+00	2.234880371835475543e+01
2.954528999999999961e+00	1.881413718269069335e+01
2.960481000000000140e+00	1.529371909355420378e+01
2.966432999999999875e+00	1.140267737651814706e+01
2.972385000000000055e+00	6.999045545487330600e+00
2.978336999999999790e+00	3.557144485853046767e+00
2.984288999999999970e+00	-3.087653905974625523e-01
2.990240000000000009e+00	-3.812918808374740731e+00
2.996192000000000188e+00	-7.005321294441936075e+00
3.002143999999999924e+00	-9.497388153160271074e+00
3.008096000000000103e+00	-1.154459156631301830e+01
3.014047999999999838e+00	-1.284731095258491429e+01
3.020000000000000018e+00	-1.326695586362087020e+01
