1.199999999999999956e-01	2.797338721416013918e-01
1.249780000000000058e-01	9.098085586895713339e-01
1.305999999999999939e-01	1.595145640882034144e+00
1.367059999999999942e-01	1.799733969788852361e+00
1.431360000000000132e-01	2.299111977096370385e+00
1.497320000000000040e-01	2.754220475692680470e+00
1.563350000000000017e-01	2.665335196981054366e+00
1.627850000000000130e-01	2.898986180682719738e+00
1.689219999999999888e-01	3.108586786455939333e+00
1.745889999999999942e-01	3.057727021228970443e+00
1.796250000000000069e-01	3.155983391389878712e+00
1.839349999999999874e-01	3.156234292415368792e+00
1.877439999999999942e-01	3.239509266579808422e+00
1.913779999999999926e-01	3.069704197134860646e+00
1.951660000000000061e-01	3.133994238698009749e+00
1.994340000000000002e-01	2.812876611100818103e+00
2.044499999999999929e-01	2.876195539970862303e+00
2.101250000000000062e-01	2.912714297557984722e+00
2.162479999999999958e-01	3.099098286057928142e+00
2.226049999999999973e-01	3.062321696057603404e+00
2.289819999999999911e-01	2.951679861344242539e+00
2.351930000000000132e-01	3.046839749949652010e+00
2.412249999999999950e-01	3.004237906783811862e+00
2.471349999999999936e-01	3.129286898557423591e+00
2.529799999999999827e-01	2.959632907636962962e+00
2.588170000000000193e-01	3.066166775458332605e+00
2.646970000000000156e-01	3.299520468257847394e+00
2.706259999999999777e-01	3.184625885575697257e+00
2.765880000000000005e-01	3.363446524944654126e+00
2.825679999999999858e-01	3.374105189241249914e+00
2.885510000000000019e-01	3.341400839300448400e+00
2.945229999999999793e-01	3.502550450474403387e+00
3.004809999999999981e-01	3.548999727075096811e+00
3.064310000000000089e-01	3.610321525778958485e+00
3.123750000000000138e-01	3.486176296829308185e+00
3.183190000000000186e-01	3.804782012078372411e+00
3.242650000000000254e-01	3.791568391611952471e+00
3.302149999999999808e-01	3.697124044141282706e+00
3.361680000000000224e-01	3.715378179033046457e+00
3.421210000000000084e-01	3.667342629061635328e+00
3.480759999999999965e-01	3.602572410235962863e+00
3.540289999999999826e-01	3.767258034792790422e+00
3.599809999999999954e-01	3.644138673422463448e+00
3.659330000000000083e-01	3.717099838765000275e+00
3.718839999999999923e-01	3.708364933893773863e+00
3.778360000000000052e-01	3.865880208917363170e+00
3.837869999999999893e-01	3.754222285852530483e+00
3.897390000000000021e-01	3.992419889341995987e+00
3.956910000000000149e-01	3.922928817499836907e+00
4.016429999999999723e-01	3.988968022733636154e+00
4.075949999999999851e-01	4.113730597919449394e+00
4.135469999999999979e-01	4.003245501891813163e+00
4.194979999999999820e-01	4.048881860997078697e+00
4.254499999999999948e-01	4.179766117767160338e+00
4.314009999999999789e-01	4.243036151041246207e+00
4.373540000000000205e-01	4.173836776499125101e+00
4.433079999999999798e-01	4.130458009477619541e+00
4.492619999999999947e-01	4.284636985764343819e+00
4.552160000000000095e-01	4.277569433299346358e+00
4.611680000000000224e-01	4.435048092780830231e+00
4.671170000000000044e-01	4.395336579340902716e+00
4.730619999999999825e-01	4.161335584990652592e+00
4.790059999999999873e-01	4.224794396046817724e+00
4.849510000000000209e-01	4.313638124825596165e+00
4.909020000000000050e-01	4.417100730943288589e+00
4.968629999999999991e-01	4.293367789679753521e+00
5.028390000000000359e-01	4.465701882500887621e+00
5.088230000000000253e-01	4.660560793418686565e+00
5.148009999999999531e-01	4.529447958989219813e+00
5.207570000000000254e-01	4.802794099311023857e+00
5.266750000000000043e-01	4.932816720118337273e+00
5.325410000000000421e-01	5.032923605144966395e+00
5.383719999999999617e-01	4.952540242852819574e+00
5.442249999999999588e-01	5.266730491937906322e+00
5.501580000000000359e-01	5.306477901736176506e+00
5.562289999999999734e-01	5.406201169611694723e+00
5.624930000000000208e-01	5.335594596327714711e+00
5.688929999999999820e-01	5.648610351193141810e+00
5.752220000000000111e-01	5.650276664725210729e+00
5.812610000000000277e-01	5.646250329237988197e+00
5.867949999999999555e-01	5.692523864112833287e+00
5.916080000000000227e-01	5.678237105703829002e+00
5.957040000000000113e-01	5.869192752097066368e+00
5.993990000000000151e-01	5.948816053358831901e+00
6.030370000000000452e-01	5.898211812229537720e+00
6.069609999999999728e-01	6.027968856769595263e+00
6.115110000000000268e-01	5.863857135250325925e+00
6.168270000000000142e-01	6.088699781779934206e+00
6.227219999999999978e-01	5.969139634624395896e+00
6.289789999999999548e-01	5.950075834509456207e+00
6.353790000000000271e-01	6.016643075102619420e+00
6.417070000000000274e-01	6.037334012416733842e+00
6.478369999999999962e-01	6.074611737976850279e+00
6.538089999999999735e-01	6.164503424117522279e+00
6.596819999999999906e-01	6.172458099853829872e+00
6.655140000000000500e-01	6.364387369237539893e+00
6.713630000000000431e-01	6.272076617640442997e+00
6.772660000000000347e-01	6.359290048579011589e+00
6.832110000000000127e-01	6.654562283181343574e+00
6.891829999999999901e-01	6.711476565154668172e+00
6.951669999999999794e-01	6.878675267702084817e+00
7.011469999999999647e-01	6.977152627795193851e+00
7.071119999999999628e-01	6.900349846913854890e+00
7.130670000000000064e-01	7.126213196159567609e+00
7.190130000000000132e-01	7.202636666064296200e+00
7.249569999999999625e-01	7.055126378920538066e+00
7.309010000000000229e-01	7.294516277630873624e+00
7.368489999999999762e-01	7.156418889842594666e+00
7.428000000000000158e-01	7.283607575954588853e+00
7.487530000000000019e-01	7.375634595078359723e+00
7.547080000000000455e-01	7.246965343377694602e+00
7.606619999999999493e-01	7.201820901674993891e+00
7.666140000000000176e-01	7.427292396885833980e+00
7.725670000000000037e-01	7.457533071936885527e+00
7.785180000000000433e-01	7.351766637739138410e+00
7.844689999999999719e-01	7.590206005891940499e+00
7.904210000000000402e-01	7.468317632184226618e+00
7.963729999999999976e-01	7.603187309091647528e+00
8.023249999999999549e-01	7.812919652963947748e+00
8.082770000000000232e-01	7.964331010945896239e+00
8.142289999999999806e-01	8.086017185051694867e+00
8.201800000000000201e-01	8.286206617747426506e+00
8.261319999999999775e-01	8.393111974990556945e+00
8.320830000000000171e-01	8.659580730243126467e+00
8.380349999999999744e-01	8.882860407068964292e+00
8.439870000000000427e-01	9.151395196031700152e+00
8.499400000000000288e-01	9.429492952756529434e+00
8.558940000000000436e-01	9.449507253779250604e+00
8.618479999999999475e-01	9.815554131080448386e+00
8.678010000000000446e-01	9.679737889292301389e+00
8.737519999999999731e-01	9.886387439844108727e+00
8.797000000000000375e-01	1.007533054954254936e+01
8.856439999999999868e-01	1.032822156445345030e+01
8.915870000000000184e-01	1.010518932455257790e+01
8.975349999999999717e-01	1.047452386438623684e+01
9.034900000000000153e-01	1.047536100455791974e+01
9.094569999999999599e-01	1.060298636695130980e+01
9.154379999999999740e-01	1.069037912948878244e+01
9.214210000000000456e-01	1.063378286942772455e+01
9.273909999999999654e-01	1.057525991822035394e+01
9.333329999999999682e-01	1.087055774585657808e+01
9.392300000000000093e-01	1.066626629204506038e+01
9.450749999999999984e-01	1.077463281490349267e+01
9.509090000000000042e-01	1.064499108180477904e+01
9.567890000000000006e-01	1.063911022803934792e+01
9.627750000000000474e-01	1.094398274470999688e+01
9.689229999999999787e-01	1.085992508799498069e+01
9.752680000000000238e-01	1.083285060537857269e+01
9.816639999999999810e-01	1.092438723938621159e+01
9.878930000000000211e-01	1.107119259955154966e+01
9.937399999999999567e-01	1.117165151490587149e+01
9.989850000000000119e-01	1.125634578209700365e+01
1.003457999999999961e+00	1.146859381804687672e+01
1.007338000000000067e+00	1.178611538013104187e+01
1.010966000000000031e+00	1.186134262134780393e+01
1.014685999999999977e+00	1.195284644540454799e+01
1.018841000000000108e+00	1.229938347736736226e+01
1.023735000000000062e+00	1.254435952861628145e+01
1.029328999999999938e+00	1.264671595416609406e+01
1.035408000000000106e+00	1.300180053862574070e+01
1.041754000000000069e+00	1.295070816208187026e+01
1.048148999999999997e+00	1.330569772219187286e+01
1.054391999999999996e+00	1.348791210843705102e+01
1.060446000000000000e+00	1.379581317546274200e+01
1.066368999999999900e+00	1.404378122890879865e+01
1.072216999999999976e+00	1.430830369705881289e+01
1.078049000000000035e+00	1.415051279515474647e+01
1.083920999999999912e+00	1.456780361165792215e+01
1.089842999999999895e+00	1.511387454417619303e+01
1.095801999999999943e+00	1.521766454127066481e+01
1.101780999999999899e+00	1.549953055870194518e+01
1.107765000000000111e+00	1.584045834757425197e+01
1.113739999999999952e+00	1.616254264000977159e+01
1.119699999999999918e+00	1.631330854842545008e+01
1.125650000000000039e+00	1.666117216241850230e+01
1.131594999999999906e+00	1.684537588673911301e+01
1.137537999999999938e+00	1.712220754696265601e+01
1.143483999999999945e+00	1.724103819554002825e+01
1.149432999999999927e+00	1.746546421913109270e+01
1.155386000000000024e+00	1.762127935335560025e+01
1.161338999999999899e+00	1.782362172528500111e+01
1.167294000000000054e+00	1.770533726163310817e+01
1.173246999999999929e+00	1.791786699403891703e+01
1.179200000000000026e+00	1.788745198629849398e+01
1.185151999999999983e+00	1.803756475533474912e+01
1.191103000000000023e+00	1.824847193924820843e+01
1.197054000000000062e+00	1.845501979290417083e+01
1.203006000000000020e+00	1.858234707436496080e+01
1.208957999999999977e+00	1.866251510008327941e+01
1.214909999999999934e+00	1.887316868402182379e+01
1.220861999999999892e+00	1.885904300119047505e+01
1.226814000000000071e+00	1.928223017341858636e+01
1.232765000000000111e+00	1.926244452849492816e+01
1.238717000000000068e+00	1.971303389442623555e+01
1.244668000000000108e+00	1.966242457795645748e+01
1.250620000000000065e+00	1.983237356156639564e+01
1.256572000000000022e+00	2.008520028019697534e+01
1.262526000000000037e+00	2.016569850302671796e+01
1.268480000000000052e+00	2.010471292511872576e+01
1.274434000000000067e+00	2.019648703941582468e+01
1.280386000000000024e+00	2.026910726022069298e+01
1.286335999999999924e+00	2.027223835969520138e+01
1.292281999999999931e+00	2.040993965994125148e+01
1.298224999999999962e+00	2.044851607265941595e+01
1.304170000000000051e+00	2.034011278184759774e+01
1.310119999999999951e+00	2.033200456242671805e+01
1.316079999999999917e+00	2.037230667186986821e+01
1.322052999999999923e+00	2.033674858965901322e+01
1.328036999999999912e+00	2.033729863821474027e+01
1.334017000000000008e+00	2.038428471161904199e+01
1.339976000000000056e+00	2.043101167431176890e+01
1.345900000000000096e+00	2.056895485584666616e+01
1.351774000000000031e+00	2.073802317339154655e+01
1.357607000000000008e+00	2.109390829229814912e+01
1.363453000000000026e+00	2.113138694640324289e+01
1.369372000000000034e+00	2.124719429705034202e+01
1.375421999999999922e+00	2.152097428197490814e+01
1.381658999999999970e+00	2.175327555454475359e+01
1.388052000000000064e+00	2.188661815451087023e+01
1.394403000000000059e+00	2.216650885628575196e+01
1.400492999999999988e+00	2.244567080484092969e+01
1.406104999999999938e+00	2.270558892785103922e+01
1.411021999999999998e+00	2.276806707586797529e+01
1.415195999999999898e+00	2.289525944974956317e+01
1.418924000000000074e+00	2.312921456476940563e+01
1.422549999999999981e+00	2.313951156208513993e+01
1.426417000000000046e+00	2.309403207821576842e+01
1.430868000000000029e+00	2.328285012878455973e+01
1.436091000000000006e+00	2.329462963117736152e+01
1.441923000000000066e+00	2.330469245719734772e+01
1.448144000000000098e+00	2.330156087870682313e+01
1.454538000000000109e+00	2.325880975770108350e+01
1.460887000000000047e+00	2.319162469210247579e+01
1.467041999999999957e+00	2.328298939059687100e+01
1.473030999999999979e+00	2.331418610746135656e+01
1.478914000000000062e+00	2.327693718487511987e+01
1.484749000000000096e+00	2.323013831417354069e+01
1.490591999999999917e+00	2.342472104266211730e+01
1.496488000000000040e+00	2.356191096090330461e+01
1.502428000000000097e+00	2.348827946834605740e+01
1.508397999999999906e+00	2.360989565905701326e+01
1.514380999999999977e+00	2.385259118942383694e+01
1.520361999999999991e+00	2.379214957906718553e+01
1.526329999999999965e+00	2.382456067456361382e+01
1.532284999999999897e+00	2.385138269024165680e+01
1.538232999999999961e+00	2.400659100425802706e+01
1.544175999999999993e+00	2.408608938189405180e+01
1.550119999999999942e+00	2.411114298181435345e+01
1.556068000000000007e+00	2.449861942154594630e+01
1.562019000000000046e+00	2.446070299236536272e+01
1.567971999999999921e+00	2.467238878028208759e+01
1.573925999999999936e+00	2.483221187774481820e+01
1.579879999999999951e+00	2.503958434540554734e+01
1.585833000000000048e+00	2.511447786901559098e+01
1.591785000000000005e+00	2.544842625391056501e+01
1.597736999999999963e+00	2.583750090469753147e+01
1.603688000000000002e+00	2.581167050098892091e+01
1.609639000000000042e+00	2.644736847627489595e+01
1.615590999999999999e+00	2.656784557923916879e+01
1.621542999999999957e+00	2.708305835682598683e+01
1.627494999999999914e+00	2.711465348044292156e+01
1.633447000000000093e+00	2.750776988639206522e+01
1.639399000000000051e+00	2.751420691806452368e+01
1.645350000000000090e+00	2.795337311647426048e+01
1.651302000000000048e+00	2.771750119187622019e+01
1.657253000000000087e+00	2.784657063957518019e+01
1.663205000000000044e+00	2.789724583945934810e+01
1.669157999999999920e+00	2.784150574516584342e+01
1.675111999999999934e+00	2.789704307165944286e+01
1.681065999999999949e+00	2.797639450115723747e+01
1.687019000000000046e+00	2.794608764100270548e+01
1.692971000000000004e+00	2.767143892526561189e+01
1.698919000000000068e+00	2.782631621767253449e+01
1.704863000000000017e+00	2.768467292220227804e+01
1.710806999999999967e+00	2.778080197449245503e+01
1.716752999999999973e+00	2.756240516486076686e+01
1.722706999999999988e+00	2.778493370391240802e+01
1.728671999999999986e+00	2.807995782709518906e+01
1.734652000000000083e+00	2.811233778674496619e+01
1.740636000000000072e+00	2.841480156265765089e+01
1.746609000000000078e+00	2.855581028705750057e+01
1.752555000000000085e+00	2.887798502823603641e+01
1.758458000000000077e+00	2.919602844222840687e+01
1.764308999999999905e+00	2.930531368798964920e+01
1.770140999999999964e+00	2.985361920116191925e+01
1.776011999999999924e+00	3.015839209916888564e+01
1.781979999999999897e+00	3.039023313870763232e+01
1.788105000000000055e+00	3.068014783287306457e+01
1.794426999999999994e+00	3.110548950211448016e+01
1.800829000000000013e+00	3.139643949974858117e+01
1.807091999999999921e+00	3.157571384589883934e+01
1.813002000000000002e+00	3.189826038597171731e+01
1.818338000000000010e+00	3.195824937543563493e+01
1.822912000000000088e+00	3.203637736997142582e+01
1.826850000000000085e+00	3.194447794736290192e+01
1.830492000000000008e+00	3.185824201981959902e+01
1.834179999999999922e+00	3.162511553721065027e+01
1.838259000000000087e+00	3.166011427425785740e+01
1.843048000000000020e+00	3.171945854523619346e+01
1.848562000000000038e+00	3.165260706755627140e+01
1.854589999999999961e+00	3.178727816398707162e+01
1.860913000000000039e+00	3.172365065727198541e+01
1.867313999999999918e+00	3.206010226133419394e+01
1.873583999999999916e+00	3.218702928292287879e+01
1.879660000000000108e+00	3.260479230629255909e+01
1.885596000000000050e+00	3.298659080578545399e+01
1.891450999999999993e+00	3.372476262386898327e+01
1.897281999999999913e+00	3.414528376651446706e+01
1.903146999999999922e+00	3.500373641388514301e+01
1.909062999999999954e+00	3.549578911069853859e+01
1.915018000000000109e+00	3.646894781984457268e+01
1.920995999999999926e+00	3.710494168485619326e+01
1.926979999999999915e+00	3.804736025544706024e+01
1.932955999999999896e+00	3.926675405937601937e+01
1.938917999999999919e+00	4.002574630388350840e+01
1.944868999999999959e+00	4.082797480358611608e+01
1.950814000000000048e+00	4.166638775268621941e+01
1.956757999999999997e+00	4.246196397710143344e+01
1.962703000000000086e+00	4.286561164381262756e+01
1.968652000000000069e+00	4.321739896568499972e+01
1.974604000000000026e+00	4.336875228654695746e+01
1.980558000000000041e+00	4.352697367010104301e+01
1.986512000000000056e+00	4.321399454760373970e+01
1.992466000000000070e+00	4.296490743550472047e+01
1.998418000000000028e+00	4.217007001571234071e+01
2.004370000000000207e+00	4.143141829416575916e+01
2.010321999999999942e+00	4.049998539428151645e+01
2.016272999999999982e+00	4.000565661334544387e+01
2.022224000000000022e+00	3.927366290164074059e+01
2.028176000000000201e+00	3.880567801620583168e+01
2.034127999999999936e+00	3.829636779597532836e+01
2.040080000000000116e+00	3.809856173916217159e+01
2.046031999999999851e+00	3.766250165297856967e+01
2.051984000000000030e+00	3.784516119950362878e+01
2.057935000000000070e+00	3.799428616525412394e+01
2.063886999999999805e+00	3.808931143039761480e+01
2.069837999999999845e+00	3.829053357606621688e+01
2.075791000000000164e+00	3.856648006840256215e+01
2.081744000000000039e+00	3.864456919945855873e+01
2.087698000000000054e+00	3.876711594037857367e+01
2.093652000000000069e+00	3.882585872101671498e+01
2.099604999999999944e+00	3.887415079944772600e+01
2.105554999999999843e+00	3.883646080534508371e+01
2.111501000000000072e+00	3.867080693930054025e+01
2.117445000000000022e+00	3.827752697177159291e+01
2.123388999999999971e+00	3.798950882815417174e+01
2.129338000000000175e+00	3.754759935210056909e+01
2.135295999999999861e+00	3.724956316363471132e+01
2.141268000000000171e+00	3.694774005127067085e+01
2.147250999999999799e+00	3.684228853982527596e+01
2.153232000000000035e+00	3.693678753636491763e+01
2.159196000000000115e+00	3.706658998562716079e+01
2.165125000000000188e+00	3.744951384680437201e+01
2.171006000000000213e+00	3.814992759195054361e+01
2.176841000000000026e+00	3.904510995555937569e+01
2.182682999999999929e+00	4.003974248203938657e+01
2.188588999999999896e+00	4.133504661629950760e+01
2.194618000000000180e+00	4.258252467134828123e+01
2.200828000000000007e+00	4.409874272131692408e+01
2.207209999999999894e+00	4.525411159024560703e+01
2.213579000000000185e+00	4.675528489601376947e+01
2.219714999999999883e+00	4.769989443223423820e+01
2.225403000000000020e+00	4.812056287790819908e+01
2.230423000000000044e+00	4.843803548367689871e+01
2.234681000000000139e+00	4.819018126425187631e+01
2.238447999999999993e+00	4.758729637754579045e+01
2.242068000000000172e+00	4.707724640154651041e+01
2.245884000000000214e+00	4.585702292618152143e+01
2.250237999999999960e+00	4.468996981420369963e+01
2.255365999999999982e+00	4.358551934736075140e+01
2.261130000000000084e+00	4.268403546900572110e+01
2.267313000000000134e+00	4.181430505986369184e+01
2.273696000000000161e+00	4.137946797806908705e+01
2.280063999999999869e+00	4.135873164084651421e+01
2.286243999999999943e+00	4.166420979053029328e+01
2.292251999999999956e+00	4.239555343539487353e+01
2.298146000000000022e+00	4.336151667931633114e+01
2.303983000000000114e+00	4.499950589696086922e+01
2.309822000000000042e+00	4.701850392424282177e+01
2.315710999999999853e+00	4.946487224912298331e+01
2.321645999999999876e+00	5.212792810437387914e+01
2.327612999999999932e+00	5.464885164277413310e+01
2.333594999999999864e+00	5.647177016807370364e+01
2.339576999999999796e+00	5.715790824813095128e+01
2.345546999999999827e+00	5.710014457859126225e+01
2.351503999999999817e+00	5.587859209744011224e+01
2.357451999999999881e+00	5.423130596594058517e+01
2.363395999999999830e+00	5.225763853530593650e+01
2.369339000000000084e+00	5.011365296339723585e+01
2.375286000000000008e+00	4.928332966895671774e+01
2.381237000000000048e+00	4.855618780471125007e+01
2.387189999999999923e+00	4.836567227843258365e+01
2.393143999999999938e+00	4.859481651362295196e+01
2.399097999999999953e+00	4.937104920985481726e+01
2.405050999999999828e+00	5.004972237311797301e+01
2.411004000000000147e+00	5.111938021454889736e+01
2.416955999999999882e+00	5.265712288366130167e+01
2.422906999999999922e+00	5.471395059433107377e+01
2.428857999999999961e+00	5.726011101749228516e+01
2.434809000000000001e+00	6.050788973066363496e+01
2.440760000000000041e+00	6.373510077018336517e+01
2.446712000000000220e+00	6.625214210175641938e+01
2.452663999999999955e+00	6.770313161151679537e+01
2.458616999999999830e+00	6.672968144648737621e+01
2.464570999999999845e+00	6.300358551411112984e+01
2.470524999999999860e+00	5.751691745813364065e+01
2.476478000000000179e+00	5.030183299005872044e+01
2.482429999999999914e+00	4.328215429547950066e+01
2.488377999999999979e+00	3.696829970668543552e+01
2.494323000000000068e+00	3.246531933285042726e+01
2.500265999999999877e+00	2.985723250733887468e+01
2.506212000000000106e+00	2.869038114204430912e+01
2.512164999999999981e+00	2.825320878612463815e+01
2.518129000000000062e+00	2.850501112215230748e+01
2.524108000000000018e+00	2.877726393384066128e+01
2.530091999999999786e+00	2.895400640312896456e+01
2.536067000000000071e+00	3.028731685500525828e+01
2.542015999999999831e+00	3.260291398044257960e+01
2.547924000000000078e+00	3.679393393120307110e+01
2.553779000000000021e+00	4.348941018144211768e+01
2.559610000000000163e+00	5.206495343934687270e+01
2.565475000000000172e+00	6.077395949136071351e+01
2.571432000000000162e+00	6.818045641208787799e+01
2.577539999999999942e+00	7.268660527712773955e+01
2.583845999999999865e+00	7.338506668587415049e+01
2.590249000000000024e+00	6.985433018701056085e+01
2.596534000000000120e+00	6.385609240236263418e+01
2.602485000000000159e+00	5.652317056058709710e+01
2.607883000000000173e+00	4.887376218733150068e+01
2.612527000000000044e+00	4.235145908172892604e+01
2.616509000000000196e+00	3.750949127782410386e+01
2.620163999999999938e+00	3.362547692391381560e+01
2.623834000000000000e+00	3.133119346738618916e+01
2.627863000000000060e+00	2.999954298880812331e+01
2.632579999999999920e+00	2.914195050038170720e+01
2.638037000000000187e+00	2.853164676210504425e+01
2.644026000000000209e+00	2.873537386145329720e+01
2.650332000000000132e+00	2.841470464632863724e+01
2.656734000000000151e+00	2.835394483143329225e+01
2.663022999999999918e+00	2.767676975283488261e+01
2.669115000000000126e+00	2.672163650145277103e+01
2.675060999999999911e+00	2.520649824839234654e+01
2.680919999999999970e+00	2.331072367988847915e+01
2.686751000000000111e+00	2.013240223593215816e+01
2.692610999999999866e+00	1.685405261100988739e+01
2.698523999999999923e+00	1.268344035623153587e+01
2.704476000000000102e+00	8.311599589752834305e+00
2.710452000000000083e+00	4.769347357669063925e+00
2.716435999999999851e+00	2.450396083559915006e+00
2.722412999999999972e+00	1.542955849068085694e+00
2.728375999999999912e+00	2.353182238508171320e+00
2.734328000000000092e+00	4.386699750735663095e+00
2.740273999999999877e+00	6.481575083892220590e+00
2.746217000000000130e+00	8.482301088421172253e+00
2.752162000000000219e+00	8.949275411292296312e+00
2.758110999999999979e+00	8.298563063146620067e+00
2.764063000000000159e+00	6.534704949327831969e+00
2.770016000000000034e+00	4.208623945310440817e+00
2.775971000000000188e+00	1.216279968599007555e+00
2.781924000000000063e+00	-1.483343478952423800e+00
2.787876999999999938e+00	-3.896904753589060189e+00
2.793829000000000118e+00	-5.710818241570944309e+00
2.799780999999999853e+00	-6.870782859065529991e+00
2.805731999999999893e+00	-6.851513747148698208e+00
2.811682999999999932e+00	-5.742805283767834723e+00
2.817635000000000112e+00	-3.754922590045183028e+00
2.823586999999999847e+00	-1.301429669441220849e+00
2.829539000000000026e+00	-2.610879983715724828e-02
2.835491000000000206e+00	-3.223792634011449221e-01
2.841442999999999941e+00	-3.407573219319071978e+00
2.847395000000000120e+00	-9.297615005747662309e+00
2.853346999999999856e+00	-1.637526066139956527e+01
2.859299000000000035e+00	-2.330462458701687822e+01
2.865251000000000214e+00	-2.816806415427532784e+01
2.871201999999999810e+00	-2.949422473035572523e+01
2.877153999999999989e+00	-2.616073942729473600e+01
2.883106000000000169e+00	-1.988063561393126477e+01
2.889057999999999904e+00	-1.222157624393867614e+01
2.895010000000000083e+00	-4.276754759743941925e+00
2.900961999999999819e+00	1.793147926581762919e+00
2.906913999999999998e+00	5.439345277749349172e+00
2.912866000000000177e+00	7.416969275122880845e+00
2.918817999999999913e+00	8.391289889506623467e+00
2.924770000000000092e+00	9.057336560951657844e+00
2.930721000000000132e+00	1.049037831427932588e+01
2.936672999999999867e+00	1.316527375013914813e+01
2.942625000000000046e+00	1.646227999798978558e+01
2.948576999999999781e+00	1.988436536694648993e+01
2.954528999999999961e+00	2.267617972052581621e+01
2.960481000000000140e+00	2.408574145641998143e+01
2.966432999999999875e+00	2.359713962323944969e+01
2.972385000000000055e+00	2.176437407944354163e+01
2.978336999999999790e+00	1.886834095667297362e+01
2.984288999999999970e+00	1.507009468904581517e+01
2.990240000000000009e+00	1.129072440047761816e+01
2.996192000000000188e+00	7.091662888586430569e+00
3.002143999999999924e+00	3.690555797435125740e+00
3.008096000000000103e+00	1.214887838776854689e+00
3.014047999999999838e+00	6.986558849709861851e-03
3.020000000000000018e+00	4.660732533732361293e-01
