1.199999999999999956e-01	7.753778568705848029e-01
1.249780000000000058e-01	1.633066971089689012e+00
1.305999999999999939e-01	1.871434298561337695e+00
1.367059999999999942e-01	2.525822261757193932e+00
1.431360000000000132e-01	2.609274902320556144e+00
1.497320000000000040e-01	3.071004240173202948e+00
1.563350000000000017e-01	3.297885133274046421e+00
1.627850000000000130e-01	3.290686093307468862e+00
1.689219999999999888e-01	3.545506731890255558e+00
1.745889999999999942e-01	3.086010919583896950e+00
1.796250000000000069e-01	3.284146657532041047e+00
1.839349999999999874e-01	2.997116401180172307e+00
1.877439999999999942e-01	2.790803577845961669e+00
1.913779999999999926e-01	3.079144602391486352e+00
1.951660000000000061e-01	3.147999115464857223e+00
1.994340000000000002e-01	3.139375665327900577e+00
2.044499999999999929e-01	3.226143455526699011e+00
2.101250000000000062e-01	2.795891942256306439e+00
2.162479999999999958e-01	3.423881991748683351e+00
2.226049999999999973e-01	3.290502956370395360e+00
2.289819999999999911e-01	3.544044224570072732e+00
2.351930000000000132e-01	3.881612499056659171e+00
2.412249999999999950e-01	3.523133452609814587e+00
2.471349999999999936e-01	3.652888834569849585e+00
2.529799999999999827e-01	3.569496143939504318e+00
2.588170000000000193e-01	3.091154320089440688e+00
2.646970000000000156e-01	3.611007182448899844e+00
2.706259999999999777e-01	3.316153245626223711e+00
2.765880000000000005e-01	2.961320614118150285e+00
2.825679999999999858e-01	3.160284534376853749e+00
2.885510000000000019e-01	3.394344590477100354e+00
2.945229999999999793e-01	3.825362867477265727e+00
3.004809999999999981e-01	3.858405307997578859e+00
3.064310000000000089e-01	3.973134180868145293e+00
3.123750000000000138e-01	4.029158035696879026e+00
3.183190000000000186e-01	3.971988234391068850e+00
3.242650000000000254e-01	4.242554937146196359e+00
3.302149999999999808e-01	3.771178701468602235e+00
3.361680000000000224e-01	3.976494093796465013e+00
3.421210000000000084e-01	4.134504319629004776e+00
3.480759999999999965e-01	3.581129664858439199e+00
3.540289999999999826e-01	4.136894256982621698e+00
3.599809999999999954e-01	4.003584181512200857e+00
3.659330000000000083e-01	3.579172977554781365e+00
3.718839999999999923e-01	3.458084352291407093e+00
3.778360000000000052e-01	3.809307926584141413e+00
3.837869999999999893e-01	3.711932741451000606e+00
3.897390000000000021e-01	3.615184537183445013e+00
3.956910000000000149e-01	3.676241102954055595e+00
4.016429999999999723e-01	4.205488571159167854e+00
4.075949999999999851e-01	4.413413998122442727e+00
4.135469999999999979e-01	4.170649642942722224e+00
4.194979999999999820e-01	4.524575030878537518e+00
4.254499999999999948e-01	5.095523044840004623e+00
4.314009999999999789e-01	4.590543559490279257e+00
4.373540000000000205e-01	4.783316323013862004e+00
4.433079999999999798e-01	5.102834069751747137e+00
4.492619999999999947e-01	5.203280839812528313e+00
4.552160000000000095e-01	4.807883730958209867e+00
4.611680000000000224e-01	4.648317830215778379e+00
4.671170000000000044e-01	4.660617913342566254e+00
4.730619999999999825e-01	4.695916256896928154e+00
4.790059999999999873e-01	5.035940421073719087e+00
4.849510000000000209e-01	5.155683769881743927e+00
4.909020000000000050e-01	4.929193786825043055e+00
4.968629999999999991e-01	5.398027393414905895e+00
5.028390000000000359e-01	5.141478325373196157e+00
5.088230000000000253e-01	5.449572563657191004e+00
5.148009999999999531e-01	5.364814635297490142e+00
5.207570000000000254e-01	5.645371663550602825e+00
5.266750000000000043e-01	5.550870256489780274e+00
5.325410000000000421e-01	5.564910298685255441e+00
5.383719999999999617e-01	5.345395637303872682e+00
5.442249999999999588e-01	6.126715076923249903e+00
5.501580000000000359e-01	6.191407517745284750e+00
5.562289999999999734e-01	6.012445440400917107e+00
5.624930000000000208e-01	6.462342811634024464e+00
5.688929999999999820e-01	6.341313149601147892e+00
5.752220000000000111e-01	6.545377863203634128e+00
5.812610000000000277e-01	6.244700183449419129e+00
5.867949999999999555e-01	6.460789159813508320e+00
5.916080000000000227e-01	6.609744992857782719e+00
5.957040000000000113e-01	6.732387400174818737e+00
5.993990000000000151e-01	6.089286975248584532e+00
6.030370000000000452e-01	6.468348850732612121e+00
6.069609999999999728e-01	5.790073898348777170e+00
6.115110000000000268e-01	6.394722831613659508e+00
6.168270000000000142e-01	6.225976869667714908e+00
6.227219999999999978e-01	6.531753390228522527e+00
6.289789999999999548e-01	6.225150227898422983e+00
6.353790000000000271e-01	6.564768638181539551e+00
6.417070000000000274e-01	6.689227638871802384e+00
6.478369999999999962e-01	6.837490314123275681e+00
6.538089999999999735e-01	6.864067683884937487e+00
6.596819999999999906e-01	6.756240656494418850e+00
6.655140000000000500e-01	6.439647694639544895e+00
6.713630000000000431e-01	6.748381878227917241e+00
6.772660000000000347e-01	6.672714564740854115e+00
6.832110000000000127e-01	7.060772336761214518e+00
6.891829999999999901e-01	7.103028125334303944e+00
6.951669999999999794e-01	7.033213828363561682e+00
7.011469999999999647e-01	7.398475441526012553e+00
7.071119999999999628e-01	7.254505370356261196e+00
7.130670000000000064e-01	7.645134585574310471e+00
7.190130000000000132e-01	7.749859218624060908e+00
7.249569999999999625e-01	7.766610908696248039e+00
7.309010000000000229e-01	7.726737271970390175e+00
7.368489999999999762e-01	7.987812239379600499e+00
7.428000000000000158e-01	7.565803074350172075e+00
7.487530000000000019e-01	7.243867021780586946e+00
7.547080000000000455e-01	7.540014490719400442e+00
7.606619999999999493e-01	7.635570044283767288e+00
7.666140000000000176e-01	7.275814965417449542e+00
7.725670000000000037e-01	7.015789373850291888e+00
7.785180000000000433e-01	7.362229981580982852e+00
7.844689999999999719e-01	7.062081640891919143e+00
7.904210000000000402e-01	7.383299422606251383e+00
7.963729999999999976e-01	7.560223752457100765e+00
8.023249999999999549e-01	7.771751365178296567e+00
8.082770000000000232e-01	7.930829955852462199e+00
8.142289999999999806e-01	8.167301946544466063e+00
8.201800000000000201e-01	8.731376158939429644e+00
8.261319999999999775e-01	8.756598666066510717e+00
8.320830000000000171e-01	9.524340474913877586e+00
8.380349999999999744e-01	8.893921901016838660e+00
8.439870000000000427e-01	8.913682036259782393e+00
8.499400000000000288e-01	9.252106211938178504e+00
8.558940000000000436e-01	9.547641596146187126e+00
8.618479999999999475e-01	1.004121822956695631e+01
8.678010000000000446e-01	9.809221110472824634e+00
8.737519999999999731e-01	1.020925905375286824e+01
8.797000000000000375e-01	1.041530538213239687e+01
8.856439999999999868e-01	1.046893636035868624e+01
8.915870000000000184e-01	1.039848563544234317e+01
8.975349999999999717e-01	1.086529410928543982e+01
9.034900000000000153e-01	1.041284895823367584e+01
9.094569999999999599e-01	1.057871275133057232e+01
9.154379999999999740e-01	1.071733246560281394e+01
9.214210000000000456e-01	1.101388697611113265e+01
9.273909999999999654e-01	1.077187890490097644e+01
9.333329999999999682e-01	1.068155132616949743e+01
9.392300000000000093e-01	1.087192223693437931e+01
9.450749999999999984e-01	1.083110604134894395e+01
9.509090000000000042e-01	1.125147983958444442e+01
9.567890000000000006e-01	1.104799563207647317e+01
9.627750000000000474e-01	1.087545310252092889e+01
9.689229999999999787e-01	1.140445208393281362e+01
9.752680000000000238e-01	1.181741453859824276e+01
9.816639999999999810e-01	1.176857800860138958e+01
9.878930000000000211e-01	1.208997806450515533e+01
9.937399999999999567e-01	1.199753550602741647e+01
9.989850000000000119e-01	1.225271616023631793e+01
1.003457999999999961e+00	1.231776061065501437e+01
1.007338000000000067e+00	1.265379749941271825e+01
1.010966000000000031e+00	1.251885889118639383e+01
1.014685999999999977e+00	1.280166830610055406e+01
1.018841000000000108e+00	1.295802048911010118e+01
1.023735000000000062e+00	1.301813619561313473e+01
1.029328999999999938e+00	1.331546364380760217e+01
1.035408000000000106e+00	1.343177896449721231e+01
1.041754000000000069e+00	1.366482080727784165e+01
1.048148999999999997e+00	1.353079132307358456e+01
1.054391999999999996e+00	1.359877702753585460e+01
1.060446000000000000e+00	1.430510991235532359e+01
1.066368999999999900e+00	1.500689249671005321e+01
1.072216999999999976e+00	1.507289481216364457e+01
1.078049000000000035e+00	1.529752518537835115e+01
1.083920999999999912e+00	1.581319171504061494e+01
1.089842999999999895e+00	1.593209679672233037e+01
1.095801999999999943e+00	1.593769341738862799e+01
1.101780999999999899e+00	1.665885832055058913e+01
1.107765000000000111e+00	1.600324856655320360e+01
1.113739999999999952e+00	1.656604668730554053e+01
1.119699999999999918e+00	1.687589118545295008e+01
1.125650000000000039e+00	1.670753593399737724e+01
1.131594999999999906e+00	1.666592694231271210e+01
1.137537999999999938e+00	1.689490783532482610e+01
1.143483999999999945e+00	1.755376313802154797e+01
1.149432999999999927e+00	1.818433198673766071e+01
1.155386000000000024e+00	1.785069588161044507e+01
1.161338999999999899e+00	1.758186176607253870e+01
1.167294000000000054e+00	1.779318611199020594e+01
1.173246999999999929e+00	1.825730978368961388e+01
1.179200000000000026e+00	1.837186852100107970e+01
1.185151999999999983e+00	1.836245461658867839e+01
1.191103000000000023e+00	1.828732063317811551e+01
1.197054000000000062e+00	1.822016641715068275e+01
1.203006000000000020e+00	1.868551273014481851e+01
1.208957999999999977e+00	1.886667009197959644e+01
1.214909999999999934e+00	1.909534023032193417e+01
1.220861999999999892e+00	1.902076156735391166e+01
1.226814000000000071e+00	1.936005345770222519e+01
1.232765000000000111e+00	1.939099038569922584e+01
1.238717000000000068e+00	1.980429142296367218e+01
1.244668000000000108e+00	2.015463145965413005e+01
1.250620000000000065e+00	2.055445637888972144e+01
1.256572000000000022e+00	2.114798171820686434e+01
1.262526000000000037e+00	2.117033422868278691e+01
1.268480000000000052e+00	2.119345755956427624e+01
1.274434000000000067e+00	2.131917519569302044e+01
1.280386000000000024e+00	2.100010649399823137e+01
1.286335999999999924e+00	2.127854976293314593e+01
1.292281999999999931e+00	2.125667594572623997e+01
1.298224999999999962e+00	2.101163405573620580e+01
1.304170000000000051e+00	2.117038928609612114e+01
1.310119999999999951e+00	2.143554919966974026e+01
1.316079999999999917e+00	2.113882149986200076e+01
1.322052999999999923e+00	2.117884494905510451e+01
1.328036999999999912e+00	2.114530938091766998e+01
1.334017000000000008e+00	2.143065426215827785e+01
1.339976000000000056e+00	2.123442417398257476e+01
1.345900000000000096e+00	2.127111812702828786e+01
1.351774000000000031e+00	2.163861898255521865e+01
1.357607000000000008e+00	2.137044800514336984e+01
1.363453000000000026e+00	2.155124931165381952e+01
1.369372000000000034e+00	2.148653761182496780e+01
1.375421999999999922e+00	2.196201939542264725e+01
1.381658999999999970e+00	2.233659631345424046e+01
1.388052000000000064e+00	2.247546959629068652e+01
1.394403000000000059e+00	2.285481737892429521e+01
1.400492999999999988e+00	2.286237356068163606e+01
1.406104999999999938e+00	2.320046712452652571e+01
1.411021999999999998e+00	2.300395162421038719e+01
1.415195999999999898e+00	2.317280869564968526e+01
1.418924000000000074e+00	2.332159699223037563e+01
1.422549999999999981e+00	2.319894535415699366e+01
1.426417000000000046e+00	2.372067090090614272e+01
1.430868000000000029e+00	2.344815843991804272e+01
1.436091000000000006e+00	2.389790804782193945e+01
1.441923000000000066e+00	2.396864427008904386e+01
1.448144000000000098e+00	2.438041775444899528e+01
1.454538000000000109e+00	2.386188731413463415e+01
1.460887000000000047e+00	2.394437136796683774e+01
1.467041999999999957e+00	2.390292603047640441e+01
1.473030999999999979e+00	2.408593224651774278e+01
1.478914000000000062e+00	2.362675171588653100e+01
1.484749000000000096e+00	2.369347608307148079e+01
1.490591999999999917e+00	2.340968328148641220e+01
1.496488000000000040e+00	2.352462445723491413e+01
1.502428000000000097e+00	2.351420509957511484e+01
1.508397999999999906e+00	2.329744916887318951e+01
1.514380999999999977e+00	2.377991202172414731e+01
1.520361999999999991e+00	2.381750616538908716e+01
1.526329999999999965e+00	2.410070626828724372e+01
1.532284999999999897e+00	2.426587585848280781e+01
1.538232999999999961e+00	2.457227687603468524e+01
1.544175999999999993e+00	2.536166228552152901e+01
1.550119999999999942e+00	2.504758763513957476e+01
1.556068000000000007e+00	2.551928099386942961e+01
1.562019000000000046e+00	2.580119963534538741e+01
1.567971999999999921e+00	2.565152835402447451e+01
1.573925999999999936e+00	2.533468699928349821e+01
1.579879999999999951e+00	2.551171439530487106e+01
1.585833000000000048e+00	2.557853164189445394e+01
1.591785000000000005e+00	2.568088472506620690e+01
1.597736999999999963e+00	2.610214291391522323e+01
1.603688000000000002e+00	2.654506292512114030e+01
1.609639000000000042e+00	2.663448586896106463e+01
1.615590999999999999e+00	2.692429642746650842e+01
1.621542999999999957e+00	2.748439331739901448e+01
1.627494999999999914e+00	2.781643392231094580e+01
1.633447000000000093e+00	2.799655363119654439e+01
1.639399000000000051e+00	2.820408111553529551e+01
1.645350000000000090e+00	2.832572717077973223e+01
1.651302000000000048e+00	2.780542992572787142e+01
1.657253000000000087e+00	2.844862158484185599e+01
1.663205000000000044e+00	2.784749037546366068e+01
1.669157999999999920e+00	2.774145838302096223e+01
1.675111999999999934e+00	2.792724289400901938e+01
1.681065999999999949e+00	2.774017250408378388e+01
1.687019000000000046e+00	2.786956210875723983e+01
1.692971000000000004e+00	2.808132615107766483e+01
1.698919000000000068e+00	2.807013339812515795e+01
1.704863000000000017e+00	2.812617657782656977e+01
1.710806999999999967e+00	2.804646187193609208e+01
1.716752999999999973e+00	2.760368239264314738e+01
1.722706999999999988e+00	2.787679612385222683e+01
1.728671999999999986e+00	2.809064894163432768e+01
1.734652000000000083e+00	2.843473007833053856e+01
1.740636000000000072e+00	2.862470927709934898e+01
1.746609000000000078e+00	2.902263744948621138e+01
1.752555000000000085e+00	2.962190493318498241e+01
1.758458000000000077e+00	3.009969891936136221e+01
1.764308999999999905e+00	3.060444685815096832e+01
1.770140999999999964e+00	3.046044439690206218e+01
1.776011999999999924e+00	3.038405120170240536e+01
1.781979999999999897e+00	3.094232754934102303e+01
1.788105000000000055e+00	3.116544104036432472e+01
1.794426999999999994e+00	3.130643618723456711e+01
1.800829000000000013e+00	3.205698828297754233e+01
1.807091999999999921e+00	3.226349062749561369e+01
1.813002000000000002e+00	3.261136314796164015e+01
1.818338000000000010e+00	3.250868204617396628e+01
1.822912000000000088e+00	3.284208090980553152e+01
1.826850000000000085e+00	3.230649010717643677e+01
1.830492000000000008e+00	3.225183026451002632e+01
1.834179999999999922e+00	3.189463348536746778e+01
1.838259000000000087e+00	3.214991979351318463e+01
1.843048000000000020e+00	3.155842040483549837e+01
1.848562000000000038e+00	3.170864475789560899e+01
1.854589999999999961e+00	3.207586587764954089e+01
1.860913000000000039e+00	3.252037177466621642e+01
1.867313999999999918e+00	3.274941338069262287e+01
1.873583999999999916e+00	3.327701458103253884e+01
1.879660000000000108e+00	3.322432209202699482e+01
1.885596000000000050e+00	3.354419873437574751e+01
1.891450999999999993e+00	3.351115532844588785e+01
1.897281999999999913e+00	3.421458159939587063e+01
1.903146999999999922e+00	3.460208222261450572e+01
1.909062999999999954e+00	3.566974873261821699e+01
1.915018000000000109e+00	3.626127020313161609e+01
1.920995999999999926e+00	3.734169898044362412e+01
1.926979999999999915e+00	3.836984891480512516e+01
1.932955999999999896e+00	3.955341627636122581e+01
1.938917999999999919e+00	4.020239353988507958e+01
1.944868999999999959e+00	4.160548588371466394e+01
1.950814000000000048e+00	4.284132671116612556e+01
1.956757999999999997e+00	4.322348529932738614e+01
1.962703000000000086e+00	4.370417776808553612e+01
1.968652000000000069e+00	4.403250034056473794e+01
1.974604000000000026e+00	4.417676258299910330e+01
1.980558000000000041e+00	4.401255209733718488e+01
1.986512000000000056e+00	4.384570949349349434e+01
1.992466000000000070e+00	4.328090936004767997e+01
1.998418000000000028e+00	4.249073410649962312e+01
2.004370000000000207e+00	4.203209707378505300e+01
2.010321999999999942e+00	4.150973545196892900e+01
2.016272999999999982e+00	4.055257185516601481e+01
2.022224000000000022e+00	3.982928642918030704e+01
2.028176000000000201e+00	3.921789656422735959e+01
2.034127999999999936e+00	3.857023700402540101e+01
2.040080000000000116e+00	3.858977151200927125e+01
2.046031999999999851e+00	3.857360841208516433e+01
2.051984000000000030e+00	3.793928922440951368e+01
2.057935000000000070e+00	3.833291775573899685e+01
2.063886999999999805e+00	3.888817799660881036e+01
2.069837999999999845e+00	3.903850149327568886e+01
2.075791000000000164e+00	3.875969540633341381e+01
2.081744000000000039e+00	3.933304785447477769e+01
2.087698000000000054e+00	3.949989733942525305e+01
2.093652000000000069e+00	3.974413766729743713e+01
2.099604999999999944e+00	3.952624425367359606e+01
2.105554999999999843e+00	3.974038503290550040e+01
2.111501000000000072e+00	3.932407489130779510e+01
2.117445000000000022e+00	3.883580291003543294e+01
2.123388999999999971e+00	3.849619596630407869e+01
2.129338000000000175e+00	3.774890444578411319e+01
2.135295999999999861e+00	3.734153189395995298e+01
2.141268000000000171e+00	3.702083762449089477e+01
2.147250999999999799e+00	3.645485205327947398e+01
2.153232000000000035e+00	3.667638168721880731e+01
2.159196000000000115e+00	3.660723131307994294e+01
2.165125000000000188e+00	3.728335362765619010e+01
2.171006000000000213e+00	3.805023494494002279e+01
2.176841000000000026e+00	3.882889785805488003e+01
2.182682999999999929e+00	3.974069361964679814e+01
2.188588999999999896e+00	4.106539337222564257e+01
2.194618000000000180e+00	4.264743995825765666e+01
2.200828000000000007e+00	4.410497367013691417e+01
2.207209999999999894e+00	4.576885823656581209e+01
2.213579000000000185e+00	4.665168498479393833e+01
2.219714999999999883e+00	4.802271868819929779e+01
2.225403000000000020e+00	4.877811698847661859e+01
2.230423000000000044e+00	4.868234936697138693e+01
2.234681000000000139e+00	4.882391001219684057e+01
2.238447999999999993e+00	4.793293311794667488e+01
2.242068000000000172e+00	4.700225910442780730e+01
2.245884000000000214e+00	4.571730368925100407e+01
2.250237999999999960e+00	4.470227563437671137e+01
2.255365999999999982e+00	4.341962837167442757e+01
2.261130000000000084e+00	4.261421543883918872e+01
2.267313000000000134e+00	4.193787297291951432e+01
2.273696000000000161e+00	4.155313866667503220e+01
2.280063999999999869e+00	4.156570880910862797e+01
2.286243999999999943e+00	4.168605677901873463e+01
2.292251999999999956e+00	4.218385773842383202e+01
2.298146000000000022e+00	4.361974926696035482e+01
2.303983000000000114e+00	4.534959055315357546e+01
2.309822000000000042e+00	4.768532032736293047e+01
2.315710999999999853e+00	5.061995169421983576e+01
2.321645999999999876e+00	5.270030925659528265e+01
2.327612999999999932e+00	5.494821579792677113e+01
2.333594999999999864e+00	5.691935353155547261e+01
2.339576999999999796e+00	5.751645533422891532e+01
2.345546999999999827e+00	5.743396830599281344e+01
2.351503999999999817e+00	5.605556542696191968e+01
2.357451999999999881e+00	5.387010660614262036e+01
2.363395999999999830e+00	5.224228661987390154e+01
2.369339000000000084e+00	5.031530467648674687e+01
2.375286000000000008e+00	4.907179280813617339e+01
2.381237000000000048e+00	4.833302765350349972e+01
2.387189999999999923e+00	4.845882821859419209e+01
2.393143999999999938e+00	4.919965829372976884e+01
2.399097999999999953e+00	4.958852087727200342e+01
2.405050999999999828e+00	5.031163243079408431e+01
2.411004000000000147e+00	5.111034780618916784e+01
2.416955999999999882e+00	5.299749788923945459e+01
2.422906999999999922e+00	5.464272284747616482e+01
2.428857999999999961e+00	5.752324588895681501e+01
2.434809000000000001e+00	6.075462099333715571e+01
2.440760000000000041e+00	6.424201165694722704e+01
2.446712000000000220e+00	6.664873956198731264e+01
2.452663999999999955e+00	6.818548604052467965e+01
2.458616999999999830e+00	6.736068682435397648e+01
2.464570999999999845e+00	6.397958674174882532e+01
2.470524999999999860e+00	5.784640497829573036e+01
2.476478000000000179e+00	5.074100973037374729e+01
2.482429999999999914e+00	4.339540713304530328e+01
2.488377999999999979e+00	3.702894531262417388e+01
2.494323000000000068e+00	3.245112379429755833e+01
2.500265999999999877e+00	3.004023705613211703e+01
2.506212000000000106e+00	2.852010054909837322e+01
2.512164999999999981e+00	2.875132176790461358e+01
2.518129000000000062e+00	2.877573404619421993e+01
2.524108000000000018e+00	2.908456962372959964e+01
2.530091999999999786e+00	2.959523489401205865e+01
2.536067000000000071e+00	3.075433225299460105e+01
2.542015999999999831e+00	3.316752800147981617e+01
2.547924000000000078e+00	3.791926905720414709e+01
2.553779000000000021e+00	4.429919400679433039e+01
2.559610000000000163e+00	5.249851178569278431e+01
2.565475000000000172e+00	6.089899591249641020e+01
2.571432000000000162e+00	6.848382661136801630e+01
2.577539999999999942e+00	7.348985830090245486e+01
2.583845999999999865e+00	7.383654986209228355e+01
2.590249000000000024e+00	7.080155364603639612e+01
2.596534000000000120e+00	6.439046467465679768e+01
2.602485000000000159e+00	5.745597785198047092e+01
2.607883000000000173e+00	4.953218330772400435e+01
2.612527000000000044e+00	4.296227364642209068e+01
2.616509000000000196e+00	3.791001642591255205e+01
2.620163999999999938e+00	3.424148088419448044e+01
2.623834000000000000e+00	3.175763509944217589e+01
2.627863000000000060e+00	3.039188804094357366e+01
2.632579999999999920e+00	2.910564244772146480e+01
2.638037000000000187e+00	2.889287668409042098e+01
2.644026000000000209e+00	2.887639010413018070e+01
2.650332000000000132e+00	2.916713481470377900e+01
2.656734000000000151e+00	2.886431040535751080e+01
2.663022999999999918e+00	2.861295331219017868e+01
2.669115000000000126e+00	2.742542430636100548e+01
2.675060999999999911e+00	2.591870319397807876e+01
2.680919999999999970e+00	2.428950258954433394e+01
2.686751000000000111e+00	2.142019078547335553e+01
2.692610999999999866e+00	1.775945051436043443e+01
2.698523999999999923e+00	1.335071440766320983e+01
2.704476000000000102e+00	9.113977834884090967e+00
2.710452000000000083e+00	5.730683709760674205e+00
2.716435999999999851e+00	2.940720929159181374e+00
2.722412999999999972e+00	2.015227020690264048e+00
2.728375999999999912e+00	2.607205619269205243e+00
2.734328000000000092e+00	5.052048071140520236e+00
2.740273999999999877e+00	7.206286716068341924e+00
2.746217000000000130e+00	8.898869603337864476e+00
2.752162000000000219e+00	9.986142722084879964e+00
2.758110999999999979e+00	9.060598589491990040e+00
2.764063000000000159e+00	7.033015091361669135e+00
2.770016000000000034e+00	4.652466761106656357e+00
2.775971000000000188e+00	1.688836473879482103e+00
2.781924000000000063e+00	-9.903129616043051531e-01
2.787876999999999938e+00	-3.090661829163889429e+00
2.793829000000000118e+00	-5.169036467104384691e+00
2.799780999999999853e+00	-6.372067502964375407e+00
2.805731999999999893e+00	-6.524943636723469886e+00
2.811682999999999932e+00	-5.152778038830811980e+00
2.817635000000000112e+00	-3.214014483856933779e+00
2.823586999999999847e+00	-1.113572522042040713e+00
2.829539000000000026e+00	3.628940968341773932e-01
2.835491000000000206e+00	-1.192353047412050837e-02
2.841442999999999941e+00	-2.855118591839218567e+00
2.847395000000000120e+00	-8.956854061047184956e+00
2.853346999999999856e+00	-1.586422358347470762e+01
2.859299000000000035e+00	-2.261172056876901593e+01
2.865251000000000214e+00	-2.809117793098080185e+01
2.871201999999999810e+00	-2.976687702620014164e+01
2.877153999999999989e+00	-2.625641595998231637e+01
2.883106000000000169e+00	-2.011009073069969233e+01
2.889057999999999904e+00	-1.245360701417469507e+01
2.895010000000000083e+00	-4.906394224650137303e+00
2.900961999999999819e+00	1.724306016335651393e+00
2.906913999999999998e+00	5.579032054872135937e+00
2.912866000000000177e+00	7.287570531337511426e+00
2.918817999999999913e+00	8.794284108254357690e+00
2.924770000000000092e+00	9.562745984385797371e+00
2.930721000000000132e+00	1.082883806617765643e+01
2.936672999999999867e+00	1.339462129205707441e+01
2.942625000000000046e+00	1.655960492722865496e+01
2.948576999999999781e+00	1.986390472166056043e+01
2.954528999999999961e+00	2.282565895806764189e+01
2.960481000000000140e+00	2.393873036097267715e+01
2.966432999999999875e+00	2.381206596191718816e+01
2.972385000000000055e+00	2.202661779839539591e+01
2.978336999999999790e+00	1.887045741058283355e+01
2.984288999999999970e+00	1.558986898946987587e+01
2.990240000000000009e+00	1.164090013899118325e+01
2.996192000000000188e+00	7.962781224650989031e+00
3.002143999999999924e+00	4.819249318137160287e+00
3.008096000000000103e+00	2.622472849499127179e+00
3.014047999999999838e+00	1.055185537319214051e+00
3.020000000000000018e+00	1.210794175010307949e+00
