1.199999999999999956e-01	2.893782999999999994e+00
1.249780000000000058e-01	2.174047999999999981e+00
1.305999999999999939e-01	1.830084000000000044e+00
1.367059999999999942e-01	1.786661999999999972e+00
1.431360000000000132e-01	1.968555000000000055e+00
1.497320000000000040e-01	2.300533999999999857e+00
1.563350000000000017e-01	2.707370000000000054e+00
1.627850000000000130e-01	3.113834999999999908e+00
1.689219999999999888e-01	3.444700000000000095e+00
1.745889999999999942e-01	3.624737999999999793e+00
1.796250000000000069e-01	3.578720000000000123e+00
1.839349999999999874e-01	3.255551000000000084e+00
1.877439999999999942e-01	2.727266999999999886e+00
1.913779999999999926e-01	2.105068999999999857e+00
1.951660000000000061e-01	1.500178999999999929e+00
1.994340000000000002e-01	1.023814000000000002e+00
2.044499999999999929e-01	7.663219999999999477e-01
2.101250000000000062e-01	6.975850000000000106e-01
2.162479999999999958e-01	7.443549999999999889e-01
2.226049999999999973e-01	8.333300000000000152e-01
2.289819999999999911e-01	8.912080000000000002e-01
2.351930000000000132e-01	8.602800000000000447e-01
2.412249999999999950e-01	7.848659999999999526e-01
2.471349999999999936e-01	7.503170000000000117e-01
2.529799999999999827e-01	8.420929999999999804e-01
2.588170000000000193e-01	1.145655000000000090e+00
2.646970000000000156e-01	1.723638000000000003e+00
2.706259999999999777e-01	2.468884000000000079e+00
2.765880000000000005e-01	3.197700000000000209e+00
2.825679999999999858e-01	3.726023000000000085e+00
2.885510000000000019e-01	3.869791999999999899e+00
2.945229999999999793e-01	3.476062000000000207e+00
3.004809999999999981e-01	2.656015000000000015e+00
3.064310000000000089e-01	1.654020000000000046e+00
3.123750000000000138e-01	7.154679999999999929e-01
3.183190000000000186e-01	8.575000000000000677e-02
3.242650000000000254e-01	-1.590000000000000094e-02
3.302149999999999808e-01	3.753409999999999802e-01
3.361680000000000224e-01	1.081023000000000067e+00
3.421210000000000084e-01	1.921086999999999989e+00
3.480759999999999965e-01	2.715478000000000058e+00
3.540289999999999826e-01	3.295011000000000134e+00
3.599809999999999954e-01	3.612347999999999892e+00
3.659330000000000083e-01	3.696667000000000147e+00
3.718839999999999923e-01	3.578333000000000208e+00
3.778360000000000052e-01	3.287707000000000157e+00
3.837869999999999893e-01	2.858178000000000107e+00
3.897390000000000021e-01	2.362441000000000013e+00
3.956910000000000149e-01	1.900684999999999958e+00
4.016429999999999723e-01	1.573661999999999894e+00
4.075949999999999851e-01	1.482123999999999997e+00
4.135469999999999979e-01	1.717845999999999984e+00
4.194979999999999820e-01	2.236088000000000076e+00
4.254499999999999948e-01	2.885901000000000050e+00
4.314009999999999789e-01	3.513539000000000190e+00
4.373540000000000205e-01	3.965254999999999974e+00
4.433079999999999798e-01	4.095156000000000240e+00
4.492619999999999947e-01	3.898353000000000179e+00
4.552160000000000095e-01	3.491919999999999913e+00
4.611680000000000224e-01	2.996950000000000003e+00
4.671170000000000044e-01	2.534539000000000097e+00
4.730619999999999825e-01	2.222186000000000217e+00
4.790059999999999873e-01	2.100246999999999975e+00
4.849510000000000209e-01	2.134932000000000052e+00
4.909020000000000050e-01	2.289449999999999985e+00
4.968629999999999991e-01	2.527010000000000201e+00
5.028390000000000359e-01	2.811399000000000203e+00
5.088230000000000253e-01	3.121395000000000142e+00
5.148009999999999531e-01	3.451789000000000218e+00
5.207570000000000254e-01	3.798153000000000112e+00
5.266750000000000043e-01	4.156061000000000227e+00
5.325410000000000421e-01	4.520641999999999605e+00
5.383719999999999617e-01	4.872817999999999650e+00
5.442249999999999588e-01	5.176650000000000418e+00
5.501580000000000359e-01	5.395220000000000127e+00
5.562289999999999734e-01	5.491607000000000127e+00
5.624930000000000208e-01	5.429990000000000094e+00
5.688929999999999820e-01	5.218782000000000032e+00
5.752220000000000111e-01	4.924783999999999828e+00
5.812610000000000277e-01	4.618794000000000288e+00
5.867949999999999555e-01	4.371609000000000300e+00
5.916080000000000227e-01	4.253168999999999755e+00
5.957040000000000113e-01	4.288661000000000278e+00
5.993990000000000151e-01	4.437539000000000122e+00
6.030370000000000452e-01	4.654010999999999676e+00
6.069609999999999728e-01	4.892281999999999798e+00
6.115110000000000268e-01	5.106752000000000180e+00
6.168270000000000142e-01	5.265310999999999630e+00
6.227219999999999978e-01	5.357924999999999827e+00
6.289789999999999548e-01	5.376600999999999964e+00
6.353790000000000271e-01	5.313346000000000124e+00
6.417070000000000274e-01	5.160416999999999810e+00
6.478369999999999962e-01	4.934594999999999843e+00
6.538089999999999735e-01	4.697410999999999781e+00
6.596819999999999906e-01	4.515160999999999980e+00
6.655140000000000500e-01	4.454139999999999766e+00
6.713630000000000431e-01	4.580289999999999750e+00
6.772660000000000347e-01	4.908107000000000220e+00
6.832110000000000127e-01	5.347188000000000052e+00
6.891829999999999901e-01	5.794351999999999947e+00
6.951669999999999794e-01	6.146417999999999715e+00
7.011469999999999647e-01	6.300445999999999991e+00
7.071119999999999628e-01	6.210852000000000039e+00
7.130670000000000064e-01	5.962950000000000195e+00
7.190130000000000132e-01	5.660232999999999848e+00
7.249569999999999625e-01	5.406189000000000355e+00
7.309010000000000229e-01	5.304198999999999664e+00
7.368489999999999762e-01	5.408763000000000432e+00
7.428000000000000158e-01	5.649281000000000219e+00
7.487530000000000019e-01	5.935414999999999885e+00
7.547080000000000455e-01	6.176832000000000100e+00
7.606619999999999493e-01	6.283235000000000348e+00
7.666140000000000176e-01	6.204082999999999792e+00
7.725670000000000037e-01	6.003186999999999607e+00
7.785180000000000433e-01	5.764795999999999587e+00
7.844689999999999719e-01	5.573158000000000278e+00
7.904210000000000402e-01	5.512508999999999659e+00
7.963729999999999976e-01	5.634082000000000257e+00
8.023249999999999549e-01	5.882196999999999676e+00
8.082770000000000232e-01	6.179573000000000427e+00
8.142289999999999806e-01	6.448925000000000018e+00
8.201800000000000201e-01	6.612970999999999933e+00
8.261319999999999775e-01	6.623475000000000001e+00
8.320830000000000171e-01	6.538288999999999795e+00
8.380349999999999744e-01	6.439485000000000348e+00
8.439870000000000427e-01	6.409136000000000166e+00
8.499400000000000288e-01	6.529313000000000144e+00
8.558940000000000436e-01	6.854410999999999810e+00
8.618479999999999475e-01	7.324720000000000120e+00
8.678010000000000446e-01	7.851123000000000296e+00
8.737519999999999731e-01	8.344502000000000308e+00
8.797000000000000375e-01	8.715742000000000544e+00
8.856439999999999868e-01	8.896817999999999671e+00
8.915870000000000184e-01	8.917890999999999124e+00
8.975349999999999717e-01	8.837676000000000087e+00
9.034900000000000153e-01	8.714890999999999721e+00
9.094569999999999599e-01	8.608252000000000237e+00
9.154379999999999740e-01	8.566326000000000107e+00
9.214210000000000456e-01	8.584277000000000157e+00
9.273909999999999654e-01	8.639772999999999925e+00
9.333329999999999682e-01	8.710468000000000544e+00
9.392300000000000093e-01	8.774017000000000621e+00
9.450749999999999984e-01	8.812547999999999604e+00
9.509090000000000042e-01	8.834806999999999633e+00
9.567890000000000006e-01	8.859351999999999450e+00
9.627750000000000474e-01	8.904759000000000313e+00
9.689229999999999787e-01	8.989601999999999649e+00
9.752680000000000238e-01	9.128695999999999700e+00
9.816639999999999810e-01	9.311446999999999363e+00
9.878930000000000211e-01	9.516752000000000322e+00
9.937399999999999567e-01	9.723471999999999227e+00
9.989850000000000119e-01	9.910467000000000581e+00
1.003457999999999961e+00	1.006026100000000056e+01
1.007338000000000067e+00	1.018352499999999949e+01
1.010966000000000031e+00	1.030398100000000028e+01
1.014685999999999977e+00	1.044542099999999962e+01
1.018841000000000108e+00	1.063163899999999984e+01
1.023735000000000062e+00	1.088338099999999997e+01
1.029328999999999938e+00	1.119465800000000044e+01
1.035408000000000106e+00	1.154561900000000030e+01
1.041754000000000069e+00	1.191629499999999986e+01
1.048148999999999997e+00	1.228671800000000047e+01
1.054391999999999996e+00	1.263753099999999918e+01
1.060446000000000000e+00	1.295553699999999964e+01
1.066368999999999900e+00	1.323110600000000048e+01
1.072216999999999976e+00	1.345465199999999939e+01
1.078049000000000035e+00	1.361658599999999986e+01
1.083920999999999912e+00	1.370982500000000037e+01
1.089842999999999895e+00	1.375636599999999987e+01
1.095801999999999943e+00	1.379696599999999940e+01
1.101780999999999899e+00	1.387270000000000003e+01
1.107765000000000111e+00	1.402463799999999949e+01
1.113739999999999952e+00	1.429057700000000075e+01
1.119699999999999918e+00	1.466404700000000005e+01
1.125650000000000039e+00	1.510678099999999979e+01
1.131594999999999906e+00	1.557981900000000053e+01
1.137537999999999938e+00	1.604419800000000151e+01
1.143483999999999945e+00	1.646186399999999850e+01
1.149432999999999927e+00	1.680911599999999950e+01
1.155386000000000024e+00	1.707372700000000165e+01
1.161338999999999899e+00	1.724378700000000109e+01
1.167294000000000054e+00	1.730738799999999955e+01
1.173246999999999929e+00	1.725456300000000098e+01
1.179200000000000026e+00	1.711176000000000030e+01
1.185151999999999983e+00	1.693776199999999932e+01
1.191103000000000023e+00	1.679248000000000118e+01
1.197054000000000062e+00	1.673582199999999887e+01
1.203006000000000020e+00	1.682415599999999856e+01
1.208957999999999977e+00	1.703424300000000002e+01
1.214909999999999934e+00	1.726428900000000155e+01
1.220861999999999892e+00	1.740916199999999847e+01
1.226814000000000071e+00	1.736373000000000033e+01
1.232765000000000111e+00	1.702730000000000032e+01
1.238717000000000068e+00	1.642037600000000097e+01
1.244668000000000108e+00	1.569637600000000077e+01
1.250620000000000065e+00	1.501550300000000071e+01
1.256572000000000022e+00	1.453796200000000027e+01
1.262526000000000037e+00	1.441988800000000026e+01
1.268480000000000052e+00	1.467979200000000084e+01
1.274434000000000067e+00	1.516842899999999972e+01
1.280386000000000024e+00	1.572638800000000003e+01
1.286335999999999924e+00	1.619425999999999988e+01
1.292281999999999931e+00	1.641539500000000018e+01
1.298224999999999962e+00	1.635155299999999912e+01
1.304170000000000051e+00	1.612500500000000159e+01
1.310119999999999951e+00	1.586944500000000069e+01
1.316079999999999917e+00	1.571857100000000074e+01
1.322052999999999923e+00	1.580433400000000077e+01
1.328036999999999912e+00	1.616115900000000138e+01
1.334017000000000008e+00	1.667632800000000159e+01
1.339976000000000056e+00	1.722492400000000146e+01
1.345900000000000096e+00	1.768202799999999897e+01
1.351774000000000031e+00	1.792377600000000015e+01
1.357607000000000008e+00	1.790577100000000144e+01
1.363453000000000026e+00	1.771722499999999911e+01
1.369372000000000034e+00	1.746015299999999826e+01
1.375421999999999922e+00	1.723657499999999843e+01
1.381658999999999970e+00	1.714797199999999933e+01
1.388052000000000064e+00	1.723853499999999883e+01
1.394403000000000059e+00	1.744497600000000048e+01
1.400492999999999988e+00	1.769216700000000131e+01
1.406104999999999938e+00	1.790497999999999834e+01
1.411021999999999998e+00	1.800854100000000102e+01
1.415195999999999898e+00	1.796875500000000159e+01
1.418924000000000074e+00	1.783705300000000094e+01
1.422549999999999981e+00	1.767563300000000126e+01
1.426417000000000046e+00	1.754669300000000121e+01
1.430868000000000029e+00	1.751229299999999967e+01
1.436091000000000006e+00	1.759691499999999920e+01
1.441923000000000066e+00	1.773680500000000038e+01
1.448144000000000098e+00	1.785555499999999896e+01
1.454538000000000109e+00	1.787675499999999928e+01
1.460887000000000047e+00	1.772409700000000043e+01
1.467041999999999957e+00	1.737219699999999989e+01
1.473030999999999979e+00	1.692986600000000053e+01
1.478914000000000062e+00	1.652775700000000114e+01
1.484749000000000096e+00	1.629652099999999848e+01
1.490591999999999917e+00	1.636676599999999837e+01
1.496488000000000040e+00	1.680857699999999966e+01
1.502428000000000097e+00	1.751275300000000001e+01
1.508397999999999906e+00	1.833704099999999926e+01
1.514380999999999977e+00	1.913919399999999982e+01
1.520361999999999991e+00	1.977696800000000010e+01
1.526329999999999965e+00	2.014503900000000058e+01
1.532284999999999897e+00	2.026129299999999844e+01
1.538232999999999961e+00	2.016928700000000063e+01
1.544175999999999993e+00	1.991257799999999989e+01
1.550119999999999942e+00	1.953472400000000064e+01
1.556068000000000007e+00	1.908733499999999950e+01
1.562019000000000046e+00	1.865234099999999984e+01
1.567971999999999921e+00	1.831880500000000112e+01
1.573925999999999936e+00	1.817578900000000175e+01
1.579879999999999951e+00	1.831235699999999866e+01
1.585833000000000048e+00	1.877992300000000014e+01
1.591785000000000005e+00	1.946989100000000050e+01
1.597736999999999963e+00	2.023116600000000176e+01
1.603688000000000002e+00	2.091265299999999883e+01
1.609639000000000042e+00	2.136325400000000130e+01
1.615590999999999999e+00	2.146684199999999976e+01
1.621542999999999957e+00	2.127510499999999993e+01
1.627494999999999914e+00	2.089001999999999981e+01
1.633447000000000093e+00	2.041357100000000102e+01
1.639399000000000051e+00	1.994774500000000117e+01
1.645350000000000090e+00	1.957984899999999939e+01
1.651302000000000048e+00	1.931756700000000038e+01
1.657253000000000087e+00	1.914170500000000175e+01
1.663205000000000044e+00	1.903304800000000085e+01
1.669157999999999920e+00	1.897238000000000113e+01
1.675111999999999934e+00	1.893972399999999823e+01
1.681065999999999949e+00	1.891041600000000145e+01
1.687019000000000046e+00	1.885801299999999969e+01
1.692971000000000004e+00	1.875606799999999907e+01
1.698919000000000068e+00	1.857813499999999962e+01
1.704863000000000017e+00	1.830436999999999870e+01
1.710806999999999967e+00	1.796098100000000031e+01
1.716752999999999973e+00	1.759378799999999998e+01
1.722706999999999988e+00	1.724868100000000126e+01
1.728671999999999986e+00	1.697155000000000058e+01
1.734652000000000083e+00	1.680300300000000036e+01
1.740636000000000072e+00	1.674167299999999869e+01
1.746609000000000078e+00	1.676617800000000003e+01
1.752555000000000085e+00	1.685501500000000163e+01
1.758458000000000077e+00	1.698667800000000128e+01
1.764308999999999905e+00	1.714378200000000163e+01
1.770140999999999964e+00	1.734633600000000087e+01
1.776011999999999924e+00	1.763428199999999890e+01
1.781979999999999897e+00	1.804774899999999960e+01
1.788105000000000055e+00	1.862686499999999867e+01
1.794426999999999994e+00	1.940409899999999865e+01
1.800829000000000013e+00	2.033199400000000168e+01
1.807091999999999921e+00	2.131555499999999981e+01
1.813002000000000002e+00	2.225915600000000083e+01
1.818338000000000010e+00	2.306717400000000140e+01
1.822912000000000088e+00	2.365118999999999971e+01
1.826850000000000085e+00	2.400972900000000010e+01
1.830492000000000008e+00	2.419893400000000128e+01
1.834179999999999922e+00	2.427598000000000056e+01
1.838259000000000087e+00	2.429804400000000086e+01
1.843048000000000020e+00	2.432110000000000127e+01
1.848562000000000038e+00	2.438425900000000013e+01
1.854589999999999961e+00	2.451419299999999879e+01
1.860913000000000039e+00	2.473728099999999941e+01
1.867313999999999918e+00	2.507990399999999909e+01
1.873583999999999916e+00	2.556635400000000047e+01
1.879660000000000108e+00	2.618647199999999842e+01
1.885596000000000050e+00	2.690183700000000044e+01
1.891450999999999993e+00	2.767318799999999968e+01
1.897281999999999913e+00	2.846126900000000148e+01
1.903146999999999922e+00	2.922505200000000158e+01
1.909062999999999954e+00	2.988883200000000073e+01
1.915018000000000109e+00	3.034528699999999901e+01
1.920995999999999926e+00	3.048593599999999881e+01
1.926979999999999915e+00	3.020230099999999851e+01
1.932955999999999896e+00	2.939241499999999974e+01
1.938917999999999919e+00	2.810773000000000010e+01
1.944868999999999959e+00	2.655515400000000170e+01
1.950814000000000048e+00	2.494851699999999894e+01
1.956757999999999997e+00	2.350164499999999990e+01
1.962703000000000086e+00	2.242385399999999862e+01
1.968652000000000069e+00	2.179458299999999937e+01
1.974604000000000026e+00	2.154704200000000114e+01
1.980558000000000041e+00	2.160663800000000023e+01
1.986512000000000056e+00	2.189877900000000110e+01
1.992466000000000070e+00	2.234941999999999851e+01
1.998418000000000028e+00	2.290418899999999880e+01
2.004370000000000207e+00	2.353332999999999942e+01
2.010321999999999942e+00	2.420864399999999961e+01
2.016272999999999982e+00	2.490192899999999909e+01
2.022224000000000022e+00	2.558498900000000020e+01
2.028176000000000201e+00	2.622972299999999990e+01
2.034127999999999936e+00	2.680816499999999891e+01
2.040080000000000116e+00	2.729236099999999965e+01
2.046031999999999851e+00	2.765435499999999891e+01
2.051984000000000030e+00	2.786680399999999835e+01
2.057935000000000070e+00	2.793899400000000099e+01
2.063886999999999805e+00	2.793699399999999855e+01
2.069837999999999845e+00	2.793175300000000050e+01
2.075791000000000164e+00	2.799422500000000014e+01
2.081744000000000039e+00	2.819482599999999906e+01
2.087698000000000054e+00	2.856018299999999854e+01
2.093652000000000069e+00	2.904126799999999875e+01
2.099604999999999944e+00	2.958153799999999833e+01
2.105554999999999843e+00	3.012445200000000156e+01
2.111501000000000072e+00	3.061374400000000051e+01
2.117445000000000022e+00	3.102577799999999897e+01
2.123388999999999971e+00	3.139984300000000061e+01
2.129338000000000175e+00	3.178240100000000012e+01
2.135295999999999861e+00	3.221991100000000330e+01
2.141268000000000171e+00	3.275845900000000199e+01
2.147250999999999799e+00	3.337534500000000293e+01
2.153232000000000035e+00	3.389952499999999702e+01
2.159196000000000115e+00	3.414064900000000335e+01
2.165125000000000188e+00	3.390836800000000295e+01
2.171006000000000213e+00	3.301272000000000162e+01
2.176841000000000026e+00	3.138507200000000097e+01
2.182682999999999929e+00	2.924997199999999964e+01
2.188588999999999896e+00	2.687537199999999871e+01
2.194618000000000180e+00	2.452922200000000075e+01
2.200828000000000007e+00	2.247935899999999876e+01
2.207209999999999894e+00	2.091969100000000026e+01
2.213579000000000185e+00	1.984358200000000139e+01
2.219714999999999883e+00	1.921071500000000043e+01
2.225403000000000020e+00	1.898077299999999923e+01
2.230423000000000044e+00	1.911345899999999887e+01
2.234681000000000139e+00	1.960119600000000162e+01
2.238447999999999993e+00	2.053625600000000162e+01
2.242068000000000172e+00	2.202989000000000175e+01
2.245884000000000214e+00	2.419334999999999880e+01
2.250237999999999960e+00	2.713787299999999902e+01
2.255365999999999982e+00	3.085346200000000039e+01
2.261130000000000084e+00	3.491319299999999970e+01
2.267313000000000134e+00	3.880058100000000110e+01
2.273696000000000161e+00	4.199914299999999656e+01
2.280063999999999869e+00	4.399239699999999686e+01
2.286243999999999943e+00	4.444315900000000141e+01
2.292251999999999956e+00	4.371004299999999887e+01
2.298146000000000022e+00	4.232041999999999859e+01
2.303983000000000114e+00	4.080165999999999826e+01
2.309822000000000042e+00	3.968113400000000013e+01
2.315710999999999853e+00	3.935191499999999820e+01
2.321645999999999876e+00	3.961873299999999887e+01
2.327612999999999932e+00	4.012525099999999867e+01
2.333594999999999864e+00	4.051512699999999967e+01
2.339576999999999796e+00	4.043201799999999935e+01
2.345546999999999827e+00	3.961472200000000043e+01
2.351503999999999817e+00	3.827279899999999913e+01
2.357451999999999881e+00	3.676115699999999720e+01
2.363395999999999830e+00	3.543474599999999697e+01
2.369339000000000084e+00	3.464851699999999823e+01
2.375286000000000008e+00	3.468209000000000231e+01
2.381237000000000048e+00	3.539357400000000098e+01
2.387189999999999923e+00	3.649453900000000317e+01
2.393143999999999938e+00	3.769640700000000066e+01
2.399097999999999953e+00	3.871060200000000151e+01
2.405050999999999828e+00	3.928377700000000061e+01
2.411004000000000147e+00	3.938594299999999748e+01
2.416955999999999882e+00	3.907437000000000182e+01
2.422906999999999922e+00	3.840652899999999903e+01
2.428857999999999961e+00	3.743989299999999787e+01
2.434809000000000001e+00	3.624136800000000136e+01
2.440760000000000041e+00	3.494581199999999654e+01
2.446712000000000220e+00	3.371785799999999966e+01
2.452663999999999955e+00	3.272226200000000063e+01
2.458616999999999830e+00	3.212378199999999850e+01
2.464570999999999845e+00	3.206464900000000284e+01
2.470524999999999860e+00	3.250216400000000050e+01
2.476478000000000179e+00	3.330294099999999702e+01
2.482429999999999914e+00	3.433296699999999646e+01
2.488377999999999979e+00	3.545823000000000036e+01
2.494323000000000068e+00	3.654270700000000005e+01
2.500265999999999877e+00	3.743147700000000100e+01
2.506212000000000106e+00	3.795926200000000250e+01
2.512164999999999981e+00	3.796068100000000101e+01
2.518129000000000062e+00	3.727035099999999801e+01
2.524108000000000018e+00	3.574501200000000267e+01
2.530091999999999786e+00	3.348059899999999800e+01
2.536067000000000071e+00	3.071923999999999921e+01
2.542015999999999831e+00	2.770515599999999878e+01
2.547924000000000078e+00	2.468256900000000087e+01
2.553779000000000021e+00	2.189034799999999947e+01
2.559610000000000163e+00	1.950031399999999948e+01
2.565475000000000172e+00	1.763864600000000138e+01
2.571432000000000162e+00	1.643064400000000091e+01
2.577539999999999942e+00	1.600160999999999945e+01
2.583845999999999865e+00	1.646791899999999842e+01
2.590249000000000024e+00	1.781554799999999972e+01
2.596534000000000120e+00	1.993168400000000062e+01
2.602485000000000159e+00	2.270106099999999927e+01
2.607883000000000173e+00	2.600841199999999986e+01
2.612527000000000044e+00	2.972375500000000059e+01
2.616509000000000196e+00	3.346389700000000289e+01
2.620163999999999938e+00	3.663233900000000176e+01
2.623834000000000000e+00	3.862591900000000322e+01
2.627863000000000060e+00	3.884147600000000011e+01
2.632579999999999920e+00	3.671301600000000320e+01
2.638037000000000187e+00	3.243594800000000333e+01
2.644026000000000209e+00	2.691854000000000013e+01
2.650332000000000132e+00	2.109650099999999995e+01
2.656734000000000151e+00	1.590554099999999949e+01
2.663022999999999918e+00	1.225665099999999974e+01
2.669115000000000126e+00	1.044970799999999933e+01
2.675060999999999911e+00	1.014883299999999977e+01
2.680919999999999970e+00	1.098849899999999913e+01
2.686751000000000111e+00	1.260317700000000052e+01
2.692610999999999866e+00	1.462879299999999994e+01
2.698523999999999923e+00	1.674535300000000149e+01
2.704476000000000102e+00	1.868381700000000123e+01
2.710452000000000083e+00	2.017798900000000017e+01
2.716435999999999851e+00	2.096166900000000055e+01
2.722412999999999972e+00	2.077500900000000073e+01
2.728375999999999912e+00	1.959918000000000049e+01
2.734328000000000092e+00	1.772514100000000070e+01
2.740273999999999877e+00	1.546422500000000078e+01
2.746217000000000130e+00	1.312776299999999985e+01
2.752162000000000219e+00	1.102317999999999998e+01
2.758110999999999979e+00	9.267480000000000828e+00
2.764063000000000159e+00	7.705373999999999945e+00
2.770016000000000034e+00	6.160632999999999804e+00
2.775971000000000188e+00	4.457024999999999793e+00
2.781924000000000063e+00	2.421711000000000169e+00
2.787876999999999938e+00	1.008320000000000050e-01
2.793829000000000118e+00	-2.110751000000000044e+00
2.799780999999999853e+00	-3.787066999999999961e+00
2.805731999999999893e+00	-4.502144999999999619e+00
2.811682999999999932e+00	-3.834020000000000206e+00
2.817635000000000112e+00	-1.718501000000000056e+00
2.823586999999999847e+00	1.273309000000000024e+00
2.829539000000000026e+00	4.504996000000000222e+00
2.835491000000000206e+00	7.340143999999999558e+00
2.841442999999999941e+00	9.144906000000000645e+00
2.847395000000000120e+00	9.620851000000000042e+00
2.853346999999999856e+00	9.134693000000000396e+00
2.859299000000000035e+00	8.131513999999999243e+00
2.865251000000000214e+00	7.056398999999999866e+00
2.871201999999999810e+00	6.353824000000000360e+00
2.877153999999999989e+00	6.342907000000000295e+00
2.883106000000000169e+00	7.064649000000000179e+00
2.889057999999999904e+00	8.522660999999999376e+00
2.895010000000000083e+00	1.072055800000000048e+01
2.900961999999999819e+00	1.366155099999999933e+01
2.906913999999999998e+00	1.720149599999999879e+01
2.912866000000000177e+00	2.082980299999999829e+01
2.918817999999999913e+00	2.397988000000000142e+01
2.924770000000000092e+00	2.608513100000000051e+01
2.930721000000000132e+00	2.657929100000000133e+01
2.936672999999999867e+00	2.515328600000000137e+01
2.942625000000000046e+00	2.221645699999999835e+01
2.948576999999999781e+00	1.830260900000000035e+01
2.954528999999999961e+00	1.394554600000000022e+01
2.960481000000000140e+00	9.679047000000000622e+00
2.966432999999999875e+00	5.973813999999999957e+00
2.972385000000000055e+00	3.102250999999999870e+00
2.978336999999999790e+00	1.297895999999999939e+00
2.984288999999999970e+00	7.942890000000000228e-01
2.990240000000000009e+00	1.824966000000000088e+00
2.996192000000000188e+00	4.623466999999999771e+00
3.002143999999999924e+00	9.423329999999999984e+00
3.008096000000000103e+00	1.645809300000000164e+01
3.014047999999999838e+00	2.596129499999999979e+01
3.020000000000000018e+00	3.816647300000000342e+01
