1.199999999999999956e-01	4.446980314592858363e+00
1.249780000000000058e-01	3.905380645967669651e+00
1.305999999999999939e-01	4.201502493475586242e+00
1.367059999999999942e-01	4.070902860328344808e+00
1.431360000000000132e-01	2.805293982638134231e+00
1.497320000000000040e-01	3.715512543048244964e+00
1.563350000000000017e-01	4.374683749036887725e+00
1.627850000000000130e-01	3.864037592867567206e+00
1.689219999999999888e-01	3.996241490113785488e+00
1.745889999999999942e-01	3.677224568958842088e+00
1.796250000000000069e-01	4.273081025707059943e+00
1.839349999999999874e-01	4.063487181642388535e+00
1.877439999999999942e-01	3.329923008339431334e+00
1.913779999999999926e-01	2.881356061218543818e+00
1.951660000000000061e-01	3.352788641962260119e+00
1.994340000000000002e-01	3.195879310589012423e+00
2.044499999999999929e-01	3.939590849931455807e+00
2.101250000000000062e-01	3.644173334350166105e+00
2.162479999999999958e-01	4.509631825221074308e+00
2.226049999999999973e-01	3.127601393947760489e+00
2.289819999999999911e-01	3.744527895459573763e+00
2.351930000000000132e-01	4.838229114820729038e+00
2.412249999999999950e-01	3.744211953002613669e+00
2.471349999999999936e-01	4.393536142351835316e+00
2.529799999999999827e-01	4.113485633320289381e+00
2.588170000000000193e-01	4.709498939138400786e+00
2.646970000000000156e-01	4.050443559508615010e+00
2.706259999999999777e-01	3.635621772635523996e+00
2.765880000000000005e-01	3.902978960084256155e+00
2.825679999999999858e-01	3.751253019019156199e+00
2.885510000000000019e-01	4.110812742741245529e+00
2.945229999999999793e-01	4.146794213852419198e+00
3.004809999999999981e-01	4.875414618851685589e+00
3.064310000000000089e-01	3.658734581269757591e+00
3.123750000000000138e-01	4.287221616025724380e+00
3.183190000000000186e-01	5.131416703940811175e+00
3.242650000000000254e-01	4.738151183048607606e+00
3.302149999999999808e-01	4.526081998399537731e+00
3.361680000000000224e-01	4.236182277357197989e+00
3.421210000000000084e-01	4.722145014429169230e+00
3.480759999999999965e-01	4.241570537703220012e+00
3.540289999999999826e-01	3.929199744953035811e+00
3.599809999999999954e-01	4.283485492617658430e+00
3.659330000000000083e-01	5.071728599369857093e+00
3.718839999999999923e-01	4.731554514524571431e+00
3.778360000000000052e-01	4.201553860519575245e+00
3.837869999999999893e-01	4.355050992243019614e+00
3.897390000000000021e-01	4.313197099957014835e+00
3.956910000000000149e-01	4.773675999820343741e+00
4.016429999999999723e-01	5.045662557854597274e+00
4.075949999999999851e-01	4.099831152058372119e+00
4.135469999999999979e-01	4.862245990818438557e+00
4.194979999999999820e-01	4.909870634150383495e+00
4.254499999999999948e-01	4.248239631614063150e+00
4.314009999999999789e-01	4.441087399173627048e+00
4.373540000000000205e-01	3.962719468328491423e+00
4.433079999999999798e-01	4.626897409619903812e+00
4.492619999999999947e-01	3.880088947340997407e+00
4.552160000000000095e-01	4.678684634878269577e+00
4.611680000000000224e-01	4.686658402547132951e+00
4.671170000000000044e-01	4.872447103832796778e+00
4.730619999999999825e-01	4.865909668974551572e+00
4.790059999999999873e-01	4.936315644158796978e+00
4.849510000000000209e-01	4.702037387117306899e+00
4.909020000000000050e-01	4.267581725017315364e+00
4.968629999999999991e-01	4.370566443395566658e+00
5.028390000000000359e-01	4.435453508505456277e+00
5.088230000000000253e-01	5.244578796565330769e+00
5.148009999999999531e-01	5.968496114251317763e+00
5.207570000000000254e-01	5.283128402038103744e+00
5.266750000000000043e-01	6.119741406093092806e+00
5.325410000000000421e-01	5.386420436566629277e+00
5.383719999999999617e-01	5.347472732077855007e+00
5.442249999999999588e-01	5.804051489477760839e+00
5.501580000000000359e-01	5.168584152295078837e+00
5.562289999999999734e-01	4.936408266892258645e+00
5.624930000000000208e-01	5.886921995904457638e+00
5.688929999999999820e-01	5.334872316936709602e+00
5.752220000000000111e-01	6.213551846798626599e+00
5.812610000000000277e-01	6.071207816535647339e+00
5.867949999999999555e-01	5.387597089724085464e+00
5.916080000000000227e-01	6.430965398075977113e+00
5.957040000000000113e-01	6.858606994605388252e+00
5.993990000000000151e-01	6.277042510418866073e+00
6.030370000000000452e-01	6.692005019025604184e+00
6.069609999999999728e-01	6.571609776074651244e+00
6.115110000000000268e-01	7.053136580517305632e+00
6.168270000000000142e-01	6.276357759287850335e+00
6.227219999999999978e-01	6.853499815205687185e+00
6.289789999999999548e-01	6.191965769203283898e+00
6.353790000000000271e-01	6.107276421588329285e+00
6.417070000000000274e-01	6.582452294569773876e+00
6.478369999999999962e-01	6.156705611167337722e+00
6.538089999999999735e-01	6.725059039635166158e+00
6.596819999999999906e-01	6.561879020629655557e+00
6.655140000000000500e-01	7.013354729200658610e+00
6.713630000000000431e-01	6.944943224398491211e+00
6.772660000000000347e-01	7.361688850382545724e+00
6.832110000000000127e-01	7.053299670287993095e+00
6.891829999999999901e-01	7.110973423149991035e+00
6.951669999999999794e-01	7.248476128637312499e+00
7.011469999999999647e-01	6.867064157275998504e+00
7.071119999999999628e-01	7.146037699716216274e+00
7.130670000000000064e-01	7.198550014557871357e+00
7.190130000000000132e-01	7.942409611018414139e+00
7.249569999999999625e-01	7.850825643179642377e+00
7.309010000000000229e-01	7.321457681251100524e+00
7.368489999999999762e-01	7.224942045899662268e+00
7.428000000000000158e-01	7.118013734270347115e+00
7.487530000000000019e-01	8.348831974444998139e+00
7.547080000000000455e-01	8.131824954356481783e+00
7.606619999999999493e-01	7.740363561344900667e+00
7.666140000000000176e-01	8.015213996395029739e+00
7.725670000000000037e-01	7.559988737914048684e+00
7.785180000000000433e-01	7.685579909782855879e+00
7.844689999999999719e-01	8.052157140628763088e+00
7.904210000000000402e-01	8.581479803197433753e+00
7.963729999999999976e-01	8.120227968998763757e+00
8.023249999999999549e-01	7.622891474284183566e+00
8.082770000000000232e-01	8.773363431048064598e+00
8.142289999999999806e-01	8.621470521780882024e+00
8.201800000000000201e-01	8.926653310966143451e+00
8.261319999999999775e-01	8.460419479630562734e+00
8.320830000000000171e-01	9.347329121364765570e+00
8.380349999999999744e-01	9.491802051217105074e+00
8.439870000000000427e-01	9.765345835744678737e+00
8.499400000000000288e-01	8.931745326302873877e+00
8.558940000000000436e-01	9.903715525796345176e+00
8.618479999999999475e-01	1.051713405969150372e+01
8.678010000000000446e-01	9.686801866885740964e+00
8.737519999999999731e-01	1.090865338734247558e+01
8.797000000000000375e-01	1.059647226580841561e+01
8.856439999999999868e-01	1.040081097932881526e+01
8.915870000000000184e-01	1.077428892069612765e+01
8.975349999999999717e-01	1.014700751032111015e+01
9.034900000000000153e-01	1.158949501257893289e+01
9.094569999999999599e-01	1.093695507897397867e+01
9.154379999999999740e-01	1.144011034288627826e+01
9.214210000000000456e-01	1.072844301329431360e+01
9.273909999999999654e-01	1.048791832632227461e+01
9.333329999999999682e-01	1.041519041546914615e+01
9.392300000000000093e-01	1.106681522105142612e+01
9.450749999999999984e-01	1.098443455803993274e+01
9.509090000000000042e-01	1.031930602830606070e+01
9.567890000000000006e-01	1.058542534698282367e+01
9.627750000000000474e-01	1.140963554769904675e+01
9.689229999999999787e-01	1.079584088173096390e+01
9.752680000000000238e-01	1.149322332467895791e+01
9.816639999999999810e-01	1.122588502726702231e+01
9.878930000000000211e-01	1.120960112685189891e+01
9.937399999999999567e-01	1.144813248226836322e+01
9.989850000000000119e-01	1.188535080999753113e+01
1.003457999999999961e+00	1.202285048831494052e+01
1.007338000000000067e+00	1.196163811530041876e+01
1.010966000000000031e+00	1.180489497975116642e+01
1.014685999999999977e+00	1.271973523089210723e+01
1.018841000000000108e+00	1.195089647109421449e+01
1.023735000000000062e+00	1.324220698519627426e+01
1.029328999999999938e+00	1.307682805447104712e+01
1.035408000000000106e+00	1.367618909546446915e+01
1.041754000000000069e+00	1.293776670853539201e+01
1.048148999999999997e+00	1.379639707826082606e+01
1.054391999999999996e+00	1.384187286746888823e+01
1.060446000000000000e+00	1.340512713962574765e+01
1.066368999999999900e+00	1.477520840253586876e+01
1.072216999999999976e+00	1.512606183241745939e+01
1.078049000000000035e+00	1.488917622714703448e+01
1.083920999999999912e+00	1.533678629801425330e+01
1.089842999999999895e+00	1.597363715319501054e+01
1.095801999999999943e+00	1.562247133383851150e+01
1.101780999999999899e+00	1.599617661422051995e+01
1.107765000000000111e+00	1.625273876681378482e+01
1.113739999999999952e+00	1.580366724521419819e+01
1.119699999999999918e+00	1.620419551163812599e+01
1.125650000000000039e+00	1.805393946541066796e+01
1.131594999999999906e+00	1.734030346646483167e+01
1.137537999999999938e+00	1.700461518116348003e+01
1.143483999999999945e+00	1.796299897949224089e+01
1.149432999999999927e+00	1.844008067158578967e+01
1.155386000000000024e+00	1.736653905681305332e+01
1.161338999999999899e+00	1.760844573454824769e+01
1.167294000000000054e+00	1.862278563777183749e+01
1.173246999999999929e+00	1.860658222795865768e+01
1.179200000000000026e+00	1.769120315583964143e+01
1.185151999999999983e+00	1.883351613385954337e+01
1.191103000000000023e+00	1.818710180442386815e+01
1.197054000000000062e+00	1.878754648306204800e+01
1.203006000000000020e+00	1.877222693355044569e+01
1.208957999999999977e+00	1.919139011235182934e+01
1.214909999999999934e+00	1.989845175844170200e+01
1.220861999999999892e+00	1.976368469328232536e+01
1.226814000000000071e+00	1.934120978883829878e+01
1.232765000000000111e+00	2.022672249139014866e+01
1.238717000000000068e+00	1.925782052031535230e+01
1.244668000000000108e+00	2.021710794849686366e+01
1.250620000000000065e+00	2.026676231030972630e+01
1.256572000000000022e+00	2.048984647995435182e+01
1.262526000000000037e+00	2.103156265153459969e+01
1.268480000000000052e+00	2.137710810306356635e+01
1.274434000000000067e+00	2.062623217273239717e+01
1.280386000000000024e+00	2.182102382739354240e+01
1.286335999999999924e+00	2.072937641712475454e+01
1.292281999999999931e+00	2.048601558676353918e+01
1.298224999999999962e+00	2.108117630031335565e+01
1.304170000000000051e+00	2.091608016887118993e+01
1.310119999999999951e+00	2.087513862421868538e+01
1.316079999999999917e+00	2.170965885709354382e+01
1.322052999999999923e+00	2.020011931905659353e+01
1.328036999999999912e+00	2.131605310476671633e+01
1.334017000000000008e+00	2.144072472329842327e+01
1.339976000000000056e+00	2.092752488134235733e+01
1.345900000000000096e+00	2.068476760355847333e+01
1.351774000000000031e+00	2.212884945248381641e+01
1.357607000000000008e+00	2.185834829802361412e+01
1.363453000000000026e+00	2.210133750942454256e+01
1.369372000000000034e+00	2.066023273439390806e+01
1.375421999999999922e+00	2.171163375681746288e+01
1.381658999999999970e+00	2.194223112108013751e+01
1.388052000000000064e+00	2.173126473530907532e+01
1.394403000000000059e+00	2.278263436403569386e+01
1.400492999999999988e+00	2.228240927166180541e+01
1.406104999999999938e+00	2.265626796268039911e+01
1.411021999999999998e+00	2.341325386238088413e+01
1.415195999999999898e+00	2.346283259070877492e+01
1.418924000000000074e+00	2.406784868486032281e+01
1.422549999999999981e+00	2.415343281040989964e+01
1.426417000000000046e+00	2.430246083919577060e+01
1.430868000000000029e+00	2.408356366881142208e+01
1.436091000000000006e+00	2.347134009330760307e+01
1.441923000000000066e+00	2.419074042450924011e+01
1.448144000000000098e+00	2.338683249975454714e+01
1.454538000000000109e+00	2.474099029022691454e+01
1.460887000000000047e+00	2.360376555511576768e+01
1.467041999999999957e+00	2.334363445552754612e+01
1.473030999999999979e+00	2.380456868760690980e+01
1.478914000000000062e+00	2.462282306918728025e+01
1.484749000000000096e+00	2.403552967259518525e+01
1.490591999999999917e+00	2.361604054567644440e+01
1.496488000000000040e+00	2.449018522028320177e+01
1.502428000000000097e+00	2.448088002632346516e+01
1.508397999999999906e+00	2.479649394882509839e+01
1.514380999999999977e+00	2.376653956749306573e+01
1.520361999999999991e+00	2.424219361043213539e+01
1.526329999999999965e+00	2.399944797651452788e+01
1.532284999999999897e+00	2.416875155203370795e+01
1.538232999999999961e+00	2.511124616255115427e+01
1.544175999999999993e+00	2.548390302625908888e+01
1.550119999999999942e+00	2.561697478385564608e+01
1.556068000000000007e+00	2.558704240108809813e+01
1.562019000000000046e+00	2.571285147924123393e+01
1.567971999999999921e+00	2.589898031898099262e+01
1.573925999999999936e+00	2.613977751612785738e+01
1.579879999999999951e+00	2.663854321616296517e+01
1.585833000000000048e+00	2.656402593782260269e+01
1.591785000000000005e+00	2.719228814722129073e+01
1.597736999999999963e+00	2.710095687969779377e+01
1.603688000000000002e+00	2.779309217905620955e+01
1.609639000000000042e+00	2.852611090283753015e+01
1.615590999999999999e+00	2.790000184493196045e+01
1.621542999999999957e+00	2.815210052489606696e+01
1.627494999999999914e+00	2.789079587061062782e+01
1.633447000000000093e+00	2.907380125435259188e+01
1.639399000000000051e+00	2.873225115009219621e+01
1.645350000000000090e+00	2.894998088019113780e+01
1.651302000000000048e+00	2.891580892310388506e+01
1.657253000000000087e+00	2.818967583015341560e+01
1.663205000000000044e+00	2.870439796072103533e+01
1.669157999999999920e+00	2.897877989993030567e+01
1.675111999999999934e+00	2.848561558433229735e+01
1.681065999999999949e+00	2.931460810244678683e+01
1.687019000000000046e+00	2.829592823884291519e+01
1.692971000000000004e+00	2.891497470035848849e+01
1.698919000000000068e+00	2.844945918672611640e+01
1.704863000000000017e+00	2.768520764779513854e+01
1.710806999999999967e+00	2.893678120476749172e+01
1.716752999999999973e+00	2.855825337802879460e+01
1.722706999999999988e+00	2.892011259182695326e+01
1.728671999999999986e+00	2.879240325722807725e+01
1.734652000000000083e+00	2.811701079700748451e+01
1.740636000000000072e+00	2.779418755251615636e+01
1.746609000000000078e+00	2.932322632675253615e+01
1.752555000000000085e+00	2.948423151569327061e+01
1.758458000000000077e+00	2.939652113172387615e+01
1.764308999999999905e+00	3.006406439528894126e+01
1.770140999999999964e+00	3.098454819521476011e+01
1.776011999999999924e+00	3.168794581085085937e+01
1.781979999999999897e+00	3.105656875018503271e+01
1.788105000000000055e+00	3.114375978913993137e+01
1.794426999999999994e+00	3.255634615144179378e+01
1.800829000000000013e+00	3.248183418877760431e+01
1.807091999999999921e+00	3.318684792612021539e+01
1.813002000000000002e+00	3.308844563922450988e+01
1.818338000000000010e+00	3.340437308240965564e+01
1.822912000000000088e+00	3.374481471531553467e+01
1.826850000000000085e+00	3.264741788625422458e+01
1.830492000000000008e+00	3.293061467947536869e+01
1.834179999999999922e+00	3.222178991075266907e+01
1.838259000000000087e+00	3.259268168764896956e+01
1.843048000000000020e+00	3.229181204671941430e+01
1.848562000000000038e+00	3.199528768753495811e+01
1.854589999999999961e+00	3.242975958768664668e+01
1.860913000000000039e+00	3.237966509454501107e+01
1.867313999999999918e+00	3.222916501726970750e+01
1.873583999999999916e+00	3.309189128069338182e+01
1.879660000000000108e+00	3.260397512123017094e+01
1.885596000000000050e+00	3.385859102045139934e+01
1.891450999999999993e+00	3.412861642976119469e+01
1.897281999999999913e+00	3.483484171657927675e+01
1.903146999999999922e+00	3.570653347284173407e+01
1.909062999999999954e+00	3.557861545063924780e+01
1.915018000000000109e+00	3.694983768077100450e+01
1.920995999999999926e+00	3.754239737119483067e+01
1.926979999999999915e+00	3.910274315287605162e+01
1.932955999999999896e+00	3.934770841240076322e+01
1.938917999999999919e+00	4.008674441102509434e+01
1.944868999999999959e+00	4.198805727549503786e+01
1.950814000000000048e+00	4.311738991598232928e+01
1.956757999999999997e+00	4.343334181519541914e+01
1.962703000000000086e+00	4.484708023235126717e+01
1.968652000000000069e+00	4.546599817001890642e+01
1.974604000000000026e+00	4.531584394941917537e+01
1.980558000000000041e+00	4.532927423507116060e+01
1.986512000000000056e+00	4.586407703176892170e+01
1.992466000000000070e+00	4.487867332001437859e+01
1.998418000000000028e+00	4.479117375412354107e+01
2.004370000000000207e+00	4.404091633284849649e+01
2.010321999999999942e+00	4.259725972431927943e+01
2.016272999999999982e+00	4.188596911186554905e+01
2.022224000000000022e+00	4.107449134522352807e+01
2.028176000000000201e+00	4.038722560700598052e+01
2.034127999999999936e+00	3.949204735618562978e+01
2.040080000000000116e+00	3.950826809415738694e+01
2.046031999999999851e+00	3.887114888294791371e+01
2.051984000000000030e+00	3.810814809215784038e+01
2.057935000000000070e+00	3.894369410297274925e+01
2.063886999999999805e+00	3.866866247661341305e+01
2.069837999999999845e+00	3.915609172872185439e+01
2.075791000000000164e+00	3.908968009303320912e+01
2.081744000000000039e+00	3.969827160522517318e+01
2.087698000000000054e+00	3.983808223514473923e+01
2.093652000000000069e+00	3.988845462133076580e+01
2.099604999999999944e+00	3.952626131921756070e+01
2.105554999999999843e+00	3.912434744794177988e+01
2.111501000000000072e+00	3.979893295692072286e+01
2.117445000000000022e+00	3.925805135085985142e+01
2.123388999999999971e+00	3.937599310175868084e+01
2.129338000000000175e+00	3.954279497245762798e+01
2.135295999999999861e+00	3.844938320021110911e+01
2.141268000000000171e+00	3.894318304518304075e+01
2.147250999999999799e+00	3.900585357770529527e+01
2.153232000000000035e+00	3.865412987726381289e+01
2.159196000000000115e+00	3.933690886404075115e+01
2.165125000000000188e+00	4.035804891818628448e+01
2.171006000000000213e+00	4.044731616947746033e+01
2.176841000000000026e+00	4.089133242503011445e+01
2.182682999999999929e+00	4.237196750135519352e+01
2.188588999999999896e+00	4.370519948057305015e+01
2.194618000000000180e+00	4.451987575781770801e+01
2.200828000000000007e+00	4.627236559593300314e+01
2.207209999999999894e+00	4.764194953185171499e+01
2.213579000000000185e+00	4.834002976386441475e+01
2.219714999999999883e+00	4.946256381183801665e+01
2.225403000000000020e+00	4.991378406495312703e+01
2.230423000000000044e+00	4.968901511688967076e+01
2.234681000000000139e+00	4.956247654392010560e+01
2.238447999999999993e+00	4.946748514968754762e+01
2.242068000000000172e+00	4.814817550156392656e+01
2.245884000000000214e+00	4.706156450952435222e+01
2.250237999999999960e+00	4.535628853381257386e+01
2.255365999999999982e+00	4.439117312918158831e+01
2.261130000000000084e+00	4.243096384084694250e+01
2.267313000000000134e+00	4.219814043504902656e+01
2.273696000000000161e+00	4.181559700447325412e+01
2.280063999999999869e+00	4.118038681032969350e+01
2.286243999999999943e+00	4.214477305697377574e+01
2.292251999999999956e+00	4.301288317239121994e+01
2.298146000000000022e+00	4.456510376552657959e+01
2.303983000000000114e+00	4.569342805275137209e+01
2.309822000000000042e+00	4.806555135053980621e+01
2.315710999999999853e+00	5.083342806805203651e+01
2.321645999999999876e+00	5.359476047384847419e+01
2.327612999999999932e+00	5.574289792115497022e+01
2.333594999999999864e+00	5.767295819765350018e+01
2.339576999999999796e+00	5.990112104400112258e+01
2.345546999999999827e+00	5.995845140516809835e+01
2.351503999999999817e+00	5.839579674718613234e+01
2.357451999999999881e+00	5.693474176353331018e+01
2.363395999999999830e+00	5.612297518817896247e+01
2.369339000000000084e+00	5.374125714201365156e+01
2.375286000000000008e+00	5.147876170744206092e+01
2.381237000000000048e+00	5.087575499422482750e+01
2.387189999999999923e+00	5.129126633701871185e+01
2.393143999999999938e+00	5.026472971487294927e+01
2.399097999999999953e+00	5.011507429693980953e+01
2.405050999999999828e+00	5.047357863822706747e+01
2.411004000000000147e+00	5.141609785337444549e+01
2.416955999999999882e+00	5.324038711605117413e+01
2.422906999999999922e+00	5.403873421841166902e+01
2.428857999999999961e+00	5.681768149203690399e+01
2.434809000000000001e+00	5.895893251209840003e+01
2.440760000000000041e+00	6.205830170901015919e+01
2.446712000000000220e+00	6.613175792125953478e+01
2.452663999999999955e+00	6.682933616613360073e+01
2.458616999999999830e+00	6.658688727109311856e+01
2.464570999999999845e+00	6.328234381355373728e+01
2.470524999999999860e+00	5.764582921261206394e+01
2.476478000000000179e+00	5.098757163618672905e+01
2.482429999999999914e+00	4.452123311663814320e+01
2.488377999999999979e+00	3.932147790451431035e+01
2.494323000000000068e+00	3.562043200130141685e+01
2.500265999999999877e+00	3.338241580589491520e+01
2.506212000000000106e+00	3.378232000915939182e+01
2.512164999999999981e+00	3.330826984723130835e+01
2.518129000000000062e+00	3.301306565230603951e+01
2.524108000000000018e+00	3.401025806019838171e+01
2.530091999999999786e+00	3.424862363198979409e+01
2.536067000000000071e+00	3.489188768173894317e+01
2.542015999999999831e+00	3.597049739867357943e+01
2.547924000000000078e+00	3.949501514978433647e+01
2.553779000000000021e+00	4.635570434666794171e+01
2.559610000000000163e+00	5.436947065666017664e+01
2.565475000000000172e+00	6.228538590400844299e+01
2.571432000000000162e+00	6.968440362575006475e+01
2.577539999999999942e+00	7.347158216499732930e+01
2.583845999999999865e+00	7.484298118693710933e+01
2.590249000000000024e+00	7.100249884494397179e+01
2.596534000000000120e+00	6.493928976363766026e+01
2.602485000000000159e+00	5.946660034026508157e+01
2.607883000000000173e+00	5.218209798254028442e+01
2.612527000000000044e+00	4.728583509437945764e+01
2.616509000000000196e+00	4.355509686012802462e+01
2.620163999999999938e+00	4.099127118961044403e+01
2.623834000000000000e+00	3.991114076932210253e+01
2.627863000000000060e+00	3.985261802410370535e+01
2.632579999999999920e+00	4.005892202764655252e+01
2.638037000000000187e+00	4.139468714235399460e+01
2.644026000000000209e+00	4.189188277798066906e+01
2.650332000000000132e+00	4.259400172106984428e+01
2.656734000000000151e+00	4.310448207397361386e+01
2.663022999999999918e+00	4.277195451373537338e+01
2.669115000000000126e+00	4.260576663958924826e+01
2.675060999999999911e+00	4.157556418497023998e+01
2.680919999999999970e+00	3.993882493301335046e+01
2.686751000000000111e+00	3.681566649282935089e+01
2.692610999999999866e+00	3.447127086311059685e+01
2.698523999999999923e+00	2.961151829735512919e+01
2.704476000000000102e+00	2.641042352111229263e+01
2.710452000000000083e+00	2.316210712804117122e+01
2.716435999999999851e+00	2.061746805119532411e+01
2.722412999999999972e+00	1.949693091604827444e+01
2.728375999999999912e+00	1.985871007812419009e+01
2.734328000000000092e+00	2.143191915965417849e+01
2.740273999999999877e+00	2.322470122221035282e+01
2.746217000000000130e+00	2.513705878799510884e+01
2.752162000000000219e+00	2.635954459892485957e+01
2.758110999999999979e+00	2.618959631530317722e+01
2.764063000000000159e+00	2.487805439001017049e+01
2.770016000000000034e+00	2.370124145509400293e+01
2.775971000000000188e+00	2.214639281312667762e+01
2.781924000000000063e+00	2.010819587363944194e+01
2.787876999999999938e+00	1.992110511625139324e+01
2.793829000000000118e+00	1.975549299066380371e+01
2.799780999999999853e+00	2.041795405055949786e+01
2.805731999999999893e+00	2.332662785153615559e+01
2.811682999999999932e+00	2.583835201477963395e+01
2.817635000000000112e+00	3.060094910288065861e+01
2.823586999999999847e+00	3.583030701890857728e+01
2.829539000000000026e+00	3.984466711073654466e+01
2.835491000000000206e+00	4.171699554602140836e+01
2.841442999999999941e+00	4.159111174936306554e+01
2.847395000000000120e+00	3.886605293802097094e+01
2.853346999999999856e+00	3.314835470634485404e+01
2.859299000000000035e+00	2.613641802368618627e+01
2.865251000000000214e+00	2.089965899154976370e+01
2.871201999999999810e+00	1.682233463076136459e+01
2.877153999999999989e+00	1.482216800520568434e+01
2.883106000000000169e+00	1.538923405032350189e+01
2.889057999999999904e+00	1.702857664995698528e+01
2.895010000000000083e+00	1.915278455600886787e+01
2.900961999999999819e+00	1.974539547612419810e+01
2.906913999999999998e+00	1.949350254900658186e+01
2.912866000000000177e+00	1.959506101490672236e+01
2.918817999999999913e+00	1.859369579274062545e+01
2.924770000000000092e+00	1.875445193723854942e+01
2.930721000000000132e+00	1.938099153534147945e+01
2.936672999999999867e+00	1.985965969259879316e+01
2.942625000000000046e+00	2.099363208323334717e+01
2.948576999999999781e+00	2.331190815560377416e+01
2.954528999999999961e+00	2.318777217629408582e+01
2.960481000000000140e+00	2.165157942175434158e+01
2.966432999999999875e+00	1.759146082165381486e+01
2.972385000000000055e+00	1.184839063004701565e+01
2.978336999999999790e+00	5.422706358858828679e+00
2.984288999999999970e+00	-2.236197428385416242e+00
2.990240000000000009e+00	-9.420659151487623006e+00
2.996192000000000188e+00	-1.774555053683865680e+01
3.002143999999999924e+00	-2.463685261015375616e+01
3.008096000000000103e+00	-3.008542250466983248e+01
3.014047999999999838e+00	-3.342562552260650222e+01
3.020000000000000018e+00	-3.584953065466595490e+01
