1.199999999999999956e-01	5.180806110148765686e-01
1.249780000000000058e-01	1.599559690384405375e+00
1.305999999999999939e-01	2.487814234268069136e+00
1.367059999999999942e-01	2.789829201505944489e+00
1.431360000000000132e-01	3.202688196545798061e+00
1.497320000000000040e-01	3.324368229274697661e+00
1.563350000000000017e-01	3.441210638638926067e+00
1.627850000000000130e-01	3.345878137457107826e+00
1.689219999999999888e-01	3.368859688133088781e+00
1.745889999999999942e-01	3.250405071797355827e+00
1.796250000000000069e-01	2.880986481109714781e+00
1.839349999999999874e-01	2.805316031363562779e+00
1.877439999999999942e-01	2.613026445699322853e+00
1.913779999999999926e-01	2.750118354754795824e+00
1.951660000000000061e-01	2.548477298941075553e+00
1.994340000000000002e-01	2.615726602153508384e+00
2.044499999999999929e-01	2.874671500518825251e+00
2.101250000000000062e-01	3.012918360086925595e+00
2.162479999999999958e-01	3.075573974067435934e+00
2.226049999999999973e-01	3.227707180275498189e+00
2.289819999999999911e-01	3.334201711521239453e+00
2.351930000000000132e-01	3.395083380071959755e+00
2.412249999999999950e-01	3.462276179845679369e+00
2.471349999999999936e-01	3.613947021540801163e+00
2.529799999999999827e-01	3.671012338941587849e+00
2.588170000000000193e-01	3.486657845153953605e+00
2.646970000000000156e-01	3.435399279100215697e+00
2.706259999999999777e-01	3.521537198218459341e+00
2.765880000000000005e-01	3.557932527147247725e+00
2.825679999999999858e-01	3.666402087610533211e+00
2.885510000000000019e-01	3.564732697645342174e+00
2.945229999999999793e-01	3.349114208417681038e+00
3.004809999999999981e-01	3.639859122117086176e+00
3.064310000000000089e-01	3.391022918116864737e+00
3.123750000000000138e-01	3.243952127130815377e+00
3.183190000000000186e-01	3.248789151888074045e+00
3.242650000000000254e-01	3.451536146671057459e+00
3.302149999999999808e-01	3.513859353785672379e+00
3.361680000000000224e-01	3.663914633241230234e+00
3.421210000000000084e-01	3.913865909932357390e+00
3.480759999999999965e-01	3.881843409990936689e+00
3.540289999999999826e-01	3.874116079191775697e+00
3.599809999999999954e-01	3.809106598751513584e+00
3.659330000000000083e-01	3.539387682129271795e+00
3.718839999999999923e-01	3.627132484152105540e+00
3.778360000000000052e-01	3.453708578637258775e+00
3.837869999999999893e-01	3.706759809417456086e+00
3.897390000000000021e-01	3.538995648240676584e+00
3.956910000000000149e-01	3.739632579224270614e+00
4.016429999999999723e-01	4.013885458671159867e+00
4.075949999999999851e-01	4.037385736988560403e+00
4.135469999999999979e-01	4.306758963435607157e+00
4.194979999999999820e-01	4.189616684757544007e+00
4.254499999999999948e-01	4.168116893291724523e+00
4.314009999999999789e-01	4.239796133359934771e+00
4.373540000000000205e-01	4.273987957355746659e+00
4.433079999999999798e-01	4.346758197751212194e+00
4.492619999999999947e-01	4.473738635754843429e+00
4.552160000000000095e-01	4.493781663779514268e+00
4.611680000000000224e-01	4.582310570354501067e+00
4.671170000000000044e-01	4.545774603688647275e+00
4.730619999999999825e-01	4.337119241767226185e+00
4.790059999999999873e-01	4.392683713997295847e+00
4.849510000000000209e-01	4.477766674914986922e+00
4.909020000000000050e-01	4.318568951815700885e+00
4.968629999999999991e-01	4.705190952849190644e+00
5.028390000000000359e-01	4.532390880418099677e+00
5.088230000000000253e-01	4.443597878470114892e+00
5.148009999999999531e-01	4.748079663196753231e+00
5.207570000000000254e-01	4.807890758439592460e+00
5.266750000000000043e-01	4.754245755266765627e+00
5.325410000000000421e-01	4.934845495562364626e+00
5.383719999999999617e-01	4.976148013096695522e+00
5.442249999999999588e-01	4.976097570136694515e+00
5.501580000000000359e-01	5.053641636314423202e+00
5.562289999999999734e-01	5.199300678419094268e+00
5.624930000000000208e-01	5.330859570047628893e+00
5.688929999999999820e-01	5.367777653084724321e+00
5.752220000000000111e-01	5.229296825072752064e+00
5.812610000000000277e-01	5.315805628302505248e+00
5.867949999999999555e-01	5.337851510135985578e+00
5.916080000000000227e-01	5.589631914482837693e+00
5.957040000000000113e-01	5.650335412112324818e+00
5.993990000000000151e-01	5.659634733458745792e+00
6.030370000000000452e-01	5.824362509866046089e+00
6.069609999999999728e-01	6.102271940574444997e+00
6.115110000000000268e-01	6.276192046186171325e+00
6.168270000000000142e-01	6.288356350664216166e+00
6.227219999999999978e-01	6.486506125134365419e+00
6.289789999999999548e-01	6.823650517402453985e+00
6.353790000000000271e-01	6.805974901669218369e+00
6.417070000000000274e-01	6.950202264925874118e+00
6.478369999999999962e-01	7.073542838616975637e+00
6.538089999999999735e-01	6.705899252234944541e+00
6.596819999999999906e-01	6.934182088476458894e+00
6.655140000000000500e-01	6.869799356290107184e+00
6.713630000000000431e-01	6.534759683568828414e+00
6.772660000000000347e-01	6.655995364842388184e+00
6.832110000000000127e-01	6.531035054924013039e+00
6.891829999999999901e-01	6.696274011538965176e+00
6.951669999999999794e-01	6.936201397357568688e+00
7.011469999999999647e-01	6.952123272225559703e+00
7.071119999999999628e-01	7.113887536488623375e+00
7.130670000000000064e-01	7.378588558608636383e+00
7.190130000000000132e-01	7.353009909738942085e+00
7.249569999999999625e-01	7.734975999270419678e+00
7.309010000000000229e-01	7.851072951690471591e+00
7.368489999999999762e-01	7.656559462401437699e+00
7.428000000000000158e-01	7.605338943580603583e+00
7.487530000000000019e-01	7.187614596896453101e+00
7.547080000000000455e-01	7.097843135921985791e+00
7.606619999999999493e-01	7.119799053809763301e+00
7.666140000000000176e-01	7.139275086671193371e+00
7.725670000000000037e-01	7.243742781926562735e+00
7.785180000000000433e-01	7.396628715071023485e+00
7.844689999999999719e-01	7.696116303845151663e+00
7.904210000000000402e-01	7.786507429731725161e+00
7.963729999999999976e-01	7.643720050507891273e+00
8.023249999999999549e-01	8.173410802675601161e+00
8.082770000000000232e-01	8.173169592236698477e+00
8.142289999999999806e-01	8.440155411497904936e+00
8.201800000000000201e-01	8.417569998701107892e+00
8.261319999999999775e-01	8.701335896572851780e+00
8.320830000000000171e-01	9.075163821924560281e+00
8.380349999999999744e-01	9.314310583520434506e+00
8.439870000000000427e-01	9.577573849584684496e+00
8.499400000000000288e-01	9.866934218539089585e+00
8.558940000000000436e-01	1.016256438306087162e+01
8.618479999999999475e-01	1.028423721348613817e+01
8.678010000000000446e-01	1.020066289544215898e+01
8.737519999999999731e-01	1.053915621488588705e+01
8.797000000000000375e-01	1.049540984119014375e+01
8.856439999999999868e-01	1.034559658851716968e+01
8.915870000000000184e-01	1.037605635298658235e+01
8.975349999999999717e-01	1.019154426393751756e+01
9.034900000000000153e-01	1.035617561183069668e+01
9.094569999999999599e-01	1.024418100463644699e+01
9.154379999999999740e-01	1.017009796252046172e+01
9.214210000000000456e-01	1.035711958245393483e+01
9.273909999999999654e-01	1.043957221559398363e+01
9.333329999999999682e-01	1.049924617781686997e+01
9.392300000000000093e-01	1.052482698448971554e+01
9.450749999999999984e-01	1.064273877786692246e+01
9.509090000000000042e-01	1.046436635594461073e+01
9.567890000000000006e-01	1.073214645585499660e+01
9.627750000000000474e-01	1.054977896129529036e+01
9.689229999999999787e-01	1.084232324744699838e+01
9.752680000000000238e-01	1.070691744236262721e+01
9.816639999999999810e-01	1.096478771667927177e+01
9.878930000000000211e-01	1.111022288152313209e+01
9.937399999999999567e-01	1.127290966185515586e+01
9.989850000000000119e-01	1.125033785762986405e+01
1.003457999999999961e+00	1.149208910430075292e+01
1.007338000000000067e+00	1.196729895326839710e+01
1.010966000000000031e+00	1.224554023172821715e+01
1.014685999999999977e+00	1.229264165787833640e+01
1.018841000000000108e+00	1.278782466975409449e+01
1.023735000000000062e+00	1.294127613650575093e+01
1.029328999999999938e+00	1.323308090954703253e+01
1.035408000000000106e+00	1.347809306759615744e+01
1.041754000000000069e+00	1.366886713583781443e+01
1.048148999999999997e+00	1.397316642483287552e+01
1.054391999999999996e+00	1.400690470234889062e+01
1.060446000000000000e+00	1.449165384978755711e+01
1.066368999999999900e+00	1.453565200041414052e+01
1.072216999999999976e+00	1.474830890861358768e+01
1.078049000000000035e+00	1.475857093601336700e+01
1.083920999999999912e+00	1.519976215196669678e+01
1.089842999999999895e+00	1.537522093604225404e+01
1.095801999999999943e+00	1.584001083640148444e+01
1.101780999999999899e+00	1.610918796062716396e+01
1.107765000000000111e+00	1.646215603884016332e+01
1.113739999999999952e+00	1.647674041228841446e+01
1.119699999999999918e+00	1.678610050662680209e+01
1.125650000000000039e+00	1.711074089296282708e+01
1.131594999999999906e+00	1.743869925614275473e+01
1.137537999999999938e+00	1.752707776437631182e+01
1.143483999999999945e+00	1.783322316002769981e+01
1.149432999999999927e+00	1.808022095684955133e+01
1.155386000000000024e+00	1.835782554406657496e+01
1.161338999999999899e+00	1.864512177940624227e+01
1.167294000000000054e+00	1.861121642390292763e+01
1.173246999999999929e+00	1.849153992165954108e+01
1.179200000000000026e+00	1.864765801261799893e+01
1.185151999999999983e+00	1.828369218765365645e+01
1.191103000000000023e+00	1.818521086000556863e+01
1.197054000000000062e+00	1.779875938058011897e+01
1.203006000000000020e+00	1.771665441482929992e+01
1.208957999999999977e+00	1.777894144788108477e+01
1.214909999999999934e+00	1.798573506393162802e+01
1.220861999999999892e+00	1.807889729839726201e+01
1.226814000000000071e+00	1.847264072567887894e+01
1.232765000000000111e+00	1.875494751393324577e+01
1.238717000000000068e+00	1.912860634755134370e+01
1.244668000000000108e+00	1.955394138354778377e+01
1.250620000000000065e+00	1.977370832607622830e+01
1.256572000000000022e+00	2.017398800436274797e+01
1.262526000000000037e+00	2.035753841860909219e+01
1.268480000000000052e+00	2.062132934135109963e+01
1.274434000000000067e+00	2.073218603414261096e+01
1.280386000000000024e+00	2.045328928482983244e+01
1.286335999999999924e+00	2.056521454669267257e+01
1.292281999999999931e+00	2.062081057173278609e+01
1.298224999999999962e+00	2.069742366499841069e+01
1.304170000000000051e+00	2.090714198249483857e+01
1.310119999999999951e+00	2.090567725450113201e+01
1.316079999999999917e+00	2.078436261117947126e+01
1.322052999999999923e+00	2.119961940478979301e+01
1.328036999999999912e+00	2.093472210593344940e+01
1.334017000000000008e+00	2.096250518567256194e+01
1.339976000000000056e+00	2.101235917641674078e+01
1.345900000000000096e+00	2.112742504853927272e+01
1.351774000000000031e+00	2.100285562257608163e+01
1.357607000000000008e+00	2.138985410546424504e+01
1.363453000000000026e+00	2.170454115835739373e+01
1.369372000000000034e+00	2.173325366376320389e+01
1.375421999999999922e+00	2.205634158816067725e+01
1.381658999999999970e+00	2.215202165162943970e+01
1.388052000000000064e+00	2.263216679009497767e+01
1.394403000000000059e+00	2.294285161660664940e+01
1.400492999999999988e+00	2.328054455804243972e+01
1.406104999999999938e+00	2.338033956700723337e+01
1.411021999999999998e+00	2.350517393680106437e+01
1.415195999999999898e+00	2.346881295145487556e+01
1.418924000000000074e+00	2.338987580819421197e+01
1.422549999999999981e+00	2.343765247202961888e+01
1.426417000000000046e+00	2.332103017651744636e+01
1.430868000000000029e+00	2.322642468202532484e+01
1.436091000000000006e+00	2.343364032268565111e+01
1.441923000000000066e+00	2.342647191680107710e+01
1.448144000000000098e+00	2.360065547146749054e+01
1.454538000000000109e+00	2.363344912527248454e+01
1.460887000000000047e+00	2.365704404563848939e+01
1.467041999999999957e+00	2.354608911075989042e+01
1.473030999999999979e+00	2.334668366161868747e+01
1.478914000000000062e+00	2.311559639941317457e+01
1.484749000000000096e+00	2.325676697020068673e+01
1.490591999999999917e+00	2.347859153614627559e+01
1.496488000000000040e+00	2.369497192236440952e+01
1.502428000000000097e+00	2.382641673638428159e+01
1.508397999999999906e+00	2.413244334764600652e+01
1.514380999999999977e+00	2.460107111081207520e+01
1.520361999999999991e+00	2.481491451048320229e+01
1.526329999999999965e+00	2.498580413332127037e+01
1.532284999999999897e+00	2.513632961619115491e+01
1.538232999999999961e+00	2.506314683289244627e+01
1.544175999999999993e+00	2.517296223181591586e+01
1.550119999999999942e+00	2.534377904425810257e+01
1.556068000000000007e+00	2.513196940276642266e+01
1.562019000000000046e+00	2.512114225057852224e+01
1.567971999999999921e+00	2.549062698685942152e+01
1.573925999999999936e+00	2.565822978366444929e+01
1.579879999999999951e+00	2.605317084256703097e+01
1.585833000000000048e+00	2.614542623245255015e+01
1.591785000000000005e+00	2.655617287157714301e+01
1.597736999999999963e+00	2.710397743309438567e+01
1.603688000000000002e+00	2.717786763058020938e+01
1.609639000000000042e+00	2.787656436927514747e+01
1.615590999999999999e+00	2.785451806179457535e+01
1.621542999999999957e+00	2.832253649065816958e+01
1.627494999999999914e+00	2.844493078138597753e+01
1.633447000000000093e+00	2.834129505490038525e+01
1.639399000000000051e+00	2.853210242008398723e+01
1.645350000000000090e+00	2.859602605846304968e+01
1.651302000000000048e+00	2.856631988242149944e+01
1.657253000000000087e+00	2.856976829069932933e+01
1.663205000000000044e+00	2.850316546222198255e+01
1.669157999999999920e+00	2.871865340670611388e+01
1.675111999999999934e+00	2.875590662177667767e+01
1.681065999999999949e+00	2.896487546815011882e+01
1.687019000000000046e+00	2.882491204530143492e+01
1.692971000000000004e+00	2.882178296537674811e+01
1.698919000000000068e+00	2.856450225194242165e+01
1.704863000000000017e+00	2.842341287476859790e+01
1.710806999999999967e+00	2.824146365168471107e+01
1.716752999999999973e+00	2.798774009988332878e+01
1.722706999999999988e+00	2.774169480162507995e+01
1.728671999999999986e+00	2.765848502878957760e+01
1.734652000000000083e+00	2.780152183932086629e+01
1.740636000000000072e+00	2.825839068547452015e+01
1.746609000000000078e+00	2.865777892982955066e+01
1.752555000000000085e+00	2.881784175080976951e+01
1.758458000000000077e+00	2.932803941749657284e+01
1.764308999999999905e+00	2.936271161552571130e+01
1.770140999999999964e+00	2.942181756532170667e+01
1.776011999999999924e+00	2.990062164121643917e+01
1.781979999999999897e+00	2.992559209624430494e+01
1.788105000000000055e+00	3.012680413879483510e+01
1.794426999999999994e+00	3.028097596361294208e+01
1.800829000000000013e+00	3.079851613292363410e+01
1.807091999999999921e+00	3.115320303589481910e+01
1.813002000000000002e+00	3.160670255908391368e+01
1.818338000000000010e+00	3.202070319404234056e+01
1.822912000000000088e+00	3.228398281846666151e+01
1.826850000000000085e+00	3.214030035378547012e+01
1.830492000000000008e+00	3.227757410560349172e+01
1.834179999999999922e+00	3.209388674323123780e+01
1.838259000000000087e+00	3.190955012750921682e+01
1.843048000000000020e+00	3.200320009540500621e+01
1.848562000000000038e+00	3.183034916724598062e+01
1.854589999999999961e+00	3.172742521240163072e+01
1.860913000000000039e+00	3.182085912762620694e+01
1.867313999999999918e+00	3.203681102388318891e+01
1.873583999999999916e+00	3.211624928938010726e+01
1.879660000000000108e+00	3.255687317085258314e+01
1.885596000000000050e+00	3.298476058967744962e+01
1.891450999999999993e+00	3.352199455821403973e+01
1.897281999999999913e+00	3.408457981183401131e+01
1.903146999999999922e+00	3.498676638536105798e+01
1.909062999999999954e+00	3.548144832943328453e+01
1.915018000000000109e+00	3.663165471585286070e+01
1.920995999999999926e+00	3.739171915151877812e+01
1.926979999999999915e+00	3.818146775676594018e+01
1.932955999999999896e+00	3.920893760223166424e+01
1.938917999999999919e+00	4.042500494773009478e+01
1.944868999999999959e+00	4.175156355903430949e+01
1.950814000000000048e+00	4.277474325813383160e+01
1.956757999999999997e+00	4.409323688002491792e+01
1.962703000000000086e+00	4.455914221955714538e+01
1.968652000000000069e+00	4.498333398190403187e+01
1.974604000000000026e+00	4.496380423307054741e+01
1.980558000000000041e+00	4.514637834852320708e+01
1.986512000000000056e+00	4.459343304192933033e+01
1.992466000000000070e+00	4.412797352550909125e+01
1.998418000000000028e+00	4.326132815640471563e+01
2.004370000000000207e+00	4.264317819636438145e+01
2.010321999999999942e+00	4.144211670496539313e+01
2.016272999999999982e+00	4.073947109922742271e+01
2.022224000000000022e+00	4.007183121403761561e+01
2.028176000000000201e+00	3.953065681807473197e+01
2.034127999999999936e+00	3.920578164445504399e+01
2.040080000000000116e+00	3.873813117970755115e+01
2.046031999999999851e+00	3.867363852616583131e+01
2.051984000000000030e+00	3.885826706047699730e+01
2.057935000000000070e+00	3.867776436806517637e+01
2.063886999999999805e+00	3.888760979335288681e+01
2.069837999999999845e+00	3.901398168938656852e+01
2.075791000000000164e+00	3.912217241933905143e+01
2.081744000000000039e+00	3.923144338102334672e+01
2.087698000000000054e+00	3.940781657701894147e+01
2.093652000000000069e+00	3.969207346328390429e+01
2.099604999999999944e+00	3.941038864143828135e+01
2.105554999999999843e+00	3.935131691595005066e+01
2.111501000000000072e+00	3.930355458107196398e+01
2.117445000000000022e+00	3.916329754057510826e+01
2.123388999999999971e+00	3.855275502027537726e+01
2.129338000000000175e+00	3.850563718836836102e+01
2.135295999999999861e+00	3.796204210574358484e+01
2.141268000000000171e+00	3.790389650988482373e+01
2.147250999999999799e+00	3.752256263495105770e+01
2.153232000000000035e+00	3.789199768773903543e+01
2.159196000000000115e+00	3.791314772247562814e+01
2.165125000000000188e+00	3.836666660753819968e+01
2.171006000000000213e+00	3.890267566030917123e+01
2.176841000000000026e+00	4.018330979004491610e+01
2.182682999999999929e+00	4.140707372223429417e+01
2.188588999999999896e+00	4.267159470340798322e+01
2.194618000000000180e+00	4.405475489214679641e+01
2.200828000000000007e+00	4.534900347209345028e+01
2.207209999999999894e+00	4.661236804795073851e+01
2.213579000000000185e+00	4.757085581282317577e+01
2.219714999999999883e+00	4.817934433842667374e+01
2.225403000000000020e+00	4.857893613358561424e+01
2.230423000000000044e+00	4.862054354041690374e+01
2.234681000000000139e+00	4.816986662322829460e+01
2.238447999999999993e+00	4.740982034688281033e+01
2.242068000000000172e+00	4.628739825855603129e+01
2.245884000000000214e+00	4.540978663407138782e+01
2.250237999999999960e+00	4.421750085783249062e+01
2.255365999999999982e+00	4.337412253364747272e+01
2.261130000000000084e+00	4.248304723444456954e+01
2.267313000000000134e+00	4.219311165318512025e+01
2.273696000000000161e+00	4.186219707460343642e+01
2.280063999999999869e+00	4.181100659110179407e+01
2.286243999999999943e+00	4.227896185556046049e+01
2.292251999999999956e+00	4.295192716409319900e+01
2.298146000000000022e+00	4.439261595555325357e+01
2.303983000000000114e+00	4.620715657697830636e+01
2.309822000000000042e+00	4.830973370580569082e+01
2.315710999999999853e+00	5.093893164310453869e+01
2.321645999999999876e+00	5.367038670756867447e+01
2.327612999999999932e+00	5.617886471526400527e+01
2.333594999999999864e+00	5.805745686473900236e+01
2.339576999999999796e+00	5.912632783586612106e+01
2.345546999999999827e+00	5.888717738709502214e+01
2.351503999999999817e+00	5.760024524769796983e+01
2.357451999999999881e+00	5.554669099118859776e+01
2.363395999999999830e+00	5.394940745934926696e+01
2.369339000000000084e+00	5.217977213869023956e+01
2.375286000000000008e+00	5.085809697104513560e+01
2.381237000000000048e+00	4.998800801767743707e+01
2.387189999999999923e+00	4.987560855290158202e+01
2.393143999999999938e+00	4.987991343917064313e+01
2.399097999999999953e+00	5.026351353244177034e+01
2.405050999999999828e+00	5.091541197225191695e+01
2.411004000000000147e+00	5.163395923896869277e+01
2.416955999999999882e+00	5.278563298695633677e+01
2.422906999999999922e+00	5.450470336640183433e+01
2.428857999999999961e+00	5.686122615645501099e+01
2.434809000000000001e+00	5.969257940800186191e+01
2.440760000000000041e+00	6.275350929679144230e+01
2.446712000000000220e+00	6.555483884164337383e+01
2.452663999999999955e+00	6.669624125828497085e+01
2.458616999999999830e+00	6.594020691968525227e+01
2.464570999999999845e+00	6.250685849538306371e+01
2.470524999999999860e+00	5.694143649770972360e+01
2.476478000000000179e+00	5.029641546688255715e+01
2.482429999999999914e+00	4.310249630834372425e+01
2.488377999999999979e+00	3.702583231793575180e+01
2.494323000000000068e+00	3.276617829772835222e+01
2.500265999999999877e+00	3.016618911116747981e+01
2.506212000000000106e+00	2.880942699063055912e+01
2.512164999999999981e+00	2.839567705361380590e+01
2.518129000000000062e+00	2.857390979149323229e+01
2.524108000000000018e+00	2.859062734245681980e+01
2.530091999999999786e+00	2.864631884241337900e+01
2.536067000000000071e+00	2.980876722356504160e+01
2.542015999999999831e+00	3.223473026027834010e+01
2.547924000000000078e+00	3.643332308559441657e+01
2.553779000000000021e+00	4.344302757155059425e+01
2.559610000000000163e+00	5.168205934405509794e+01
2.565475000000000172e+00	6.018370123736088573e+01
2.571432000000000162e+00	6.788790155077602151e+01
2.577539999999999942e+00	7.310140532877689168e+01
2.583845999999999865e+00	7.422982754218489276e+01
2.590249000000000024e+00	7.167607088435491391e+01
2.596534000000000120e+00	6.632349521619420329e+01
2.602485000000000159e+00	6.011746204062653476e+01
2.607883000000000173e+00	5.388589142574326729e+01
2.612527000000000044e+00	4.856388569490860618e+01
2.616509000000000196e+00	4.508992715437609178e+01
2.620163999999999938e+00	4.294994462828890391e+01
2.623834000000000000e+00	4.168803314315530884e+01
2.627863000000000060e+00	4.135912869723791374e+01
2.632579999999999920e+00	4.131573892207732968e+01
2.638037000000000187e+00	4.128011147044589535e+01
2.644026000000000209e+00	4.138115878471771225e+01
2.650332000000000132e+00	4.139630647936740360e+01
2.656734000000000151e+00	4.138068612294131299e+01
2.663022999999999918e+00	4.108968817051889744e+01
2.669115000000000126e+00	4.021758509166428297e+01
2.675060999999999911e+00	3.928129145659699617e+01
2.680919999999999970e+00	3.763361047978674634e+01
2.686751000000000111e+00	3.561350078535273411e+01
2.692610999999999866e+00	3.306670352546257163e+01
2.698523999999999923e+00	2.996178443810432768e+01
2.704476000000000102e+00	2.718490820399895114e+01
2.710452000000000083e+00	2.482886792001095699e+01
2.716435999999999851e+00	2.366533550052139390e+01
2.722412999999999972e+00	2.395463656848755463e+01
2.728375999999999912e+00	2.606706216118922370e+01
2.734328000000000092e+00	2.852282628112164176e+01
2.740273999999999877e+00	3.138814667352516352e+01
2.746217000000000130e+00	3.376083380106740606e+01
2.752162000000000219e+00	3.462626716918074976e+01
2.758110999999999979e+00	3.445867983140959012e+01
2.764063000000000159e+00	3.231698980082912698e+01
2.770016000000000034e+00	2.931459861076458040e+01
2.775971000000000188e+00	2.497614146091231646e+01
2.781924000000000063e+00	2.002299808238585754e+01
2.787876999999999938e+00	1.463796372803416546e+01
2.793829000000000118e+00	9.758588342585976960e+00
2.799780999999999853e+00	5.928342385570825712e+00
2.805731999999999893e+00	4.489289369635743654e+00
2.811682999999999932e+00	5.706522102491978110e+00
2.817635000000000112e+00	9.825865319363217054e+00
2.823586999999999847e+00	1.568155074793070369e+01
2.829539000000000026e+00	2.193057528478818341e+01
2.835491000000000206e+00	2.657024380176573075e+01
2.841442999999999941e+00	2.913258245490571952e+01
2.847395000000000120e+00	2.816808312560720040e+01
2.853346999999999856e+00	2.492814449310864688e+01
2.859299000000000035e+00	2.080688144835768938e+01
2.865251000000000214e+00	1.666180518170233071e+01
2.871201999999999810e+00	1.349301938004360224e+01
2.877153999999999989e+00	1.249186563675928419e+01
2.883106000000000169e+00	1.277414492544982139e+01
2.889057999999999904e+00	1.373679822912593096e+01
2.895010000000000083e+00	1.455194719092708588e+01
2.900961999999999819e+00	1.487081858363124276e+01
2.906913999999999998e+00	1.388066315762097780e+01
2.912866000000000177e+00	1.231542733744826990e+01
2.918817999999999913e+00	1.046730460049044886e+01
2.924770000000000092e+00	9.196791989723241301e+00
2.930721000000000132e+00	8.541878691399920953e+00
2.936672999999999867e+00	8.790555184680865608e+00
2.942625000000000046e+00	9.664421755288495675e+00
2.948576999999999781e+00	1.052491767144829815e+01
2.954528999999999961e+00	1.089250120769784402e+01
2.960481000000000140e+00	1.029360208259310916e+01
2.966432999999999875e+00	8.516864465168684006e+00
2.972385000000000055e+00	5.743441253516222034e+00
2.978336999999999790e+00	2.016469395442832102e+00
2.984288999999999970e+00	-2.193734735687791648e+00
2.990240000000000009e+00	-6.274567749163450614e+00
2.996192000000000188e+00	-1.028778923128245637e+01
3.002143999999999924e+00	-1.346934428391667993e+01
3.008096000000000103e+00	-1.584595827101764520e+01
3.014047999999999838e+00	-1.689024514220064432e+01
3.020000000000000018e+00	-1.622248700325000570e+01
