1.199999999999999956e-01	4.639104956405383895e+00
1.249780000000000058e-01	3.932681547887274753e+00
1.305999999999999939e-01	3.863752197756082030e+00
1.367059999999999942e-01	4.010870856397108497e+00
1.431360000000000132e-01	3.092314898234990395e+00
1.497320000000000040e-01	3.116121088063304345e+00
1.563350000000000017e-01	3.243040326532174333e+00
1.627850000000000130e-01	3.283896161623311993e+00
1.689219999999999888e-01	4.013725711438634214e+00
1.745889999999999942e-01	3.969382440111650645e+00
1.796250000000000069e-01	4.008021716464363671e+00
1.839349999999999874e-01	3.593594093099233167e+00
1.877439999999999942e-01	3.783133250603355702e+00
1.913779999999999926e-01	4.574508550612458535e+00
1.951660000000000061e-01	3.874544038002107449e+00
1.994340000000000002e-01	3.060354525194230124e+00
2.044499999999999929e-01	4.929899593945384240e+00
2.101250000000000062e-01	4.685408283088358772e+00
2.162479999999999958e-01	4.802904092247555212e+00
2.226049999999999973e-01	5.334192182851436925e+00
2.289819999999999911e-01	4.937327410388306248e+00
2.351930000000000132e-01	5.128117181285952064e+00
2.412249999999999950e-01	5.379038751466088897e+00
2.471349999999999936e-01	4.958627387109872053e+00
2.529799999999999827e-01	4.191716199876082349e+00
2.588170000000000193e-01	4.316996670275845105e+00
2.646970000000000156e-01	3.106279141088618356e+00
2.706259999999999777e-01	4.050862304548527248e+00
2.765880000000000005e-01	4.047650991741816640e+00
2.825679999999999858e-01	4.148045907896933393e+00
2.885510000000000019e-01	4.738469829168419523e+00
2.945229999999999793e-01	5.078123742895817472e+00
3.004809999999999981e-01	4.329808600245039329e+00
3.064310000000000089e-01	5.657020971664680431e+00
3.123750000000000138e-01	4.437878326346482716e+00
3.183190000000000186e-01	4.086731450727557835e+00
3.242650000000000254e-01	4.416259835128030886e+00
3.302149999999999808e-01	4.723637752183909910e+00
3.361680000000000224e-01	4.735958950601429684e+00
3.421210000000000084e-01	3.905016510537263841e+00
3.480759999999999965e-01	3.963461716270327617e+00
3.540289999999999826e-01	4.168444924621339531e+00
3.599809999999999954e-01	3.946956745366457575e+00
3.659330000000000083e-01	4.767167806748290104e+00
3.718839999999999923e-01	4.776362328252604428e+00
3.778360000000000052e-01	4.251595495287221915e+00
3.837869999999999893e-01	4.286944022424702183e+00
3.897390000000000021e-01	5.088723424493968750e+00
3.956910000000000149e-01	4.630806363371488210e+00
4.016429999999999723e-01	4.799852683003747345e+00
4.075949999999999851e-01	4.137039600688112273e+00
4.135469999999999979e-01	5.225847826061520429e+00
4.194979999999999820e-01	5.967918661483722964e+00
4.254499999999999948e-01	5.226596393676460117e+00
4.314009999999999789e-01	5.122125970171371279e+00
4.373540000000000205e-01	4.896087835415309009e+00
4.433079999999999798e-01	4.933442935041982835e+00
4.492619999999999947e-01	5.069148901202716218e+00
4.552160000000000095e-01	4.731539060996060364e+00
4.611680000000000224e-01	4.133807898448131013e+00
4.671170000000000044e-01	5.201025953503653376e+00
4.730619999999999825e-01	4.813421188772786685e+00
4.790059999999999873e-01	5.085599514393702947e+00
4.849510000000000209e-01	4.207420903107996324e+00
4.909020000000000050e-01	5.312286154973809182e+00
4.968629999999999991e-01	4.823156175963355885e+00
5.028390000000000359e-01	4.957091979618954980e+00
5.088230000000000253e-01	5.539184184226208174e+00
5.148009999999999531e-01	5.051970655532297627e+00
5.207570000000000254e-01	5.530860300025015164e+00
5.266750000000000043e-01	4.691934313334584772e+00
5.325410000000000421e-01	5.155167655990188891e+00
5.383719999999999617e-01	6.123883429525327493e+00
5.442249999999999588e-01	5.069070620496096247e+00
5.501580000000000359e-01	6.039698675126880190e+00
5.562289999999999734e-01	5.414143690975299350e+00
5.624930000000000208e-01	6.850049761984640995e+00
5.688929999999999820e-01	7.225627241839875481e+00
5.752220000000000111e-01	6.546032735334228470e+00
5.812610000000000277e-01	6.423594912142371882e+00
5.867949999999999555e-01	7.404914488798294059e+00
5.916080000000000227e-01	6.924975747553759220e+00
5.957040000000000113e-01	6.878958200767705478e+00
5.993990000000000151e-01	6.535220068873853982e+00
6.030370000000000452e-01	6.139291929273764659e+00
6.069609999999999728e-01	6.649440430458056994e+00
6.115110000000000268e-01	6.295212932517427085e+00
6.168270000000000142e-01	6.302554401885755553e+00
6.227219999999999978e-01	6.478746044788144864e+00
6.289789999999999548e-01	5.526958086707494999e+00
6.353790000000000271e-01	5.832549240946172553e+00
6.417070000000000274e-01	6.564922947517197294e+00
6.478369999999999962e-01	6.114144149613092161e+00
6.538089999999999735e-01	5.477506664962035643e+00
6.596819999999999906e-01	6.879299708807690372e+00
6.655140000000000500e-01	6.621480858774712708e+00
6.713630000000000431e-01	6.877956299136344320e+00
6.772660000000000347e-01	7.309312463388089931e+00
6.832110000000000127e-01	7.439000059298606971e+00
6.891829999999999901e-01	7.542054453056116436e+00
6.951669999999999794e-01	6.961538240405391598e+00
7.011469999999999647e-01	7.812310174321767775e+00
7.071119999999999628e-01	7.419404369406004562e+00
7.130670000000000064e-01	7.470905469903892815e+00
7.190130000000000132e-01	6.526665380126834393e+00
7.249569999999999625e-01	6.863775681158390540e+00
7.309010000000000229e-01	7.099278587807177132e+00
7.368489999999999762e-01	7.341326681884302374e+00
7.428000000000000158e-01	7.718715134477017514e+00
7.487530000000000019e-01	8.086982652111990078e+00
7.547080000000000455e-01	7.859867530957783011e+00
7.606619999999999493e-01	9.077535476176549878e+00
7.666140000000000176e-01	8.556316977240703281e+00
7.725670000000000037e-01	8.472374095229730173e+00
7.785180000000000433e-01	9.430174998077786697e+00
7.844689999999999719e-01	8.620908745894992009e+00
7.904210000000000402e-01	9.587099827378679606e+00
7.963729999999999976e-01	9.298612261404127111e+00
8.023249999999999549e-01	8.797517412615043497e+00
8.082770000000000232e-01	9.580291367018251236e+00
8.142289999999999806e-01	9.138015236526914720e+00
8.201800000000000201e-01	9.156352778763563904e+00
8.261319999999999775e-01	9.148632903647394343e+00
8.320830000000000171e-01	1.003234853668299564e+01
8.380349999999999744e-01	9.798119323891375743e+00
8.439870000000000427e-01	1.067203194237172781e+01
8.499400000000000288e-01	1.034255901004409672e+01
8.558940000000000436e-01	1.097861751506309069e+01
8.618479999999999475e-01	1.002472918129553214e+01
8.678010000000000446e-01	1.166742750884495905e+01
8.737519999999999731e-01	9.763155387104452743e+00
8.797000000000000375e-01	1.110158938648642390e+01
8.856439999999999868e-01	1.109929664831723528e+01
8.915870000000000184e-01	1.111747890718638132e+01
8.975349999999999717e-01	1.070523369387109014e+01
9.034900000000000153e-01	1.115771271229658801e+01
9.094569999999999599e-01	1.062035570122933947e+01
9.154379999999999740e-01	1.121321983281093004e+01
9.214210000000000456e-01	1.170337070403303592e+01
9.273909999999999654e-01	1.125774857550556085e+01
9.333329999999999682e-01	1.166982202437078975e+01
9.392300000000000093e-01	1.188287026493839704e+01
9.450749999999999984e-01	1.155391024810822564e+01
9.509090000000000042e-01	1.083973012094121202e+01
9.567890000000000006e-01	1.081602334725899617e+01
9.627750000000000474e-01	1.090268339758069871e+01
9.689229999999999787e-01	1.073921871190511368e+01
9.752680000000000238e-01	1.145061361018883517e+01
9.816639999999999810e-01	1.054326905606603049e+01
9.878930000000000211e-01	1.106240260088934058e+01
9.937399999999999567e-01	1.199846177904438882e+01
9.989850000000000119e-01	1.282264880436912868e+01
1.003457999999999961e+00	1.164137954252225526e+01
1.007338000000000067e+00	1.170997459524392426e+01
1.010966000000000031e+00	1.176673008121687225e+01
1.014685999999999977e+00	1.204441703186241241e+01
1.018841000000000108e+00	1.215412406828681213e+01
1.023735000000000062e+00	1.276903431491190943e+01
1.029328999999999938e+00	1.267551436049964941e+01
1.035408000000000106e+00	1.287598087763211474e+01
1.041754000000000069e+00	1.351504606242949613e+01
1.048148999999999997e+00	1.422090152582724087e+01
1.054391999999999996e+00	1.400999304716868821e+01
1.060446000000000000e+00	1.460241916104589421e+01
1.066368999999999900e+00	1.487132874373288693e+01
1.072216999999999976e+00	1.572717133333889095e+01
1.078049000000000035e+00	1.533172494936536445e+01
1.083920999999999912e+00	1.517669734204813636e+01
1.089842999999999895e+00	1.482844821893591991e+01
1.095801999999999943e+00	1.501606391218025394e+01
1.101780999999999899e+00	1.562719543618943696e+01
1.107765000000000111e+00	1.587304532938381918e+01
1.113739999999999952e+00	1.616947235258800575e+01
1.119699999999999918e+00	1.642924574452058906e+01
1.125650000000000039e+00	1.747017693790931503e+01
1.131594999999999906e+00	1.780709915232572982e+01
1.137537999999999938e+00	1.756886684468383208e+01
1.143483999999999945e+00	1.822118890233958410e+01
1.149432999999999927e+00	1.863467287599915778e+01
1.155386000000000024e+00	1.784665090848879387e+01
1.161338999999999899e+00	1.784934094975359997e+01
1.167294000000000054e+00	1.821634340854118506e+01
1.173246999999999929e+00	1.895642563820102922e+01
1.179200000000000026e+00	1.850128884024033837e+01
1.185151999999999983e+00	1.902020802236784291e+01
1.191103000000000023e+00	1.964533324016371552e+01
1.197054000000000062e+00	1.985483196147514562e+01
1.203006000000000020e+00	1.981451079541109550e+01
1.208957999999999977e+00	1.973819809265810221e+01
1.214909999999999934e+00	1.955799524066348027e+01
1.220861999999999892e+00	1.951408071345566242e+01
1.226814000000000071e+00	2.015340037495582948e+01
1.232765000000000111e+00	1.996286037529038992e+01
1.238717000000000068e+00	2.020039212019971586e+01
1.244668000000000108e+00	2.027466169263509954e+01
1.250620000000000065e+00	2.013523765642126762e+01
1.256572000000000022e+00	2.059613879338416709e+01
1.262526000000000037e+00	2.130049420371988944e+01
1.268480000000000052e+00	2.170818715610646876e+01
1.274434000000000067e+00	2.124992627923500521e+01
1.280386000000000024e+00	2.079954299318978528e+01
1.286335999999999924e+00	2.120993603732735622e+01
1.292281999999999931e+00	2.070511642168215261e+01
1.298224999999999962e+00	2.062654631060261323e+01
1.304170000000000051e+00	2.119743130313252522e+01
1.310119999999999951e+00	2.084870151351691447e+01
1.316079999999999917e+00	2.165472698686727782e+01
1.322052999999999923e+00	2.194073981176910237e+01
1.328036999999999912e+00	2.211384791029930597e+01
1.334017000000000008e+00	2.216996728397995042e+01
1.339976000000000056e+00	2.187362443630352615e+01
1.345900000000000096e+00	2.285609940988241817e+01
1.351774000000000031e+00	2.236104803732690627e+01
1.357607000000000008e+00	2.337944132192607682e+01
1.363453000000000026e+00	2.380388261477945377e+01
1.369372000000000034e+00	2.351032788640127791e+01
1.375421999999999922e+00	2.329890884004947793e+01
1.381658999999999970e+00	2.297135201016727279e+01
1.388052000000000064e+00	2.288368445735087775e+01
1.394403000000000059e+00	2.275173978016589871e+01
1.400492999999999988e+00	2.321041895866327565e+01
1.406104999999999938e+00	2.262235187619504728e+01
1.411021999999999998e+00	2.196311113282963490e+01
1.415195999999999898e+00	2.237757991376482991e+01
1.418924000000000074e+00	2.284107749825241740e+01
1.422549999999999981e+00	2.217476308176525990e+01
1.426417000000000046e+00	2.247915412412835323e+01
1.430868000000000029e+00	2.361823199582862287e+01
1.436091000000000006e+00	2.348275330677723716e+01
1.441923000000000066e+00	2.326697145671410283e+01
1.448144000000000098e+00	2.358694207991986858e+01
1.454538000000000109e+00	2.405267048931584739e+01
1.460887000000000047e+00	2.431457353839881108e+01
1.467041999999999957e+00	2.461432877553456322e+01
1.473030999999999979e+00	2.469807375873552857e+01
1.478914000000000062e+00	2.533791470108313604e+01
1.484749000000000096e+00	2.551540804030780762e+01
1.490591999999999917e+00	2.623351625106525731e+01
1.496488000000000040e+00	2.663417260256963104e+01
1.502428000000000097e+00	2.661546786237760642e+01
1.508397999999999906e+00	2.619198170648207125e+01
1.514380999999999977e+00	2.483109076497958156e+01
1.520361999999999991e+00	2.524427323838723325e+01
1.526329999999999965e+00	2.477869527970178964e+01
1.532284999999999897e+00	2.413975954122745904e+01
1.538232999999999961e+00	2.377415663327851902e+01
1.544175999999999993e+00	2.436870339690762677e+01
1.550119999999999942e+00	2.386422984788749346e+01
1.556068000000000007e+00	2.340476085493816427e+01
1.562019000000000046e+00	2.248436047193099796e+01
1.567971999999999921e+00	2.355935452315226541e+01
1.573925999999999936e+00	2.347975854171650312e+01
1.579879999999999951e+00	2.381065014375409916e+01
1.585833000000000048e+00	2.419235302925414288e+01
1.591785000000000005e+00	2.367687419315133113e+01
1.597736999999999963e+00	2.389006483263056069e+01
1.603688000000000002e+00	2.520417632724753076e+01
1.609639000000000042e+00	2.620269468078673825e+01
1.615590999999999999e+00	2.626108266376958866e+01
1.621542999999999957e+00	2.564250768272960457e+01
1.627494999999999914e+00	2.649022519253676222e+01
1.633447000000000093e+00	2.690941988850122257e+01
1.639399000000000051e+00	2.764519479414429881e+01
1.645350000000000090e+00	2.788100151308645636e+01
1.651302000000000048e+00	2.852541927362942431e+01
1.657253000000000087e+00	2.778030796999388130e+01
1.663205000000000044e+00	2.880905352945258002e+01
1.669157999999999920e+00	2.848377484885306643e+01
1.675111999999999934e+00	2.817339918099227702e+01
1.681065999999999949e+00	2.898207462512705135e+01
1.687019000000000046e+00	2.804568290326432489e+01
1.692971000000000004e+00	2.874101662491295883e+01
1.698919000000000068e+00	2.846368633347637811e+01
1.704863000000000017e+00	2.837885748095098748e+01
1.710806999999999967e+00	2.881182714882553952e+01
1.716752999999999973e+00	2.924855649670951152e+01
1.722706999999999988e+00	2.862153138923927642e+01
1.728671999999999986e+00	2.848126129209105173e+01
1.734652000000000083e+00	3.023004760167201255e+01
1.740636000000000072e+00	3.020890459301312347e+01
1.746609000000000078e+00	3.077372987041190910e+01
1.752555000000000085e+00	2.975493640292879149e+01
1.758458000000000077e+00	3.039490970906869904e+01
1.764308999999999905e+00	3.151928519384339822e+01
1.770140999999999964e+00	3.167101079605437164e+01
1.776011999999999924e+00	3.179800505008257971e+01
1.781979999999999897e+00	3.246604319796156091e+01
1.788105000000000055e+00	3.310806345983557719e+01
1.794426999999999994e+00	3.377243773995742515e+01
1.800829000000000013e+00	3.302105567982652445e+01
1.807091999999999921e+00	3.286345163199694497e+01
1.813002000000000002e+00	3.278040109388629730e+01
1.818338000000000010e+00	3.290082099525891834e+01
1.822912000000000088e+00	3.296553704385793537e+01
1.826850000000000085e+00	3.207718422728719077e+01
1.830492000000000008e+00	3.329219496316299853e+01
1.834179999999999922e+00	3.343914548669145859e+01
1.838259000000000087e+00	3.316076223582591354e+01
1.843048000000000020e+00	3.284587635547731566e+01
1.848562000000000038e+00	3.316258536905871068e+01
1.854589999999999961e+00	3.320638316865367301e+01
1.860913000000000039e+00	3.295025430464424687e+01
1.867313999999999918e+00	3.372448404993829740e+01
1.873583999999999916e+00	3.418541192348733659e+01
1.879660000000000108e+00	3.450935590587555879e+01
1.885596000000000050e+00	3.580166249034817127e+01
1.891450999999999993e+00	3.591351012002021292e+01
1.897281999999999913e+00	3.626276496522357462e+01
1.903146999999999922e+00	3.668941345230210516e+01
1.909062999999999954e+00	3.751564285804747811e+01
1.915018000000000109e+00	3.949619221608215014e+01
1.920995999999999926e+00	3.985124911097533129e+01
1.926979999999999915e+00	4.017741884771195515e+01
1.932955999999999896e+00	4.126015113829635794e+01
1.938917999999999919e+00	4.178184620453072284e+01
1.944868999999999959e+00	4.230479432495067726e+01
1.950814000000000048e+00	4.237249205776686267e+01
1.956757999999999997e+00	4.234351939145664545e+01
1.962703000000000086e+00	4.251388888272954603e+01
1.968652000000000069e+00	4.254044737811445032e+01
1.974604000000000026e+00	4.196716717712754985e+01
1.980558000000000041e+00	4.119001730013782492e+01
1.986512000000000056e+00	4.165931580977150617e+01
1.992466000000000070e+00	4.157524257163065329e+01
1.998418000000000028e+00	4.071948249105179229e+01
2.004370000000000207e+00	4.078080918964640489e+01
2.010321999999999942e+00	4.004803765430755647e+01
2.016272999999999982e+00	4.042765114760685918e+01
2.022224000000000022e+00	4.115169854996903354e+01
2.028176000000000201e+00	4.125491710928100275e+01
2.034127999999999936e+00	4.047767946210480972e+01
2.040080000000000116e+00	4.133149681926132502e+01
2.046031999999999851e+00	4.167588832131931298e+01
2.051984000000000030e+00	4.212253470096934649e+01
2.057935000000000070e+00	4.273961885529764970e+01
2.063886999999999805e+00	4.329595008974383319e+01
2.069837999999999845e+00	4.339214286337161042e+01
2.075791000000000164e+00	4.332391389684976701e+01
2.081744000000000039e+00	4.373773763431528749e+01
2.087698000000000054e+00	4.347561456826566229e+01
2.093652000000000069e+00	4.300560966960730269e+01
2.099604999999999944e+00	4.264449196500449091e+01
2.105554999999999843e+00	4.234754787025938327e+01
2.111501000000000072e+00	4.167464407443653585e+01
2.117445000000000022e+00	4.198776895128155928e+01
2.123388999999999971e+00	4.154130745846148187e+01
2.129338000000000175e+00	4.143837806356954445e+01
2.135295999999999861e+00	4.080572671514676841e+01
2.141268000000000171e+00	4.049168965353566563e+01
2.147250999999999799e+00	4.064153995091292160e+01
2.153232000000000035e+00	4.122391283586837574e+01
2.159196000000000115e+00	4.079406510542106901e+01
2.165125000000000188e+00	4.001617953959821961e+01
2.171006000000000213e+00	4.043745117331128114e+01
2.176841000000000026e+00	4.128911589872524956e+01
2.182682999999999929e+00	4.018463565466863940e+01
2.188588999999999896e+00	4.115908703770788435e+01
2.194618000000000180e+00	4.226430609695709251e+01
2.200828000000000007e+00	4.259079295668180976e+01
2.207209999999999894e+00	4.204472543826954478e+01
2.213579000000000185e+00	4.328570509541545874e+01
2.219714999999999883e+00	4.358434301275658385e+01
2.225403000000000020e+00	4.363354695936051542e+01
2.230423000000000044e+00	4.331854370661988440e+01
2.234681000000000139e+00	4.213901742824226915e+01
2.238447999999999993e+00	4.182203024333686159e+01
2.242068000000000172e+00	4.048756972104904150e+01
2.245884000000000214e+00	3.971200097136897256e+01
2.250237999999999960e+00	3.910198281158747591e+01
2.255365999999999982e+00	3.858034684378738888e+01
2.261130000000000084e+00	3.834658324291122256e+01
2.267313000000000134e+00	3.812614648024914743e+01
2.273696000000000161e+00	3.823220251241845347e+01
2.280063999999999869e+00	3.976604930082787348e+01
2.286243999999999943e+00	4.232418291902844487e+01
2.292251999999999956e+00	4.431035645479010299e+01
2.298146000000000022e+00	4.801438180942514578e+01
2.303983000000000114e+00	5.091844069791213911e+01
2.309822000000000042e+00	5.307409749804271115e+01
2.315710999999999853e+00	5.424826665481587185e+01
2.321645999999999876e+00	5.507031825155033289e+01
2.327612999999999932e+00	5.489651369685268634e+01
2.333594999999999864e+00	5.506342311760507613e+01
2.339576999999999796e+00	5.424284764644743717e+01
2.345546999999999827e+00	5.216130915782985511e+01
2.351503999999999817e+00	4.991441404191392905e+01
2.357451999999999881e+00	4.902297660331210238e+01
2.363395999999999830e+00	4.718171792189804847e+01
2.369339000000000084e+00	4.494043441984452869e+01
2.375286000000000008e+00	4.414631543725423057e+01
2.381237000000000048e+00	4.127377651033452111e+01
2.387189999999999923e+00	3.903622022779418899e+01
2.393143999999999938e+00	3.688657570196338042e+01
2.399097999999999953e+00	3.452465945696804539e+01
2.405050999999999828e+00	3.383655131927898907e+01
2.411004000000000147e+00	3.288048692427408781e+01
2.416955999999999882e+00	3.294377589883806934e+01
2.422906999999999922e+00	3.396156022842534838e+01
2.428857999999999961e+00	3.569516111851168461e+01
2.434809000000000001e+00	3.972335415363790645e+01
2.440760000000000041e+00	4.436416200115133535e+01
2.446712000000000220e+00	4.961538101642497622e+01
2.452663999999999955e+00	5.438204944599269197e+01
2.458616999999999830e+00	5.689940446570759747e+01
2.464570999999999845e+00	5.624891917956169607e+01
2.470524999999999860e+00	5.407114318023322141e+01
2.476478000000000179e+00	4.990748125496045162e+01
2.482429999999999914e+00	4.571492481274209041e+01
2.488377999999999979e+00	4.168732399953954371e+01
2.494323000000000068e+00	3.752747191086483980e+01
2.500265999999999877e+00	3.572926616317333526e+01
2.506212000000000106e+00	3.464051132144673062e+01
2.512164999999999981e+00	3.473053726277908737e+01
2.518129000000000062e+00	3.747145450088849827e+01
2.524108000000000018e+00	4.302585545003361034e+01
2.530091999999999786e+00	4.768696054237510396e+01
2.536067000000000071e+00	5.291248905779035283e+01
2.542015999999999831e+00	5.831317452802792189e+01
2.547924000000000078e+00	6.067165345288858447e+01
2.553779000000000021e+00	6.190921927172639272e+01
2.559610000000000163e+00	6.030945438655724899e+01
2.565475000000000172e+00	5.477083529381763327e+01
2.571432000000000162e+00	5.088832195578301310e+01
2.577539999999999942e+00	4.605218759384201377e+01
2.583845999999999865e+00	4.217221975590047833e+01
2.590249000000000024e+00	3.933906690167944475e+01
2.596534000000000120e+00	3.804653696859704581e+01
2.602485000000000159e+00	3.739570157753955471e+01
2.607883000000000173e+00	3.786213767714757950e+01
2.612527000000000044e+00	3.799611295765704000e+01
2.616509000000000196e+00	3.869029730053799199e+01
2.620163999999999938e+00	3.934739985892574055e+01
2.623834000000000000e+00	3.953531752847485592e+01
2.627863000000000060e+00	3.954349188160447426e+01
2.632579999999999920e+00	3.787925796259649758e+01
2.638037000000000187e+00	3.634293849981715852e+01
2.644026000000000209e+00	3.320682599427179582e+01
2.650332000000000132e+00	3.061989551556893119e+01
2.656734000000000151e+00	2.804132212800268675e+01
2.663022999999999918e+00	2.674779010262898993e+01
2.669115000000000126e+00	2.601772808874327936e+01
2.675060999999999911e+00	2.422280582859218612e+01
2.680919999999999970e+00	2.452665720720017717e+01
2.686751000000000111e+00	2.453464671711639866e+01
2.692610999999999866e+00	2.429152575223437793e+01
2.698523999999999923e+00	2.418689181865721238e+01
2.704476000000000102e+00	2.445619970225023820e+01
2.710452000000000083e+00	2.449306414054170133e+01
2.716435999999999851e+00	2.508817531223351338e+01
2.722412999999999972e+00	2.402794670417496548e+01
2.728375999999999912e+00	2.503727801624315674e+01
2.734328000000000092e+00	2.495306865167110288e+01
2.740273999999999877e+00	2.438363833162278027e+01
2.746217000000000130e+00	2.648115398812879917e+01
2.752162000000000219e+00	2.844163049935855270e+01
2.758110999999999979e+00	3.014915141826572764e+01
2.764063000000000159e+00	3.209247075804962890e+01
2.770016000000000034e+00	3.322559617179197033e+01
2.775971000000000188e+00	3.427811786807730243e+01
2.781924000000000063e+00	3.322643396967281859e+01
2.787876999999999938e+00	3.171008413302924822e+01
2.793829000000000118e+00	2.937939450946976550e+01
2.799780999999999853e+00	2.682467689912530773e+01
2.805731999999999893e+00	2.501483483894564586e+01
2.811682999999999932e+00	2.525666688487201483e+01
2.817635000000000112e+00	2.733200367676433729e+01
2.823586999999999847e+00	3.089271041418441044e+01
2.829539000000000026e+00	3.448897075491686337e+01
2.835491000000000206e+00	3.822419380290656221e+01
2.841442999999999941e+00	3.895242647946486869e+01
2.847395000000000120e+00	3.894098655754038418e+01
2.853346999999999856e+00	3.560012353458343881e+01
2.859299000000000035e+00	3.138204647575991402e+01
2.865251000000000214e+00	2.791178261223529589e+01
2.871201999999999810e+00	2.430993545918194343e+01
2.877153999999999989e+00	1.940286480743811381e+01
2.883106000000000169e+00	1.763120306091907707e+01
2.889057999999999904e+00	1.587526725725480325e+01
2.895010000000000083e+00	1.533960956604874859e+01
2.900961999999999819e+00	1.596822369831012978e+01
2.906913999999999998e+00	1.876973397735572036e+01
2.912866000000000177e+00	2.098101611643514275e+01
2.918817999999999913e+00	2.519572371915625197e+01
2.924770000000000092e+00	2.980467175556778869e+01
2.930721000000000132e+00	3.268429745732639446e+01
2.936672999999999867e+00	3.627298646410961425e+01
2.942625000000000046e+00	3.826366056306997621e+01
2.948576999999999781e+00	3.957362001794840722e+01
2.954528999999999961e+00	3.768738654763076568e+01
2.960481000000000140e+00	3.509229319636180122e+01
2.966432999999999875e+00	3.063628683568977351e+01
2.972385000000000055e+00	2.392509520782824239e+01
2.978336999999999790e+00	1.684101164136328777e+01
2.984288999999999970e+00	8.902639050927795950e+00
2.990240000000000009e+00	-1.520357983898123488e-01
2.996192000000000188e+00	-6.809313322356485010e+00
3.002143999999999924e+00	-1.293876203789742796e+01
3.008096000000000103e+00	-1.799471341463926422e+01
3.014047999999999838e+00	-1.984791077697988371e+01
3.020000000000000018e+00	-1.976237431071244544e+01
