1.199999999999999956e-01	5.703259999999999996e-01
1.249780000000000058e-01	9.861269999999999758e-01
1.305999999999999939e-01	1.350089000000000095e+00
1.367059999999999942e-01	1.666136000000000061e+00
1.431360000000000132e-01	1.938191999999999915e+00
1.497320000000000040e-01	2.170182000000000055e+00
1.563350000000000017e-01	2.366029999999999855e+00
1.627850000000000130e-01	2.529660999999999937e+00
1.689219999999999888e-01	2.665000000000000036e+00
1.745889999999999942e-01	2.775971000000000188e+00
1.796250000000000069e-01	2.866499000000000130e+00
1.839349999999999874e-01	2.940128000000000075e+00
1.877439999999999942e-01	2.998473000000000166e+00
1.913779999999999926e-01	3.042530999999999874e+00
1.951660000000000061e-01	3.073299000000000003e+00
1.994340000000000002e-01	3.091775000000000162e+00
2.044499999999999929e-01	3.099095000000000155e+00
2.101250000000000062e-01	3.097198000000000118e+00
2.162479999999999958e-01	3.088306000000000218e+00
2.226049999999999973e-01	3.074645999999999990e+00
2.289819999999999911e-01	3.058440000000000047e+00
2.351930000000000132e-01	3.041999999999999815e+00
2.412249999999999950e-01	3.028189999999999937e+00
2.471349999999999936e-01	3.020096999999999809e+00
2.529799999999999827e-01	3.020811000000000135e+00
2.588170000000000193e-01	3.033418999999999865e+00
2.646970000000000156e-01	3.060489000000000015e+00
2.706259999999999777e-01	3.100699999999999790e+00
2.765880000000000005e-01	3.150980999999999810e+00
2.825679999999999858e-01	3.208251999999999882e+00
2.885510000000000019e-01	3.269435000000000091e+00
2.945229999999999793e-01	3.331504999999999939e+00
3.004809999999999981e-01	3.391922999999999799e+00
3.064310000000000089e-01	3.448390999999999984e+00
3.123750000000000138e-01	3.498615000000000030e+00
3.183190000000000186e-01	3.540297999999999945e+00
3.242650000000000254e-01	3.571485000000000021e+00
3.302149999999999808e-01	3.593525000000000080e+00
3.361680000000000224e-01	3.609624000000000166e+00
3.421210000000000084e-01	3.623012000000000121e+00
3.480759999999999965e-01	3.636916999999999955e+00
3.540289999999999826e-01	3.654422999999999977e+00
3.599809999999999954e-01	3.676988000000000145e+00
3.659330000000000083e-01	3.705049999999999955e+00
3.718839999999999923e-01	3.739030000000000076e+00
3.778360000000000052e-01	3.779348999999999847e+00
3.837869999999999893e-01	3.826274999999999871e+00
3.897390000000000021e-01	3.878092000000000095e+00
3.956910000000000149e-01	3.931690000000000129e+00
4.016429999999999723e-01	3.983934000000000086e+00
4.075949999999999851e-01	4.031685999999999659e+00
4.135469999999999979e-01	4.071946999999999761e+00
4.194979999999999820e-01	4.103797000000000139e+00
4.254499999999999948e-01	4.127931000000000239e+00
4.314009999999999789e-01	4.145088999999999579e+00
4.373540000000000205e-01	4.156009000000000064e+00
4.433079999999999798e-01	4.161512000000000100e+00
4.492619999999999947e-01	4.163893999999999984e+00
4.552160000000000095e-01	4.166724000000000316e+00
4.611680000000000224e-01	4.173613999999999713e+00
4.671170000000000044e-01	4.188176000000000343e+00
4.730619999999999825e-01	4.213922000000000168e+00
4.790059999999999873e-01	4.252226000000000283e+00
4.849510000000000209e-01	4.302406999999999648e+00
4.909020000000000050e-01	4.363699999999999690e+00
4.968629999999999991e-01	4.435342000000000340e+00
5.028390000000000359e-01	4.516531999999999769e+00
5.088230000000000253e-01	4.605508000000000379e+00
5.148009999999999531e-01	4.699483999999999995e+00
5.207570000000000254e-01	4.795624000000000109e+00
5.266750000000000043e-01	4.891092000000000439e+00
5.325410000000000421e-01	4.983084999999999987e+00
5.383719999999999617e-01	5.069898000000000238e+00
5.442249999999999588e-01	5.151124000000000258e+00
5.501580000000000359e-01	5.226436999999999777e+00
5.562289999999999734e-01	5.295505000000000351e+00
5.624930000000000208e-01	5.358012999999999693e+00
5.688929999999999820e-01	5.414133999999999780e+00
5.752220000000000111e-01	5.464693999999999718e+00
5.812610000000000277e-01	5.510558999999999763e+00
5.867949999999999555e-01	5.552597999999999701e+00
5.916080000000000227e-01	5.591679000000000066e+00
5.957040000000000113e-01	5.628612000000000393e+00
5.993990000000000151e-01	5.664120999999999739e+00
6.030370000000000452e-01	5.698927000000000298e+00
6.069609999999999728e-01	5.733748000000000289e+00
6.115110000000000268e-01	5.769307999999999659e+00
6.168270000000000142e-01	5.806587000000000387e+00
6.227219999999999978e-01	5.846989999999999910e+00
6.289789999999999548e-01	5.891962000000000366e+00
6.353790000000000271e-01	5.942946000000000062e+00
6.417070000000000274e-01	6.001377999999999879e+00
6.478369999999999962e-01	6.068068000000000239e+00
6.538089999999999735e-01	6.142674000000000412e+00
6.596819999999999906e-01	6.224732000000000376e+00
6.655140000000000500e-01	6.313779000000000252e+00
6.713630000000000431e-01	6.409345000000000070e+00
6.772660000000000347e-01	6.509994999999999976e+00
6.832110000000000127e-01	6.612332999999999572e+00
6.891829999999999901e-01	6.712717999999999741e+00
6.951669999999999794e-01	6.807513000000000147e+00
7.011469999999999647e-01	6.893085000000000129e+00
7.071119999999999628e-01	6.966930999999999763e+00
7.130670000000000064e-01	7.029128000000000043e+00
7.190130000000000132e-01	7.080110999999999599e+00
7.249569999999999625e-01	7.120317000000000007e+00
7.309010000000000229e-01	7.150184000000000317e+00
7.368489999999999762e-01	7.171215000000000117e+00
7.428000000000000158e-01	7.187643999999999700e+00
7.487530000000000019e-01	7.204133999999999816e+00
7.547080000000000455e-01	7.225348999999999577e+00
7.606619999999999493e-01	7.255950999999999596e+00
7.666140000000000176e-01	7.299701999999999913e+00
7.725670000000000037e-01	7.357771999999999757e+00
7.785180000000000433e-01	7.430868000000000251e+00
7.844689999999999719e-01	7.519696999999999854e+00
7.904210000000000402e-01	7.624966999999999828e+00
7.963729999999999976e-01	7.746633000000000102e+00
8.023249999999999549e-01	7.882221000000000366e+00
8.082770000000000232e-01	8.028764000000000678e+00
8.142289999999999806e-01	8.183296000000000348e+00
8.201800000000000201e-01	8.342850000000000321e+00
8.261319999999999775e-01	8.504815999999999931e+00
8.320830000000000171e-01	8.667882000000000531e+00
8.380349999999999744e-01	8.831032999999999689e+00
8.439870000000000427e-01	8.993252999999999275e+00
8.499400000000000288e-01	9.153525999999999385e+00
8.558940000000000436e-01	9.311035000000000394e+00
8.618479999999999475e-01	9.465764999999999318e+00
8.678010000000000446e-01	9.617910999999999433e+00
8.737519999999999731e-01	9.767668999999999713e+00
8.797000000000000375e-01	9.915233999999999881e+00
8.856439999999999868e-01	1.006034200000000034e+01
8.915870000000000184e-01	1.020059900000000042e+01
8.975349999999999717e-01	1.033299000000000056e+01
9.034900000000000153e-01	1.045449900000000021e+01
9.094569999999999599e-01	1.056211200000000083e+01
9.154379999999999740e-01	1.065322899999999962e+01
9.214210000000000456e-01	1.072743099999999927e+01
9.273909999999999654e-01	1.078501699999999985e+01
9.333329999999999682e-01	1.082628500000000038e+01
9.392300000000000093e-01	1.085153200000000062e+01
9.450749999999999984e-01	1.086167099999999941e+01
9.509090000000000042e-01	1.086126699999999978e+01
9.567890000000000006e-01	1.085623600000000089e+01
9.627750000000000474e-01	1.085249199999999981e+01
9.689229999999999787e-01	1.085595099999999924e+01
9.752680000000000238e-01	1.087218299999999971e+01
9.816639999999999810e-01	1.090441299999999991e+01
9.878930000000000211e-01	1.095489700000000077e+01
9.937399999999999567e-01	1.102588700000000088e+01
9.989850000000000119e-01	1.111963700000000088e+01
1.003457999999999961e+00	1.123797700000000077e+01
1.007338000000000067e+00	1.137949500000000036e+01
1.010966000000000031e+00	1.154127100000000006e+01
1.014685999999999977e+00	1.172038200000000074e+01
1.018841000000000108e+00	1.191390099999999919e+01
1.023735000000000062e+00	1.211902300000000032e+01
1.029328999999999938e+00	1.233399000000000001e+01
1.035408000000000106e+00	1.255759199999999964e+01
1.041754000000000069e+00	1.278861900000000063e+01
1.048148999999999997e+00	1.302586499999999958e+01
1.054391999999999996e+00	1.326821299999999937e+01
1.060446000000000000e+00	1.351546899999999951e+01
1.066368999999999900e+00	1.376797200000000032e+01
1.072216999999999976e+00	1.402606600000000014e+01
1.078049000000000035e+00	1.429009699999999938e+01
1.083920999999999912e+00	1.456026699999999963e+01
1.089842999999999895e+00	1.483508999999999922e+01
1.095801999999999943e+00	1.511200000000000010e+01
1.101780999999999899e+00	1.538840899999999934e+01
1.107765000000000111e+00	1.566172899999999935e+01
1.113739999999999952e+00	1.592940499999999915e+01
1.119699999999999918e+00	1.618930200000000141e+01
1.125650000000000039e+00	1.643958599999999848e+01
1.131594999999999906e+00	1.667842999999999876e+01
1.137537999999999938e+00	1.690400800000000103e+01
1.143483999999999945e+00	1.711462099999999964e+01
1.149432999999999927e+00	1.731060700000000097e+01
1.155386000000000024e+00	1.749392999999999887e+01
1.161338999999999899e+00	1.766659999999999897e+01
1.167294000000000054e+00	1.783062500000000128e+01
1.173246999999999929e+00	1.798796899999999965e+01
1.179200000000000026e+00	1.813972100000000154e+01
1.185151999999999983e+00	1.828619199999999978e+01
1.191103000000000023e+00	1.842766699999999958e+01
1.197054000000000062e+00	1.856443099999999902e+01
1.203006000000000020e+00	1.869671900000000164e+01
1.208957999999999977e+00	1.882364000000000104e+01
1.214909999999999934e+00	1.894319199999999981e+01
1.220861999999999892e+00	1.905332599999999843e+01
1.226814000000000071e+00	1.915199300000000093e+01
1.232765000000000111e+00	1.923722599999999971e+01
1.238717000000000068e+00	1.930931199999999848e+01
1.244668000000000108e+00	1.937100900000000081e+01
1.250620000000000065e+00	1.942520000000000024e+01
1.256572000000000022e+00	1.947476800000000097e+01
1.262526000000000037e+00	1.952262299999999939e+01
1.268480000000000052e+00	1.957257299999999844e+01
1.274434000000000067e+00	1.962951800000000091e+01
1.280386000000000024e+00	1.969842399999999927e+01
1.286335999999999924e+00	1.978425700000000020e+01
1.292281999999999931e+00	1.989191200000000137e+01
1.298224999999999962e+00	2.002320599999999828e+01
1.304170000000000051e+00	2.017577899999999858e+01
1.310119999999999951e+00	2.034697800000000001e+01
1.316079999999999917e+00	2.053414599999999979e+01
1.322052999999999923e+00	2.073458799999999869e+01
1.328036999999999912e+00	2.094328000000000145e+01
1.334017000000000008e+00	2.115168800000000005e+01
1.339976000000000056e+00	2.135098500000000143e+01
1.345900000000000096e+00	2.153234700000000146e+01
1.351774000000000031e+00	2.168698600000000098e+01
1.357607000000000008e+00	2.180902000000000029e+01
1.363453000000000026e+00	2.189745200000000125e+01
1.369372000000000034e+00	2.195175000000000054e+01
1.375421999999999922e+00	2.197138700000000000e+01
1.381658999999999970e+00	2.195586600000000033e+01
1.388052000000000064e+00	2.190851999999999933e+01
1.394403000000000059e+00	2.183986000000000161e+01
1.400492999999999988e+00	2.176118500000000111e+01
1.406104999999999938e+00	2.168379699999999843e+01
1.411021999999999998e+00	2.161898599999999959e+01
1.415195999999999898e+00	2.157648100000000113e+01
1.418924000000000074e+00	2.156273499999999999e+01
1.422549999999999981e+00	2.158379000000000048e+01
1.426417000000000046e+00	2.164568500000000029e+01
1.430868000000000029e+00	2.175444999999999851e+01
1.436091000000000006e+00	2.191261899999999940e+01
1.441923000000000066e+00	2.211452600000000146e+01
1.448144000000000098e+00	2.235332899999999867e+01
1.454538000000000109e+00	2.262218599999999924e+01
1.460887000000000047e+00	2.291424800000000062e+01
1.467041999999999957e+00	2.321990200000000115e+01
1.473030999999999979e+00	2.352224199999999854e+01
1.478914000000000062e+00	2.380317900000000009e+01
1.484749000000000096e+00	2.404461900000000085e+01
1.490591999999999917e+00	2.422847399999999851e+01
1.496488000000000040e+00	2.434061000000000163e+01
1.502428000000000097e+00	2.437859600000000171e+01
1.508397999999999906e+00	2.434216299999999933e+01
1.514380999999999977e+00	2.423104100000000116e+01
1.520361999999999991e+00	2.404495999999999967e+01
1.526329999999999965e+00	2.378860399999999942e+01
1.532284999999999897e+00	2.348317799999999878e+01
1.538232999999999961e+00	2.315333499999999844e+01
1.544175999999999993e+00	2.282372499999999960e+01
1.550119999999999942e+00	2.251899900000000088e+01
1.556068000000000007e+00	2.226140399999999886e+01
1.562019000000000046e+00	2.206413099999999972e+01
1.567971999999999921e+00	2.193824400000000097e+01
1.573925999999999936e+00	2.189480400000000060e+01
1.579879999999999951e+00	2.194487499999999969e+01
1.585833000000000048e+00	2.209592900000000171e+01
1.591785000000000005e+00	2.234017899999999912e+01
1.597736999999999963e+00	2.266578799999999916e+01
1.603688000000000002e+00	2.306091599999999886e+01
1.609639000000000042e+00	2.351372500000000088e+01
1.615590999999999999e+00	2.401066900000000004e+01
1.621542999999999957e+00	2.453001499999999879e+01
1.627494999999999914e+00	2.504757299999999987e+01
1.633447000000000093e+00	2.553915299999999888e+01
1.639399000000000051e+00	2.598056700000000063e+01
1.645350000000000090e+00	2.635130399999999895e+01
1.651302000000000048e+00	2.665080899999999886e+01
1.657253000000000087e+00	2.688526299999999836e+01
1.663205000000000044e+00	2.706085500000000010e+01
1.669157999999999920e+00	2.718376999999999910e+01
1.675111999999999934e+00	2.726111999999999824e+01
1.681065999999999949e+00	2.730569600000000108e+01
1.687019000000000046e+00	2.733244200000000035e+01
1.692971000000000004e+00	2.735630899999999954e+01
1.698919000000000068e+00	2.739224600000000009e+01
1.704863000000000017e+00	2.745427300000000059e+01
1.710806999999999967e+00	2.754992000000000019e+01
1.716752999999999973e+00	2.768395500000000098e+01
1.722706999999999988e+00	2.786113599999999835e+01
1.728671999999999986e+00	2.808622000000000085e+01
1.734652000000000083e+00	2.836301200000000122e+01
1.740636000000000072e+00	2.868774099999999905e+01
1.746609000000000078e+00	2.905302400000000063e+01
1.752555000000000085e+00	2.945145700000000133e+01
1.758458000000000077e+00	2.987563600000000008e+01
1.764308999999999905e+00	3.031692699999999974e+01
1.770140999999999964e+00	3.075555299999999903e+01
1.776011999999999924e+00	3.116579099999999869e+01
1.781979999999999897e+00	3.152186599999999927e+01
1.788105000000000055e+00	3.179800200000000032e+01
1.794426999999999994e+00	3.197094099999999983e+01
1.800829000000000013e+00	3.204369100000000259e+01
1.807091999999999921e+00	3.203488899999999973e+01
1.813002000000000002e+00	3.196337499999999920e+01
1.818338000000000010e+00	3.184799100000000038e+01
1.822912000000000088e+00	3.170783899999999988e+01
1.826850000000000085e+00	3.156515900000000130e+01
1.830492000000000008e+00	3.144427400000000006e+01
1.834179999999999922e+00	3.136954199999999915e+01
1.838259000000000087e+00	3.136532100000000156e+01
1.843048000000000020e+00	3.145499900000000082e+01
1.848562000000000038e+00	3.164832900000000038e+01
1.854589999999999961e+00	3.194500100000000131e+01
1.860913000000000039e+00	3.234447399999999817e+01
1.867313999999999918e+00	3.284620300000000270e+01
1.873583999999999916e+00	3.344892600000000016e+01
1.879660000000000108e+00	3.413947000000000287e+01
1.885596000000000050e+00	3.489489600000000280e+01
1.891450999999999993e+00	3.569197599999999682e+01
1.897281999999999913e+00	3.650748200000000310e+01
1.903146999999999922e+00	3.731797499999999701e+01
1.909062999999999954e+00	3.809586699999999837e+01
1.915018000000000109e+00	3.880978900000000209e+01
1.920995999999999926e+00	3.942823400000000333e+01
1.926979999999999915e+00	3.991969300000000231e+01
1.932955999999999896e+00	4.025374000000000052e+01
1.938917999999999919e+00	4.042536700000000138e+01
1.944868999999999959e+00	4.045532599999999945e+01
1.950814000000000048e+00	4.036551699999999698e+01
1.956757999999999997e+00	4.017783899999999875e+01
1.962703000000000086e+00	3.991429999999999723e+01
1.968652000000000069e+00	3.960010100000000222e+01
1.974604000000000026e+00	3.926403599999999727e+01
1.980558000000000041e+00	3.893508700000000289e+01
1.986512000000000056e+00	3.864224000000000103e+01
1.992466000000000070e+00	3.841414100000000076e+01
1.998418000000000028e+00	3.826735899999999901e+01
2.004370000000000207e+00	3.820335000000000036e+01
2.010321999999999942e+00	3.822261199999999803e+01
2.016272999999999982e+00	3.832564500000000152e+01
2.022224000000000022e+00	3.851294899999999899e+01
2.028176000000000201e+00	3.878502100000000041e+01
2.034127999999999936e+00	3.914235500000000201e+01
2.040080000000000116e+00	3.958544599999999747e+01
2.046031999999999851e+00	4.011478900000000181e+01
2.051984000000000030e+00	4.073045400000000171e+01
2.057935000000000070e+00	4.140699599999999947e+01
2.063886999999999805e+00	4.207942500000000052e+01
2.069837999999999845e+00	4.267934900000000198e+01
2.075791000000000164e+00	4.313837600000000094e+01
2.081744000000000039e+00	4.338853900000000152e+01
2.087698000000000054e+00	4.339667899999999889e+01
2.093652000000000069e+00	4.318977999999999895e+01
2.099604999999999944e+00	4.280079599999999829e+01
2.105554999999999843e+00	4.226268199999999808e+01
2.111501000000000072e+00	4.160844300000000118e+01
2.117445000000000022e+00	4.087722500000000281e+01
2.123388999999999971e+00	4.012001399999999762e+01
2.129338000000000175e+00	3.938914400000000171e+01
2.135295999999999861e+00	3.873695000000000022e+01
2.141268000000000171e+00	3.821566899999999833e+01
2.147250999999999799e+00	3.785960599999999943e+01
2.153232000000000035e+00	3.766440000000000055e+01
2.159196000000000115e+00	3.762065599999999677e+01
2.165125000000000188e+00	3.771897899999999737e+01
2.171006000000000213e+00	3.794995600000000024e+01
2.176841000000000026e+00	3.829838300000000118e+01
2.182682999999999929e+00	3.873505399999999810e+01
2.188588999999999896e+00	3.922869599999999934e+01
2.194618000000000180e+00	3.974803200000000203e+01
2.200828000000000007e+00	4.026178199999999663e+01
2.207209999999999894e+00	4.073573499999999825e+01
2.213579000000000185e+00	4.112773399999999668e+01
2.219714999999999883e+00	4.139428399999999897e+01
2.225403000000000020e+00	4.149189200000000000e+01
2.230423000000000044e+00	4.137707799999999736e+01
2.234681000000000139e+00	4.103083999999999776e+01
2.238447999999999993e+00	4.050886899999999713e+01
2.242068000000000172e+00	3.988105699999999842e+01
2.245884000000000214e+00	3.921729100000000301e+01
2.250237999999999960e+00	3.858746399999999710e+01
2.255365999999999982e+00	3.807321499999999759e+01
2.261130000000000084e+00	3.779658400000000285e+01
2.267313000000000134e+00	3.788828699999999827e+01
2.273696000000000161e+00	3.847904400000000180e+01
2.280063999999999869e+00	3.969957300000000089e+01
2.286243999999999943e+00	4.160806399999999883e+01
2.292251999999999956e+00	4.398126299999999844e+01
2.298146000000000022e+00	4.652765300000000082e+01
2.303983000000000114e+00	4.895571900000000198e+01
2.309822000000000042e+00	5.097394299999999845e+01
2.315710999999999853e+00	5.234058900000000136e+01
2.321645999999999876e+00	5.303199500000000199e+01
2.327612999999999932e+00	5.308420100000000019e+01
2.333594999999999864e+00	5.253324800000000039e+01
2.339576999999999796e+00	5.141517999999999944e+01
2.345546999999999827e+00	4.978223299999999796e+01
2.351503999999999817e+00	4.776679099999999778e+01
2.357451999999999881e+00	4.552597800000000206e+01
2.363395999999999830e+00	4.321692699999999832e+01
2.369339000000000084e+00	4.099677199999999999e+01
2.375286000000000008e+00	3.900111900000000276e+01
2.381237000000000048e+00	3.724512000000000000e+01
2.387189999999999923e+00	3.570205200000000190e+01
2.393143999999999938e+00	3.434514899999999926e+01
2.399097999999999953e+00	3.314764699999999920e+01
2.405050999999999828e+00	3.211921499999999696e+01
2.411004000000000147e+00	3.150052799999999920e+01
2.416955999999999882e+00	3.162250600000000134e+01
2.422906999999999922e+00	3.281627799999999695e+01
2.428857999999999961e+00	3.541297200000000345e+01
2.434809000000000001e+00	3.962839100000000059e+01
2.440760000000000041e+00	4.484777799999999814e+01
2.446712000000000220e+00	5.009246900000000124e+01
2.452663999999999955e+00	5.438225599999999815e+01
2.458616999999999830e+00	5.673693099999999845e+01
2.464570999999999845e+00	5.631585599999999658e+01
2.470524999999999860e+00	5.342411100000000346e+01
2.476478000000000179e+00	4.892864300000000100e+01
2.482429999999999914e+00	4.370027100000000075e+01
2.488377999999999979e+00	3.860981300000000260e+01
2.494323000000000068e+00	3.448252200000000300e+01
2.500265999999999877e+00	3.171551099999999934e+01
2.506212000000000106e+00	3.047130800000000050e+01
2.512164999999999981e+00	3.091004099999999966e+01
2.518129000000000062e+00	3.319183600000000212e+01
2.524108000000000018e+00	3.741212500000000318e+01
2.530091999999999786e+00	4.296684499999999929e+01
2.536067000000000071e+00	4.882441899999999890e+01
2.542015999999999831e+00	5.394714100000000201e+01
2.547924000000000078e+00	5.729730299999999943e+01
2.553779000000000021e+00	5.792333200000000204e+01
2.559610000000000163e+00	5.595208000000000226e+01
2.565475000000000172e+00	5.224462299999999715e+01
2.571432000000000162e+00	4.767612700000000103e+01
2.577539999999999942e+00	4.312175599999999775e+01
2.583845999999999865e+00	3.941581200000000251e+01
2.590249000000000024e+00	3.679558800000000218e+01
2.596534000000000120e+00	3.504607899999999887e+01
2.602485000000000159e+00	3.394105600000000322e+01
2.607883000000000173e+00	3.325429100000000204e+01
2.612527000000000044e+00	3.276106500000000210e+01
2.616509000000000196e+00	3.226264900000000324e+01
2.620163999999999938e+00	3.158220299999999980e+01
2.623834000000000000e+00	3.054357399999999956e+01
2.627863000000000060e+00	2.897060700000000111e+01
2.632579999999999920e+00	2.669870699999999886e+01
2.638037000000000187e+00	2.380007900000000021e+01
2.644026000000000209e+00	2.056862800000000036e+01
2.650332000000000132e+00	1.730679400000000001e+01
2.656734000000000151e+00	1.431701900000000016e+01
2.663022999999999918e+00	1.189340800000000087e+01
2.669115000000000126e+00	1.012404300000000035e+01
2.675060999999999911e+00	8.882669999999999177e+00
2.680919999999999970e+00	8.033039999999999736e+00
2.686751000000000111e+00	7.438902999999999821e+00
2.692610999999999866e+00	6.966516000000000375e+00
2.698523999999999923e+00	6.558070999999999984e+00
2.704476000000000102e+00	6.243558000000000163e+00
2.710452000000000083e+00	6.057854999999999990e+00
2.716435999999999851e+00	6.035841999999999707e+00
2.722412999999999972e+00	6.212246999999999630e+00
2.728375999999999912e+00	6.616168000000000049e+00
2.734328000000000092e+00	7.269453999999999638e+00
2.740273999999999877e+00	8.193483000000000516e+00
2.746217000000000130e+00	9.409629000000000687e+00
2.752162000000000219e+00	1.093549400000000027e+01
2.758110999999999979e+00	1.260473999999999961e+01
2.764063000000000159e+00	1.398800600000000038e+01
2.770016000000000034e+00	1.463570400000000049e+01
2.775971000000000188e+00	1.409824500000000036e+01
2.781924000000000063e+00	1.193322900000000075e+01
2.787876999999999938e+00	8.162727000000000288e+00
2.793829000000000118e+00	3.548455000000000137e+00
2.799780999999999853e+00	-1.081882000000000010e+00
2.805731999999999893e+00	-4.900583000000000133e+00
2.811682999999999932e+00	-7.086396999999999835e+00
2.817635000000000112e+00	-7.394468999999999959e+00
2.823586999999999847e+00	-6.603436999999999557e+00
2.829539000000000026e+00	-5.597164000000000250e+00
2.835491000000000206e+00	-5.259509999999999685e+00
2.841442999999999941e+00	-6.469934000000000296e+00
2.847395000000000120e+00	-9.532882999999999996e+00
2.853346999999999856e+00	-1.361252700000000004e+01
2.859299000000000035e+00	-1.773868399999999923e+01
2.865251000000000214e+00	-2.094117400000000018e+01
2.871201999999999810e+00	-2.225191200000000080e+01
2.877153999999999989e+00	-2.113622799999999913e+01
2.883106000000000169e+00	-1.802100199999999930e+01
2.889057999999999904e+00	-1.346237600000000079e+01
2.895010000000000083e+00	-8.016489999999999227e+00
2.900961999999999819e+00	-2.239126000000000172e+00
2.906913999999999998e+00	3.446318999999999910e+00
2.912866000000000177e+00	8.945667000000000257e+00
2.918817999999999913e+00	1.421504999999999974e+01
2.924770000000000092e+00	1.921060299999999899e+01
2.930721000000000132e+00	2.388839499999999916e+01
2.936672999999999867e+00	2.815501400000000132e+01
2.942625000000000046e+00	3.177882400000000018e+01
2.948576999999999781e+00	3.450424300000000244e+01
2.954528999999999961e+00	3.607568899999999701e+01
2.960481000000000140e+00	3.623763699999999943e+01
2.966432999999999875e+00	3.487215700000000140e+01
2.972385000000000055e+00	3.229387599999999736e+01
2.978336999999999790e+00	2.890220300000000009e+01
2.984288999999999970e+00	2.509654700000000105e+01
2.990240000000000009e+00	2.127631500000000031e+01
2.996192000000000188e+00	1.784091799999999850e+01
3.002143999999999924e+00	1.518976299999999924e+01
3.008096000000000103e+00	1.372225899999999932e+01
3.014047999999999838e+00	1.383781500000000086e+01
3.020000000000000018e+00	1.593583899999999964e+01
