1.199999999999999956e-01	1.221691247259693469e+00
1.249780000000000058e-01	2.326457132203607614e+00
1.305999999999999939e-01	3.072550778802959126e+00
1.367059999999999942e-01	3.418901129351354928e+00
1.431360000000000132e-01	4.051150425450644299e+00
1.497320000000000040e-01	3.882102777804350868e+00
1.563350000000000017e-01	3.990063239094164604e+00
1.627850000000000130e-01	4.254437288769851833e+00
1.689219999999999888e-01	3.787749104028969249e+00
1.745889999999999942e-01	3.316034939531963044e+00
1.796250000000000069e-01	2.902391133224390796e+00
1.839349999999999874e-01	2.522301638965860349e+00
1.877439999999999942e-01	2.767466215150360842e+00
1.913779999999999926e-01	2.489642437481758730e+00
1.951660000000000061e-01	2.688128788178985928e+00
1.994340000000000002e-01	2.237182485236649754e+00
2.044499999999999929e-01	2.085925204960922041e+00
2.101250000000000062e-01	2.347034739061459874e+00
2.162479999999999958e-01	2.152111072936885527e+00
2.226049999999999973e-01	2.440477087846051329e+00
2.289819999999999911e-01	2.417026445185360028e+00
2.351930000000000132e-01	2.654902049202354952e+00
2.412249999999999950e-01	3.017754214117440270e+00
2.471349999999999936e-01	3.184950259327417932e+00
2.529799999999999827e-01	3.185917618699718901e+00
2.588170000000000193e-01	3.602497576995212114e+00
2.646970000000000156e-01	4.291351412722763214e+00
2.706259999999999777e-01	4.213388378655046118e+00
2.765880000000000005e-01	3.713621819011344360e+00
2.825679999999999858e-01	4.273123163132341418e+00
2.885510000000000019e-01	4.232773942978714565e+00
2.945229999999999793e-01	3.302585223822080085e+00
3.004809999999999981e-01	3.419426914019747521e+00
3.064310000000000089e-01	2.630921000935726006e+00
3.123750000000000138e-01	2.507700372606210593e+00
3.183190000000000186e-01	2.463232366716054500e+00
3.242650000000000254e-01	2.701344115651038269e+00
3.302149999999999808e-01	2.778985566023276288e+00
3.361680000000000224e-01	3.316338422441081235e+00
3.421210000000000084e-01	4.008991197474717438e+00
3.480759999999999965e-01	3.899151746639762717e+00
3.540289999999999826e-01	4.464632312461525032e+00
3.599809999999999954e-01	4.962553986152218322e+00
3.659330000000000083e-01	5.265013876511320134e+00
3.718839999999999923e-01	5.097607939136632460e+00
3.778360000000000052e-01	5.397329050036526077e+00
3.837869999999999893e-01	5.253730128892190265e+00
3.897390000000000021e-01	5.525113669696521512e+00
3.956910000000000149e-01	5.489891499881959902e+00
4.016429999999999723e-01	5.706331900420686942e+00
4.075949999999999851e-01	5.488448997738110791e+00
4.135469999999999979e-01	5.542194470865395850e+00
4.194979999999999820e-01	5.669996003233426229e+00
4.254499999999999948e-01	5.391971211941484654e+00
4.314009999999999789e-01	5.465534639906740821e+00
4.373540000000000205e-01	5.247343402987770133e+00
4.433079999999999798e-01	5.441189774443820681e+00
4.492619999999999947e-01	5.725867271864457209e+00
4.552160000000000095e-01	5.663477040265893159e+00
4.611680000000000224e-01	5.890127564020207984e+00
4.671170000000000044e-01	5.727873691246129439e+00
4.730619999999999825e-01	5.970061778331219315e+00
4.790059999999999873e-01	6.048837420901647555e+00
4.849510000000000209e-01	5.591124515703289610e+00
4.909020000000000050e-01	5.280811493454685035e+00
4.968629999999999991e-01	4.830476018290766227e+00
5.028390000000000359e-01	4.995613121987357630e+00
5.088230000000000253e-01	4.218213856117045246e+00
5.148009999999999531e-01	3.878471337113207795e+00
5.207570000000000254e-01	3.463883985720809466e+00
5.266750000000000043e-01	3.714998854383935623e+00
5.325410000000000421e-01	3.938040727410361708e+00
5.383719999999999617e-01	4.169675549234524325e+00
5.442249999999999588e-01	4.957674465943414432e+00
5.501580000000000359e-01	6.119747203919868817e+00
5.562289999999999734e-01	6.419107987503927859e+00
5.624930000000000208e-01	6.789497662553692692e+00
5.688929999999999820e-01	7.042859633512880357e+00
5.752220000000000111e-01	6.954960208554911816e+00
5.812610000000000277e-01	6.838950569969812321e+00
5.867949999999999555e-01	7.021438688039411957e+00
5.916080000000000227e-01	6.883247579409553119e+00
5.957040000000000113e-01	6.494402013273157692e+00
5.993990000000000151e-01	6.720155423940014749e+00
6.030370000000000452e-01	6.538790308900957804e+00
6.069609999999999728e-01	6.719728456661665739e+00
6.115110000000000268e-01	7.013642577768616881e+00
6.168270000000000142e-01	7.909080598205838086e+00
6.227219999999999978e-01	7.970405623393425287e+00
6.289789999999999548e-01	8.297194901191012661e+00
6.353790000000000271e-01	8.426053092402156608e+00
6.417070000000000274e-01	8.475396039059379660e+00
6.478369999999999962e-01	8.700547151594864914e+00
6.538089999999999735e-01	8.573017836367908373e+00
6.596819999999999906e-01	8.106971061546520474e+00
6.655140000000000500e-01	7.562675610987396269e+00
6.713630000000000431e-01	7.650217814720064347e+00
6.772660000000000347e-01	7.443430433211416286e+00
6.832110000000000127e-01	7.677490801787060448e+00
6.891829999999999901e-01	7.567320462928877944e+00
6.951669999999999794e-01	7.944974064818005388e+00
7.011469999999999647e-01	8.166315426954525947e+00
7.071119999999999628e-01	8.182296391892483811e+00
7.130670000000000064e-01	8.140185887292801681e+00
7.190130000000000132e-01	8.839524709888962661e+00
7.249569999999999625e-01	8.663973597341673383e+00
7.309010000000000229e-01	8.620256872857057218e+00
7.368489999999999762e-01	8.678216890275276540e+00
7.428000000000000158e-01	8.086770117392156010e+00
7.487530000000000019e-01	8.540282419536115555e+00
7.547080000000000455e-01	7.997970772500416992e+00
7.606619999999999493e-01	7.896488147439484351e+00
7.666140000000000176e-01	8.063852114628023315e+00
7.725670000000000037e-01	8.093527719612346516e+00
7.785180000000000433e-01	8.707388420432197407e+00
7.844689999999999719e-01	8.731921441746250068e+00
7.904210000000000402e-01	8.589713580838905571e+00
7.963729999999999976e-01	8.534643646613018220e+00
8.023249999999999549e-01	8.183953999224740983e+00
8.082770000000000232e-01	7.985551390084722811e+00
8.142289999999999806e-01	7.702668238259436251e+00
8.201800000000000201e-01	8.214296913309549808e+00
8.261319999999999775e-01	8.485021826436101477e+00
8.320830000000000171e-01	9.402859342215146299e+00
8.380349999999999744e-01	9.755305981609904364e+00
8.439870000000000427e-01	1.055675801050998608e+01
8.499400000000000288e-01	1.081713354791002324e+01
8.558940000000000436e-01	1.034145925429790402e+01
8.618479999999999475e-01	1.017272651500089253e+01
8.678010000000000446e-01	9.702689132628549373e+00
8.737519999999999731e-01	9.669150973499149870e+00
8.797000000000000375e-01	9.530402439863655317e+00
8.856439999999999868e-01	1.020285860377247822e+01
8.915870000000000184e-01	1.064095521237593545e+01
8.975349999999999717e-01	1.180895415420033423e+01
9.034900000000000153e-01	1.234671302593255504e+01
9.094569999999999599e-01	1.328446243504352786e+01
9.154379999999999740e-01	1.382716774759262890e+01
9.214210000000000456e-01	1.401987072227101017e+01
9.273909999999999654e-01	1.376083550947753054e+01
9.333329999999999682e-01	1.322960273595473524e+01
9.392300000000000093e-01	1.276742261904436582e+01
9.450749999999999984e-01	1.271822193991382832e+01
9.509090000000000042e-01	1.263711837365894830e+01
9.567890000000000006e-01	1.257738383005902705e+01
9.627750000000000474e-01	1.233352588933626670e+01
9.689229999999999787e-01	1.231506649337496384e+01
9.752680000000000238e-01	1.195447728273886412e+01
9.816639999999999810e-01	1.190759399510700156e+01
9.878930000000000211e-01	1.172633304206737215e+01
9.937399999999999567e-01	1.178584399036022567e+01
9.989850000000000119e-01	1.167381900707837872e+01
1.003457999999999961e+00	1.173709935695334217e+01
1.007338000000000067e+00	1.201181759567247020e+01
1.010966000000000031e+00	1.236438215820900588e+01
1.014685999999999977e+00	1.200744971950136630e+01
1.018841000000000108e+00	1.242868624073709150e+01
1.023735000000000062e+00	1.275749763572854789e+01
1.029328999999999938e+00	1.320708768960152213e+01
1.035408000000000106e+00	1.350158883437302215e+01
1.041754000000000069e+00	1.396536732003109016e+01
1.048148999999999997e+00	1.417083324941750710e+01
1.054391999999999996e+00	1.388008004189262223e+01
1.060446000000000000e+00	1.391626530208976575e+01
1.066368999999999900e+00	1.369456217851083935e+01
1.072216999999999976e+00	1.369519055030676213e+01
1.078049000000000035e+00	1.359277250943569726e+01
1.083920999999999912e+00	1.416694916007745420e+01
1.089842999999999895e+00	1.461645036592081937e+01
1.095801999999999943e+00	1.537565867212320292e+01
1.101780999999999899e+00	1.580481108685280134e+01
1.107765000000000111e+00	1.626001556939603887e+01
1.113739999999999952e+00	1.632585409608426730e+01
1.119699999999999918e+00	1.625747718548431209e+01
1.125650000000000039e+00	1.654782086955601628e+01
1.131594999999999906e+00	1.649101312690853760e+01
1.137537999999999938e+00	1.641115845418314834e+01
1.143483999999999945e+00	1.658330043116934505e+01
1.149432999999999927e+00	1.748193555275393507e+01
1.155386000000000024e+00	1.780526591633767453e+01
1.161338999999999899e+00	1.874495883854752876e+01
1.167294000000000054e+00	1.942650987232052628e+01
1.173246999999999929e+00	2.019951563575722275e+01
1.179200000000000026e+00	2.060715422360092930e+01
1.185151999999999983e+00	2.037935515993264701e+01
1.191103000000000023e+00	2.073181332371666130e+01
1.197054000000000062e+00	2.038896879113881866e+01
1.203006000000000020e+00	1.998199472803351284e+01
1.208957999999999977e+00	1.989780645502419532e+01
1.214909999999999934e+00	1.965341076533615805e+01
1.220861999999999892e+00	1.954155565831484154e+01
1.226814000000000071e+00	1.942874567932523888e+01
1.232765000000000111e+00	1.949070739853767265e+01
1.238717000000000068e+00	1.971768497407148502e+01
1.244668000000000108e+00	2.035842331798547988e+01
1.250620000000000065e+00	2.078849801489594640e+01
1.256572000000000022e+00	2.112246575884534749e+01
1.262526000000000037e+00	2.125212911409452587e+01
1.268480000000000052e+00	2.217730969419503140e+01
1.274434000000000067e+00	2.228376710226002544e+01
1.280386000000000024e+00	2.181817449431232703e+01
1.286335999999999924e+00	2.223812475143036949e+01
1.292281999999999931e+00	2.227938346881636633e+01
1.298224999999999962e+00	2.185630370406672895e+01
1.304170000000000051e+00	2.160848447263807515e+01
1.310119999999999951e+00	2.108848142088883293e+01
1.316079999999999917e+00	2.062171732910114841e+01
1.322052999999999923e+00	2.105924664560401638e+01
1.328036999999999912e+00	2.137871098386299451e+01
1.334017000000000008e+00	2.145312047355348639e+01
1.339976000000000056e+00	2.174692684772114859e+01
1.345900000000000096e+00	2.187693667438936984e+01
1.351774000000000031e+00	2.250470485193318737e+01
1.357607000000000008e+00	2.293465496226570011e+01
1.363453000000000026e+00	2.294248740429946309e+01
1.369372000000000034e+00	2.327180186036595444e+01
1.375421999999999922e+00	2.349206520072036852e+01
1.381658999999999970e+00	2.361565496626344185e+01
1.388052000000000064e+00	2.329625509745807932e+01
1.394403000000000059e+00	2.307285839799125426e+01
1.400492999999999988e+00	2.284819886143237966e+01
1.406104999999999938e+00	2.306262064085486330e+01
1.411021999999999998e+00	2.234952060843677657e+01
1.415195999999999898e+00	2.229775626304020264e+01
1.418924000000000074e+00	2.205314471677536758e+01
1.422549999999999981e+00	2.201256856594950406e+01
1.426417000000000046e+00	2.262091970710647715e+01
1.430868000000000029e+00	2.268669708308795663e+01
1.436091000000000006e+00	2.325481569932549775e+01
1.441923000000000066e+00	2.365541911648004358e+01
1.448144000000000098e+00	2.393828429862490736e+01
1.454538000000000109e+00	2.449417817348813742e+01
1.460887000000000047e+00	2.523943908270343073e+01
1.467041999999999957e+00	2.508917275797058011e+01
1.473030999999999979e+00	2.600341736437388107e+01
1.478914000000000062e+00	2.583533070471594684e+01
1.484749000000000096e+00	2.586970764527774591e+01
1.490591999999999917e+00	2.571105763644434816e+01
1.496488000000000040e+00	2.537565842420076834e+01
1.502428000000000097e+00	2.517578408080597896e+01
1.508397999999999906e+00	2.439459605687173749e+01
1.514380999999999977e+00	2.422341605282552379e+01
1.520361999999999991e+00	2.426301198856741337e+01
1.526329999999999965e+00	2.431283949783619747e+01
1.532284999999999897e+00	2.432931840590570260e+01
1.538232999999999961e+00	2.454052041479615909e+01
1.544175999999999993e+00	2.457403506030093254e+01
1.550119999999999942e+00	2.459405293733113496e+01
1.556068000000000007e+00	2.462318057491534162e+01
1.562019000000000046e+00	2.470606969608618897e+01
1.567971999999999921e+00	2.406315561859649321e+01
1.573925999999999936e+00	2.376273009274492054e+01
1.579879999999999951e+00	2.381254676075675292e+01
1.585833000000000048e+00	2.367063863374090005e+01
1.591785000000000005e+00	2.353911412869598863e+01
1.597736999999999963e+00	2.377357804202392799e+01
1.603688000000000002e+00	2.446867085813351395e+01
1.609639000000000042e+00	2.489880352802197905e+01
1.615590999999999999e+00	2.555557990119559619e+01
1.621542999999999957e+00	2.644778620597590191e+01
1.627494999999999914e+00	2.747258590963732772e+01
1.633447000000000093e+00	2.832977327490074870e+01
1.639399000000000051e+00	2.927923280236628045e+01
1.645350000000000090e+00	2.967843781385069590e+01
1.651302000000000048e+00	2.930944158983495029e+01
1.657253000000000087e+00	2.926026087667915476e+01
1.663205000000000044e+00	2.922953615816388862e+01
1.669157999999999920e+00	2.867445478152894012e+01
1.675111999999999934e+00	2.805875760289357501e+01
1.681065999999999949e+00	2.767372659403232049e+01
1.687019000000000046e+00	2.767869619370960166e+01
1.692971000000000004e+00	2.689846751223361920e+01
1.698919000000000068e+00	2.657543169042502740e+01
1.704863000000000017e+00	2.618418042550121427e+01
1.710806999999999967e+00	2.616484811371075736e+01
1.716752999999999973e+00	2.631569831572311102e+01
1.722706999999999988e+00	2.655700229160569847e+01
1.728671999999999986e+00	2.644229007175308155e+01
1.734652000000000083e+00	2.666100602618678295e+01
1.740636000000000072e+00	2.709648149452123533e+01
1.746609000000000078e+00	2.770853109282802507e+01
1.752555000000000085e+00	2.789020233094782597e+01
1.758458000000000077e+00	2.846134768571842955e+01
1.764308999999999905e+00	2.816975831110722339e+01
1.770140999999999964e+00	2.948017351313254153e+01
1.776011999999999924e+00	2.978207362429578708e+01
1.781979999999999897e+00	2.982214652806696975e+01
1.788105000000000055e+00	2.988081583952165232e+01
1.794426999999999994e+00	3.022146923851409994e+01
1.800829000000000013e+00	3.026222838547275629e+01
1.807091999999999921e+00	3.031735318160943038e+01
1.813002000000000002e+00	3.051346553619171686e+01
1.818338000000000010e+00	3.032036324628581525e+01
1.822912000000000088e+00	3.003256955275279338e+01
1.826850000000000085e+00	2.967759630419375583e+01
1.830492000000000008e+00	3.002825987259587492e+01
1.834179999999999922e+00	2.974655695396657151e+01
1.838259000000000087e+00	2.965786693850595768e+01
1.843048000000000020e+00	2.953632952996344940e+01
1.848562000000000038e+00	2.944198606966447329e+01
1.854589999999999961e+00	2.975167340751738720e+01
1.860913000000000039e+00	2.990247461244582539e+01
1.867313999999999918e+00	3.020006480420672546e+01
1.873583999999999916e+00	3.040402025666339370e+01
1.879660000000000108e+00	3.158828549326286605e+01
1.885596000000000050e+00	3.283873735338561062e+01
1.891450999999999993e+00	3.387622390984289211e+01
1.897281999999999913e+00	3.445248845159776607e+01
1.903146999999999922e+00	3.555571979371266167e+01
1.909062999999999954e+00	3.648091880620081895e+01
1.915018000000000109e+00	3.664903611173301101e+01
1.920995999999999926e+00	3.769110396425053722e+01
1.926979999999999915e+00	3.748091580074027718e+01
1.932955999999999896e+00	3.778878616548194458e+01
1.938917999999999919e+00	3.766742094087329917e+01
1.944868999999999959e+00	3.780294421273395500e+01
1.950814000000000048e+00	3.769001676514940158e+01
1.956757999999999997e+00	3.702989700626297775e+01
1.962703000000000086e+00	3.655980733576659247e+01
1.968652000000000069e+00	3.610666396807332745e+01
1.974604000000000026e+00	3.525904086290131545e+01
1.980558000000000041e+00	3.443381284980917911e+01
1.986512000000000056e+00	3.374207838353305533e+01
1.992466000000000070e+00	3.302529178436333979e+01
1.998418000000000028e+00	3.288535508732380208e+01
2.004370000000000207e+00	3.262201314655465012e+01
2.010321999999999942e+00	3.240442978170043631e+01
2.016272999999999982e+00	3.284046638333280299e+01
2.022224000000000022e+00	3.353981674879294417e+01
2.028176000000000201e+00	3.377400412306032251e+01
2.034127999999999936e+00	3.406760717954955453e+01
2.040080000000000116e+00	3.541228474955450167e+01
2.046031999999999851e+00	3.601678272177066731e+01
2.051984000000000030e+00	3.634866023309033523e+01
2.057935000000000070e+00	3.739407846236867528e+01
2.063886999999999805e+00	3.764074239848184078e+01
2.069837999999999845e+00	3.824177158613176175e+01
2.075791000000000164e+00	3.848244023682881476e+01
2.081744000000000039e+00	3.906278475009004580e+01
2.087698000000000054e+00	3.959184715621597661e+01
2.093652000000000069e+00	3.994559175178689259e+01
2.099604999999999944e+00	3.995052366274246225e+01
2.105554999999999843e+00	4.051734224193182854e+01
2.111501000000000072e+00	3.999125858211699835e+01
2.117445000000000022e+00	3.970972748505853644e+01
2.123388999999999971e+00	3.876905267755592632e+01
2.129338000000000175e+00	3.833453680224418747e+01
2.135295999999999861e+00	3.726871236082249084e+01
2.141268000000000171e+00	3.654791535537444958e+01
2.147250999999999799e+00	3.590735705278832057e+01
2.153232000000000035e+00	3.579357530188217140e+01
2.159196000000000115e+00	3.540399683648953300e+01
2.165125000000000188e+00	3.550951011364499976e+01
2.171006000000000213e+00	3.648914089515550785e+01
2.176841000000000026e+00	3.770296750189091028e+01
2.182682999999999929e+00	3.849371917409307997e+01
2.188588999999999896e+00	3.959521896147411724e+01
2.194618000000000180e+00	4.101534374319433596e+01
2.200828000000000007e+00	4.133591630566792219e+01
2.207209999999999894e+00	4.140316308996702332e+01
2.213579000000000185e+00	4.117425988937367265e+01
2.219714999999999883e+00	4.063329015662721133e+01
2.225403000000000020e+00	4.000928299370118424e+01
2.230423000000000044e+00	3.876750708856238248e+01
2.234681000000000139e+00	3.788076198659312865e+01
2.238447999999999993e+00	3.687817886655039956e+01
2.242068000000000172e+00	3.604056455686285432e+01
2.245884000000000214e+00	3.449045215670672349e+01
2.250237999999999960e+00	3.336762055097318580e+01
2.255365999999999982e+00	3.220880569922461234e+01
2.261130000000000084e+00	3.159816647281546409e+01
2.267313000000000134e+00	3.100481474989707920e+01
2.273696000000000161e+00	3.089216895481907699e+01
2.280063999999999869e+00	3.120720807571254340e+01
2.286243999999999943e+00	3.175401339660269429e+01
2.292251999999999956e+00	3.282030771600871333e+01
2.298146000000000022e+00	3.435367926475538525e+01
2.303983000000000114e+00	3.557924953908721477e+01
2.309822000000000042e+00	3.712141160616346269e+01
2.315710999999999853e+00	3.864374169627409827e+01
2.321645999999999876e+00	3.964659812241401937e+01
2.327612999999999932e+00	4.058984426531771561e+01
2.333594999999999864e+00	4.132723234247005450e+01
2.339576999999999796e+00	4.195108229426545421e+01
2.345546999999999827e+00	4.225879904136077414e+01
2.351503999999999817e+00	4.180987391952055532e+01
2.357451999999999881e+00	4.168946347241658401e+01
2.363395999999999830e+00	4.107435550640234112e+01
2.369339000000000084e+00	4.041359958351534942e+01
2.375286000000000008e+00	3.980022395273181246e+01
2.381237000000000048e+00	3.904179215458832175e+01
2.387189999999999923e+00	3.840412949403397391e+01
2.393143999999999938e+00	3.782011900954463357e+01
2.399097999999999953e+00	3.713575823728125869e+01
2.405050999999999828e+00	3.690236589870973916e+01
2.411004000000000147e+00	3.647856348878580945e+01
2.416955999999999882e+00	3.672623459668604085e+01
2.422906999999999922e+00	3.692502340043193954e+01
2.428857999999999961e+00	3.713998663067848582e+01
2.434809000000000001e+00	3.788987454882449413e+01
2.440760000000000041e+00	3.811609813831027793e+01
2.446712000000000220e+00	3.928739423478651105e+01
2.452663999999999955e+00	3.958705074181226280e+01
2.458616999999999830e+00	3.981712725781952855e+01
2.464570999999999845e+00	3.960453554818606392e+01
2.470524999999999860e+00	3.944149991564502500e+01
2.476478000000000179e+00	3.907928267589061022e+01
2.482429999999999914e+00	3.957214167617072320e+01
2.488377999999999979e+00	3.958533112541257992e+01
2.494323000000000068e+00	4.059965424390801303e+01
2.500265999999999877e+00	4.214117137229361276e+01
2.506212000000000106e+00	4.424356401646480208e+01
2.512164999999999981e+00	4.646007172454111611e+01
2.518129000000000062e+00	4.845055844739938777e+01
2.524108000000000018e+00	5.034911741671674434e+01
2.530091999999999786e+00	5.140892813551467810e+01
2.536067000000000071e+00	5.182357056032729048e+01
2.542015999999999831e+00	5.215177829530820475e+01
2.547924000000000078e+00	5.057395426525377502e+01
2.553779000000000021e+00	4.774775515204478182e+01
2.559610000000000163e+00	4.506946798044418045e+01
2.565475000000000172e+00	4.082190916485161125e+01
2.571432000000000162e+00	3.831673305828121556e+01
2.577539999999999942e+00	3.687449911383519208e+01
2.583845999999999865e+00	3.788848106080233435e+01
2.590249000000000024e+00	4.083080437772243698e+01
2.596534000000000120e+00	4.496753888332977311e+01
2.602485000000000159e+00	4.885330615254363096e+01
2.607883000000000173e+00	5.198900768658548799e+01
2.612527000000000044e+00	5.304489232395541620e+01
2.616509000000000196e+00	5.243721864190865034e+01
2.620163999999999938e+00	4.970035045656381101e+01
2.623834000000000000e+00	4.602587511604591697e+01
2.627863000000000060e+00	4.228880914525253587e+01
2.632579999999999920e+00	3.801553610838764286e+01
2.638037000000000187e+00	3.423245672335269063e+01
2.644026000000000209e+00	3.098413226163641099e+01
2.650332000000000132e+00	2.788240848320497278e+01
2.656734000000000151e+00	2.586422647606721270e+01
2.663022999999999918e+00	2.456966099476460030e+01
2.669115000000000126e+00	2.344593268191407276e+01
2.675060999999999911e+00	2.351586428522022487e+01
2.680919999999999970e+00	2.401281361617252585e+01
2.686751000000000111e+00	2.471991804975200324e+01
2.692610999999999866e+00	2.585138201171099226e+01
2.698523999999999923e+00	2.711650929922107522e+01
2.704476000000000102e+00	2.847290862905474285e+01
2.710452000000000083e+00	3.009979760895687306e+01
2.716435999999999851e+00	3.134516419758586281e+01
2.722412999999999972e+00	3.352503089896161015e+01
2.728375999999999912e+00	3.520786576040728733e+01
2.734328000000000092e+00	3.695746818984149229e+01
2.740273999999999877e+00	3.839075909967277056e+01
2.746217000000000130e+00	3.785827480842315396e+01
2.752162000000000219e+00	3.697878355857154276e+01
2.758110999999999979e+00	3.410218636938324011e+01
2.764063000000000159e+00	3.032644051889618453e+01
2.770016000000000034e+00	2.604850352436122307e+01
2.775971000000000188e+00	2.197497637283487748e+01
2.781924000000000063e+00	1.866463100872875103e+01
2.787876999999999938e+00	1.573233800867443044e+01
2.793829000000000118e+00	1.379917088297049865e+01
2.799780999999999853e+00	1.212623739309541548e+01
2.805731999999999893e+00	1.107719774526559853e+01
2.811682999999999932e+00	1.017963200707235139e+01
2.817635000000000112e+00	9.061306810057359939e+00
2.823586999999999847e+00	8.531855890178697166e+00
2.829539000000000026e+00	7.655692908049473111e+00
2.835491000000000206e+00	8.113471734237384325e+00
2.841442999999999941e+00	7.776456989046785395e+00
2.847395000000000120e+00	8.298514819034174650e+00
2.853346999999999856e+00	9.320908874920560194e+00
2.859299000000000035e+00	1.044023382598799188e+01
2.865251000000000214e+00	1.239828905829737415e+01
2.871201999999999810e+00	1.393274085704920395e+01
2.877153999999999989e+00	1.602560681273547871e+01
2.883106000000000169e+00	1.804305067319896239e+01
2.889057999999999904e+00	2.033922397213671829e+01
2.895010000000000083e+00	2.207381275132815546e+01
2.900961999999999819e+00	2.323731854229452054e+01
2.906913999999999998e+00	2.386474813036672771e+01
2.912866000000000177e+00	2.454688932395198719e+01
2.918817999999999913e+00	2.365565914837350903e+01
2.924770000000000092e+00	2.227140843744310672e+01
2.930721000000000132e+00	2.031539639858631929e+01
2.936672999999999867e+00	1.759324945160588527e+01
2.942625000000000046e+00	1.468064373139881162e+01
2.948576999999999781e+00	1.142781597331364196e+01
2.954528999999999961e+00	8.271971315779525824e+00
2.960481000000000140e+00	5.532020874576896396e+00
2.966432999999999875e+00	3.201902297584185320e+00
2.972385000000000055e+00	1.442620016717155451e+00
2.978336999999999790e+00	6.503193024684519319e-01
2.984288999999999970e+00	1.490805946795736303e-01
2.990240000000000009e+00	1.284721319369930281e-01
2.996192000000000188e+00	1.302720148201442552e+00
3.002143999999999924e+00	1.940171655182501009e+00
3.008096000000000103e+00	4.377777273139344061e+00
3.014047999999999838e+00	6.569126277682522996e+00
3.020000000000000018e+00	9.782471686337620653e+00
