1.199999999999999956e-01	4.197856999999999950e+00
1.249780000000000058e-01	4.003622000000000014e+00
1.305999999999999939e-01	3.863328999999999791e+00
1.367059999999999942e-01	3.769301000000000013e+00
1.431360000000000132e-01	3.713858999999999799e+00
1.497320000000000040e-01	3.689328000000000163e+00
1.563350000000000017e-01	3.688026999999999944e+00
1.627850000000000130e-01	3.702281000000000155e+00
1.689219999999999888e-01	3.724410000000000220e+00
1.745889999999999942e-01	3.746738000000000124e+00
1.796250000000000069e-01	3.761585999999999874e+00
1.839349999999999874e-01	3.761355000000000004e+00
1.877439999999999942e-01	3.738850999999999924e+00
1.913779999999999926e-01	3.687006999999999923e+00
1.951660000000000061e-01	3.598755000000000148e+00
1.994340000000000002e-01	3.467029000000000138e+00
2.044499999999999929e-01	3.289371000000000045e+00
2.101250000000000062e-01	3.089926000000000172e+00
2.162479999999999958e-01	2.902365000000000084e+00
2.226049999999999973e-01	2.760368000000000155e+00
2.289819999999999911e-01	2.697617000000000154e+00
2.351930000000000132e-01	2.740463999999999789e+00
2.412249999999999950e-01	2.867293000000000092e+00
2.471349999999999936e-01	3.037201000000000040e+00
2.529799999999999827e-01	3.209232999999999780e+00
2.588170000000000193e-01	3.342433000000000209e+00
2.646970000000000156e-01	3.402502999999999833e+00
2.706259999999999777e-01	3.404663999999999913e+00
2.765880000000000005e-01	3.386458000000000190e+00
2.825679999999999858e-01	3.385536999999999797e+00
2.885510000000000019e-01	3.439550000000000107e+00
2.945229999999999793e-01	3.579237000000000002e+00
3.004809999999999981e-01	3.776677999999999980e+00
3.064310000000000089e-01	3.974377000000000049e+00
3.123750000000000138e-01	4.114607000000000347e+00
3.183190000000000186e-01	4.139644999999999797e+00
3.242650000000000254e-01	4.000427000000000177e+00
3.302149999999999808e-01	3.732145000000000046e+00
3.361680000000000224e-01	3.417441999999999869e+00
3.421210000000000084e-01	3.139489999999999892e+00
3.480759999999999965e-01	2.981462000000000057e+00
3.540289999999999826e-01	3.019315000000000193e+00
3.599809999999999954e-01	3.248121999999999954e+00
3.659330000000000083e-01	3.612166999999999906e+00
3.718839999999999923e-01	4.054943999999999882e+00
3.778360000000000052e-01	4.519949999999999690e+00
3.837869999999999893e-01	4.952028999999999570e+00
3.897390000000000021e-01	5.313551000000000357e+00
3.956910000000000149e-01	5.579145999999999717e+00
4.016429999999999723e-01	5.723694000000000059e+00
4.075949999999999851e-01	5.722074000000000105e+00
4.135469999999999979e-01	5.552805000000000213e+00
4.194979999999999820e-01	5.249746000000000024e+00
4.254499999999999948e-01	4.889804999999999957e+00
4.314009999999999789e-01	4.551026000000000238e+00
4.373540000000000205e-01	4.311454999999999593e+00
4.433079999999999798e-01	4.245110999999999635e+00
4.492619999999999947e-01	4.353759000000000157e+00
4.552160000000000095e-01	4.576666999999999597e+00
4.611680000000000224e-01	4.851042999999999772e+00
4.671170000000000044e-01	5.114093000000000444e+00
4.730619999999999825e-01	5.305054000000000158e+00
4.790059999999999873e-01	5.406644000000000005e+00
4.849510000000000209e-01	5.443379000000000190e+00
4.909020000000000050e-01	5.441467000000000276e+00
4.968629999999999991e-01	5.427114999999999689e+00
5.028390000000000359e-01	5.426126000000000005e+00
5.088230000000000253e-01	5.453770999999999702e+00
5.148009999999999531e-01	5.514077999999999591e+00
5.207570000000000254e-01	5.610524999999999984e+00
5.266750000000000043e-01	5.746589000000000169e+00
5.325410000000000421e-01	5.925428000000000139e+00
5.383719999999999617e-01	6.139921000000000184e+00
5.442249999999999588e-01	6.370750000000000135e+00
5.501580000000000359e-01	6.597884999999999778e+00
5.562289999999999734e-01	6.801298000000000066e+00
5.624930000000000208e-01	6.961326999999999821e+00
5.688929999999999820e-01	7.073038999999999632e+00
5.752220000000000111e-01	7.150945000000000107e+00
5.812610000000000277e-01	7.210886000000000351e+00
5.867949999999999555e-01	7.268704999999999750e+00
5.916080000000000227e-01	7.340037999999999840e+00
5.957040000000000113e-01	7.429842999999999975e+00
5.993990000000000151e-01	7.527391999999999861e+00
6.030370000000000452e-01	7.620706000000000202e+00
6.069609999999999728e-01	7.697803999999999647e+00
6.115110000000000268e-01	7.746736000000000288e+00
6.168270000000000142e-01	7.757624999999999993e+00
6.227219999999999978e-01	7.723990999999999829e+00
6.289789999999999548e-01	7.639664999999999928e+00
6.353790000000000271e-01	7.498478999999999672e+00
6.417070000000000274e-01	7.294444999999999624e+00
6.478369999999999962e-01	7.039101999999999748e+00
6.538089999999999735e-01	6.775975999999999999e+00
6.596819999999999906e-01	6.551998000000000211e+00
6.655140000000000500e-01	6.414096999999999937e+00
6.713630000000000431e-01	6.409013999999999989e+00
6.772660000000000347e-01	6.555488999999999677e+00
6.832110000000000127e-01	6.815179999999999794e+00
6.891829999999999901e-01	7.142789999999999750e+00
6.951669999999999794e-01	7.493020999999999709e+00
7.011469999999999647e-01	7.820630999999999666e+00
7.071119999999999628e-01	8.093151999999999902e+00
7.130670000000000064e-01	8.307273000000000351e+00
7.190130000000000132e-01	8.463732000000000255e+00
7.249569999999999625e-01	8.563266000000000489e+00
7.309010000000000229e-01	8.606626000000000332e+00
7.368489999999999762e-01	8.600097999999999132e+00
7.428000000000000158e-01	8.564132999999999996e+00
7.487530000000000019e-01	8.521416999999999575e+00
7.547080000000000455e-01	8.494638000000000133e+00
7.606619999999999493e-01	8.506472000000000477e+00
7.666140000000000176e-01	8.569736000000000686e+00
7.725670000000000037e-01	8.668882999999999228e+00
7.785180000000000433e-01	8.783300999999999803e+00
7.844689999999999719e-01	8.892374999999999474e+00
7.904210000000000402e-01	8.975493000000000166e+00
7.963729999999999976e-01	9.023645999999999390e+00
8.023249999999999549e-01	9.065397000000000816e+00
8.082770000000000232e-01	9.136901999999999191e+00
8.142289999999999806e-01	9.274317999999999174e+00
8.201800000000000201e-01	9.513799000000000561e+00
8.261319999999999775e-01	9.871840000000000614e+00
8.320830000000000171e-01	1.029311700000000052e+01
8.380349999999999744e-01	1.070590999999999937e+01
8.439870000000000427e-01	1.103850100000000012e+01
8.499400000000000288e-01	1.121917099999999934e+01
8.558940000000000436e-01	1.120003299999999946e+01
8.618479999999999475e-01	1.103145999999999916e+01
8.678010000000000446e-01	1.078914400000000029e+01
8.737519999999999731e-01	1.054878000000000071e+01
8.797000000000000375e-01	1.038605800000000023e+01
8.856439999999999868e-01	1.035894200000000076e+01
8.915870000000000184e-01	1.044284500000000016e+01
8.975349999999999717e-01	1.058918000000000070e+01
9.034900000000000153e-01	1.074935499999999955e+01
9.094569999999999599e-01	1.087477999999999945e+01
9.154379999999999740e-01	1.092845499999999959e+01
9.214210000000000456e-01	1.093436900000000023e+01
9.273909999999999654e-01	1.093649600000000000e+01
9.333329999999999682e-01	1.097882099999999994e+01
9.392300000000000093e-01	1.110533000000000037e+01
9.450749999999999984e-01	1.134683899999999923e+01
9.509090000000000042e-01	1.165574600000000061e+01
9.567890000000000006e-01	1.195554500000000075e+01
9.627750000000000474e-01	1.216967999999999961e+01
9.689229999999999787e-01	1.222160000000000046e+01
9.752680000000000238e-01	1.205362299999999998e+01
9.816639999999999810e-01	1.173555499999999974e+01
9.878930000000000211e-01	1.138995700000000078e+01
9.937399999999999567e-01	1.113955999999999946e+01
9.989850000000000119e-01	1.110709199999999974e+01
1.003457999999999961e+00	1.139395400000000080e+01
1.007338000000000067e+00	1.193761100000000042e+01
1.010966000000000031e+00	1.259951900000000080e+01
1.014685999999999977e+00	1.324071900000000035e+01
1.018841000000000108e+00	1.372225300000000026e+01
1.023735000000000062e+00	1.392262500000000003e+01
1.029328999999999938e+00	1.387364299999999950e+01
1.035408000000000106e+00	1.368659399999999948e+01
1.041754000000000069e+00	1.347344099999999933e+01
1.048148999999999997e+00	1.334614499999999992e+01
1.054391999999999996e+00	1.340550299999999950e+01
1.060446000000000000e+00	1.363986700000000063e+01
1.066368999999999900e+00	1.397250099999999939e+01
1.072216999999999976e+00	1.432587900000000047e+01
1.078049000000000035e+00	1.462247200000000014e+01
1.083920999999999912e+00	1.479248199999999969e+01
1.089842999999999895e+00	1.485594500000000018e+01
1.095801999999999943e+00	1.489085799999999971e+01
1.101780999999999899e+00	1.497618300000000069e+01
1.107765000000000111e+00	1.519088200000000022e+01
1.113739999999999952e+00	1.560595299999999952e+01
1.119699999999999918e+00	1.618480500000000077e+01
1.125650000000000039e+00	1.681356500000000054e+01
1.131594999999999906e+00	1.737666799999999867e+01
1.137537999999999938e+00	1.775854800000000111e+01
1.143483999999999945e+00	1.785174400000000006e+01
1.149432999999999927e+00	1.767712799999999973e+01
1.155386000000000024e+00	1.735810000000000031e+01
1.161338999999999899e+00	1.702092400000000083e+01
1.167294000000000054e+00	1.679186400000000035e+01
1.173246999999999929e+00	1.679160600000000159e+01
1.179200000000000026e+00	1.703628600000000048e+01
1.185151999999999983e+00	1.744918799999999948e+01
1.191103000000000023e+00	1.795036599999999893e+01
1.197054000000000062e+00	1.845987600000000128e+01
1.203006000000000020e+00	1.890024500000000174e+01
1.208957999999999977e+00	1.924955200000000133e+01
1.214909999999999934e+00	1.954069399999999845e+01
1.220861999999999892e+00	1.980889799999999923e+01
1.226814000000000071e+00	2.008938799999999958e+01
1.232765000000000111e+00	2.041585600000000156e+01
1.238717000000000068e+00	2.077999600000000058e+01
1.244668000000000108e+00	2.112745500000000121e+01
1.250620000000000065e+00	2.140152799999999900e+01
1.256572000000000022e+00	2.154550700000000063e+01
1.262526000000000037e+00	2.150474200000000025e+01
1.268480000000000052e+00	2.129403900000000149e+01
1.274434000000000067e+00	2.101286599999999893e+01
1.280386000000000024e+00	2.076582399999999851e+01
1.286335999999999924e+00	2.065751600000000110e+01
1.292281999999999931e+00	2.079035400000000067e+01
1.298224999999999962e+00	2.117304000000000030e+01
1.304170000000000051e+00	2.168723800000000068e+01
1.310119999999999951e+00	2.220557000000000158e+01
1.316079999999999917e+00	2.260065600000000074e+01
1.322052999999999923e+00	2.274680700000000044e+01
1.328036999999999912e+00	2.261277000000000115e+01
1.334017000000000008e+00	2.230977800000000144e+01
1.339976000000000056e+00	2.196087299999999942e+01
1.345900000000000096e+00	2.168910100000000085e+01
1.351774000000000031e+00	2.161652799999999885e+01
1.357607000000000008e+00	2.179148199999999846e+01
1.363453000000000026e+00	2.213830799999999854e+01
1.369372000000000034e+00	2.256947200000000109e+01
1.375421999999999922e+00	2.299743899999999996e+01
1.381658999999999970e+00	2.333499899999999982e+01
1.388052000000000064e+00	2.353002299999999991e+01
1.394403000000000059e+00	2.359618400000000094e+01
1.400492999999999988e+00	2.355440600000000018e+01
1.406104999999999938e+00	2.342561200000000099e+01
1.411021999999999998e+00	2.323073099999999869e+01
1.415195999999999898e+00	2.299168999999999841e+01
1.418924000000000074e+00	2.273250799999999927e+01
1.422549999999999981e+00	2.247747000000000028e+01
1.426417000000000046e+00	2.225085999999999942e+01
1.430868000000000029e+00	2.207694599999999951e+01
1.436091000000000006e+00	2.197638500000000050e+01
1.441923000000000066e+00	2.196133999999999986e+01
1.448144000000000098e+00	2.204275799999999919e+01
1.454538000000000109e+00	2.223158600000000007e+01
1.460887000000000047e+00	2.253873199999999954e+01
1.467041999999999957e+00	2.295437499999999886e+01
1.473030999999999979e+00	2.341407799999999995e+01
1.478914000000000062e+00	2.384451599999999871e+01
1.484749000000000096e+00	2.417236300000000071e+01
1.490591999999999917e+00	2.432432000000000016e+01
1.496488000000000040e+00	2.426270399999999938e+01
1.502428000000000097e+00	2.405534300000000059e+01
1.508397999999999906e+00	2.378951500000000152e+01
1.514380999999999977e+00	2.355249699999999891e+01
1.520361999999999991e+00	2.343155799999999900e+01
1.526329999999999965e+00	2.348203099999999921e+01
1.532284999999999897e+00	2.365265499999999932e+01
1.538232999999999961e+00	2.386995900000000148e+01
1.544175999999999993e+00	2.406047300000000178e+01
1.550119999999999942e+00	2.415072800000000086e+01
1.556068000000000007e+00	2.409510099999999966e+01
1.562019000000000046e+00	2.395280400000000043e+01
1.567971999999999921e+00	2.380771999999999977e+01
1.573925999999999936e+00	2.374373200000000139e+01
1.579879999999999951e+00	2.384471999999999881e+01
1.585833000000000048e+00	2.417108999999999952e+01
1.591785000000000005e+00	2.468347100000000083e+01
1.597736999999999963e+00	2.531599100000000035e+01
1.603688000000000002e+00	2.600277699999999825e+01
1.609639000000000042e+00	2.667795699999999925e+01
1.615590999999999999e+00	2.728223500000000001e+01
1.621542999999999957e+00	2.778788499999999928e+01
1.627494999999999914e+00	2.817663800000000052e+01
1.633447000000000093e+00	2.843022900000000064e+01
1.639399000000000051e+00	2.853039300000000011e+01
1.645350000000000090e+00	2.846665000000000134e+01
1.651302000000000048e+00	2.827077600000000146e+01
1.657253000000000087e+00	2.798880799999999880e+01
1.663205000000000044e+00	2.766679600000000150e+01
1.669157999999999920e+00	2.735078700000000040e+01
1.675111999999999934e+00	2.707959599999999867e+01
1.681065999999999949e+00	2.684759999999999991e+01
1.687019000000000046e+00	2.663230899999999934e+01
1.692971000000000004e+00	2.641120099999999837e+01
1.698919000000000068e+00	2.616175300000000092e+01
1.704863000000000017e+00	2.586918199999999857e+01
1.710806999999999967e+00	2.557266999999999868e+01
1.716752999999999973e+00	2.533437800000000095e+01
1.722706999999999988e+00	2.521655499999999961e+01
1.728671999999999986e+00	2.528144899999999851e+01
1.734652000000000083e+00	2.558176699999999926e+01
1.740636000000000072e+00	2.609446499999999958e+01
1.746609000000000078e+00	2.676037399999999877e+01
1.752555000000000085e+00	2.752010200000000140e+01
1.758458000000000077e+00	2.831425700000000134e+01
1.764308999999999905e+00	2.908737899999999854e+01
1.770140999999999964e+00	2.981970600000000005e+01
1.776011999999999924e+00	3.051050299999999993e+01
1.781979999999999897e+00	3.115921200000000013e+01
1.788105000000000055e+00	3.176527700000000110e+01
1.794426999999999994e+00	3.232539799999999985e+01
1.800829000000000013e+00	3.280765900000000101e+01
1.807091999999999921e+00	3.316312400000000338e+01
1.813002000000000002e+00	3.334263299999999930e+01
1.818338000000000010e+00	3.329702300000000292e+01
1.822912000000000088e+00	3.298438999999999766e+01
1.826850000000000085e+00	3.245035399999999726e+01
1.830492000000000008e+00	3.179854600000000175e+01
1.834179999999999922e+00	3.113363599999999920e+01
1.838259000000000087e+00	3.056029300000000148e+01
1.843048000000000020e+00	3.017800000000000082e+01
1.848562000000000038e+00	3.001340199999999925e+01
1.854589999999999961e+00	3.003941299999999970e+01
1.860913000000000039e+00	3.022769299999999859e+01
1.867313999999999918e+00	3.054989899999999992e+01
1.873583999999999916e+00	3.097888100000000122e+01
1.879660000000000108e+00	3.150709600000000066e+01
1.885596000000000050e+00	3.214309000000000083e+01
1.891450999999999993e+00	3.289588599999999730e+01
1.897281999999999913e+00	3.377450400000000030e+01
1.903146999999999922e+00	3.478486500000000348e+01
1.909062999999999954e+00	3.587211200000000133e+01
1.915018000000000109e+00	3.692596999999999952e+01
1.920995999999999926e+00	3.783413399999999882e+01
1.926979999999999915e+00	3.848429999999999751e+01
1.932955999999999896e+00	3.876821400000000040e+01
1.938917999999999919e+00	3.867301700000000153e+01
1.944868999999999959e+00	3.828250799999999998e+01
1.950814000000000048e+00	3.768479200000000162e+01
1.956757999999999997e+00	3.696797000000000111e+01
1.962703000000000086e+00	3.621880999999999773e+01
1.968652000000000069e+00	3.548559099999999944e+01
1.974604000000000026e+00	3.477326099999999798e+01
1.980558000000000041e+00	3.408445799999999792e+01
1.986512000000000056e+00	3.342181899999999928e+01
1.992466000000000070e+00	3.278852200000000039e+01
1.998418000000000028e+00	3.220719900000000280e+01
2.004370000000000207e+00	3.172482499999999916e+01
2.010321999999999942e+00	3.138991499999999846e+01
2.016272999999999982e+00	3.125098300000000151e+01
2.022224000000000022e+00	3.135573700000000130e+01
2.028176000000000201e+00	3.171521299999999854e+01
2.034127999999999936e+00	3.228938099999999878e+01
2.040080000000000116e+00	3.303443200000000246e+01
2.046031999999999851e+00	3.390655900000000145e+01
2.051984000000000030e+00	3.486197299999999899e+01
2.057935000000000070e+00	3.585804499999999706e+01
2.063886999999999805e+00	3.685394300000000101e+01
2.069837999999999845e+00	3.780899000000000143e+01
2.075791000000000164e+00	3.868250900000000314e+01
2.081744000000000039e+00	3.943381899999999973e+01
2.087698000000000054e+00	4.002179900000000146e+01
2.093652000000000069e+00	4.040457700000000330e+01
2.099604999999999944e+00	4.054020299999999821e+01
2.105554999999999843e+00	4.038672900000000254e+01
2.111501000000000072e+00	3.990274000000000143e+01
2.117445000000000022e+00	3.910994800000000282e+01
2.123388999999999971e+00	3.815181100000000214e+01
2.129338000000000175e+00	3.718566200000000066e+01
2.135295999999999861e+00	3.636883000000000266e+01
2.141268000000000171e+00	3.585828099999999807e+01
2.147250999999999799e+00	3.574430600000000169e+01
2.153232000000000035e+00	3.597338799999999992e+01
2.159196000000000115e+00	3.647330099999999931e+01
2.165125000000000188e+00	3.717181599999999975e+01
2.171006000000000213e+00	3.799672199999999833e+01
2.176841000000000026e+00	3.888051399999999802e+01
2.182682999999999929e+00	3.976706899999999933e+01
2.188588999999999896e+00	4.060194500000000062e+01
2.194618000000000180e+00	4.133070200000000227e+01
2.200828000000000007e+00	4.189890700000000123e+01
2.207209999999999894e+00	4.225660299999999836e+01
2.213579000000000185e+00	4.236598000000000042e+01
2.219714999999999883e+00	4.219126700000000341e+01
2.225403000000000020e+00	4.169669300000000334e+01
2.230423000000000044e+00	4.084650800000000004e+01
2.234681000000000139e+00	3.963909199999999800e+01
2.238447999999999993e+00	3.817698800000000148e+01
2.242068000000000172e+00	3.658253599999999750e+01
2.245884000000000214e+00	3.497807600000000150e+01
2.250237999999999960e+00	3.348594700000000302e+01
2.255365999999999982e+00	3.221229000000000298e+01
2.261130000000000084e+00	3.120755099999999871e+01
2.267313000000000134e+00	3.051021100000000175e+01
2.273696000000000161e+00	3.015875000000000128e+01
2.280063999999999869e+00	3.019164999999999921e+01
2.286243999999999943e+00	3.063391100000000122e+01
2.292251999999999956e+00	3.145822400000000130e+01
2.298146000000000022e+00	3.262459100000000234e+01
2.303983000000000114e+00	3.409301599999999866e+01
2.309822000000000042e+00	3.582350100000000026e+01
2.315710999999999853e+00	3.775314199999999687e+01
2.321645999999999876e+00	3.971866599999999892e+01
2.327612999999999932e+00	4.152932599999999752e+01
2.333594999999999864e+00	4.299437600000000259e+01
2.339576999999999796e+00	4.392306800000000067e+01
2.345546999999999827e+00	4.417313800000000157e+01
2.351503999999999817e+00	4.384223800000000182e+01
2.357451999999999881e+00	4.310209300000000354e+01
2.363395999999999830e+00	4.212444800000000100e+01
2.369339000000000084e+00	4.108104999999999762e+01
2.375286000000000008e+00	4.012297800000000336e+01
2.381237000000000048e+00	3.928566899999999862e+01
2.387189999999999923e+00	3.856435799999999858e+01
2.393143999999999938e+00	3.795423999999999864e+01
2.399097999999999953e+00	3.745050899999999672e+01
2.405050999999999828e+00	3.705306099999999958e+01
2.411004000000000147e+00	3.679160100000000000e+01
2.416955999999999882e+00	3.670747699999999725e+01
2.422906999999999922e+00	3.684206300000000311e+01
2.428857999999999961e+00	3.723673500000000303e+01
2.434809000000000001e+00	3.791680999999999813e+01
2.440760000000000041e+00	3.879194700000000040e+01
2.446712000000000220e+00	3.972113099999999974e+01
2.452663999999999955e+00	4.056313099999999849e+01
2.458616999999999830e+00	4.117671899999999852e+01
2.464570999999999845e+00	4.145053699999999708e+01
2.470524999999999860e+00	4.151846199999999953e+01
2.476478000000000179e+00	4.163463099999999883e+01
2.482429999999999914e+00	4.205401299999999765e+01
2.488377999999999979e+00	4.303157399999999910e+01
2.494323000000000068e+00	4.478349000000000046e+01
2.500265999999999877e+00	4.716142800000000079e+01
2.506212000000000106e+00	4.981734099999999899e+01
2.512164999999999981e+00	5.240113199999999694e+01
2.518129000000000062e+00	5.456270899999999813e+01
2.524108000000000018e+00	5.597080199999999905e+01
2.530091999999999786e+00	5.649768799999999658e+01
2.536067000000000071e+00	5.614004500000000064e+01
2.542015999999999831e+00	5.489633700000000260e+01
2.547924000000000078e+00	5.276502700000000345e+01
2.553779000000000021e+00	4.977164400000000199e+01
2.559610000000000163e+00	4.628060800000000086e+01
2.565475000000000172e+00	4.288706400000000230e+01
2.571432000000000162e+00	4.019058299999999662e+01
2.577539999999999942e+00	3.879073900000000208e+01
2.583845999999999865e+00	3.923538899999999785e+01
2.590249000000000024e+00	4.131685099999999977e+01
2.596534000000000120e+00	4.425503599999999693e+01
2.602485000000000159e+00	4.725564899999999824e+01
2.607883000000000173e+00	4.952439799999999792e+01
2.612527000000000044e+00	5.030225599999999986e+01
2.616509000000000196e+00	4.943690699999999794e+01
2.620163999999999938e+00	4.728713299999999720e+01
2.623834000000000000e+00	4.422768400000000355e+01
2.627863000000000060e+00	4.063330799999999954e+01
2.632579999999999920e+00	3.687421299999999746e+01
2.638037000000000187e+00	3.322757299999999958e+01
2.644026000000000209e+00	2.988346500000000106e+01
2.650332000000000132e+00	2.702860899999999944e+01
2.656734000000000151e+00	2.484972799999999893e+01
2.663022999999999918e+00	2.352604499999999987e+01
2.669115000000000126e+00	2.305139700000000147e+01
2.675060999999999911e+00	2.322676399999999930e+01
2.680919999999999970e+00	2.384413100000000085e+01
2.686751000000000111e+00	2.469547999999999988e+01
2.692610999999999866e+00	2.557594100000000026e+01
2.698523999999999923e+00	2.637599499999999964e+01
2.704476000000000102e+00	2.709635799999999861e+01
2.710452000000000083e+00	2.774389000000000038e+01
2.716435999999999851e+00	2.832544899999999899e+01
2.722412999999999972e+00	2.884619700000000009e+01
2.728375999999999912e+00	2.924689400000000106e+01
2.734328000000000092e+00	2.938552500000000123e+01
2.740273999999999877e+00	2.911463200000000029e+01
2.746217000000000130e+00	2.828675399999999840e+01
2.752162000000000219e+00	2.675951299999999833e+01
2.758110999999999979e+00	2.463803000000000054e+01
2.764063000000000159e+00	2.238134700000000166e+01
2.770016000000000034e+00	2.047572299999999856e+01
2.775971000000000188e+00	1.940741699999999881e+01
2.781924000000000063e+00	1.965625299999999953e+01
2.787876999999999938e+00	2.128633699999999962e+01
2.793829000000000118e+00	2.369976600000000033e+01
2.799780999999999853e+00	2.623957400000000106e+01
2.805731999999999893e+00	2.824879900000000177e+01
2.811682999999999932e+00	2.907463399999999965e+01
2.817635000000000112e+00	2.843578899999999976e+01
2.823586999999999847e+00	2.671066700000000083e+01
2.829539000000000026e+00	2.434548799999999957e+01
2.835491000000000206e+00	2.178647499999999937e+01
2.841442999999999941e+00	1.947889699999999991e+01
2.847395000000000120e+00	1.774340199999999967e+01
2.853346999999999856e+00	1.665351400000000126e+01
2.859299000000000035e+00	1.625363600000000019e+01
2.865251000000000214e+00	1.658817499999999967e+01
2.871201999999999810e+00	1.770109800000000178e+01
2.877153999999999989e+00	1.954601999999999862e+01
2.883106000000000169e+00	2.187610400000000155e+01
2.889057999999999904e+00	2.441756699999999825e+01
2.895010000000000083e+00	2.689662399999999920e+01
2.900961999999999819e+00	2.903966399999999837e+01
2.906913999999999998e+00	3.063622499999999960e+01
2.912866000000000177e+00	3.163288800000000123e+01
2.918817999999999913e+00	3.200023600000000101e+01
2.924770000000000092e+00	3.170884900000000073e+01
2.930721000000000132e+00	3.072933799999999849e+01
2.936672999999999867e+00	2.905437900000000084e+01
2.942625000000000046e+00	2.673828400000000016e+01
2.948576999999999781e+00	2.384604200000000063e+01
2.954528999999999961e+00	2.044264400000000137e+01
2.960481000000000140e+00	1.659309100000000115e+01
2.966432999999999875e+00	1.238802800000000026e+01
2.972385000000000055e+00	7.998719999999999608e+00
2.978336999999999790e+00	3.612232000000000109e+00
2.984288999999999970e+00	-5.843709999999999738e-01
2.990240000000000009e+00	-4.404022999999999577e+00
2.996192000000000188e+00	-7.659659000000000439e+00
3.002143999999999924e+00	-1.016421399999999942e+01
3.008096000000000103e+00	-1.173062299999999958e+01
3.014047999999999838e+00	-1.217181899999999928e+01
3.020000000000000018e+00	-1.130073800000000084e+01
