1.199999999999999956e-01	-4.507550992171131532e-01
1.249780000000000058e-01	-3.160671161928175210e-01
1.305999999999999939e-01	1.382585342975958476e+00
1.367059999999999942e-01	1.664500760054402839e+00
1.431360000000000132e-01	1.539612496247456441e+00
1.497320000000000040e-01	1.386001038925765094e+00
1.563350000000000017e-01	2.520500945001664661e+00
1.627850000000000130e-01	1.457727343656467056e+00
1.689219999999999888e-01	2.226202102299676078e+00
1.745889999999999942e-01	2.654693806130938860e+00
1.796250000000000069e-01	2.164953620950954338e+00
1.839349999999999874e-01	2.576100586202842102e+00
1.877439999999999942e-01	2.706905005060699310e+00
1.913779999999999926e-01	2.886870009094669509e+00
1.951660000000000061e-01	3.218914583998032430e+00
1.994340000000000002e-01	2.739086877357974625e+00
2.044499999999999929e-01	2.797028563718364058e+00
2.101250000000000062e-01	2.890793864495722509e+00
2.162479999999999958e-01	2.657457711444728865e+00
2.226049999999999973e-01	4.014073632884755938e+00
2.289819999999999911e-01	2.568903574135216861e+00
2.351930000000000132e-01	3.214076935199351670e+00
2.412249999999999950e-01	3.147409812250892447e+00
2.471349999999999936e-01	2.687077997874152580e+00
2.529799999999999827e-01	2.181583236674851101e+00
2.588170000000000193e-01	2.664077411559523600e+00
2.646970000000000156e-01	3.175499407620454573e+00
2.706259999999999777e-01	2.790397990106678439e+00
2.765880000000000005e-01	2.663218385277867029e+00
2.825679999999999858e-01	3.251186005379018251e+00
2.885510000000000019e-01	2.611849861750590751e+00
2.945229999999999793e-01	3.319959208625795632e+00
3.004809999999999981e-01	2.909842357575590288e+00
3.064310000000000089e-01	2.792876657455504841e+00
3.123750000000000138e-01	3.527536694417279239e+00
3.183190000000000186e-01	2.981598745426934371e+00
3.242650000000000254e-01	3.029478122209809943e+00
3.302149999999999808e-01	3.274404244570133127e+00
3.361680000000000224e-01	3.417776811146124860e+00
3.421210000000000084e-01	3.811626895486494249e+00
3.480759999999999965e-01	3.015671386433220302e+00
3.540289999999999826e-01	3.599660619023467678e+00
3.599809999999999954e-01	3.355672566782282207e+00
3.659330000000000083e-01	3.014384935548608091e+00
3.718839999999999923e-01	3.890660561763233716e+00
3.778360000000000052e-01	2.916046472318301497e+00
3.837869999999999893e-01	3.837401465453110561e+00
3.897390000000000021e-01	3.253089428252942561e+00
3.956910000000000149e-01	3.421029509617068420e+00
4.016429999999999723e-01	3.306037110229604448e+00
4.075949999999999851e-01	4.245474424617492915e+00
4.135469999999999979e-01	3.817915932762910636e+00
4.194979999999999820e-01	4.282087870445581146e+00
4.254499999999999948e-01	4.171324510103437078e+00
4.314009999999999789e-01	3.744593855514484204e+00
4.373540000000000205e-01	4.610724639936130131e+00
4.433079999999999798e-01	4.380828525587607380e+00
4.492619999999999947e-01	4.023106518101768891e+00
4.552160000000000095e-01	4.535444586129177225e+00
4.611680000000000224e-01	4.594001501823458788e+00
4.671170000000000044e-01	4.551766968194398189e+00
4.730619999999999825e-01	3.635941356679225134e+00
4.790059999999999873e-01	4.138767387363647465e+00
4.849510000000000209e-01	4.373395663498506281e+00
4.909020000000000050e-01	4.416703157918229650e+00
4.968629999999999991e-01	5.161250022024969297e+00
5.028390000000000359e-01	4.564727956423423549e+00
5.088230000000000253e-01	3.837079491667108044e+00
5.148009999999999531e-01	4.757953429469194084e+00
5.207570000000000254e-01	4.571160405674808302e+00
5.266750000000000043e-01	5.241231717652363287e+00
5.325410000000000421e-01	4.983545466233919363e+00
5.383719999999999617e-01	4.846416111131039095e+00
5.442249999999999588e-01	5.729808648404690175e+00
5.501580000000000359e-01	5.560003918690654245e+00
5.562289999999999734e-01	5.865666892074052896e+00
5.624930000000000208e-01	6.055524910849751308e+00
5.688929999999999820e-01	5.711981792323247653e+00
5.752220000000000111e-01	5.958156773365486103e+00
5.812610000000000277e-01	5.619926805488680621e+00
5.867949999999999555e-01	5.823257075278106321e+00
5.916080000000000227e-01	5.794626604960536831e+00
5.957040000000000113e-01	5.581024429199262116e+00
5.993990000000000151e-01	5.511061449408480861e+00
6.030370000000000452e-01	5.256272402790278520e+00
6.069609999999999728e-01	6.451693979695232173e+00
6.115110000000000268e-01	6.265196706502864643e+00
6.168270000000000142e-01	6.443413027753979172e+00
6.227219999999999978e-01	5.785202099419770150e+00
6.289789999999999548e-01	5.871820256028252416e+00
6.353790000000000271e-01	6.766311005712810633e+00
6.417070000000000274e-01	6.894848023248815849e+00
6.478369999999999962e-01	5.633730161686662186e+00
6.538089999999999735e-01	5.903656029732162303e+00
6.596819999999999906e-01	5.696888123557147132e+00
6.655140000000000500e-01	5.735727760981402135e+00
6.713630000000000431e-01	5.867536031287579945e+00
6.772660000000000347e-01	5.870671340602236832e+00
6.832110000000000127e-01	5.740126748816472890e+00
6.891829999999999901e-01	6.803776549313994337e+00
6.951669999999999794e-01	6.492149658195608630e+00
7.011469999999999647e-01	5.794861917247918548e+00
7.071119999999999628e-01	6.849751198304663724e+00
7.130670000000000064e-01	6.505495692475617098e+00
7.190130000000000132e-01	5.760228710551722919e+00
7.249569999999999625e-01	7.054652761428468644e+00
7.309010000000000229e-01	6.127453080725778989e+00
7.368489999999999762e-01	5.881263910634356940e+00
7.428000000000000158e-01	6.814857860194241113e+00
7.487530000000000019e-01	6.452761023386398342e+00
7.547080000000000455e-01	6.935542750078390384e+00
7.606619999999999493e-01	6.915302119551199667e+00
7.666140000000000176e-01	6.676123834514609889e+00
7.725670000000000037e-01	6.745613435294155913e+00
7.785180000000000433e-01	7.221923421822497247e+00
7.844689999999999719e-01	6.754234787762046999e+00
7.904210000000000402e-01	7.946647750227246121e+00
7.963729999999999976e-01	6.830027095872027942e+00
8.023249999999999549e-01	6.671068795284451625e+00
8.082770000000000232e-01	6.764268674235013989e+00
8.142289999999999806e-01	7.305277925947541995e+00
8.201800000000000201e-01	7.609963594782517049e+00
8.261319999999999775e-01	7.767483363548643993e+00
8.320830000000000171e-01	7.785165490589042392e+00
8.380349999999999744e-01	7.838799553957614741e+00
8.439870000000000427e-01	8.068398066890612341e+00
8.499400000000000288e-01	8.249685356486878618e+00
8.558940000000000436e-01	8.663712836857078159e+00
8.618479999999999475e-01	7.741264186525901536e+00
8.678010000000000446e-01	8.963020975867319606e+00
8.737519999999999731e-01	9.019610187147636182e+00
8.797000000000000375e-01	8.710594383125606299e+00
8.856439999999999868e-01	8.999323193886608507e+00
8.915870000000000184e-01	8.894184956275971388e+00
8.975349999999999717e-01	8.893440334755117860e+00
9.034900000000000153e-01	9.513855561168792718e+00
9.094569999999999599e-01	9.591314379690503600e+00
9.154379999999999740e-01	9.831218295172279298e+00
9.214210000000000456e-01	1.062779284096045274e+01
9.273909999999999654e-01	1.034326104058792772e+01
9.333329999999999682e-01	9.837314853474849130e+00
9.392300000000000093e-01	1.117895685153286678e+01
9.450749999999999984e-01	1.108647298985866136e+01
9.509090000000000042e-01	1.096040198566964818e+01
9.567890000000000006e-01	1.048090312096105414e+01
9.627750000000000474e-01	1.091804748637633438e+01
9.689229999999999787e-01	1.130112328174754310e+01
9.752680000000000238e-01	1.156083470720857242e+01
9.816639999999999810e-01	1.143879111301853158e+01
9.878930000000000211e-01	1.093711311881294534e+01
9.937399999999999567e-01	1.137123543901919653e+01
9.989850000000000119e-01	1.135026174142042876e+01
1.003457999999999961e+00	1.243281620829747069e+01
1.007338000000000067e+00	1.225999361910573171e+01
1.010966000000000031e+00	1.247520795911534108e+01
1.014685999999999977e+00	1.182373562787930332e+01
1.018841000000000108e+00	1.298013444196412713e+01
1.023735000000000062e+00	1.335856666559866035e+01
1.029328999999999938e+00	1.307699521797554354e+01
1.035408000000000106e+00	1.335552688518235520e+01
1.041754000000000069e+00	1.349132651470847222e+01
1.048148999999999997e+00	1.369517739884874175e+01
1.054391999999999996e+00	1.351057684683177484e+01
1.060446000000000000e+00	1.396736782481568540e+01
1.066368999999999900e+00	1.434046577798839373e+01
1.072216999999999976e+00	1.490740056875326580e+01
1.078049000000000035e+00	1.496317899628123094e+01
1.083920999999999912e+00	1.529053488586124132e+01
1.089842999999999895e+00	1.587544105795933014e+01
1.095801999999999943e+00	1.636260766456801008e+01
1.101780999999999899e+00	1.615365215447421576e+01
1.107765000000000111e+00	1.775940593588962102e+01
1.113739999999999952e+00	1.730368073531248641e+01
1.119699999999999918e+00	1.819314581081952653e+01
1.125650000000000039e+00	1.816392671183946916e+01
1.131594999999999906e+00	1.894151323183460534e+01
1.137537999999999938e+00	1.944425809684445028e+01
1.143483999999999945e+00	1.971902295252318282e+01
1.149432999999999927e+00	1.982171780042462927e+01
1.155386000000000024e+00	2.043984458541181937e+01
1.161338999999999899e+00	2.099239620969092712e+01
1.167294000000000054e+00	1.963412688871683187e+01
1.173246999999999929e+00	2.130026627599344380e+01
1.179200000000000026e+00	2.133991931697531896e+01
1.185151999999999983e+00	2.128642236855246139e+01
1.191103000000000023e+00	2.106373745452383872e+01
1.197054000000000062e+00	2.138160495460190447e+01
1.203006000000000020e+00	2.089892424374779623e+01
1.208957999999999977e+00	2.091681689911099085e+01
1.214909999999999934e+00	2.184167966257390603e+01
1.220861999999999892e+00	2.099845192755529411e+01
1.226814000000000071e+00	2.109476165215752630e+01
1.232765000000000111e+00	2.136825897102964689e+01
1.238717000000000068e+00	2.103395058103643223e+01
1.244668000000000108e+00	2.057990808026290708e+01
1.250620000000000065e+00	2.110560772610571334e+01
1.256572000000000022e+00	2.014711392934913547e+01
1.262526000000000037e+00	2.019991177055572606e+01
1.268480000000000052e+00	2.162353552601731721e+01
1.274434000000000067e+00	2.045472425212692968e+01
1.280386000000000024e+00	2.193603952340365737e+01
1.286335999999999924e+00	2.125812351461678062e+01
1.292281999999999931e+00	2.149731966931326355e+01
1.298224999999999962e+00	2.165679972705564538e+01
1.304170000000000051e+00	2.206803812744125182e+01
1.310119999999999951e+00	2.120130661194807686e+01
1.316079999999999917e+00	2.154307827093163041e+01
1.322052999999999923e+00	2.173053479460038773e+01
1.328036999999999912e+00	2.105274432745823887e+01
1.334017000000000008e+00	2.089612771238246935e+01
1.339976000000000056e+00	2.141790188799681260e+01
1.345900000000000096e+00	2.085467797028123726e+01
1.351774000000000031e+00	2.075362158505565446e+01
1.357607000000000008e+00	2.174225383747318219e+01
1.363453000000000026e+00	2.107585175138127909e+01
1.369372000000000034e+00	2.058017819500734547e+01
1.375421999999999922e+00	2.123683273005716998e+01
1.381658999999999970e+00	2.135210720864094114e+01
1.388052000000000064e+00	2.150207089174914543e+01
1.394403000000000059e+00	2.125126941201593667e+01
1.400492999999999988e+00	2.162767112701585503e+01
1.406104999999999938e+00	2.216141907675013201e+01
1.411021999999999998e+00	2.152288811925695455e+01
1.415195999999999898e+00	2.258488641646431105e+01
1.418924000000000074e+00	2.257985031864861369e+01
1.422549999999999981e+00	2.153394218874328914e+01
1.426417000000000046e+00	2.238260970501827529e+01
1.430868000000000029e+00	2.176933021814446079e+01
1.436091000000000006e+00	2.152091700506309380e+01
1.441923000000000066e+00	2.211811116577284153e+01
1.448144000000000098e+00	2.189058745559248820e+01
1.454538000000000109e+00	2.149392621225401712e+01
1.460887000000000047e+00	2.197221900959250718e+01
1.467041999999999957e+00	2.213294254289001017e+01
1.473030999999999979e+00	2.182663069389064958e+01
1.478914000000000062e+00	2.143872702792835128e+01
1.484749000000000096e+00	2.234641583360446759e+01
1.490591999999999917e+00	2.140314084197612843e+01
1.496488000000000040e+00	2.166625141835559276e+01
1.502428000000000097e+00	2.279838415661669870e+01
1.508397999999999906e+00	2.209911446201192575e+01
1.514380999999999977e+00	2.197159256244812653e+01
1.520361999999999991e+00	2.204017083611142525e+01
1.526329999999999965e+00	2.221019182555207294e+01
1.532284999999999897e+00	2.258779006166936654e+01
1.538232999999999961e+00	2.295208459701542481e+01
1.544175999999999993e+00	2.220006985740303307e+01
1.550119999999999942e+00	2.220076790459505389e+01
1.556068000000000007e+00	2.187205740218186989e+01
1.562019000000000046e+00	2.216315163978276459e+01
1.567971999999999921e+00	2.226736683374657133e+01
1.573925999999999936e+00	2.290019070167251414e+01
1.579879999999999951e+00	2.172337706204255880e+01
1.585833000000000048e+00	2.204257681225610810e+01
1.591785000000000005e+00	2.161945328186491366e+01
1.597736999999999963e+00	2.112295386221342497e+01
1.603688000000000002e+00	2.198040932436033046e+01
1.609639000000000042e+00	2.260569541238670865e+01
1.615590999999999999e+00	2.310248345382116497e+01
1.621542999999999957e+00	2.260301372775023054e+01
1.627494999999999914e+00	2.152080100319139078e+01
1.633447000000000093e+00	2.180398958014903243e+01
1.639399000000000051e+00	2.214742436329943231e+01
1.645350000000000090e+00	2.260769007624682914e+01
1.651302000000000048e+00	2.209915724887262911e+01
1.657253000000000087e+00	2.254261249158306057e+01
1.663205000000000044e+00	2.239034171587518784e+01
1.669157999999999920e+00	2.272197976638155126e+01
1.675111999999999934e+00	2.339177396644015516e+01
1.681065999999999949e+00	2.310295965696048626e+01
1.687019000000000046e+00	2.242580677178791859e+01
1.692971000000000004e+00	2.346654218625230470e+01
1.698919000000000068e+00	2.383231537707527181e+01
1.704863000000000017e+00	2.369070656983143053e+01
1.710806999999999967e+00	2.345763614555426813e+01
1.716752999999999973e+00	2.474666849577570105e+01
1.722706999999999988e+00	2.430098989243112584e+01
1.728671999999999986e+00	2.404063333108038236e+01
1.734652000000000083e+00	2.428359939508114351e+01
1.740636000000000072e+00	2.576491181384049156e+01
1.746609000000000078e+00	2.650105294615704921e+01
1.752555000000000085e+00	2.646590323863651051e+01
1.758458000000000077e+00	2.644382076151287464e+01
1.764308999999999905e+00	2.681967756978021100e+01
1.770140999999999964e+00	2.767977066771211270e+01
1.776011999999999924e+00	2.806280697948824709e+01
1.781979999999999897e+00	2.759671106738008106e+01
1.788105000000000055e+00	2.887285721830819796e+01
1.794426999999999994e+00	2.934167353985480986e+01
1.800829000000000013e+00	2.925442912270989027e+01
1.807091999999999921e+00	3.032919476274434700e+01
1.813002000000000002e+00	3.002001959901308226e+01
1.818338000000000010e+00	3.069651480063139459e+01
1.822912000000000088e+00	3.074827616065973146e+01
1.826850000000000085e+00	3.039618166450441095e+01
1.830492000000000008e+00	3.261066488879664860e+01
1.834179999999999922e+00	3.118617024219934208e+01
1.838259000000000087e+00	3.291389592562957489e+01
1.843048000000000020e+00	3.216826987501645618e+01
1.848562000000000038e+00	3.275792041569052770e+01
1.854589999999999961e+00	3.403638037693929874e+01
1.860913000000000039e+00	3.334822042319910906e+01
1.867313999999999918e+00	3.375442356258239585e+01
1.873583999999999916e+00	3.368052334991827479e+01
1.879660000000000108e+00	3.420217388545727033e+01
1.885596000000000050e+00	3.488302908913721723e+01
1.891450999999999993e+00	3.466821421176721429e+01
1.897281999999999913e+00	3.491086615647738256e+01
1.903146999999999922e+00	3.588601386629366630e+01
1.909062999999999954e+00	3.537589430373099475e+01
1.915018000000000109e+00	3.634159812272941537e+01
1.920995999999999926e+00	3.619343502217284936e+01
1.926979999999999915e+00	3.725938787976146926e+01
1.932955999999999896e+00	3.738381343428759607e+01
1.938917999999999919e+00	3.806628650424273275e+01
1.944868999999999959e+00	3.842290410586052474e+01
1.950814000000000048e+00	3.893220274329596009e+01
1.956757999999999997e+00	3.824748736144924521e+01
1.962703000000000086e+00	4.009507837247287654e+01
1.968652000000000069e+00	3.978272538549279602e+01
1.974604000000000026e+00	4.056645542605971855e+01
1.980558000000000041e+00	4.115173150336197239e+01
1.986512000000000056e+00	4.131328805975113028e+01
1.992466000000000070e+00	4.274479567840671024e+01
1.998418000000000028e+00	4.294460436488848387e+01
2.004370000000000207e+00	4.305186788372356688e+01
2.010321999999999942e+00	4.307790309071975088e+01
2.016272999999999982e+00	4.313202694600209952e+01
2.022224000000000022e+00	4.370388339523908172e+01
2.028176000000000201e+00	4.288053643928152070e+01
2.034127999999999936e+00	4.180673274222889546e+01
2.040080000000000116e+00	4.154470777419330574e+01
2.046031999999999851e+00	4.063450082643647931e+01
2.051984000000000030e+00	4.000035476300951842e+01
2.057935000000000070e+00	3.996206133132182003e+01
2.063886999999999805e+00	3.890076467580211528e+01
2.069837999999999845e+00	3.763476656578502855e+01
2.075791000000000164e+00	3.760982481236038666e+01
2.081744000000000039e+00	3.848419581498859543e+01
2.087698000000000054e+00	3.696068658266861462e+01
2.093652000000000069e+00	3.749470879099916942e+01
2.099604999999999944e+00	3.789348909956564171e+01
2.105554999999999843e+00	3.661423953527764041e+01
2.111501000000000072e+00	3.828554393088765551e+01
2.117445000000000022e+00	3.827320333993171886e+01
2.123388999999999971e+00	3.841365264514735856e+01
2.129338000000000175e+00	3.979186292591917606e+01
2.135295999999999861e+00	4.040986386466602198e+01
2.141268000000000171e+00	4.161180788683095955e+01
2.147250999999999799e+00	4.300872595972906254e+01
2.153232000000000035e+00	4.392205684348376593e+01
2.159196000000000115e+00	4.606565928376554098e+01
2.165125000000000188e+00	4.669210861668815227e+01
2.171006000000000213e+00	4.773832406181617216e+01
2.176841000000000026e+00	4.817033659182925476e+01
2.182682999999999929e+00	4.896038899299435343e+01
2.188588999999999896e+00	4.791047153749466503e+01
2.194618000000000180e+00	4.844652607185127380e+01
2.200828000000000007e+00	4.861646209631209103e+01
2.207209999999999894e+00	4.709078405358535946e+01
2.213579000000000185e+00	4.678788984922372407e+01
2.219714999999999883e+00	4.588407338612580588e+01
2.225403000000000020e+00	4.486521918228605443e+01
2.230423000000000044e+00	4.394953127519891467e+01
2.234681000000000139e+00	4.304516715610557043e+01
2.238447999999999993e+00	4.255157517827220204e+01
2.242068000000000172e+00	4.202892827881071014e+01
2.245884000000000214e+00	4.129808115232481924e+01
2.250237999999999960e+00	4.153373098032684396e+01
2.255365999999999982e+00	4.130974811391087087e+01
2.261130000000000084e+00	4.170115392157247669e+01
2.267313000000000134e+00	4.223251199609249795e+01
2.273696000000000161e+00	4.224101194395582581e+01
2.280063999999999869e+00	4.368805033446444952e+01
2.286243999999999943e+00	4.562703629477798728e+01
2.292251999999999956e+00	4.650019302680791355e+01
2.298146000000000022e+00	4.829871609172931812e+01
2.303983000000000114e+00	4.988475800859595921e+01
2.309822000000000042e+00	5.178489397792920101e+01
2.315710999999999853e+00	5.409341017820649711e+01
2.321645999999999876e+00	5.573411789459704835e+01
2.327612999999999932e+00	5.715451739012096510e+01
2.333594999999999864e+00	5.914388851687500903e+01
2.339576999999999796e+00	5.981711196147035281e+01
2.345546999999999827e+00	6.003370480647281937e+01
2.351503999999999817e+00	5.976669374488081843e+01
2.357451999999999881e+00	5.990482274370037885e+01
2.363395999999999830e+00	5.906301800073968877e+01
2.369339000000000084e+00	5.838237259348538544e+01
2.375286000000000008e+00	5.637640145630384580e+01
2.381237000000000048e+00	5.591525554752747240e+01
2.387189999999999923e+00	5.419041395724731558e+01
2.393143999999999938e+00	5.493905163899488286e+01
2.399097999999999953e+00	5.320094482724342555e+01
2.405050999999999828e+00	5.273504814977152222e+01
2.411004000000000147e+00	5.359165794936072302e+01
2.416955999999999882e+00	5.290261991102740069e+01
2.422906999999999922e+00	5.263046410231147831e+01
2.428857999999999961e+00	5.170333380221769914e+01
2.434809000000000001e+00	5.228620739596169642e+01
2.440760000000000041e+00	5.256310558586523740e+01
2.446712000000000220e+00	5.304175666261108546e+01
2.452663999999999955e+00	5.273527630050972448e+01
2.458616999999999830e+00	5.331727410544556989e+01
2.464570999999999845e+00	5.352941166409177498e+01
2.470524999999999860e+00	5.358014075613733951e+01
2.476478000000000179e+00	5.442521186773554831e+01
2.482429999999999914e+00	5.562119464285854775e+01
2.488377999999999979e+00	5.844065960503952084e+01
2.494323000000000068e+00	6.270520056988350177e+01
2.500265999999999877e+00	6.943864843819282839e+01
2.506212000000000106e+00	7.564453319858517943e+01
2.512164999999999981e+00	8.078165628379483110e+01
2.518129000000000062e+00	8.422967266598530500e+01
2.524108000000000018e+00	8.452442834491674262e+01
2.530091999999999786e+00	8.328943941411392871e+01
2.536067000000000071e+00	7.878678997767170245e+01
2.542015999999999831e+00	7.488070942895730298e+01
2.547924000000000078e+00	7.044408843163429879e+01
2.553779000000000021e+00	6.632758117352130967e+01
2.559610000000000163e+00	6.450710340564285161e+01
2.565475000000000172e+00	6.248443622376395723e+01
2.571432000000000162e+00	6.060755066506128941e+01
2.577539999999999942e+00	6.000328846242965142e+01
2.583845999999999865e+00	5.964641593755659699e+01
2.590249000000000024e+00	5.875739231828107734e+01
2.596534000000000120e+00	5.792256689546103132e+01
2.602485000000000159e+00	5.644769860502910319e+01
2.607883000000000173e+00	5.533164235765667627e+01
2.612527000000000044e+00	5.376019245065392482e+01
2.616509000000000196e+00	5.018004245200495461e+01
2.620163999999999938e+00	4.680020011185553841e+01
2.623834000000000000e+00	4.440239897625903609e+01
2.627863000000000060e+00	4.002716323049508418e+01
2.632579999999999920e+00	3.689243285524479887e+01
2.638037000000000187e+00	3.268093025526031425e+01
2.644026000000000209e+00	2.934357896055820447e+01
2.650332000000000132e+00	2.584122925608630794e+01
2.656734000000000151e+00	2.142970275028823224e+01
2.663022999999999918e+00	1.673815137253088992e+01
2.669115000000000126e+00	1.339785049095008063e+01
2.675060999999999911e+00	1.042778730645585661e+01
2.680919999999999970e+00	1.061388955597098516e+01
2.686751000000000111e+00	1.436777281888081248e+01
2.692610999999999866e+00	2.196726898689222551e+01
2.698523999999999923e+00	3.305071703168202646e+01
2.704476000000000102e+00	4.566530217609184916e+01
2.710452000000000083e+00	5.569861712667318443e+01
2.716435999999999851e+00	6.169993194718196605e+01
2.722412999999999972e+00	6.202621697553470881e+01
2.728375999999999912e+00	5.351703488197869518e+01
2.734328000000000092e+00	4.080305036228014615e+01
2.740273999999999877e+00	2.588937903976053789e+01
2.746217000000000130e+00	1.231607785274272437e+01
2.752162000000000219e+00	1.658134602212562925e+00
2.758110999999999979e+00	-3.273793315398119574e+00
2.764063000000000159e+00	-4.845108336602264032e+00
2.770016000000000034e+00	-2.829351921349625432e+00
2.775971000000000188e+00	-4.257204028022187892e-02
2.781924000000000063e+00	3.657988355636155209e+00
2.787876999999999938e+00	6.975405908334887606e+00
2.793829000000000118e+00	1.056349920186966074e+01
2.799780999999999853e+00	1.394661394602576721e+01
2.805731999999999893e+00	1.664194709363889046e+01
2.811682999999999932e+00	2.022966860552236312e+01
2.817635000000000112e+00	2.192624480325284964e+01
2.823586999999999847e+00	2.504356186762893444e+01
2.829539000000000026e+00	2.746755002792090039e+01
2.835491000000000206e+00	2.838363568757072741e+01
2.841442999999999941e+00	2.898061075191700908e+01
2.847395000000000120e+00	2.988212673045811840e+01
2.853346999999999856e+00	2.914235015391927419e+01
2.859299000000000035e+00	2.863198306764162382e+01
2.865251000000000214e+00	2.851684313628923562e+01
2.871201999999999810e+00	2.844110623364923995e+01
2.877153999999999989e+00	2.778585206990614509e+01
2.883106000000000169e+00	2.727749598795825747e+01
2.889057999999999904e+00	2.845797458646098477e+01
2.895010000000000083e+00	2.761008892701203266e+01
2.900961999999999819e+00	2.827877046601854616e+01
2.906913999999999998e+00	2.836166882002261502e+01
2.912866000000000177e+00	2.694226673189242760e+01
2.918817999999999913e+00	2.700470300291346959e+01
2.924770000000000092e+00	2.610987426840780756e+01
2.930721000000000132e+00	2.514196649436076569e+01
2.936672999999999867e+00	2.444823022441804028e+01
2.942625000000000046e+00	2.303246915615249790e+01
2.948576999999999781e+00	2.145856765192231563e+01
2.954528999999999961e+00	2.001601802044883271e+01
2.960481000000000140e+00	2.014586496396028892e+01
2.966432999999999875e+00	1.947666885179433649e+01
2.972385000000000055e+00	2.021417186103098018e+01
2.978336999999999790e+00	1.989140912100975456e+01
2.984288999999999970e+00	2.046312453791503572e+01
2.990240000000000009e+00	1.954576135338981402e+01
2.996192000000000188e+00	1.996526718716087956e+01
3.002143999999999924e+00	1.858618993429207222e+01
3.008096000000000103e+00	1.616685271198496565e+01
3.014047999999999838e+00	1.522305340343137026e+01
3.020000000000000018e+00	1.180809599198298443e+01
