1.199999999999999956e-01	7.411929999999999907e-01
1.249780000000000058e-01	1.239538000000000029e+00
1.305999999999999939e-01	1.666476999999999986e+00
1.367059999999999942e-01	2.027582999999999913e+00
1.431360000000000132e-01	2.328427000000000024e+00
1.497320000000000040e-01	2.574580999999999786e+00
1.563350000000000017e-01	2.771615999999999858e+00
1.627850000000000130e-01	2.925105999999999984e+00
1.689219999999999888e-01	3.040620000000000100e+00
1.745889999999999942e-01	3.123730999999999813e+00
1.796250000000000069e-01	3.180009999999999781e+00
1.839349999999999874e-01	3.214837000000000167e+00
1.877439999999999942e-01	3.232610000000000205e+00
1.913779999999999926e-01	3.237410999999999817e+00
1.951660000000000061e-01	3.233325999999999922e+00
1.994340000000000002e-01	3.224439999999999973e+00
2.044499999999999929e-01	3.214745000000000186e+00
2.101250000000000062e-01	3.207705999999999946e+00
2.162479999999999958e-01	3.206598000000000059e+00
2.226049999999999973e-01	3.214697000000000138e+00
2.289819999999999911e-01	3.235276999999999958e+00
2.351930000000000132e-01	3.271053999999999906e+00
2.412249999999999950e-01	3.321073000000000164e+00
2.471349999999999936e-01	3.382905000000000051e+00
2.529799999999999827e-01	3.454117999999999800e+00
2.588170000000000193e-01	3.532275999999999971e+00
2.646970000000000156e-01	3.614571999999999896e+00
2.706259999999999777e-01	3.695387999999999895e+00
2.765880000000000005e-01	3.767846000000000029e+00
2.825679999999999858e-01	3.825058999999999987e+00
2.885510000000000019e-01	3.860142000000000184e+00
2.945229999999999793e-01	3.867344000000000115e+00
3.004809999999999981e-01	3.850544999999999884e+00
3.064310000000000089e-01	3.818484999999999907e+00
3.123750000000000138e-01	3.779936000000000185e+00
3.183190000000000186e-01	3.743675999999999782e+00
3.242650000000000254e-01	3.718045000000000044e+00
3.302149999999999808e-01	3.707164999999999822e+00
3.361680000000000224e-01	3.712781000000000109e+00
3.421210000000000084e-01	3.736612000000000045e+00
3.480759999999999965e-01	3.780377000000000098e+00
3.540289999999999826e-01	3.845155000000000101e+00
3.599809999999999954e-01	3.924837000000000131e+00
3.659330000000000083e-01	4.008803999999999590e+00
3.718839999999999923e-01	4.086368000000000222e+00
3.778360000000000052e-01	4.146840000000000082e+00
3.837869999999999893e-01	4.180284999999999584e+00
3.897390000000000021e-01	4.186598000000000042e+00
3.956910000000000149e-01	4.172543000000000113e+00
4.016429999999999723e-01	4.145025000000000404e+00
4.075949999999999851e-01	4.110952000000000162e+00
4.135469999999999979e-01	4.077247999999999983e+00
4.194979999999999820e-01	4.051123999999999725e+00
4.254499999999999948e-01	4.040017999999999887e+00
4.314009999999999789e-01	4.051370000000000360e+00
4.373540000000000205e-01	4.092621000000000286e+00
4.433079999999999798e-01	4.170523000000000202e+00
4.492619999999999947e-01	4.279399999999999871e+00
4.552160000000000095e-01	4.402833000000000219e+00
4.611680000000000224e-01	4.524048999999999765e+00
4.671170000000000044e-01	4.626273000000000302e+00
4.730619999999999825e-01	4.693571000000000382e+00
4.790059999999999873e-01	4.727986999999999718e+00
4.849510000000000209e-01	4.748851000000000155e+00
4.909020000000000050e-01	4.776193000000000133e+00
4.968629999999999991e-01	4.830040999999999585e+00
5.028390000000000359e-01	4.929794000000000231e+00
5.088230000000000253e-01	5.078473999999999933e+00
5.148009999999999531e-01	5.261614999999999931e+00
5.207570000000000254e-01	5.463897000000000226e+00
5.266750000000000043e-01	5.669997000000000398e+00
5.325410000000000421e-01	5.864707000000000114e+00
5.383719999999999617e-01	6.036359000000000030e+00
5.442249999999999588e-01	6.177493000000000123e+00
5.501580000000000359e-01	6.280890999999999558e+00
5.562289999999999734e-01	6.339336000000000304e+00
5.624930000000000208e-01	6.345844999999999736e+00
5.688929999999999820e-01	6.302770999999999901e+00
5.752220000000000111e-01	6.224795000000000300e+00
5.812610000000000277e-01	6.127439999999999998e+00
5.867949999999999555e-01	6.026229999999999976e+00
5.916080000000000227e-01	5.936612000000000222e+00
5.957040000000000113e-01	5.869927999999999813e+00
5.993990000000000151e-01	5.831502000000000407e+00
6.030370000000000452e-01	5.826173999999999964e+00
6.069609999999999728e-01	5.858782999999999852e+00
6.115110000000000268e-01	5.934048999999999907e+00
6.168270000000000142e-01	6.048136999999999652e+00
6.227219999999999978e-01	6.183224000000000053e+00
6.289789999999999548e-01	6.320191000000000336e+00
6.353790000000000271e-01	6.439919999999999867e+00
6.417070000000000274e-01	6.523423000000000194e+00
6.478369999999999962e-01	6.564449999999999896e+00
6.538089999999999735e-01	6.580003999999999742e+00
6.596819999999999906e-01	6.589559999999999640e+00
6.655140000000000500e-01	6.612592000000000247e+00
6.713630000000000431e-01	6.668510999999999633e+00
6.772660000000000347e-01	6.767177000000000220e+00
6.832110000000000127e-01	6.898978999999999751e+00
6.891829999999999901e-01	7.051933000000000007e+00
6.951669999999999794e-01	7.214056000000000246e+00
7.011469999999999647e-01	7.373370999999999675e+00
7.071119999999999628e-01	7.519686000000000092e+00
7.130670000000000064e-01	7.646878000000000064e+00
7.190130000000000132e-01	7.749391000000000140e+00
7.249569999999999625e-01	7.821665999999999563e+00
7.309010000000000229e-01	7.858152999999999722e+00
7.368489999999999762e-01	7.856209999999999916e+00
7.428000000000000158e-01	7.820635000000000225e+00
7.487530000000000019e-01	7.757403000000000048e+00
7.547080000000000455e-01	7.672487000000000279e+00
7.606619999999999493e-01	7.571865999999999985e+00
7.666140000000000176e-01	7.465953999999999979e+00
7.725670000000000037e-01	7.377930000000000099e+00
7.785180000000000433e-01	7.333251999999999882e+00
7.844689999999999719e-01	7.357381000000000171e+00
7.904210000000000402e-01	7.475769999999999804e+00
7.963729999999999976e-01	7.699741000000000390e+00
8.023249999999999549e-01	7.994832999999999856e+00
8.082770000000000232e-01	8.317334000000000671e+00
8.142289999999999806e-01	8.623530999999999835e+00
8.201800000000000201e-01	8.869711999999999819e+00
8.261319999999999775e-01	9.025517999999999930e+00
8.320830000000000171e-01	9.109370000000000189e+00
8.380349999999999744e-01	9.150821000000000538e+00
8.439870000000000427e-01	9.179422999999999888e+00
8.499400000000000288e-01	9.224731000000000236e+00
8.558940000000000436e-01	9.309765000000000512e+00
8.618479999999999475e-01	9.430611000000000743e+00
8.678010000000000446e-01	9.576413000000000508e+00
8.737519999999999731e-01	9.736316999999999666e+00
8.797000000000000375e-01	9.899466000000000321e+00
8.856439999999999868e-01	1.005777800000000077e+01
8.915870000000000184e-01	1.021607599999999927e+01
8.975349999999999717e-01	1.038293400000000055e+01
9.034900000000000153e-01	1.056692999999999927e+01
9.094569999999999599e-01	1.077663899999999941e+01
9.154379999999999740e-01	1.101531699999999958e+01
9.214210000000000456e-01	1.125824000000000069e+01
9.273909999999999654e-01	1.147151200000000060e+01
9.333329999999999682e-01	1.162123199999999912e+01
9.392300000000000093e-01	1.167349899999999963e+01
9.450749999999999984e-01	1.160367500000000085e+01
9.509090000000000042e-01	1.144227000000000061e+01
9.567890000000000006e-01	1.124012500000000081e+01
9.627750000000000474e-01	1.104811399999999999e+01
9.689229999999999787e-01	1.091710800000000070e+01
9.752680000000000238e-01	1.088982700000000037e+01
9.816639999999999810e-01	1.095391200000000076e+01
9.878930000000000211e-01	1.107421100000000003e+01
9.937399999999999567e-01	1.121549800000000019e+01
9.989850000000000119e-01	1.134254899999999999e+01
1.003457999999999961e+00	1.142537899999999951e+01
1.007338000000000067e+00	1.147426800000000036e+01
1.010966000000000031e+00	1.151816700000000004e+01
1.014685999999999977e+00	1.158613000000000071e+01
1.018841000000000108e+00	1.170720700000000036e+01
1.023735000000000062e+00	1.190595700000000079e+01
1.029328999999999938e+00	1.216745700000000063e+01
1.035408000000000106e+00	1.245632299999999937e+01
1.041754000000000069e+00	1.273699399999999926e+01
1.048148999999999997e+00	1.297391000000000005e+01
1.054391999999999996e+00	1.313673200000000030e+01
1.060446000000000000e+00	1.324770999999999965e+01
1.066368999999999900e+00	1.335953199999999974e+01
1.072216999999999976e+00	1.352525499999999958e+01
1.078049000000000035e+00	1.379793800000000026e+01
1.083920999999999912e+00	1.422470799999999969e+01
1.089842999999999895e+00	1.478373299999999979e+01
1.095801999999999943e+00	1.540869200000000028e+01
1.101780999999999899e+00	1.603252300000000119e+01
1.107765000000000111e+00	1.658816300000000155e+01
1.113739999999999952e+00	1.701298200000000094e+01
1.119699999999999918e+00	1.730422599999999989e+01
1.125650000000000039e+00	1.750215199999999882e+01
1.131594999999999906e+00	1.764795900000000017e+01
1.137537999999999938e+00	1.778284400000000076e+01
1.143483999999999945e+00	1.794596999999999909e+01
1.149432999999999927e+00	1.814425599999999861e+01
1.155386000000000024e+00	1.835885800000000145e+01
1.161338999999999899e+00	1.857021800000000056e+01
1.167294000000000054e+00	1.875877200000000045e+01
1.173246999999999929e+00	1.890579200000000171e+01
1.179200000000000026e+00	1.900814799999999849e+01
1.185151999999999983e+00	1.907656300000000016e+01
1.191103000000000023e+00	1.912224199999999996e+01
1.197054000000000062e+00	1.915638900000000078e+01
1.203006000000000020e+00	1.919005200000000144e+01
1.208957999999999977e+00	1.923075599999999952e+01
1.214909999999999934e+00	1.928254599999999996e+01
1.220861999999999892e+00	1.934931999999999874e+01
1.226814000000000071e+00	1.943497699999999995e+01
1.232765000000000111e+00	1.954312200000000033e+01
1.238717000000000068e+00	1.966933399999999921e+01
1.244668000000000108e+00	1.980039299999999969e+01
1.250620000000000065e+00	1.992262600000000106e+01
1.256572000000000022e+00	2.002236500000000063e+01
1.262526000000000037e+00	2.008632300000000015e+01
1.268480000000000052e+00	2.011420999999999992e+01
1.274434000000000067e+00	2.012157499999999999e+01
1.280386000000000024e+00	2.012492999999999910e+01
1.286335999999999924e+00	2.014078599999999852e+01
1.292281999999999931e+00	2.018550400000000167e+01
1.298224999999999962e+00	2.026907800000000037e+01
1.304170000000000051e+00	2.039286900000000102e+01
1.310119999999999951e+00	2.055762500000000159e+01
1.316079999999999917e+00	2.076409100000000052e+01
1.322052999999999923e+00	2.101284499999999866e+01
1.328036999999999912e+00	2.129497599999999835e+01
1.334017000000000008e+00	2.158726300000000009e+01
1.339976000000000056e+00	2.186529600000000073e+01
1.345900000000000096e+00	2.210466399999999965e+01
1.351774000000000031e+00	2.228116800000000097e+01
1.357607000000000008e+00	2.238636699999999990e+01
1.363453000000000026e+00	2.243831499999999934e+01
1.369372000000000034e+00	2.245760900000000149e+01
1.375421999999999922e+00	2.246484299999999834e+01
1.381658999999999970e+00	2.248051900000000103e+01
1.388052000000000064e+00	2.251511500000000154e+01
1.394403000000000059e+00	2.256030499999999961e+01
1.400492999999999988e+00	2.260569100000000020e+01
1.406104999999999938e+00	2.264087500000000119e+01
1.411021999999999998e+00	2.265550899999999857e+01
1.415195999999999898e+00	2.264713599999999971e+01
1.418924000000000074e+00	2.262984700000000160e+01
1.422549999999999981e+00	2.261982100000000173e+01
1.426417000000000046e+00	2.263323300000000060e+01
1.430868000000000029e+00	2.268623600000000096e+01
1.436091000000000006e+00	2.278833399999999898e+01
1.441923000000000066e+00	2.293341900000000066e+01
1.448144000000000098e+00	2.311314499999999938e+01
1.454538000000000109e+00	2.331916700000000020e+01
1.460887000000000047e+00	2.354313700000000154e+01
1.467041999999999957e+00	2.377633600000000058e+01
1.473030999999999979e+00	2.400905699999999854e+01
1.478914000000000062e+00	2.423143599999999864e+01
1.484749000000000096e+00	2.443360699999999852e+01
1.490591999999999917e+00	2.460570399999999935e+01
1.496488000000000040e+00	2.473821699999999879e+01
1.502428000000000097e+00	2.482268699999999839e+01
1.508397999999999906e+00	2.485085199999999972e+01
1.514380999999999977e+00	2.481444600000000023e+01
1.520361999999999991e+00	2.470520600000000044e+01
1.526329999999999965e+00	2.452094299999999905e+01
1.532284999999999897e+00	2.427973300000000023e+01
1.538232999999999961e+00	2.400387600000000177e+01
1.544175999999999993e+00	2.371567200000000142e+01
1.550119999999999942e+00	2.343742100000000050e+01
1.556068000000000007e+00	2.318994400000000056e+01
1.562019000000000046e+00	2.298850499999999997e+01
1.567971999999999921e+00	2.284705699999999950e+01
1.573925999999999936e+00	2.277955400000000097e+01
1.579879999999999951e+00	2.279994900000000158e+01
1.585833000000000048e+00	2.291902500000000131e+01
1.591785000000000005e+00	2.313408599999999993e+01
1.597736999999999963e+00	2.343885300000000171e+01
1.603688000000000002e+00	2.382705199999999834e+01
1.609639000000000042e+00	2.429240300000000019e+01
1.615590999999999999e+00	2.482516800000000146e+01
1.621542999999999957e+00	2.539898200000000017e+01
1.627494999999999914e+00	2.598249900000000068e+01
1.633447000000000093e+00	2.654437199999999919e+01
1.639399000000000051e+00	2.705325500000000005e+01
1.645350000000000090e+00	2.748126099999999994e+01
1.651302000000000048e+00	2.781927500000000109e+01
1.657253000000000087e+00	2.806451699999999860e+01
1.663205000000000044e+00	2.821421199999999985e+01
1.669157999999999920e+00	2.826558700000000002e+01
1.675111999999999934e+00	2.822043499999999838e+01
1.681065999999999949e+00	2.810862099999999941e+01
1.687019000000000046e+00	2.797066399999999931e+01
1.692971000000000004e+00	2.784710099999999855e+01
1.698919000000000068e+00	2.777847099999999969e+01
1.704863000000000017e+00	2.779975800000000064e+01
1.710806999999999967e+00	2.790721699999999927e+01
1.716752999999999973e+00	2.808060899999999904e+01
1.722706999999999988e+00	2.829963199999999901e+01
1.728671999999999986e+00	2.854398799999999881e+01
1.734652000000000083e+00	2.879595300000000080e+01
1.740636000000000072e+00	2.905827100000000129e+01
1.746609000000000078e+00	2.934344899999999967e+01
1.752555000000000085e+00	2.966405100000000061e+01
1.758458000000000077e+00	3.003264300000000020e+01
1.764308999999999905e+00	3.045806699999999978e+01
1.770140999999999964e+00	3.091535899999999870e+01
1.776011999999999924e+00	3.136153399999999891e+01
1.781979999999999897e+00	3.175344000000000122e+01
1.788105000000000055e+00	3.204792400000000185e+01
1.794426999999999994e+00	3.220673800000000142e+01
1.800829000000000013e+00	3.224277899999999875e+01
1.807091999999999921e+00	3.219937099999999930e+01
1.813002000000000002e+00	3.212024000000000257e+01
1.818338000000000010e+00	3.204911200000000093e+01
1.822912000000000088e+00	3.202646399999999716e+01
1.826850000000000085e+00	3.205360600000000204e+01
1.830492000000000008e+00	3.210588500000000067e+01
1.834179999999999922e+00	3.215818399999999855e+01
1.838259000000000087e+00	3.218538600000000116e+01
1.843048000000000020e+00	3.216558299999999804e+01
1.848562000000000038e+00	3.212194099999999963e+01
1.854589999999999961e+00	3.211088000000000164e+01
1.860913000000000039e+00	3.218959399999999960e+01
1.867313999999999918e+00	3.241527700000000323e+01
1.873583999999999916e+00	3.284158699999999698e+01
1.879660000000000108e+00	3.346382100000000293e+01
1.885596000000000050e+00	3.422939900000000080e+01
1.891450999999999993e+00	3.508432499999999976e+01
1.897281999999999913e+00	3.597460300000000188e+01
1.903146999999999922e+00	3.684757199999999955e+01
1.909062999999999954e+00	3.767668900000000320e+01
1.915018000000000109e+00	3.845923100000000261e+01
1.920995999999999926e+00	3.919334599999999824e+01
1.926979999999999915e+00	3.987718399999999974e+01
1.932955999999999896e+00	4.050813800000000242e+01
1.938917999999999919e+00	4.106581599999999810e+01
1.944868999999999959e+00	4.151180999999999699e+01
1.950814000000000048e+00	4.180690500000000043e+01
1.956757999999999997e+00	4.191189099999999712e+01
1.962703000000000086e+00	4.178939600000000354e+01
1.968652000000000069e+00	4.145503899999999931e+01
1.974604000000000026e+00	4.098410499999999956e+01
1.980558000000000041e+00	4.045505899999999855e+01
1.986512000000000056e+00	3.994636799999999965e+01
1.992466000000000070e+00	3.953543499999999966e+01
1.998418000000000028e+00	3.926154600000000272e+01
2.004370000000000207e+00	3.911628300000000280e+01
2.010321999999999942e+00	3.908821199999999862e+01
2.016272999999999982e+00	3.916590200000000266e+01
2.022224000000000022e+00	3.933799199999999985e+01
2.028176000000000201e+00	3.959639800000000065e+01
2.034127999999999936e+00	3.993760400000000033e+01
2.040080000000000116e+00	4.035842800000000352e+01
2.046031999999999851e+00	4.085568899999999815e+01
2.051984000000000030e+00	4.142591300000000132e+01
2.057935000000000070e+00	4.204802500000000265e+01
2.063886999999999805e+00	4.267366799999999927e+01
2.069837999999999845e+00	4.325213899999999967e+01
2.075791000000000164e+00	4.373273499999999814e+01
2.081744000000000039e+00	4.406494000000000000e+01
2.087698000000000054e+00	4.421362100000000339e+01
2.093652000000000069e+00	4.417022200000000254e+01
2.099604999999999944e+00	4.392882600000000082e+01
2.105554999999999843e+00	4.348351499999999703e+01
2.111501000000000072e+00	4.282863900000000257e+01
2.117445000000000022e+00	4.198992700000000156e+01
2.123388999999999971e+00	4.105363400000000240e+01
2.129338000000000175e+00	4.011290999999999940e+01
2.135295999999999861e+00	3.926090500000000105e+01
2.141268000000000171e+00	3.859059100000000342e+01
2.147250999999999799e+00	3.816228199999999759e+01
2.153232000000000035e+00	3.796585900000000180e+01
2.159196000000000115e+00	3.798203800000000285e+01
2.165125000000000188e+00	3.819153500000000179e+01
2.171006000000000213e+00	3.857502399999999909e+01
2.176841000000000026e+00	3.910011000000000081e+01
2.182682999999999929e+00	3.970281599999999855e+01
2.188588999999999896e+00	4.031448799999999721e+01
2.194618000000000180e+00	4.086647200000000169e+01
2.200828000000000007e+00	4.129014600000000002e+01
2.207209999999999894e+00	4.153483500000000106e+01
2.213579000000000185e+00	4.159857099999999974e+01
2.219714999999999883e+00	4.148756300000000152e+01
2.225403000000000020e+00	4.120801900000000018e+01
2.230423000000000044e+00	4.076615799999999723e+01
2.234681000000000139e+00	4.018310199999999810e+01
2.238447999999999993e+00	3.952546000000000248e+01
2.242068000000000172e+00	3.886848899999999674e+01
2.245884000000000214e+00	3.828744300000000322e+01
2.250237999999999960e+00	3.785757600000000167e+01
2.255365999999999982e+00	3.765558599999999956e+01
2.261130000000000084e+00	3.776311900000000321e+01
2.267313000000000134e+00	3.826288600000000173e+01
2.273696000000000161e+00	3.923760099999999795e+01
2.280063999999999869e+00	4.076997300000000024e+01
2.286243999999999943e+00	4.288365699999999947e+01
2.292251999999999956e+00	4.537312599999999918e+01
2.298146000000000022e+00	4.797726600000000019e+01
2.303983000000000114e+00	5.043496600000000285e+01
2.309822000000000042e+00	5.248511299999999835e+01
2.315710999999999853e+00	5.390929799999999972e+01
2.321645999999999876e+00	5.467619599999999735e+01
2.327612999999999932e+00	5.480569700000000211e+01
2.333594999999999864e+00	5.431769299999999845e+01
2.339576999999999796e+00	5.323207599999999928e+01
2.345546999999999827e+00	5.158793899999999866e+01
2.351503999999999817e+00	4.951938299999999771e+01
2.357451999999999881e+00	4.718984100000000126e+01
2.363395999999999830e+00	4.476275700000000057e+01
2.369339000000000084e+00	4.240157299999999907e+01
2.375286000000000008e+00	4.024727800000000144e+01
2.381237000000000048e+00	3.831521200000000249e+01
2.387189999999999923e+00	3.657703500000000219e+01
2.393143999999999938e+00	3.500436299999999790e+01
2.399097999999999953e+00	3.356881200000000121e+01
2.405050999999999828e+00	3.227989999999999782e+01
2.411004000000000147e+00	3.138744600000000062e+01
2.416955999999999882e+00	3.123515000000000086e+01
2.422906999999999922e+00	3.216692700000000116e+01
2.428857999999999961e+00	3.452669199999999705e+01
2.434809000000000001e+00	3.854256900000000030e+01
2.440760000000000041e+00	4.360876900000000234e+01
2.446712000000000220e+00	4.875412699999999688e+01
2.452663999999999955e+00	5.300592900000000185e+01
2.458616999999999830e+00	5.539145899999999756e+01
2.464570999999999845e+00	5.507562999999999676e+01
2.470524999999999860e+00	5.235313200000000222e+01
2.476478000000000179e+00	4.807270499999999913e+01
2.482429999999999914e+00	4.308690299999999951e+01
2.488377999999999979e+00	3.824828399999999817e+01
2.494323000000000068e+00	3.436348799999999670e+01
2.500265999999999877e+00	3.180771100000000118e+01
2.506212000000000106e+00	3.071975799999999879e+01
2.512164999999999981e+00	3.123601199999999878e+01
2.518129000000000062e+00	3.349285700000000077e+01
2.524108000000000018e+00	3.756645499999999771e+01
2.530091999999999786e+00	4.288183800000000190e+01
2.536067000000000071e+00	4.846608200000000011e+01
2.542015999999999831e+00	5.334055800000000147e+01
2.547924000000000078e+00	5.652663700000000091e+01
2.553779000000000021e+00	5.712861900000000048e+01
2.559610000000000163e+00	5.528910400000000180e+01
2.565475000000000172e+00	5.185760400000000203e+01
2.571432000000000162e+00	4.769719099999999656e+01
2.577539999999999942e+00	4.367093899999999707e+01
2.583845999999999865e+00	4.060177699999999845e+01
2.590249000000000024e+00	3.872615299999999650e+01
2.596534000000000120e+00	3.783618100000000339e+01
2.602485000000000159e+00	3.771295299999999884e+01
2.607883000000000173e+00	3.813756000000000057e+01
2.612527000000000044e+00	3.888967800000000352e+01
2.616509000000000196e+00	3.972462000000000160e+01
2.620163999999999938e+00	4.037717899999999815e+01
2.623834000000000000e+00	4.058150599999999741e+01
2.627863000000000060e+00	4.007175099999999901e+01
2.632579999999999920e+00	3.859782200000000074e+01
2.638037000000000187e+00	3.623240599999999745e+01
2.644026000000000209e+00	3.335038999999999731e+01
2.650332000000000132e+00	3.033829599999999971e+01
2.656734000000000151e+00	2.758264300000000091e+01
2.663022999999999918e+00	2.546011199999999874e+01
2.669115000000000126e+00	2.410410399999999953e+01
2.675060999999999911e+00	2.339492800000000017e+01
2.680919999999999970e+00	2.320109100000000169e+01
2.686751000000000111e+00	2.339110099999999903e+01
2.692610999999999866e+00	2.383518300000000067e+01
2.698523999999999923e+00	2.445570000000000022e+01
2.704476000000000102e+00	2.523529100000000014e+01
2.710452000000000083e+00	2.615995200000000054e+01
2.716435999999999851e+00	2.721568100000000001e+01
2.722412999999999972e+00	2.838884099999999933e+01
2.728375999999999912e+00	2.967976900000000029e+01
2.734328000000000092e+00	3.110676000000000130e+01
2.740273999999999877e+00	3.268928700000000021e+01
2.746217000000000130e+00	3.444682699999999897e+01
2.752162000000000219e+00	3.639368000000000336e+01
2.758110999999999979e+00	3.829191200000000350e+01
2.764063000000000159e+00	3.954291200000000117e+01
2.770016000000000034e+00	3.952033200000000335e+01
2.775971000000000188e+00	3.759781999999999869e+01
2.781924000000000063e+00	3.316082899999999967e+01
2.787876999999999938e+00	2.635719900000000138e+01
2.793829000000000118e+00	1.854883799999999994e+01
2.799780999999999853e+00	1.120596500000000084e+01
2.805731999999999893e+00	5.798797999999999675e+00
2.811682999999999932e+00	3.786772000000000027e+00
2.817635000000000112e+00	5.666011000000000131e+00
2.823586999999999847e+00	1.022210500000000089e+01
2.829539000000000026e+00	1.606479200000000063e+01
2.835491000000000206e+00	2.180380600000000157e+01
2.841442999999999941e+00	2.605330700000000022e+01
2.847395000000000120e+00	2.800511099999999942e+01
2.853346999999999856e+00	2.799655200000000121e+01
2.859299000000000035e+00	2.649993699999999919e+01
2.865251000000000214e+00	2.398757099999999909e+01
2.871201999999999810e+00	2.093156400000000161e+01
2.877153999999999989e+00	1.776366600000000062e+01
2.883106000000000169e+00	1.482608199999999954e+01
2.889057999999999904e+00	1.244898000000000060e+01
2.895010000000000083e+00	1.096252800000000072e+01
2.900961999999999819e+00	1.069636000000000031e+01
2.906913999999999998e+00	1.178388900000000028e+01
2.912866000000000177e+00	1.387055600000000055e+01
2.918817999999999913e+00	1.652722800000000092e+01
2.924770000000000092e+00	1.932477300000000042e+01
2.930721000000000132e+00	2.183415499999999909e+01
2.936672999999999867e+00	2.370300900000000155e+01
2.942625000000000046e+00	2.479312600000000089e+01
2.948576999999999781e+00	2.500340299999999871e+01
2.954528999999999961e+00	2.423273400000000066e+01
2.960481000000000140e+00	2.238005599999999973e+01
2.966432999999999875e+00	1.943959500000000062e+01
2.972385000000000055e+00	1.570515200000000000e+01
2.978336999999999790e+00	1.152924100000000074e+01
2.984288999999999970e+00	7.264377999999999780e+00
2.990240000000000009e+00	3.263078000000000145e+00
2.996192000000000188e+00	-1.221430000000000016e-01
3.002143999999999924e+00	-2.538769999999999971e+00
3.008096000000000103e+00	-3.634288000000000185e+00
3.014047999999999838e+00	-3.056181000000000036e+00
3.020000000000000018e+00	-4.519349999999999756e-01
