1.199999999999999956e-01	2.617690860839783973e+00
1.249780000000000058e-01	1.150066113452759442e+00
1.305999999999999939e-01	1.318599052539521033e+00
1.367059999999999942e-01	7.199112025804755843e-01
1.431360000000000132e-01	1.935318938000978761e+00
1.497320000000000040e-01	1.706119298338354850e+00
1.563350000000000017e-01	2.444520689624910315e+00
1.627850000000000130e-01	2.594160131680943060e+00
1.689219999999999888e-01	2.594571243161534646e+00
1.745889999999999942e-01	2.814127737918604932e+00
1.796250000000000069e-01	2.998281627119147696e+00
1.839349999999999874e-01	2.889232346159729126e+00
1.877439999999999942e-01	3.074675840812245653e+00
1.913779999999999926e-01	2.570305418646950280e+00
1.951660000000000061e-01	2.501758732800393847e+00
1.994340000000000002e-01	2.335790462299416781e+00
2.044499999999999929e-01	2.097077633091918525e+00
2.101250000000000062e-01	2.044856723049792713e+00
2.162479999999999958e-01	2.963329751472914886e+00
2.226049999999999973e-01	1.916025578663645978e+00
2.289819999999999911e-01	2.488762346461969699e+00
2.351930000000000132e-01	2.078421120548341161e+00
2.412249999999999950e-01	2.982407802745016934e+00
2.471349999999999936e-01	3.027169495590437798e+00
2.529799999999999827e-01	3.478907873479788471e+00
2.588170000000000193e-01	4.198137170510291227e+00
2.646970000000000156e-01	3.137033845547106736e+00
2.706259999999999777e-01	3.405640589810688290e+00
2.765880000000000005e-01	2.840300062455805019e+00
2.825679999999999858e-01	3.249089714084585800e+00
2.885510000000000019e-01	3.509038311944328914e+00
2.945229999999999793e-01	3.346440619457898613e+00
3.004809999999999981e-01	3.100215627717959777e+00
3.064310000000000089e-01	3.043490008340676845e+00
3.123750000000000138e-01	3.468439101938839642e+00
3.183190000000000186e-01	3.285164546449887979e+00
3.242650000000000254e-01	3.571643920913403658e+00
3.302149999999999808e-01	3.159347594177671859e+00
3.361680000000000224e-01	2.362527192401346454e+00
3.421210000000000084e-01	2.498346125987444211e+00
3.480759999999999965e-01	1.383031547804650874e+00
3.540289999999999826e-01	2.016964049510824530e+00
3.599809999999999954e-01	2.568914161981363797e+00
3.659330000000000083e-01	1.518618068805193122e+00
3.718839999999999923e-01	1.013326368762114571e+00
3.778360000000000052e-01	1.556572901662508279e+00
3.837869999999999893e-01	2.001240583388379068e+00
3.897390000000000021e-01	2.338506848120877724e+00
3.956910000000000149e-01	3.045285302593852439e+00
4.016429999999999723e-01	3.576567118767950859e+00
4.075949999999999851e-01	3.334854169942902402e+00
4.135469999999999979e-01	3.208227685845626898e+00
4.194979999999999820e-01	3.498234852754360080e+00
4.254499999999999948e-01	2.880202379138200541e+00
4.314009999999999789e-01	3.007853270543402235e+00
4.373540000000000205e-01	2.954010899544574631e+00
4.433079999999999798e-01	2.161682885638743556e+00
4.492619999999999947e-01	2.384881430805938507e+00
4.552160000000000095e-01	2.623831403767812542e+00
4.611680000000000224e-01	2.323872279660774698e+00
4.671170000000000044e-01	3.653772785622010133e+00
4.730619999999999825e-01	3.758800381278237346e+00
4.790059999999999873e-01	4.085184612947086791e+00
4.849510000000000209e-01	5.070260320300784329e+00
4.909020000000000050e-01	5.496655218291266465e+00
4.968629999999999991e-01	5.928983018166873009e+00
5.028390000000000359e-01	5.879306814553517668e+00
5.088230000000000253e-01	4.600524348222846172e+00
5.148009999999999531e-01	3.873730691598939124e+00
5.207570000000000254e-01	3.151210835978504932e+00
5.266750000000000043e-01	2.000533921844602325e+00
5.325410000000000421e-01	1.482015273858633186e+00
5.383719999999999617e-01	2.187586813707201649e+00
5.442249999999999588e-01	1.706681479167912130e+00
5.501580000000000359e-01	2.065989954382589922e+00
5.562289999999999734e-01	2.854723418446946770e+00
5.624930000000000208e-01	2.887787172723517148e+00
5.688929999999999820e-01	3.576772866618933566e+00
5.752220000000000111e-01	4.116153810409161729e+00
5.812610000000000277e-01	3.833640411823117766e+00
5.867949999999999555e-01	4.369386591277930165e+00
5.916080000000000227e-01	5.025954021431626728e+00
5.957040000000000113e-01	4.032483685617065383e+00
5.993990000000000151e-01	3.733317382141621898e+00
6.030370000000000452e-01	3.681611828693860833e+00
6.069609999999999728e-01	4.355130293953839882e+00
6.115110000000000268e-01	3.136062713967144866e+00
6.168270000000000142e-01	4.197936973724233134e+00
6.227219999999999978e-01	3.202362191321440399e+00
6.289789999999999548e-01	3.494485681093342233e+00
6.353790000000000271e-01	4.088925879397710794e+00
6.417070000000000274e-01	4.639265104571800968e+00
6.478369999999999962e-01	4.217059145676730125e+00
6.538089999999999735e-01	5.192103748484290016e+00
6.596819999999999906e-01	6.169094226678939918e+00
6.655140000000000500e-01	7.001591558381043079e+00
6.713630000000000431e-01	7.647983732719538352e+00
6.772660000000000347e-01	8.725722983090847151e+00
6.832110000000000127e-01	7.866864725483826426e+00
6.891829999999999901e-01	7.994247146108813595e+00
6.951669999999999794e-01	8.094500946998740787e+00
7.011469999999999647e-01	7.726321119607987065e+00
7.071119999999999628e-01	7.655924472557778415e+00
7.130670000000000064e-01	5.968670292986438142e+00
7.190130000000000132e-01	6.150786377957627060e+00
7.249569999999999625e-01	6.694107027148685773e+00
7.309010000000000229e-01	5.598319958762718151e+00
7.368489999999999762e-01	6.154887048524868121e+00
7.428000000000000158e-01	7.042667983528129838e+00
7.487530000000000019e-01	7.185070579796828838e+00
7.547080000000000455e-01	7.960867046124080026e+00
7.606619999999999493e-01	7.777340979432875834e+00
7.666140000000000176e-01	8.072186236883235111e+00
7.725670000000000037e-01	7.830044438658264383e+00
7.785180000000000433e-01	7.102502721207594405e+00
7.844689999999999719e-01	6.996188082074283443e+00
7.904210000000000402e-01	6.781731247801111806e+00
7.963729999999999976e-01	7.280723426591596770e+00
8.023249999999999549e-01	7.425850893756219762e+00
8.082770000000000232e-01	6.995914328642667712e+00
8.142289999999999806e-01	6.666838839032882547e+00
8.201800000000000201e-01	7.419371048346858899e+00
8.261319999999999775e-01	6.805182382423327958e+00
8.320830000000000171e-01	6.745996489723538048e+00
8.380349999999999744e-01	7.795217676172388366e+00
8.439870000000000427e-01	7.146273025791770372e+00
8.499400000000000288e-01	7.703566508319116046e+00
8.558940000000000436e-01	7.743031623686657205e+00
8.618479999999999475e-01	9.370084581501435750e+00
8.678010000000000446e-01	9.024439960233127778e+00
8.737519999999999731e-01	1.016496989265582762e+01
8.797000000000000375e-01	9.544500731857892717e+00
8.856439999999999868e-01	1.065152210243763164e+01
8.915870000000000184e-01	1.016081108406518574e+01
8.975349999999999717e-01	9.813829579226952760e+00
9.034900000000000153e-01	8.720638060160585070e+00
9.094569999999999599e-01	7.959069101007169245e+00
9.154379999999999740e-01	8.465472966422250778e+00
9.214210000000000456e-01	8.778391938543556705e+00
9.273909999999999654e-01	9.461930418346225835e+00
9.333329999999999682e-01	9.140692274322564259e+00
9.392300000000000093e-01	9.747602926621539154e+00
9.450749999999999984e-01	1.022510466531364770e+01
9.509090000000000042e-01	1.034245805618477121e+01
9.567890000000000006e-01	1.012292443745175063e+01
9.627750000000000474e-01	1.043914889174894967e+01
9.689229999999999787e-01	1.126768809232191160e+01
9.752680000000000238e-01	1.199770588275352878e+01
9.816639999999999810e-01	1.099332593279778081e+01
9.878930000000000211e-01	1.062837415010387865e+01
9.937399999999999567e-01	1.062259684782534919e+01
9.989850000000000119e-01	1.065577586383775888e+01
1.003457999999999961e+00	1.127507735045811366e+01
1.007338000000000067e+00	1.010238016805816486e+01
1.010966000000000031e+00	1.006132571236967621e+01
1.014685999999999977e+00	1.022536048905787887e+01
1.018841000000000108e+00	1.136595901046855772e+01
1.023735000000000062e+00	1.099151783260341730e+01
1.029328999999999938e+00	1.153818555189109674e+01
1.035408000000000106e+00	1.156228946003870384e+01
1.041754000000000069e+00	1.192469832806865071e+01
1.048148999999999997e+00	1.172667384809551017e+01
1.054391999999999996e+00	1.200666732036732398e+01
1.060446000000000000e+00	1.193610525825209479e+01
1.066368999999999900e+00	1.223198731163625474e+01
1.072216999999999976e+00	1.196366659768633767e+01
1.078049000000000035e+00	1.191997999748657300e+01
1.083920999999999912e+00	1.173799031036174334e+01
1.089842999999999895e+00	1.265479821117630621e+01
1.095801999999999943e+00	1.187701044142730922e+01
1.101780999999999899e+00	1.265640066417094367e+01
1.107765000000000111e+00	1.338233633919249854e+01
1.113739999999999952e+00	1.323839598703636966e+01
1.119699999999999918e+00	1.386588785681297331e+01
1.125650000000000039e+00	1.439607779985926150e+01
1.131594999999999906e+00	1.633128739968116250e+01
1.137537999999999938e+00	1.562723349583438548e+01
1.143483999999999945e+00	1.676693640144184982e+01
1.149432999999999927e+00	1.829949112287107837e+01
1.155386000000000024e+00	1.873311754425348852e+01
1.161338999999999899e+00	1.855813311227110773e+01
1.167294000000000054e+00	1.898670407584208064e+01
1.173246999999999929e+00	1.845086477871960540e+01
1.179200000000000026e+00	1.827955727417309362e+01
1.185151999999999983e+00	1.741881989687401955e+01
1.191103000000000023e+00	1.705908971670591612e+01
1.197054000000000062e+00	1.756063318822279129e+01
1.203006000000000020e+00	1.730333750910933333e+01
1.208957999999999977e+00	1.858876739582347071e+01
1.214909999999999934e+00	1.830301010083856639e+01
1.220861999999999892e+00	1.725301585860481879e+01
1.226814000000000071e+00	1.827760210448467859e+01
1.232765000000000111e+00	1.812196944232570672e+01
1.238717000000000068e+00	1.714272222855005268e+01
1.244668000000000108e+00	1.696547658052178775e+01
1.250620000000000065e+00	1.636562871344813175e+01
1.256572000000000022e+00	1.591812190113425984e+01
1.262526000000000037e+00	1.597550787684525631e+01
1.268480000000000052e+00	1.579185220739445228e+01
1.274434000000000067e+00	1.615021795043297459e+01
1.280386000000000024e+00	1.718654907623622563e+01
1.286335999999999924e+00	1.693752102154151729e+01
1.292281999999999931e+00	1.815942571299536823e+01
1.298224999999999962e+00	1.820264340777530521e+01
1.304170000000000051e+00	1.634395549110915624e+01
1.310119999999999951e+00	1.711321259700183361e+01
1.316079999999999917e+00	1.646031575856736140e+01
1.322052999999999923e+00	1.676394423100115461e+01
1.328036999999999912e+00	1.710752446190052112e+01
1.334017000000000008e+00	1.760825593204795325e+01
1.339976000000000056e+00	1.734434248506240195e+01
1.345900000000000096e+00	1.816333994653639294e+01
1.351774000000000031e+00	1.788950658426575302e+01
1.357607000000000008e+00	1.731824931561212466e+01
1.363453000000000026e+00	1.749899411746687505e+01
1.369372000000000034e+00	1.618763131725867410e+01
1.375421999999999922e+00	1.621836889524537284e+01
1.381658999999999970e+00	1.590448250347996684e+01
1.388052000000000064e+00	1.751997048637431931e+01
1.394403000000000059e+00	1.887443758744017686e+01
1.400492999999999988e+00	1.949356820424112868e+01
1.406104999999999938e+00	1.790884017202160550e+01
1.411021999999999998e+00	1.976691102931729205e+01
1.415195999999999898e+00	1.953251478067332769e+01
1.418924000000000074e+00	1.774717586778931278e+01
1.422549999999999981e+00	1.655782639799625144e+01
1.426417000000000046e+00	1.562666825890369893e+01
1.430868000000000029e+00	1.500190837542024447e+01
1.436091000000000006e+00	1.420483942916341391e+01
1.441923000000000066e+00	1.588339151138636218e+01
1.448144000000000098e+00	1.741955860028816261e+01
1.454538000000000109e+00	1.786044795917748118e+01
1.460887000000000047e+00	1.726103881442654142e+01
1.467041999999999957e+00	1.789392303872860523e+01
1.473030999999999979e+00	1.700903490919280259e+01
1.478914000000000062e+00	1.695104941182351865e+01
1.484749000000000096e+00	1.596159746028025417e+01
1.490591999999999917e+00	1.587084157150096608e+01
1.496488000000000040e+00	1.641533737030733064e+01
1.502428000000000097e+00	1.620131041462478194e+01
1.508397999999999906e+00	1.678931867793263422e+01
1.514380999999999977e+00	1.738940229975351315e+01
1.520361999999999991e+00	1.780003745173110019e+01
1.526329999999999965e+00	1.803327071363572287e+01
1.532284999999999897e+00	1.729922530280772364e+01
1.538232999999999961e+00	1.827088725744806652e+01
1.544175999999999993e+00	1.814400589934978569e+01
1.550119999999999942e+00	1.771448828184986368e+01
1.556068000000000007e+00	1.891016838074350304e+01
1.562019000000000046e+00	1.916096246531768088e+01
1.567971999999999921e+00	1.911533407715178967e+01
1.573925999999999936e+00	1.978335141408629738e+01
1.579879999999999951e+00	1.987175322420888435e+01
1.585833000000000048e+00	1.957222878728385851e+01
1.591785000000000005e+00	1.910510950983285738e+01
1.597736999999999963e+00	2.003983114904158214e+01
1.603688000000000002e+00	1.840141658081411791e+01
1.609639000000000042e+00	1.916608805692822770e+01
1.615590999999999999e+00	1.871767828682977353e+01
1.621542999999999957e+00	1.903052116886976819e+01
1.627494999999999914e+00	1.930990661033179734e+01
1.633447000000000093e+00	1.994987328147669814e+01
1.639399000000000051e+00	2.118748621512846597e+01
1.645350000000000090e+00	2.135771495350249793e+01
1.651302000000000048e+00	2.325385288388181237e+01
1.657253000000000087e+00	2.333262992701269667e+01
1.663205000000000044e+00	2.405476537094048695e+01
1.669157999999999920e+00	2.340654097025509728e+01
1.675111999999999934e+00	2.385231211412157037e+01
1.681065999999999949e+00	2.229616758469244786e+01
1.687019000000000046e+00	2.285209752664793825e+01
1.692971000000000004e+00	2.173122202381875567e+01
1.698919000000000068e+00	2.059768881245326710e+01
1.704863000000000017e+00	2.112378027510111878e+01
1.710806999999999967e+00	2.171153052530285521e+01
1.716752999999999973e+00	2.066319186229350535e+01
1.722706999999999988e+00	2.074886128365551130e+01
1.728671999999999986e+00	2.165174217660093348e+01
1.734652000000000083e+00	2.215243131019377287e+01
1.740636000000000072e+00	2.302707666927109642e+01
1.746609000000000078e+00	2.276467664357920384e+01
1.752555000000000085e+00	2.345918726195517223e+01
1.758458000000000077e+00	2.356767881352825711e+01
1.764308999999999905e+00	2.374479086207319867e+01
1.770140999999999964e+00	2.411129619061705398e+01
1.776011999999999924e+00	2.491789883365489899e+01
1.781979999999999897e+00	2.522158842475694840e+01
1.788105000000000055e+00	2.518027303542316986e+01
1.794426999999999994e+00	2.533883358717962153e+01
1.800829000000000013e+00	2.501541359396906827e+01
1.807091999999999921e+00	2.664926884086195003e+01
1.813002000000000002e+00	2.638324180538647212e+01
1.818338000000000010e+00	2.648233706125823161e+01
1.822912000000000088e+00	2.708345782162196258e+01
1.826850000000000085e+00	2.777059724434089460e+01
1.830492000000000008e+00	2.888015724387720340e+01
1.834179999999999922e+00	2.917305877484417564e+01
1.838259000000000087e+00	2.998931440506360246e+01
1.843048000000000020e+00	3.046850543298080538e+01
1.848562000000000038e+00	3.048658759951996799e+01
1.854589999999999961e+00	2.874724636400371125e+01
1.860913000000000039e+00	2.858935752937831865e+01
1.867313999999999918e+00	2.834933613587229218e+01
1.873583999999999916e+00	2.884236036370792888e+01
1.879660000000000108e+00	2.853158240489759834e+01
1.885596000000000050e+00	2.836598495417873877e+01
1.891450999999999993e+00	2.929830528913032239e+01
1.897281999999999913e+00	2.902549160904768044e+01
1.903146999999999922e+00	2.912751638130290388e+01
1.909062999999999954e+00	2.936605820015529389e+01
1.915018000000000109e+00	3.013247335981023767e+01
1.920995999999999926e+00	2.908518092654251319e+01
1.926979999999999915e+00	2.990199829480797433e+01
1.932955999999999896e+00	2.949954209388343429e+01
1.938917999999999919e+00	2.955493258413371649e+01
1.944868999999999959e+00	2.923021195012973550e+01
1.950814000000000048e+00	2.855560654095237538e+01
1.956757999999999997e+00	2.852537803953268636e+01
1.962703000000000086e+00	2.782734270601050142e+01
1.968652000000000069e+00	2.641165191455399608e+01
1.974604000000000026e+00	2.614344726007899311e+01
1.980558000000000041e+00	2.520235843132352827e+01
1.986512000000000056e+00	2.448791743027751266e+01
1.992466000000000070e+00	2.422297256849956781e+01
1.998418000000000028e+00	2.341102253485936302e+01
2.004370000000000207e+00	2.367860439425266961e+01
2.010321999999999942e+00	2.276917446462439187e+01
2.016272999999999982e+00	2.290189258022009255e+01
2.022224000000000022e+00	2.275718920619900132e+01
2.028176000000000201e+00	2.280987234469149527e+01
2.034127999999999936e+00	2.216648058348045680e+01
2.040080000000000116e+00	2.251579509871331197e+01
2.046031999999999851e+00	2.181209792223837240e+01
2.051984000000000030e+00	2.396654923641678891e+01
2.057935000000000070e+00	2.401526720173630380e+01
2.063886999999999805e+00	2.583267215442459985e+01
2.069837999999999845e+00	2.671744369835300503e+01
2.075791000000000164e+00	2.892888228692076780e+01
2.081744000000000039e+00	2.969745031876909636e+01
2.087698000000000054e+00	3.162028405063286129e+01
2.093652000000000069e+00	3.194282054235718604e+01
2.099604999999999944e+00	3.329978620298744829e+01
2.105554999999999843e+00	3.506790863105739930e+01
2.111501000000000072e+00	3.732508151976582411e+01
2.117445000000000022e+00	3.836988042758112982e+01
2.123388999999999971e+00	4.148947105634789523e+01
2.129338000000000175e+00	4.435674298010827243e+01
2.135295999999999861e+00	4.740715378187020690e+01
2.141268000000000171e+00	5.080110426499022935e+01
2.147250999999999799e+00	5.342219640757838306e+01
2.153232000000000035e+00	5.583756901568486342e+01
2.159196000000000115e+00	5.933265433207800754e+01
2.165125000000000188e+00	6.132878645091662406e+01
2.171006000000000213e+00	6.173828608087419667e+01
2.176841000000000026e+00	6.185870530816777801e+01
2.182682999999999929e+00	6.149384386633977329e+01
2.188588999999999896e+00	5.967863053753535496e+01
2.194618000000000180e+00	5.685660795940484036e+01
2.200828000000000007e+00	5.426572539254930660e+01
2.207209999999999894e+00	5.180342803207322788e+01
2.213579000000000185e+00	4.877520942050028196e+01
2.219714999999999883e+00	4.595608869378818895e+01
2.225403000000000020e+00	4.353632755938492238e+01
2.230423000000000044e+00	4.014632250461811225e+01
2.234681000000000139e+00	3.731675779670915460e+01
2.238447999999999993e+00	3.514011942907741570e+01
2.242068000000000172e+00	3.332022799114846379e+01
2.245884000000000214e+00	3.217084812155045626e+01
2.250237999999999960e+00	3.040590964595310908e+01
2.255365999999999982e+00	3.003004101953545302e+01
2.261130000000000084e+00	2.993026087809190372e+01
2.267313000000000134e+00	2.935503991735754070e+01
2.273696000000000161e+00	3.025290441557968890e+01
2.280063999999999869e+00	2.862772016177482826e+01
2.286243999999999943e+00	2.921622138548153913e+01
2.292251999999999956e+00	2.936627336244281139e+01
2.298146000000000022e+00	2.972842174742657662e+01
2.303983000000000114e+00	3.188497333332025008e+01
2.309822000000000042e+00	3.383309364492696858e+01
2.315710999999999853e+00	3.767360251601597554e+01
2.321645999999999876e+00	4.072143119266501543e+01
2.327612999999999932e+00	4.505667475547171819e+01
2.333594999999999864e+00	4.775381122928757804e+01
2.339576999999999796e+00	5.103702256363204981e+01
2.345546999999999827e+00	5.112806527747375895e+01
2.351503999999999817e+00	5.003586194708192636e+01
2.357451999999999881e+00	4.862289113692717990e+01
2.363395999999999830e+00	4.468427258085868203e+01
2.369339000000000084e+00	4.201778862578461826e+01
2.375286000000000008e+00	3.843239209524413980e+01
2.381237000000000048e+00	3.688228339171745773e+01
2.387189999999999923e+00	3.415366850285554534e+01
2.393143999999999938e+00	3.147269055632574464e+01
2.399097999999999953e+00	3.088577304605865947e+01
2.405050999999999828e+00	3.047811619433169739e+01
2.411004000000000147e+00	3.089249776417975113e+01
2.416955999999999882e+00	3.225756677399305516e+01
2.422906999999999922e+00	3.381029580772936072e+01
2.428857999999999961e+00	3.484115524369389050e+01
2.434809000000000001e+00	3.721162885430370437e+01
2.440760000000000041e+00	3.761867370011226086e+01
2.446712000000000220e+00	3.925553668882944436e+01
2.452663999999999955e+00	4.024738815283455295e+01
2.458616999999999830e+00	4.219324450226049095e+01
2.464570999999999845e+00	4.487182838965132703e+01
2.470524999999999860e+00	4.835092927298371279e+01
2.476478000000000179e+00	5.067928972719300873e+01
2.482429999999999914e+00	5.413853907765766138e+01
2.488377999999999979e+00	5.544589223948685230e+01
2.494323000000000068e+00	5.598928770749192552e+01
2.500265999999999877e+00	5.724367753150599469e+01
2.506212000000000106e+00	5.711064512824361117e+01
2.512164999999999981e+00	5.536045984653576824e+01
2.518129000000000062e+00	5.330640690111476943e+01
2.524108000000000018e+00	4.983292744504932159e+01
2.530091999999999786e+00	4.561782311202961893e+01
2.536067000000000071e+00	4.080197400112367490e+01
2.542015999999999831e+00	3.602582891223004680e+01
2.547924000000000078e+00	3.325128619222484616e+01
2.553779000000000021e+00	3.026732170986714721e+01
2.559610000000000163e+00	2.845545089261870686e+01
2.565475000000000172e+00	2.920253271598249967e+01
2.571432000000000162e+00	2.910794738883673816e+01
2.577539999999999942e+00	2.866451732560203780e+01
2.583845999999999865e+00	2.637035101009959703e+01
2.590249000000000024e+00	2.603534393507063527e+01
2.596534000000000120e+00	2.402922491928021032e+01
2.602485000000000159e+00	2.217567268466387986e+01
2.607883000000000173e+00	2.072177032678123965e+01
2.612527000000000044e+00	2.097719313344227032e+01
2.616509000000000196e+00	2.269879014590285138e+01
2.620163999999999938e+00	2.312832389433619440e+01
2.623834000000000000e+00	2.491309338329387302e+01
2.627863000000000060e+00	2.585827328484579013e+01
2.632579999999999920e+00	2.604761038916079485e+01
2.638037000000000187e+00	2.429604816562860492e+01
2.644026000000000209e+00	2.123176550040165367e+01
2.650332000000000132e+00	1.880561286958849720e+01
2.656734000000000151e+00	1.480070122684941225e+01
2.663022999999999918e+00	9.830003009710939210e+00
2.669115000000000126e+00	5.525533738634980097e+00
2.675060999999999911e+00	2.451959975587732377e+00
2.680919999999999970e+00	1.920176387166943055e-01
2.686751000000000111e+00	-3.234098072536156776e-01
2.692610999999999866e+00	1.939207072632599616e+00
2.698523999999999923e+00	7.259484184313049759e+00
2.704476000000000102e+00	1.259717243426696598e+01
2.710452000000000083e+00	2.017821836346312381e+01
2.716435999999999851e+00	2.522807325986325466e+01
2.722412999999999972e+00	2.904677928128565512e+01
2.728375999999999912e+00	3.085706465954050870e+01
2.734328000000000092e+00	3.047878991190985332e+01
2.740273999999999877e+00	2.935915741408590307e+01
2.746217000000000130e+00	2.662501248275589916e+01
2.752162000000000219e+00	2.345003987973582937e+01
2.758110999999999979e+00	2.208095181493047221e+01
2.764063000000000159e+00	2.025580128918511846e+01
2.770016000000000034e+00	1.756741340784246219e+01
2.775971000000000188e+00	1.408406230953982252e+01
2.781924000000000063e+00	1.067270092828917250e+01
2.787876999999999938e+00	6.481246520678367595e+00
2.793829000000000118e+00	1.431313848974913316e+00
2.799780999999999853e+00	-2.461186022648473415e+00
2.805731999999999893e+00	-3.108919738242261754e+00
2.811682999999999932e+00	-1.582360803809174321e+00
2.817635000000000112e+00	1.652040046758998182e+00
2.823586999999999847e+00	7.522222602950588310e+00
2.829539000000000026e+00	1.370538026499802342e+01
2.835491000000000206e+00	1.876655024609290479e+01
2.841442999999999941e+00	2.037017955421099913e+01
2.847395000000000120e+00	1.987195638772023898e+01
2.853346999999999856e+00	1.627157816870191098e+01
2.859299000000000035e+00	1.189694342832429186e+01
2.865251000000000214e+00	5.936633531919516038e+00
2.871201999999999810e+00	1.628328840056902926e+00
2.877153999999999989e+00	-1.321434512682322815e+00
2.883106000000000169e+00	-3.642058581049032906e+00
2.889057999999999904e+00	-4.719594676114413190e+00
2.895010000000000083e+00	-6.168267733392079677e+00
2.900961999999999819e+00	-6.579801122445161354e+00
2.906913999999999998e+00	-7.483953028870147683e+00
2.912866000000000177e+00	-7.363158825729807511e+00
2.918817999999999913e+00	-5.368846176838641959e+00
2.924770000000000092e+00	-3.673686049355455729e-01
2.930721000000000132e+00	6.468761998340974984e+00
2.936672999999999867e+00	1.753352788545968011e+01
2.942625000000000046e+00	3.041700991214854355e+01
2.948576999999999781e+00	4.329733028954289864e+01
2.954528999999999961e+00	5.409503468027687489e+01
2.960481000000000140e+00	6.016646232275988382e+01
2.966432999999999875e+00	6.176324142479069224e+01
2.972385000000000055e+00	5.909160793095927744e+01
2.978336999999999790e+00	5.216179773000985875e+01
2.984288999999999970e+00	4.320652487366326966e+01
2.990240000000000009e+00	3.336398147897399014e+01
2.996192000000000188e+00	2.261239392355340527e+01
3.002143999999999924e+00	1.416393846933155842e+01
3.008096000000000103e+00	7.017457441394750361e+00
3.014047999999999838e+00	4.253723457996111179e+00
3.020000000000000018e+00	5.577465464929196592e+00
