1.199999999999999956e-01	3.232795652752997295e+00
1.249780000000000058e-01	2.308799480909377699e+00
1.305999999999999939e-01	2.369081862049393195e+00
1.367059999999999942e-01	1.419497887597198194e+00
1.431360000000000132e-01	1.718271424623666999e+00
1.497320000000000040e-01	2.770844675131116652e+00
1.563350000000000017e-01	2.593509473815004185e+00
1.627850000000000130e-01	3.751014780306866747e+00
1.689219999999999888e-01	3.872976944279301392e+00
1.745889999999999942e-01	4.037377875802617311e+00
1.796250000000000069e-01	3.920964084253916404e+00
1.839349999999999874e-01	3.910185652106091592e+00
1.877439999999999942e-01	3.218163045372945064e+00
1.913779999999999926e-01	2.004146045356902217e+00
1.951660000000000061e-01	1.539384950072385294e+00
1.994340000000000002e-01	1.152613693576392428e+00
2.044499999999999929e-01	1.167293886716513907e+00
2.101250000000000062e-01	1.179662025199855746e+00
2.162479999999999958e-01	7.594752085802185526e-01
2.226049999999999973e-01	1.334170567371798510e+00
2.289819999999999911e-01	1.038005654136260558e+00
2.351930000000000132e-01	8.133930805841829148e-01
2.412249999999999950e-01	8.428411097918860895e-01
2.471349999999999936e-01	1.165800635677627373e+00
2.529799999999999827e-01	9.165300236403289835e-01
2.588170000000000193e-01	6.778538139314238542e-01
2.646970000000000156e-01	1.827797396899597082e+00
2.706259999999999777e-01	2.622620153093652817e+00
2.765880000000000005e-01	3.321281598736499419e+00
2.825679999999999858e-01	4.284212429139911293e+00
2.885510000000000019e-01	4.211574977554361610e+00
2.945229999999999793e-01	3.650447403966272208e+00
3.004809999999999981e-01	3.187065080614453372e+00
3.064310000000000089e-01	2.039734359407838760e+00
3.123750000000000138e-01	1.031671361659571629e+00
3.183190000000000186e-01	1.620945369313619988e-01
3.242650000000000254e-01	7.907915744396385449e-01
3.302149999999999808e-01	2.359550246355160419e-01
3.361680000000000224e-01	1.724541111389535697e+00
3.421210000000000084e-01	2.247534149359199596e+00
3.480759999999999965e-01	2.716273686414110156e+00
3.540289999999999826e-01	3.587383942578970419e+00
3.599809999999999954e-01	3.892745603729802717e+00
3.659330000000000083e-01	4.596306336678301463e+00
3.718839999999999923e-01	3.976697807655341865e+00
3.778360000000000052e-01	3.681633383286825101e+00
3.837869999999999893e-01	3.057163030330886322e+00
3.897390000000000021e-01	2.388254473098294195e+00
3.956910000000000149e-01	1.478640466527080921e+00
4.016429999999999723e-01	1.879489209469525912e+00
4.075949999999999851e-01	1.988425865836489725e+00
4.135469999999999979e-01	2.400195807698281669e+00
4.194979999999999820e-01	2.364467610282179333e+00
4.254499999999999948e-01	3.166719561461950327e+00
4.314009999999999789e-01	4.190569816337999853e+00
4.373540000000000205e-01	4.855439621544433315e+00
4.433079999999999798e-01	4.246727220671133729e+00
4.492619999999999947e-01	4.195693070528241364e+00
4.552160000000000095e-01	3.757359785198997493e+00
4.611680000000000224e-01	3.584420503898957389e+00
4.671170000000000044e-01	2.865678700576344440e+00
4.730619999999999825e-01	2.536781808402951643e+00
4.790059999999999873e-01	2.414516504274224040e+00
4.849510000000000209e-01	3.219588939854257426e+00
4.909020000000000050e-01	2.927262577783448005e+00
4.968629999999999991e-01	2.712002889428619667e+00
5.028390000000000359e-01	2.881051281427910116e+00
5.088230000000000253e-01	3.857625189405204047e+00
5.148009999999999531e-01	3.495703574562404103e+00
5.207570000000000254e-01	4.143053688157462666e+00
5.266750000000000043e-01	4.580693205338716822e+00
5.325410000000000421e-01	4.575269146006167631e+00
5.383719999999999617e-01	4.522232514983342888e+00
5.442249999999999588e-01	5.499638329877417853e+00
5.501580000000000359e-01	5.278883582449830136e+00
5.562289999999999734e-01	5.647284533451095712e+00
5.624930000000000208e-01	5.897070650029474059e+00
5.688929999999999820e-01	5.511948771139675074e+00
5.752220000000000111e-01	4.763479738864565327e+00
5.812610000000000277e-01	4.954236955707117751e+00
5.867949999999999555e-01	4.088682303872019475e+00
5.916080000000000227e-01	4.180163260157404359e+00
5.957040000000000113e-01	4.641348669467687316e+00
5.993990000000000151e-01	5.244967513657940117e+00
6.030370000000000452e-01	5.351806556818562655e+00
6.069609999999999728e-01	4.794154738591769771e+00
6.115110000000000268e-01	5.352980129327518100e+00
6.168270000000000142e-01	5.844972309274430344e+00
6.227219999999999978e-01	5.142870403130458179e+00
6.289789999999999548e-01	5.816949394754233893e+00
6.353790000000000271e-01	5.951040506428165067e+00
6.417070000000000274e-01	5.586204373289685776e+00
6.478369999999999962e-01	5.593564507496823879e+00
6.538089999999999735e-01	5.119796326871322911e+00
6.596819999999999906e-01	5.333217795299294295e+00
6.655140000000000500e-01	4.714038746590569318e+00
6.713630000000000431e-01	4.574641740850483806e+00
6.772660000000000347e-01	5.348787870554877699e+00
6.832110000000000127e-01	5.675381193297881488e+00
6.891829999999999901e-01	5.829775087178980186e+00
6.951669999999999794e-01	6.102721229089288713e+00
7.011469999999999647e-01	6.369207451324043312e+00
7.071119999999999628e-01	6.054740026635706762e+00
7.130670000000000064e-01	6.202227665352476826e+00
7.190130000000000132e-01	5.643122393092629530e+00
7.249569999999999625e-01	6.092534037946590431e+00
7.309010000000000229e-01	5.864570286439039215e+00
7.368489999999999762e-01	5.727177295839772420e+00
7.428000000000000158e-01	6.198712517797512866e+00
7.487530000000000019e-01	5.990051487199172797e+00
7.547080000000000455e-01	6.918854079130215773e+00
7.606619999999999493e-01	6.608952752036860723e+00
7.666140000000000176e-01	6.549087012421411558e+00
7.725670000000000037e-01	5.790029807694896391e+00
7.785180000000000433e-01	6.087324856333179213e+00
7.844689999999999719e-01	6.145334895053718327e+00
7.904210000000000402e-01	6.048171588921309905e+00
7.963729999999999976e-01	5.552725982762304113e+00
8.023249999999999549e-01	6.175882604313262192e+00
8.082770000000000232e-01	6.732621997284235604e+00
8.142289999999999806e-01	6.833720506550948315e+00
8.201800000000000201e-01	6.885106422749561972e+00
8.261319999999999775e-01	6.613654600241877013e+00
8.320830000000000171e-01	6.697562677523718477e+00
8.380349999999999744e-01	6.806622346147499059e+00
8.439870000000000427e-01	6.670352520522301987e+00
8.499400000000000288e-01	7.034247559834636121e+00
8.558940000000000436e-01	7.227054790508954163e+00
8.618479999999999475e-01	7.529296701038044937e+00
8.678010000000000446e-01	8.991976696110164369e+00
8.737519999999999731e-01	8.524650147372026865e+00
8.797000000000000375e-01	1.007723147437286748e+01
8.856439999999999868e-01	8.696508014694348532e+00
8.915870000000000184e-01	9.644261708977998282e+00
8.975349999999999717e-01	9.399576775290700681e+00
9.034900000000000153e-01	8.642854785666918005e+00
9.094569999999999599e-01	8.818746547085503096e+00
9.154379999999999740e-01	9.241513705622587338e+00
9.214210000000000456e-01	9.261310915233359253e+00
9.273909999999999654e-01	9.312649581001908317e+00
9.333329999999999682e-01	8.668619117410305108e+00
9.392300000000000093e-01	9.261537422745576009e+00
9.450749999999999984e-01	9.112311793333303100e+00
9.509090000000000042e-01	8.988610768945722640e+00
9.567890000000000006e-01	9.399105903351005153e+00
9.627750000000000474e-01	8.880348114226984890e+00
9.689229999999999787e-01	9.294278891845262791e+00
9.752680000000000238e-01	9.258007798461685312e+00
9.816639999999999810e-01	9.418808306377119521e+00
9.878930000000000211e-01	9.461061963251916396e+00
9.937399999999999567e-01	1.034281181529627958e+01
9.989850000000000119e-01	1.029566622815392485e+01
1.003457999999999961e+00	1.028708036460134956e+01
1.007338000000000067e+00	1.043534911602344906e+01
1.010966000000000031e+00	1.068840093060501140e+01
1.014685999999999977e+00	1.087817558724893097e+01
1.018841000000000108e+00	1.108118416713860022e+01
1.023735000000000062e+00	1.131266986465377755e+01
1.029328999999999938e+00	1.170306281617530075e+01
1.035408000000000106e+00	1.222604322832200729e+01
1.041754000000000069e+00	1.193989364203639525e+01
1.048148999999999997e+00	1.242099448260616334e+01
1.054391999999999996e+00	1.329335206730735663e+01
1.060446000000000000e+00	1.342286863652350704e+01
1.066368999999999900e+00	1.382842745695717568e+01
1.072216999999999976e+00	1.385036884445416661e+01
1.078049000000000035e+00	1.436610106258059005e+01
1.083920999999999912e+00	1.343733061460232925e+01
1.089842999999999895e+00	1.441687899863710243e+01
1.095801999999999943e+00	1.429173539687250916e+01
1.101780999999999899e+00	1.413396601112602724e+01
1.107765000000000111e+00	1.478987804055648425e+01
1.113739999999999952e+00	1.391723021637386815e+01
1.119699999999999918e+00	1.495760293300610577e+01
1.125650000000000039e+00	1.532307425861977279e+01
1.131594999999999906e+00	1.562264189082006816e+01
1.137537999999999938e+00	1.644626613439823970e+01
1.143483999999999945e+00	1.671760230901280408e+01
1.149432999999999927e+00	1.740578169387727669e+01
1.155386000000000024e+00	1.761967453476759360e+01
1.161338999999999899e+00	1.697298023935153211e+01
1.167294000000000054e+00	1.697394338386412116e+01
1.173246999999999929e+00	1.822415695468893304e+01
1.179200000000000026e+00	1.769499727901574815e+01
1.185151999999999983e+00	1.758715117002087425e+01
1.191103000000000023e+00	1.683254537827462016e+01
1.197054000000000062e+00	1.669898495224180479e+01
1.203006000000000020e+00	1.755771436286628528e+01
1.208957999999999977e+00	1.763612883097931672e+01
1.214909999999999934e+00	1.747341933250582358e+01
1.220861999999999892e+00	1.793467193272613613e+01
1.226814000000000071e+00	1.735624973951777150e+01
1.232765000000000111e+00	1.721852329556316619e+01
1.238717000000000068e+00	1.636856902470600517e+01
1.244668000000000108e+00	1.636066800098630125e+01
1.250620000000000065e+00	1.590218029769099495e+01
1.256572000000000022e+00	1.511625556014580418e+01
1.262526000000000037e+00	1.499043179021082040e+01
1.268480000000000052e+00	1.454329081974028881e+01
1.274434000000000067e+00	1.549860369281876338e+01
1.280386000000000024e+00	1.571572310612214629e+01
1.286335999999999924e+00	1.660303355118519875e+01
1.292281999999999931e+00	1.641783412913385831e+01
1.298224999999999962e+00	1.683404099017842981e+01
1.304170000000000051e+00	1.654587594780959137e+01
1.310119999999999951e+00	1.637503731456322242e+01
1.316079999999999917e+00	1.609943434979735954e+01
1.322052999999999923e+00	1.614564703756381547e+01
1.328036999999999912e+00	1.614956293621251504e+01
1.334017000000000008e+00	1.710162194685968018e+01
1.339976000000000056e+00	1.749190035103464425e+01
1.345900000000000096e+00	1.808804631925989881e+01
1.351774000000000031e+00	1.904787997001924538e+01
1.357607000000000008e+00	1.828165932377243053e+01
1.363453000000000026e+00	1.800249760508654973e+01
1.369372000000000034e+00	1.825425728635615741e+01
1.375421999999999922e+00	1.811550863780486864e+01
1.381658999999999970e+00	1.748209086179702609e+01
1.388052000000000064e+00	1.735260357204606763e+01
1.394403000000000059e+00	1.731547908803757707e+01
1.400492999999999988e+00	1.806909234727238456e+01
1.406104999999999938e+00	1.840237062773217147e+01
1.411021999999999998e+00	1.807401766946202315e+01
1.415195999999999898e+00	1.842857143086261118e+01
1.418924000000000074e+00	1.828331864384014693e+01
1.422549999999999981e+00	1.796160417052445979e+01
1.426417000000000046e+00	1.779155360402256747e+01
1.430868000000000029e+00	1.778045102989598547e+01
1.436091000000000006e+00	1.857403166710997766e+01
1.441923000000000066e+00	1.854198803320412026e+01
1.448144000000000098e+00	1.808577184065070753e+01
1.454538000000000109e+00	1.762717863713436728e+01
1.460887000000000047e+00	1.835786625929606330e+01
1.467041999999999957e+00	1.812414112606317573e+01
1.473030999999999979e+00	1.744120531806342100e+01
1.478914000000000062e+00	1.652937662197944135e+01
1.484749000000000096e+00	1.654825023465309641e+01
1.490591999999999917e+00	1.687715512818149222e+01
1.496488000000000040e+00	1.698241840364099176e+01
1.502428000000000097e+00	1.734155450186935710e+01
1.508397999999999906e+00	1.890430951631751810e+01
1.514380999999999977e+00	1.919978577424141619e+01
1.520361999999999991e+00	1.967558838943957156e+01
1.526329999999999965e+00	2.089943302723283836e+01
1.532284999999999897e+00	2.082036444713432033e+01
1.538232999999999961e+00	2.057683423144532142e+01
1.544175999999999993e+00	2.046751774463072948e+01
1.550119999999999942e+00	1.959677327503228028e+01
1.556068000000000007e+00	1.912905405352851673e+01
1.562019000000000046e+00	1.863883982974065034e+01
1.567971999999999921e+00	1.811200700438858036e+01
1.573925999999999936e+00	1.797308185362807720e+01
1.579879999999999951e+00	1.855058756719106228e+01
1.585833000000000048e+00	1.871935838438384891e+01
1.591785000000000005e+00	2.003029675119502073e+01
1.597736999999999963e+00	2.061114084530367663e+01
1.603688000000000002e+00	2.092683368347278261e+01
1.609639000000000042e+00	2.189250216562623308e+01
1.615590999999999999e+00	2.152447434638012425e+01
1.621542999999999957e+00	2.165916918879807795e+01
1.627494999999999914e+00	2.152169379247903791e+01
1.633447000000000093e+00	2.059284166548775019e+01
1.639399000000000051e+00	2.028171556235273698e+01
1.645350000000000090e+00	2.061981914089516010e+01
1.651302000000000048e+00	1.984015670218363070e+01
1.657253000000000087e+00	2.005097764821470463e+01
1.663205000000000044e+00	1.952250827608464689e+01
1.669157999999999920e+00	1.922341629013471831e+01
1.675111999999999934e+00	1.890260001258803513e+01
1.681065999999999949e+00	1.917725508814577040e+01
1.687019000000000046e+00	1.904352664776786597e+01
1.692971000000000004e+00	1.887252730351211483e+01
1.698919000000000068e+00	1.854049010926164698e+01
1.704863000000000017e+00	1.869280540699034887e+01
1.710806999999999967e+00	1.782475639461866734e+01
1.716752999999999973e+00	1.778875132528325409e+01
1.722706999999999988e+00	1.750366725763155884e+01
1.728671999999999986e+00	1.757284957824434457e+01
1.734652000000000083e+00	1.708014745064827977e+01
1.740636000000000072e+00	1.703968477049099661e+01
1.746609000000000078e+00	1.698574705652415062e+01
1.752555000000000085e+00	1.695630965092870923e+01
1.758458000000000077e+00	1.729234269867869855e+01
1.764308999999999905e+00	1.784634786171998400e+01
1.770140999999999964e+00	1.739575588883697677e+01
1.776011999999999924e+00	1.792714611872416341e+01
1.781979999999999897e+00	1.788931137800372539e+01
1.788105000000000055e+00	1.898606599711030185e+01
1.794426999999999994e+00	2.013157258894484869e+01
1.800829000000000013e+00	2.070737031391106697e+01
1.807091999999999921e+00	2.210574712540074671e+01
1.813002000000000002e+00	2.278239028725985094e+01
1.818338000000000010e+00	2.347532767919755514e+01
1.822912000000000088e+00	2.368573023784864517e+01
1.826850000000000085e+00	2.436760557385283121e+01
1.830492000000000008e+00	2.429351806531911606e+01
1.834179999999999922e+00	2.475560956798936374e+01
1.838259000000000087e+00	2.442783399789552590e+01
1.843048000000000020e+00	2.504724395957598659e+01
1.848562000000000038e+00	2.498646783665296311e+01
1.854589999999999961e+00	2.491326981293286380e+01
1.860913000000000039e+00	2.518898900255192430e+01
1.867313999999999918e+00	2.564844783386600113e+01
1.873583999999999916e+00	2.607395990318365264e+01
1.879660000000000108e+00	2.665053146760254066e+01
1.885596000000000050e+00	2.743571048842951754e+01
1.891450999999999993e+00	2.772957619991580103e+01
1.897281999999999913e+00	2.844515180916844699e+01
1.903146999999999922e+00	2.933236418630886888e+01
1.909062999999999954e+00	2.988548063219889173e+01
1.915018000000000109e+00	3.040841019403522338e+01
1.920995999999999926e+00	3.045354149487262063e+01
1.926979999999999915e+00	3.031309523451584198e+01
1.932955999999999896e+00	2.940717000468320208e+01
1.938917999999999919e+00	2.808713884091689650e+01
1.944868999999999959e+00	2.654930049608152487e+01
1.950814000000000048e+00	2.509552150295823125e+01
1.956757999999999997e+00	2.390149111624263512e+01
1.962703000000000086e+00	2.277447848631161875e+01
1.968652000000000069e+00	2.224605930949200427e+01
1.974604000000000026e+00	2.151992424599037435e+01
1.980558000000000041e+00	2.161567080876920244e+01
1.986512000000000056e+00	2.157076373475063136e+01
1.992466000000000070e+00	2.241760767621041239e+01
1.998418000000000028e+00	2.296256705513028251e+01
2.004370000000000207e+00	2.348710969140120497e+01
2.010321999999999942e+00	2.424544003466212772e+01
2.016272999999999982e+00	2.537455266571033974e+01
2.022224000000000022e+00	2.580131983463454048e+01
2.028176000000000201e+00	2.647982972102412091e+01
2.034127999999999936e+00	2.663668431452468255e+01
2.040080000000000116e+00	2.753342056718551589e+01
2.046031999999999851e+00	2.806753257986981254e+01
2.051984000000000030e+00	2.860221859674448197e+01
2.057935000000000070e+00	2.801597260382707688e+01
2.063886999999999805e+00	2.838657223549697406e+01
2.069837999999999845e+00	2.829350453182035707e+01
2.075791000000000164e+00	2.831223285081667740e+01
2.081744000000000039e+00	2.843778503441522076e+01
2.087698000000000054e+00	2.916807590363041314e+01
2.093652000000000069e+00	2.950899498038850055e+01
2.099604999999999944e+00	3.014923563715630550e+01
2.105554999999999843e+00	3.088926738741015043e+01
2.111501000000000072e+00	3.130592300131374017e+01
2.117445000000000022e+00	3.131572818015373372e+01
2.123388999999999971e+00	3.118164975350066470e+01
2.129338000000000175e+00	3.182072634914778320e+01
2.135295999999999861e+00	3.255026426783492610e+01
2.141268000000000171e+00	3.320493737088959563e+01
2.147250999999999799e+00	3.316490037442620320e+01
2.153232000000000035e+00	3.361669201904557269e+01
2.159196000000000115e+00	3.433301687815491476e+01
2.165125000000000188e+00	3.413783824306917580e+01
2.171006000000000213e+00	3.343665551881868225e+01
2.176841000000000026e+00	3.198908692972648282e+01
2.182682999999999929e+00	2.901189525910275435e+01
2.188588999999999896e+00	2.730597253433565186e+01
2.194618000000000180e+00	2.460775995393936100e+01
2.200828000000000007e+00	2.288422194327573322e+01
2.207209999999999894e+00	2.108001408031302759e+01
2.213579000000000185e+00	2.042383592610684317e+01
2.219714999999999883e+00	1.956181750141456632e+01
2.225403000000000020e+00	1.925166223630766282e+01
2.230423000000000044e+00	1.948740779692420233e+01
2.234681000000000139e+00	1.970723236071837547e+01
2.238447999999999993e+00	2.114345807030563762e+01
2.242068000000000172e+00	2.202039773542116663e+01
2.245884000000000214e+00	2.429548296108581695e+01
2.250237999999999960e+00	2.756008471561785456e+01
2.255365999999999982e+00	3.098828336245132320e+01
2.261130000000000084e+00	3.507007588250392871e+01
2.267313000000000134e+00	3.928801570208464966e+01
2.273696000000000161e+00	4.178581469014613958e+01
2.280063999999999869e+00	4.414036411259102266e+01
2.286243999999999943e+00	4.466976949601677660e+01
2.292251999999999956e+00	4.427439272074531118e+01
2.298146000000000022e+00	4.314406848158968444e+01
2.303983000000000114e+00	4.159302354710256111e+01
2.309822000000000042e+00	4.024801396715186996e+01
2.315710999999999853e+00	3.992798595695966668e+01
2.321645999999999876e+00	3.969935968124283932e+01
2.327612999999999932e+00	4.011426169779116435e+01
2.333594999999999864e+00	4.095283790857816086e+01
2.339576999999999796e+00	4.069750549539829620e+01
2.345546999999999827e+00	4.003851850287797021e+01
2.351503999999999817e+00	3.813726779152300850e+01
2.357451999999999881e+00	3.703423287783257933e+01
2.363395999999999830e+00	3.539535387091682139e+01
2.369339000000000084e+00	3.512630129628120557e+01
2.375286000000000008e+00	3.489429188087791545e+01
2.381237000000000048e+00	3.597967454667094245e+01
2.387189999999999923e+00	3.682027933542144638e+01
2.393143999999999938e+00	3.854201862177227866e+01
2.399097999999999953e+00	3.898330630971017996e+01
2.405050999999999828e+00	3.960228864249042857e+01
2.411004000000000147e+00	3.913140357813599479e+01
2.416955999999999882e+00	3.875272795591023112e+01
2.422906999999999922e+00	3.852951784473918906e+01
2.428857999999999961e+00	3.792144237908628668e+01
2.434809000000000001e+00	3.606530534060310345e+01
2.440760000000000041e+00	3.502713582211856647e+01
2.446712000000000220e+00	3.383856218553452067e+01
2.452663999999999955e+00	3.245168666630389964e+01
2.458616999999999830e+00	3.238701796959059465e+01
2.464570999999999845e+00	3.240350740442928412e+01
2.470524999999999860e+00	3.271801353905302534e+01
2.476478000000000179e+00	3.358378776384121522e+01
2.482429999999999914e+00	3.481680249975115515e+01
2.488377999999999979e+00	3.614423583339291213e+01
2.494323000000000068e+00	3.660374595808043807e+01
2.500265999999999877e+00	3.746873687958319721e+01
2.506212000000000106e+00	3.810452891869156389e+01
2.512164999999999981e+00	3.799050658139270098e+01
2.518129000000000062e+00	3.821899629250584240e+01
2.524108000000000018e+00	3.579569083037220878e+01
2.530091999999999786e+00	3.421403372684631705e+01
2.536067000000000071e+00	3.103053705914485860e+01
2.542015999999999831e+00	2.776836722234656207e+01
2.547924000000000078e+00	2.484144184929167665e+01
2.553779000000000021e+00	2.240836163076468779e+01
2.559610000000000163e+00	1.963335010334607134e+01
2.565475000000000172e+00	1.817012312544474995e+01
2.571432000000000162e+00	1.647659498756241803e+01
2.577539999999999942e+00	1.596108063611873540e+01
2.583845999999999865e+00	1.672700511783719080e+01
2.590249000000000024e+00	1.828126189261222834e+01
2.596534000000000120e+00	1.980359950361826904e+01
2.602485000000000159e+00	2.256877554696457366e+01
2.607883000000000173e+00	2.652242851845786120e+01
2.612527000000000044e+00	3.060101994756819366e+01
2.616509000000000196e+00	3.333064616874499819e+01
2.620163999999999938e+00	3.657948430411448015e+01
2.623834000000000000e+00	3.921319478332997477e+01
2.627863000000000060e+00	3.923751835046800096e+01
2.632579999999999920e+00	3.705712801308933990e+01
2.638037000000000187e+00	3.298252154795512325e+01
2.644026000000000209e+00	2.716106719110092982e+01
2.650332000000000132e+00	2.133961276957176878e+01
2.656734000000000151e+00	1.604107088283463867e+01
2.663022999999999918e+00	1.238102845923341278e+01
2.669115000000000126e+00	1.052806815114363381e+01
2.675060999999999911e+00	1.046095643108717610e+01
2.680919999999999970e+00	1.099815834754432053e+01
2.686751000000000111e+00	1.281856339697282010e+01
2.692610999999999866e+00	1.523242120893085172e+01
2.698523999999999923e+00	1.669485220608141773e+01
2.704476000000000102e+00	1.879656492771740872e+01
2.710452000000000083e+00	2.001115208262455880e+01
2.716435999999999851e+00	2.160200333496175773e+01
2.722412999999999972e+00	2.077957103140934336e+01
2.728375999999999912e+00	1.968360407064499640e+01
2.734328000000000092e+00	1.800023349967436204e+01
2.740273999999999877e+00	1.612829766017032185e+01
2.746217000000000130e+00	1.282392446484832149e+01
2.752162000000000219e+00	1.191442601855656491e+01
2.758110999999999979e+00	9.300813905418701566e+00
2.764063000000000159e+00	7.809457554440569105e+00
2.770016000000000034e+00	6.575114707171209716e+00
2.775971000000000188e+00	4.786141055425405355e+00
2.781924000000000063e+00	2.942068099415442894e+00
2.787876999999999938e+00	5.895836748701752672e-01
2.793829000000000118e+00	-2.458924436408370884e+00
2.799780999999999853e+00	-3.935519903288465127e+00
2.805731999999999893e+00	-4.387332995793590484e+00
2.811682999999999932e+00	-3.487535378769787364e+00
2.817635000000000112e+00	-1.343184410324473443e+00
2.823586999999999847e+00	1.831030255877307278e+00
2.829539000000000026e+00	5.283096139785261158e+00
2.835491000000000206e+00	7.546548721560436768e+00
2.841442999999999941e+00	9.339892960846469805e+00
2.847395000000000120e+00	1.047649940200991026e+01
2.853346999999999856e+00	9.201623784588665700e+00
2.859299000000000035e+00	7.955206680925943630e+00
2.865251000000000214e+00	7.488637337746930633e+00
2.871201999999999810e+00	6.877573884571765106e+00
2.877153999999999989e+00	6.702534287670788515e+00
2.883106000000000169e+00	7.600818620873034170e+00
2.889057999999999904e+00	9.205403798499155243e+00
2.895010000000000083e+00	1.122065865575792287e+01
2.900961999999999819e+00	1.441160087146820246e+01
2.906913999999999998e+00	1.755199674596939019e+01
2.912866000000000177e+00	2.133844182270498635e+01
2.918817999999999913e+00	2.416090911428457844e+01
2.924770000000000092e+00	2.648095926349712670e+01
2.930721000000000132e+00	2.735444392994286744e+01
2.936672999999999867e+00	2.559152296435064144e+01
2.942625000000000046e+00	2.269291378148159311e+01
2.948576999999999781e+00	1.860293166417317323e+01
2.954528999999999961e+00	1.413225716481511895e+01
2.960481000000000140e+00	9.997900964517446809e+00
2.966432999999999875e+00	6.064921994468789102e+00
2.972385000000000055e+00	3.160711840712745246e+00
2.978336999999999790e+00	1.486702003048932630e+00
2.984288999999999970e+00	7.364088103727466361e-01
2.990240000000000009e+00	2.084749146146244403e+00
2.996192000000000188e+00	4.703508790387120442e+00
3.002143999999999924e+00	1.029050614124577123e+01
3.008096000000000103e+00	1.719127744805857461e+01
3.014047999999999838e+00	2.603082051466871860e+01
3.020000000000000018e+00	3.849826829054413224e+01
