1.199999999999999956e-01	2.052534368228289274e+00
1.249780000000000058e-01	2.767823964465936815e+00
1.305999999999999939e-01	3.282223696288088188e+00
1.367059999999999942e-01	3.791553809417430365e+00
1.431360000000000132e-01	3.742153267984284604e+00
1.497320000000000040e-01	3.974716350310445456e+00
1.563350000000000017e-01	4.338063648732136457e+00
1.627850000000000130e-01	3.667845383774146040e+00
1.689219999999999888e-01	3.945094477139465816e+00
1.745889999999999942e-01	3.949191742894679891e+00
1.796250000000000069e-01	4.124541333792812736e+00
1.839349999999999874e-01	3.833053752987585217e+00
1.877439999999999942e-01	3.456422583190122300e+00
1.913779999999999926e-01	3.737129146928908963e+00
1.951660000000000061e-01	4.022691357629277320e+00
1.994340000000000002e-01	4.392308727335960228e+00
2.044499999999999929e-01	4.291698439737021253e+00
2.101250000000000062e-01	4.383651617560873959e+00
2.162479999999999958e-01	4.556163797348913747e+00
2.226049999999999973e-01	4.673945521791294411e+00
2.289819999999999911e-01	4.528930116541983963e+00
2.351930000000000132e-01	4.310453138979763565e+00
2.412249999999999950e-01	4.261858337660571650e+00
2.471349999999999936e-01	4.729236847161672586e+00
2.529799999999999827e-01	4.260328398787233795e+00
2.588170000000000193e-01	4.458558718767797302e+00
2.646970000000000156e-01	4.133785093271670874e+00
2.706259999999999777e-01	5.299936636610152796e+00
2.765880000000000005e-01	5.408090276547467212e+00
2.825679999999999858e-01	5.361322722335316371e+00
2.885510000000000019e-01	5.060266596844142484e+00
2.945229999999999793e-01	5.269631464990039760e+00
3.004809999999999981e-01	5.439520293729192879e+00
3.064310000000000089e-01	4.577995770890848526e+00
3.123750000000000138e-01	4.777598495478030394e+00
3.183190000000000186e-01	4.592059011373056165e+00
3.242650000000000254e-01	4.232507744334842670e+00
3.302149999999999808e-01	4.413154367587117655e+00
3.361680000000000224e-01	4.386149656794784413e+00
3.421210000000000084e-01	4.291667817495839365e+00
3.480759999999999965e-01	4.374225707418573528e+00
3.540289999999999826e-01	4.279552694093593956e+00
3.599809999999999954e-01	4.562924344354290618e+00
3.659330000000000083e-01	4.612098632068286186e+00
3.718839999999999923e-01	4.833840426635171994e+00
3.778360000000000052e-01	4.664885690312352118e+00
3.837869999999999893e-01	5.299894741729378467e+00
3.897390000000000021e-01	5.151235949604151543e+00
3.956910000000000149e-01	5.283179035223199982e+00
4.016429999999999723e-01	5.308608133201105694e+00
4.075949999999999851e-01	4.700707892947582067e+00
4.135469999999999979e-01	5.118526351635336979e+00
4.194979999999999820e-01	4.889234426246765075e+00
4.254499999999999948e-01	4.681555627817276743e+00
4.314009999999999789e-01	4.945682098794927484e+00
4.373540000000000205e-01	4.510151217805436374e+00
4.433079999999999798e-01	4.660638691597256411e+00
4.492619999999999947e-01	4.473838922224618209e+00
4.552160000000000095e-01	4.392940610924684464e+00
4.611680000000000224e-01	4.496935082995703326e+00
4.671170000000000044e-01	4.736324169714354326e+00
4.730619999999999825e-01	4.653136171145447975e+00
4.790059999999999873e-01	5.499020298448431987e+00
4.849510000000000209e-01	5.028808369249375687e+00
4.909020000000000050e-01	5.853868984189800173e+00
4.968629999999999991e-01	6.206924826389117911e+00
5.028390000000000359e-01	5.838167842801706087e+00
5.088230000000000253e-01	6.310380563310114432e+00
5.148009999999999531e-01	6.845963642709334884e+00
5.207570000000000254e-01	7.345168006728070687e+00
5.266750000000000043e-01	6.798531221610484288e+00
5.325410000000000421e-01	6.852260032204089413e+00
5.383719999999999617e-01	6.852660709011744622e+00
5.442249999999999588e-01	6.281525010255533559e+00
5.501580000000000359e-01	6.358147151772109318e+00
5.562289999999999734e-01	6.248544894879125344e+00
5.624930000000000208e-01	6.142527638178211014e+00
5.688929999999999820e-01	6.052598276349849371e+00
5.752220000000000111e-01	6.527959914619688497e+00
5.812610000000000277e-01	6.617629178381756461e+00
5.867949999999999555e-01	6.310286212340383116e+00
5.916080000000000227e-01	6.831736451121972031e+00
5.957040000000000113e-01	6.902972614568592569e+00
5.993990000000000151e-01	7.100781624729099129e+00
6.030370000000000452e-01	6.945092558304003738e+00
6.069609999999999728e-01	7.139024011571274642e+00
6.115110000000000268e-01	7.048436894587628565e+00
6.168270000000000142e-01	6.913467538563916825e+00
6.227219999999999978e-01	7.406942599824960283e+00
6.289789999999999548e-01	7.789301834731229057e+00
6.353790000000000271e-01	7.918083173319448775e+00
6.417070000000000274e-01	8.158314942766809352e+00
6.478369999999999962e-01	8.138016095469986055e+00
6.538089999999999735e-01	7.740570263101432147e+00
6.596819999999999906e-01	8.098804656740957952e+00
6.655140000000000500e-01	7.818957555781433477e+00
6.713630000000000431e-01	8.479516188159891499e+00
6.772660000000000347e-01	8.177308651593676814e+00
6.832110000000000127e-01	7.923778661157970582e+00
6.891829999999999901e-01	7.643888730188986180e+00
6.951669999999999794e-01	8.253107463768461827e+00
7.011469999999999647e-01	8.096325308908102869e+00
7.071119999999999628e-01	7.685319139735858229e+00
7.130670000000000064e-01	7.246561698915612304e+00
7.190130000000000132e-01	7.100541578582209468e+00
7.249569999999999625e-01	7.084329565922331540e+00
7.309010000000000229e-01	7.221424174793011019e+00
7.368489999999999762e-01	7.302860335304344197e+00
7.428000000000000158e-01	7.685486806042828967e+00
7.487530000000000019e-01	8.372084877153762150e+00
7.547080000000000455e-01	8.602175266203655468e+00
7.606619999999999493e-01	9.089453732630309091e+00
7.666140000000000176e-01	9.174176669037413134e+00
7.725670000000000037e-01	9.497423869517410466e+00
7.785180000000000433e-01	9.032155750312696796e+00
7.844689999999999719e-01	8.658788311262512138e+00
7.904210000000000402e-01	9.052662129346520814e+00
7.963729999999999976e-01	8.527581127178528675e+00
8.023249999999999549e-01	9.240182788625123322e+00
8.082770000000000232e-01	9.165347634239777719e+00
8.142289999999999806e-01	9.628249039681799459e+00
8.201800000000000201e-01	9.310184043694420097e+00
8.261319999999999775e-01	9.530659206100633440e+00
8.320830000000000171e-01	9.691829550468476384e+00
8.380349999999999744e-01	9.404923923619559645e+00
8.439870000000000427e-01	9.074900953988210617e+00
8.499400000000000288e-01	9.062547962927808953e+00
8.558940000000000436e-01	9.452854818200700393e+00
8.618479999999999475e-01	9.080644973641316398e+00
8.678010000000000446e-01	9.021918326718342485e+00
8.737519999999999731e-01	9.152630148544954380e+00
8.797000000000000375e-01	9.150304971531218357e+00
8.856439999999999868e-01	9.391391889596189202e+00
8.915870000000000184e-01	8.920619906887585771e+00
8.975349999999999717e-01	9.000614696447586383e+00
9.034900000000000153e-01	8.818551798088821059e+00
9.094569999999999599e-01	8.515454013051689586e+00
9.154379999999999740e-01	8.663228106529636818e+00
9.214210000000000456e-01	7.744351871033919643e+00
9.273909999999999654e-01	7.450874562912715326e+00
9.333329999999999682e-01	7.612888346997234379e+00
9.392300000000000093e-01	7.178720261199438291e+00
9.450749999999999984e-01	7.508195972232888593e+00
9.509090000000000042e-01	7.336520816839115611e+00
9.567890000000000006e-01	7.163794373235418789e+00
9.627750000000000474e-01	7.551119679558265574e+00
9.689229999999999787e-01	7.616993110269622669e+00
9.752680000000000238e-01	7.706708532385312616e+00
9.816639999999999810e-01	8.073146723981874828e+00
9.878930000000000211e-01	7.265482577367484929e+00
9.937399999999999567e-01	7.336320324265478199e+00
9.989850000000000119e-01	6.855853013045335231e+00
1.003457999999999961e+00	7.325769020127111730e+00
1.007338000000000067e+00	7.101587346096406961e+00
1.010966000000000031e+00	6.773397565525449693e+00
1.014685999999999977e+00	6.888598971610883304e+00
1.018841000000000108e+00	6.900842976963984299e+00
1.023735000000000062e+00	7.262035037011796312e+00
1.029328999999999938e+00	7.471291587979562721e+00
1.035408000000000106e+00	7.209164596539589631e+00
1.041754000000000069e+00	8.061131439684530164e+00
1.048148999999999997e+00	7.628759179034871885e+00
1.054391999999999996e+00	7.849950546551871078e+00
1.060446000000000000e+00	7.720509012411797656e+00
1.066368999999999900e+00	7.700869865601816855e+00
1.072216999999999976e+00	7.801186747975933145e+00
1.078049000000000035e+00	7.632834251979868867e+00
1.083920999999999912e+00	7.425987311784103539e+00
1.089842999999999895e+00	7.074457948506907456e+00
1.095801999999999943e+00	7.127679243984781365e+00
1.101780999999999899e+00	7.205996181540278656e+00
1.107765000000000111e+00	6.881661703335180569e+00
1.113739999999999952e+00	7.164979838011523050e+00
1.119699999999999918e+00	7.279399120897792841e+00
1.125650000000000039e+00	7.276689893090095396e+00
1.131594999999999906e+00	7.866924285069787359e+00
1.137537999999999938e+00	7.792363072246254241e+00
1.143483999999999945e+00	8.009756773702742194e+00
1.149432999999999927e+00	7.914946876673990772e+00
1.155386000000000024e+00	8.274756949274381768e+00
1.161338999999999899e+00	8.413814863044629888e+00
1.167294000000000054e+00	8.212302099681652479e+00
1.173246999999999929e+00	8.134799192587539807e+00
1.179200000000000026e+00	8.011195364390305329e+00
1.185151999999999983e+00	7.895926476024283325e+00
1.191103000000000023e+00	8.071485149128111658e+00
1.197054000000000062e+00	8.032888625511111158e+00
1.203006000000000020e+00	7.873383732350856867e+00
1.208957999999999977e+00	7.982914907471869270e+00
1.214909999999999934e+00	7.877593196079375915e+00
1.220861999999999892e+00	8.342712232457047961e+00
1.226814000000000071e+00	8.263109067434710298e+00
1.232765000000000111e+00	8.608673383085401198e+00
1.238717000000000068e+00	9.254211694334243177e+00
1.244668000000000108e+00	9.666117705329744680e+00
1.250620000000000065e+00	1.013457865740307007e+01
1.256572000000000022e+00	1.016181188619395748e+01
1.262526000000000037e+00	1.065666496718928258e+01
1.268480000000000052e+00	1.082168848101399838e+01
1.274434000000000067e+00	1.053397585495824096e+01
1.280386000000000024e+00	1.086960344581456184e+01
1.286335999999999924e+00	1.098847711152532014e+01
1.292281999999999931e+00	1.088625287946254261e+01
1.298224999999999962e+00	1.153183716715837726e+01
1.304170000000000051e+00	1.167595665962266516e+01
1.310119999999999951e+00	1.235298748368458277e+01
1.316079999999999917e+00	1.232296800653919711e+01
1.322052999999999923e+00	1.240657413218903393e+01
1.328036999999999912e+00	1.236126206599366384e+01
1.334017000000000008e+00	1.185660093749839383e+01
1.339976000000000056e+00	1.152835524061757688e+01
1.345900000000000096e+00	1.165296598457925192e+01
1.351774000000000031e+00	1.198464541860976240e+01
1.357607000000000008e+00	1.195615075589904563e+01
1.363453000000000026e+00	1.253720281292889638e+01
1.369372000000000034e+00	1.282547896149147526e+01
1.375421999999999922e+00	1.357022693927608792e+01
1.381658999999999970e+00	1.408143241160215453e+01
1.388052000000000064e+00	1.484179415222723009e+01
1.394403000000000059e+00	1.505055392276183213e+01
1.400492999999999988e+00	1.527424147251243980e+01
1.406104999999999938e+00	1.644322471889062598e+01
1.411021999999999998e+00	1.661282934784125942e+01
1.415195999999999898e+00	1.649851076299191988e+01
1.418924000000000074e+00	1.692338306839756257e+01
1.422549999999999981e+00	1.717391432359147174e+01
1.426417000000000046e+00	1.745518228221415669e+01
1.430868000000000029e+00	1.710158147952539665e+01
1.436091000000000006e+00	1.659086602454869919e+01
1.441923000000000066e+00	1.663092232863241549e+01
1.448144000000000098e+00	1.554911950621668915e+01
1.454538000000000109e+00	1.540546211117308495e+01
1.460887000000000047e+00	1.561655640530234734e+01
1.467041999999999957e+00	1.545542210123065807e+01
1.473030999999999979e+00	1.613669774277400037e+01
1.478914000000000062e+00	1.645165051252204691e+01
1.484749000000000096e+00	1.701029459238081287e+01
1.490591999999999917e+00	1.730663428147753180e+01
1.496488000000000040e+00	1.772794428085914475e+01
1.502428000000000097e+00	1.737909348469476356e+01
1.508397999999999906e+00	1.725378766957622290e+01
1.514380999999999977e+00	1.712073914781147366e+01
1.520361999999999991e+00	1.645879529755703174e+01
1.526329999999999965e+00	1.584570985017468914e+01
1.532284999999999897e+00	1.575910881886494685e+01
1.538232999999999961e+00	1.567362563432068967e+01
1.544175999999999993e+00	1.526985823401880715e+01
1.550119999999999942e+00	1.528266777313298341e+01
1.556068000000000007e+00	1.490242378721260863e+01
1.562019000000000046e+00	1.564386042989727343e+01
1.567971999999999921e+00	1.596718485588080760e+01
1.573925999999999936e+00	1.642693084156737982e+01
1.579879999999999951e+00	1.641679864142406586e+01
1.585833000000000048e+00	1.636371837911442029e+01
1.591785000000000005e+00	1.629512435131936243e+01
1.597736999999999963e+00	1.667109404859906263e+01
1.603688000000000002e+00	1.653063551995099090e+01
1.609639000000000042e+00	1.574698338675767317e+01
1.615590999999999999e+00	1.613919890018679126e+01
1.621542999999999957e+00	1.592745521642757289e+01
1.627494999999999914e+00	1.583665561822452261e+01
1.633447000000000093e+00	1.624112446713144919e+01
1.639399000000000051e+00	1.665464357804451723e+01
1.645350000000000090e+00	1.732058940323116403e+01
1.651302000000000048e+00	1.722169498599833659e+01
1.657253000000000087e+00	1.737402177627809863e+01
1.663205000000000044e+00	1.843449386326140171e+01
1.669157999999999920e+00	1.842265031083733717e+01
1.675111999999999934e+00	1.840216832505426936e+01
1.681065999999999949e+00	1.820853596787690165e+01
1.687019000000000046e+00	1.799098855695559962e+01
1.692971000000000004e+00	1.812084803701797853e+01
1.698919000000000068e+00	1.732686927070936989e+01
1.704863000000000017e+00	1.720216807532722569e+01
1.710806999999999967e+00	1.719635565145784639e+01
1.716752999999999973e+00	1.662731334549255990e+01
1.722706999999999988e+00	1.646806719353105208e+01
1.728671999999999986e+00	1.621363862167236292e+01
1.734652000000000083e+00	1.568030526689128656e+01
1.740636000000000072e+00	1.599203906541464804e+01
1.746609000000000078e+00	1.558143184904363565e+01
1.752555000000000085e+00	1.526418716937026332e+01
1.758458000000000077e+00	1.529328017065572354e+01
1.764308999999999905e+00	1.452935505008431605e+01
1.770140999999999964e+00	1.467415226185591592e+01
1.776011999999999924e+00	1.426518640746881417e+01
1.781979999999999897e+00	1.407582909967180385e+01
1.788105000000000055e+00	1.386218692730411561e+01
1.794426999999999994e+00	1.397056597080355900e+01
1.800829000000000013e+00	1.333931452212952706e+01
1.807091999999999921e+00	1.358586233879286809e+01
1.813002000000000002e+00	1.330681506098193445e+01
1.818338000000000010e+00	1.319492985927984918e+01
1.822912000000000088e+00	1.310736357983882883e+01
1.826850000000000085e+00	1.325936222033776524e+01
1.830492000000000008e+00	1.338613193101989651e+01
1.834179999999999922e+00	1.388363267400806045e+01
1.838259000000000087e+00	1.371199975687764550e+01
1.843048000000000020e+00	1.383186337869535798e+01
1.848562000000000038e+00	1.437530054545945646e+01
1.854589999999999961e+00	1.427625148496696994e+01
1.860913000000000039e+00	1.458894551598746503e+01
1.867313999999999918e+00	1.463340515937202646e+01
1.873583999999999916e+00	1.452596953854856388e+01
1.879660000000000108e+00	1.401234714895592148e+01
1.885596000000000050e+00	1.299125653314512796e+01
1.891450999999999993e+00	1.280644762465575859e+01
1.897281999999999913e+00	1.240894829826502743e+01
1.903146999999999922e+00	1.243052633923388939e+01
1.909062999999999954e+00	1.208701675291130329e+01
1.915018000000000109e+00	1.261362181488571466e+01
1.920995999999999926e+00	1.318152296591773265e+01
1.926979999999999915e+00	1.304954223770691968e+01
1.932955999999999896e+00	1.352830239483663100e+01
1.938917999999999919e+00	1.339709550132161553e+01
1.944868999999999959e+00	1.354009819158413919e+01
1.950814000000000048e+00	1.348526765522455406e+01
1.956757999999999997e+00	1.305791236542712319e+01
1.962703000000000086e+00	1.331819796400111322e+01
1.968652000000000069e+00	1.348720590589580581e+01
1.974604000000000026e+00	1.324762460104366468e+01
1.980558000000000041e+00	1.407079052107554595e+01
1.986512000000000056e+00	1.373664445848089422e+01
1.992466000000000070e+00	1.457752151653549078e+01
1.998418000000000028e+00	1.476165209516733334e+01
2.004370000000000207e+00	1.506359468727694484e+01
2.010321999999999942e+00	1.604932576586944393e+01
2.016272999999999982e+00	1.668517918946332657e+01
2.022224000000000022e+00	1.727125174177373168e+01
2.028176000000000201e+00	1.760943427751125512e+01
2.034127999999999936e+00	1.778462764417241715e+01
2.040080000000000116e+00	1.805781270501683267e+01
2.046031999999999851e+00	1.817044961841563477e+01
2.051984000000000030e+00	1.838791811136801613e+01
2.057935000000000070e+00	1.812299931633144467e+01
2.063886999999999805e+00	1.813294625519553449e+01
2.069837999999999845e+00	1.829208803139650996e+01
2.075791000000000164e+00	1.827937927480228808e+01
2.081744000000000039e+00	1.783522557556726795e+01
2.087698000000000054e+00	1.799013485181113126e+01
2.093652000000000069e+00	1.797623335219668306e+01
2.099604999999999944e+00	1.795821822952538582e+01
2.105554999999999843e+00	1.898628632087773127e+01
2.111501000000000072e+00	1.919316161044880076e+01
2.117445000000000022e+00	1.917603987922320030e+01
2.123388999999999971e+00	1.984359192657696269e+01
2.129338000000000175e+00	2.042150788972783104e+01
2.135295999999999861e+00	2.099340795539914595e+01
2.141268000000000171e+00	2.124299168827954176e+01
2.147250999999999799e+00	2.186509855377871148e+01
2.153232000000000035e+00	2.221342931869049409e+01
2.159196000000000115e+00	2.191576094579994205e+01
2.165125000000000188e+00	2.156749510447886919e+01
2.171006000000000213e+00	2.152540149314237894e+01
2.176841000000000026e+00	2.066000747681738403e+01
2.182682999999999929e+00	2.045645134542673560e+01
2.188588999999999896e+00	1.926355805683414602e+01
2.194618000000000180e+00	1.867043262919253621e+01
2.200828000000000007e+00	1.811841230530038516e+01
2.207209999999999894e+00	1.790056350122650031e+01
2.213579000000000185e+00	1.804016323566846580e+01
2.219714999999999883e+00	1.821879141016857062e+01
2.225403000000000020e+00	1.836202581060331340e+01
2.230423000000000044e+00	1.873593036849904081e+01
2.234681000000000139e+00	1.888142756854493598e+01
2.238447999999999993e+00	1.955041686336943485e+01
2.242068000000000172e+00	1.994041672193809234e+01
2.245884000000000214e+00	2.065780537372338443e+01
2.250237999999999960e+00	2.137644303129525980e+01
2.255365999999999982e+00	2.148922520909899347e+01
2.261130000000000084e+00	2.166637794479795431e+01
2.267313000000000134e+00	2.222922095631424710e+01
2.273696000000000161e+00	2.226042526187185189e+01
2.280063999999999869e+00	2.163137445566928108e+01
2.286243999999999943e+00	2.097461021139040582e+01
2.292251999999999956e+00	2.083292695262814576e+01
2.298146000000000022e+00	1.961805116195719378e+01
2.303983000000000114e+00	1.915135676018486066e+01
2.309822000000000042e+00	1.808987621671619905e+01
2.315710999999999853e+00	1.745336909003590620e+01
2.321645999999999876e+00	1.654574266270923744e+01
2.327612999999999932e+00	1.631684457860043125e+01
2.333594999999999864e+00	1.616350192088233229e+01
2.339576999999999796e+00	1.615058543927816714e+01
2.345546999999999827e+00	1.548618086518231785e+01
2.351503999999999817e+00	1.589399939356507296e+01
2.357451999999999881e+00	1.619743563632536265e+01
2.363395999999999830e+00	1.649314895292351579e+01
2.369339000000000084e+00	1.703157945712415966e+01
2.375286000000000008e+00	1.722047665486717349e+01
2.381237000000000048e+00	1.754086536105534933e+01
2.387189999999999923e+00	1.756670215433911153e+01
2.393143999999999938e+00	1.776150947689380288e+01
2.399097999999999953e+00	1.779331495630861681e+01
2.405050999999999828e+00	1.708886495257706528e+01
2.411004000000000147e+00	1.725273397088948002e+01
2.416955999999999882e+00	1.688243091539658280e+01
2.422906999999999922e+00	1.650166968761367414e+01
2.428857999999999961e+00	1.606670989866405819e+01
2.434809000000000001e+00	1.592384967565073595e+01
2.440760000000000041e+00	1.509971652784472518e+01
2.446712000000000220e+00	1.512594256369988166e+01
2.452663999999999955e+00	1.465146107609660220e+01
2.458616999999999830e+00	1.468386441371683482e+01
2.464570999999999845e+00	1.510477639100179914e+01
2.470524999999999860e+00	1.569259032786549035e+01
2.476478000000000179e+00	1.616226141465884680e+01
2.482429999999999914e+00	1.678004342373984770e+01
2.488377999999999979e+00	1.767169861433261957e+01
2.494323000000000068e+00	1.871081578551827818e+01
2.500265999999999877e+00	1.978179590636851870e+01
2.506212000000000106e+00	2.066699157616400839e+01
2.512164999999999981e+00	2.164303754337500862e+01
2.518129000000000062e+00	2.306719264462043384e+01
2.524108000000000018e+00	2.436984281600033242e+01
2.530091999999999786e+00	2.546680262871486988e+01
2.536067000000000071e+00	2.677633376561383471e+01
2.542015999999999831e+00	2.756776630851129894e+01
2.547924000000000078e+00	2.733169749372471813e+01
2.553779000000000021e+00	2.704463822466543377e+01
2.559610000000000163e+00	2.580990638251818936e+01
2.565475000000000172e+00	2.443053885138116499e+01
2.571432000000000162e+00	2.214121191519753040e+01
2.577539999999999942e+00	2.070075733955453146e+01
2.583845999999999865e+00	1.875177905960902791e+01
2.590249000000000024e+00	1.749209074716253198e+01
2.596534000000000120e+00	1.693833459577682987e+01
2.602485000000000159e+00	1.652904417393335024e+01
2.607883000000000173e+00	1.581162803450846077e+01
2.612527000000000044e+00	1.688351659959767304e+01
2.616509000000000196e+00	1.701517917544656200e+01
2.620163999999999938e+00	1.754677887974093409e+01
2.623834000000000000e+00	1.882951317041465700e+01
2.627863000000000060e+00	1.947104645250597699e+01
2.632579999999999920e+00	2.083828697493485649e+01
2.638037000000000187e+00	2.231838005028492944e+01
2.644026000000000209e+00	2.357019912112058435e+01
2.650332000000000132e+00	2.475222931639338952e+01
2.656734000000000151e+00	2.507507590735359670e+01
2.663022999999999918e+00	2.484983719033975547e+01
2.669115000000000126e+00	2.349238563869274543e+01
2.675060999999999911e+00	2.234540753436597527e+01
2.680919999999999970e+00	2.064586649767974791e+01
2.686751000000000111e+00	1.825183197454646944e+01
2.692610999999999866e+00	1.600431634346186272e+01
2.698523999999999923e+00	1.363248704560406033e+01
2.704476000000000102e+00	1.133016108354450324e+01
2.710452000000000083e+00	9.165285931165287892e+00
2.716435999999999851e+00	7.122547548934514694e+00
2.722412999999999972e+00	5.174979747519579121e+00
2.728375999999999912e+00	3.407897520372070055e+00
2.734328000000000092e+00	2.239405968130085967e+00
2.740273999999999877e+00	1.932082415929778918e+00
2.746217000000000130e+00	2.080936243392614848e+00
2.752162000000000219e+00	4.094610190440083564e+00
2.758110999999999979e+00	7.319356725071019198e+00
2.764063000000000159e+00	1.055995267831647766e+01
2.770016000000000034e+00	1.493150828341303260e+01
2.775971000000000188e+00	1.835143442257534474e+01
2.781924000000000063e+00	2.078345590583876401e+01
2.787876999999999938e+00	2.213004296660861669e+01
2.793829000000000118e+00	2.248957450532888913e+01
2.799780999999999853e+00	2.144411806460713521e+01
2.805731999999999893e+00	1.928784617818354619e+01
2.811682999999999932e+00	1.715195254461327679e+01
2.817635000000000112e+00	1.440958242172917814e+01
2.823586999999999847e+00	1.120110615647074681e+01
2.829539000000000026e+00	8.907279596110800668e+00
2.835491000000000206e+00	7.123900624834345940e+00
2.841442999999999941e+00	6.455020816708867848e+00
2.847395000000000120e+00	6.555182714236923225e+00
2.853346999999999856e+00	8.055595311853794627e+00
2.859299000000000035e+00	1.000388773129339981e+01
2.865251000000000214e+00	1.235882468451948313e+01
2.871201999999999810e+00	1.501669045569277650e+01
2.877153999999999989e+00	1.713894686147152058e+01
2.883106000000000169e+00	1.945523881680800216e+01
2.889057999999999904e+00	2.155329359049842708e+01
2.895010000000000083e+00	2.174926310620793402e+01
2.900961999999999819e+00	2.192837087116901884e+01
2.906913999999999998e+00	2.091125963430385326e+01
2.912866000000000177e+00	1.898706480912145622e+01
2.918817999999999913e+00	1.642937936862165671e+01
2.924770000000000092e+00	1.392771854809260113e+01
2.930721000000000132e+00	1.082047709123754586e+01
2.936672999999999867e+00	7.796591540450545921e+00
2.942625000000000046e+00	5.596542550056319065e+00
2.948576999999999781e+00	3.151805276070664519e+00
2.954528999999999961e+00	1.696918229147512447e+00
2.960481000000000140e+00	9.808342338933881965e-01
2.966432999999999875e+00	5.104621426286848340e-01
2.972385000000000055e+00	6.484520176660566460e-01
2.978336999999999790e+00	1.285309977314073038e+00
2.984288999999999970e+00	1.925605703595098195e+00
2.990240000000000009e+00	3.306010151821535459e+00
2.996192000000000188e+00	3.848034453417414902e+00
3.002143999999999924e+00	4.792977215110268752e+00
3.008096000000000103e+00	5.141751061447779492e+00
3.014047999999999838e+00	5.237568031061448082e+00
3.020000000000000018e+00	4.277880545234287624e+00
