1.199999999999999956e-01	2.061929760156797187e+00
1.249780000000000058e-01	1.327144292473944054e+00
1.305999999999999939e-01	9.848978963050170066e-01
1.367059999999999942e-01	1.024023643224834856e+00
1.431360000000000132e-01	1.395077917539188306e+00
1.497320000000000040e-01	1.348396404485525224e+00
1.563350000000000017e-01	8.467727106750811972e-01
1.627850000000000130e-01	1.551189533866726089e+00
1.689219999999999888e-01	1.609716562022273312e+00
1.745889999999999942e-01	2.493048235282946390e+00
1.796250000000000069e-01	2.251640167432822359e+00
1.839349999999999874e-01	2.397851031299341518e+00
1.877439999999999942e-01	1.686926285714922757e+00
1.913779999999999926e-01	1.992832762950145442e+00
1.951660000000000061e-01	2.048540380134270311e+00
1.994340000000000002e-01	1.712377140187416824e+00
2.044499999999999929e-01	1.458949901447405884e+00
2.101250000000000062e-01	1.857173777761659705e+00
2.162479999999999958e-01	2.165956424043413708e+00
2.226049999999999973e-01	1.766635930933304177e+00
2.289819999999999911e-01	2.212829192920930499e+00
2.351930000000000132e-01	1.970678665627550119e+00
2.412249999999999950e-01	2.123953639944580196e+00
2.471349999999999936e-01	1.027007964421306152e+00
2.529799999999999827e-01	1.580096302429041755e+00
2.588170000000000193e-01	7.375709363142900488e-01
2.646970000000000156e-01	1.424551127054541899e+00
2.706259999999999777e-01	1.058484273546703047e+00
2.765880000000000005e-01	1.278886411218188135e+00
2.825679999999999858e-01	1.515826408981940876e+00
2.885510000000000019e-01	1.673270880856950749e+00
2.945229999999999793e-01	2.321798989795023971e+00
3.004809999999999981e-01	1.839070049906580628e+00
3.064310000000000089e-01	1.736832133579166770e+00
3.123750000000000138e-01	2.113079465230545573e+00
3.183190000000000186e-01	2.214486226204707364e+00
3.242650000000000254e-01	2.024860385168281596e+00
3.302149999999999808e-01	1.779681040414104354e+00
3.361680000000000224e-01	1.895604602600578170e+00
3.421210000000000084e-01	1.897094561500758836e+00
3.480759999999999965e-01	2.278335326728175847e+00
3.540289999999999826e-01	2.496685908400059439e+00
3.599809999999999954e-01	2.866078124413214745e+00
3.659330000000000083e-01	3.035895633566275009e+00
3.718839999999999923e-01	2.673755397224660602e+00
3.778360000000000052e-01	2.742633059300878529e+00
3.837869999999999893e-01	2.771473597973524328e+00
3.897390000000000021e-01	2.694052047446699572e+00
3.956910000000000149e-01	3.530885940444797644e+00
4.016429999999999723e-01	2.885566206660040489e+00
4.075949999999999851e-01	3.208809056218940192e+00
4.135469999999999979e-01	2.476636373681532444e+00
4.194979999999999820e-01	2.839236966208248170e+00
4.254499999999999948e-01	2.868745426076873883e+00
4.314009999999999789e-01	3.328947389027220538e+00
4.373540000000000205e-01	3.345944313889702926e+00
4.433079999999999798e-01	3.169704367134710044e+00
4.492619999999999947e-01	3.943727848555395710e+00
4.552160000000000095e-01	2.741934568744167411e+00
4.611680000000000224e-01	3.191216257459562833e+00
4.671170000000000044e-01	3.526974750922635682e+00
4.730619999999999825e-01	3.300278484687150904e+00
4.790059999999999873e-01	3.384283203795537265e+00
4.849510000000000209e-01	3.774291499527978822e+00
4.909020000000000050e-01	4.138892238954811731e+00
4.968629999999999991e-01	4.575644331284201449e+00
5.028390000000000359e-01	4.692234175469579327e+00
5.088230000000000253e-01	4.889802396333976731e+00
5.148009999999999531e-01	4.486341502198953890e+00
5.207570000000000254e-01	4.358768891235362375e+00
5.266750000000000043e-01	4.195719982301847395e+00
5.325410000000000421e-01	4.171886363781333706e+00
5.383719999999999617e-01	4.210717439975174337e+00
5.442249999999999588e-01	4.402940723196979711e+00
5.501580000000000359e-01	5.221404318277264700e+00
5.562289999999999734e-01	5.084662970212725952e+00
5.624930000000000208e-01	4.826790767901758095e+00
5.688929999999999820e-01	5.104328081438112008e+00
5.752220000000000111e-01	5.164245706386068058e+00
5.812610000000000277e-01	5.032902418048249338e+00
5.867949999999999555e-01	5.380302694826202270e+00
5.916080000000000227e-01	5.389433462862881719e+00
5.957040000000000113e-01	4.839174079104482828e+00
5.993990000000000151e-01	5.277693686001858175e+00
6.030370000000000452e-01	5.601868264118109231e+00
6.069609999999999728e-01	5.099101100294658018e+00
6.115110000000000268e-01	5.471479476953804877e+00
6.168270000000000142e-01	5.155333132126397544e+00
6.227219999999999978e-01	4.852336571088651240e+00
6.289789999999999548e-01	6.280252355917505191e+00
6.353790000000000271e-01	5.710021673767005979e+00
6.417070000000000274e-01	6.499300713871246415e+00
6.478369999999999962e-01	6.122517359926376912e+00
6.538089999999999735e-01	6.254011267435489962e+00
6.596819999999999906e-01	7.241783417504546350e+00
6.655140000000000500e-01	6.577189145819659188e+00
6.713630000000000431e-01	6.710164256315778175e+00
6.772660000000000347e-01	6.320977308941622574e+00
6.832110000000000127e-01	6.569415640298371883e+00
6.891829999999999901e-01	6.506518483794377694e+00
6.951669999999999794e-01	6.701060525592517081e+00
7.011469999999999647e-01	6.048604454163597488e+00
7.071119999999999628e-01	6.704157097260546649e+00
7.130670000000000064e-01	7.099382902874971535e+00
7.190130000000000132e-01	6.443643556268038530e+00
7.249569999999999625e-01	6.715286341699641781e+00
7.309010000000000229e-01	7.460098564811318056e+00
7.368489999999999762e-01	6.560313461382362377e+00
7.428000000000000158e-01	6.630455860210142660e+00
7.487530000000000019e-01	6.630169881219384997e+00
7.547080000000000455e-01	6.659172855062399421e+00
7.606619999999999493e-01	6.692220786917922659e+00
7.666140000000000176e-01	6.278063265260089842e+00
7.725670000000000037e-01	6.275441145951869970e+00
7.785180000000000433e-01	6.836311626059464075e+00
7.844689999999999719e-01	6.885440037418924852e+00
7.904210000000000402e-01	7.430300366355961472e+00
7.963729999999999976e-01	6.609151235811274283e+00
8.023249999999999549e-01	7.080417137075078138e+00
8.082770000000000232e-01	7.161187389619688481e+00
8.142289999999999806e-01	7.070994377540192666e+00
8.201800000000000201e-01	7.538110938637726299e+00
8.261319999999999775e-01	7.321951737305687047e+00
8.320830000000000171e-01	7.638147903179477005e+00
8.380349999999999744e-01	7.821821549157601972e+00
8.439870000000000427e-01	8.461959187471407517e+00
8.499400000000000288e-01	8.636545222531086807e+00
8.558940000000000436e-01	8.004287759643144540e+00
8.618479999999999475e-01	8.606675894326585308e+00
8.678010000000000446e-01	8.738760871936413821e+00
8.737519999999999731e-01	8.336501515191764966e+00
8.797000000000000375e-01	7.963626602431782331e+00
8.856439999999999868e-01	8.178900066518535183e+00
8.915870000000000184e-01	7.103514036805077758e+00
8.975349999999999717e-01	6.169241225954049668e+00
9.034900000000000153e-01	6.185362633124138476e+00
9.094569999999999599e-01	5.805239145018690650e+00
9.154379999999999740e-01	5.906279994241918629e+00
9.214210000000000456e-01	6.014199481038918549e+00
9.273909999999999654e-01	6.596699528480892916e+00
9.333329999999999682e-01	6.914523358682099996e+00
9.392300000000000093e-01	6.666425005745999499e+00
9.450749999999999984e-01	7.099771767352688556e+00
9.509090000000000042e-01	6.461258971023430497e+00
9.567890000000000006e-01	7.273518641868381707e+00
9.627750000000000474e-01	6.925588729948756850e+00
9.689229999999999787e-01	6.574811135182429211e+00
9.752680000000000238e-01	6.510585565307515310e+00
9.816639999999999810e-01	6.640225885665645755e+00
9.878930000000000211e-01	6.255171976721754845e+00
9.937399999999999567e-01	6.772856104721295623e+00
9.989850000000000119e-01	6.591001020701037660e+00
1.003457999999999961e+00	6.400306541636664903e+00
1.007338000000000067e+00	6.275092215537028117e+00
1.010966000000000031e+00	6.822191694221459102e+00
1.014685999999999977e+00	6.810167249374436516e+00
1.018841000000000108e+00	6.885969451946493791e+00
1.023735000000000062e+00	7.003966917106830614e+00
1.029328999999999938e+00	6.647388068335840394e+00
1.035408000000000106e+00	6.862444586051825723e+00
1.041754000000000069e+00	6.955984885425797515e+00
1.048148999999999997e+00	6.796961511410589907e+00
1.054391999999999996e+00	6.492739982550932432e+00
1.060446000000000000e+00	6.739590113854504239e+00
1.066368999999999900e+00	5.806995991468913765e+00
1.072216999999999976e+00	6.126488390269913431e+00
1.078049000000000035e+00	6.217764058775268943e+00
1.083920999999999912e+00	5.846993078959827450e+00
1.089842999999999895e+00	5.963000487468621991e+00
1.095801999999999943e+00	6.107124731032313569e+00
1.101780999999999899e+00	6.700818740874461277e+00
1.107765000000000111e+00	6.333366759826240866e+00
1.113739999999999952e+00	7.011161446582710788e+00
1.119699999999999918e+00	6.950298511078994323e+00
1.125650000000000039e+00	7.151814674004909556e+00
1.131594999999999906e+00	7.627993863937109431e+00
1.137537999999999938e+00	7.859658131638293632e+00
1.143483999999999945e+00	7.926502184938991391e+00
1.149432999999999927e+00	7.885926682045277580e+00
1.155386000000000024e+00	8.283088933971026080e+00
1.161338999999999899e+00	8.604112724533095502e+00
1.167294000000000054e+00	8.941147071506810207e+00
1.173246999999999929e+00	9.130606323420044745e+00
1.179200000000000026e+00	9.707084324410887533e+00
1.185151999999999983e+00	9.553471253647874306e+00
1.191103000000000023e+00	9.532190377886390564e+00
1.197054000000000062e+00	9.077974389210421435e+00
1.203006000000000020e+00	9.676668460413445416e+00
1.208957999999999977e+00	8.686787918396225550e+00
1.214909999999999934e+00	9.460177886535012348e+00
1.220861999999999892e+00	8.730860125003310657e+00
1.226814000000000071e+00	9.235973085130581239e+00
1.232765000000000111e+00	9.778272936348070488e+00
1.238717000000000068e+00	9.848054099762769908e+00
1.244668000000000108e+00	1.091332191585442146e+01
1.250620000000000065e+00	1.111643122227994063e+01
1.256572000000000022e+00	1.156660598414311458e+01
1.262526000000000037e+00	1.197050181148579995e+01
1.268480000000000052e+00	1.244429667491086278e+01
1.274434000000000067e+00	1.201799331087444678e+01
1.280386000000000024e+00	1.215079016037681114e+01
1.286335999999999924e+00	1.260128813501658307e+01
1.292281999999999931e+00	1.252690679222099313e+01
1.298224999999999962e+00	1.221955607267494059e+01
1.304170000000000051e+00	1.257520730730097824e+01
1.310119999999999951e+00	1.304201350035703122e+01
1.316079999999999917e+00	1.235754836040766058e+01
1.322052999999999923e+00	1.317175524238303552e+01
1.328036999999999912e+00	1.377282705794710616e+01
1.334017000000000008e+00	1.341556023910360729e+01
1.339976000000000056e+00	1.410118156800156619e+01
1.345900000000000096e+00	1.456450448529977315e+01
1.351774000000000031e+00	1.541890590069114708e+01
1.357607000000000008e+00	1.567298674013901127e+01
1.363453000000000026e+00	1.581668874893328969e+01
1.369372000000000034e+00	1.667502839275464055e+01
1.375421999999999922e+00	1.611022408516608451e+01
1.381658999999999970e+00	1.695331940818231331e+01
1.388052000000000064e+00	1.663238819649008349e+01
1.394403000000000059e+00	1.747624001874003241e+01
1.400492999999999988e+00	1.710201426886168363e+01
1.406104999999999938e+00	1.790658167346832741e+01
1.411021999999999998e+00	1.808890081795780702e+01
1.415195999999999898e+00	1.755696605340709837e+01
1.418924000000000074e+00	1.812759326823043793e+01
1.422549999999999981e+00	1.772527922320232818e+01
1.426417000000000046e+00	1.849159497516948036e+01
1.430868000000000029e+00	1.794701040320770602e+01
1.436091000000000006e+00	1.740374575139394153e+01
1.441923000000000066e+00	1.779506267172121525e+01
1.448144000000000098e+00	1.801378417414309041e+01
1.454538000000000109e+00	1.830305071421076946e+01
1.460887000000000047e+00	1.837844152325797609e+01
1.467041999999999957e+00	1.814774202769894629e+01
1.473030999999999979e+00	1.875027334260992262e+01
1.478914000000000062e+00	1.743933288558806893e+01
1.484749000000000096e+00	1.775891937096599094e+01
1.490591999999999917e+00	1.833472751215101582e+01
1.496488000000000040e+00	1.785669128647298010e+01
1.502428000000000097e+00	1.800152438506439623e+01
1.508397999999999906e+00	1.829567781032899276e+01
1.514380999999999977e+00	1.813692706955251666e+01
1.520361999999999991e+00	1.830935170923309130e+01
1.526329999999999965e+00	1.835056324611303324e+01
1.532284999999999897e+00	1.797622154911833547e+01
1.538232999999999961e+00	1.780939968280167918e+01
1.544175999999999993e+00	1.806619374000436196e+01
1.550119999999999942e+00	1.857559109416917309e+01
1.556068000000000007e+00	1.890409537663978767e+01
1.562019000000000046e+00	1.914885666373385931e+01
1.567971999999999921e+00	1.914256524281186245e+01
1.573925999999999936e+00	1.995006388432410205e+01
1.579879999999999951e+00	1.879601611979592235e+01
1.585833000000000048e+00	1.965658389675817119e+01
1.591785000000000005e+00	1.858244661457274205e+01
1.597736999999999963e+00	1.893333522465675856e+01
1.603688000000000002e+00	1.832703678804976732e+01
1.609639000000000042e+00	1.852075863802719624e+01
1.615590999999999999e+00	1.835986143810710658e+01
1.621542999999999957e+00	1.835472158046120228e+01
1.627494999999999914e+00	1.832721583969790657e+01
1.633447000000000093e+00	1.821253975917930035e+01
1.639399000000000051e+00	1.894037314237836256e+01
1.645350000000000090e+00	1.810822982185284857e+01
1.651302000000000048e+00	1.909830559602411526e+01
1.657253000000000087e+00	1.942121663088948225e+01
1.663205000000000044e+00	1.878460937960142729e+01
1.669157999999999920e+00	1.921647493180956090e+01
1.675111999999999934e+00	1.918617852180384986e+01
1.681065999999999949e+00	1.895067255931854788e+01
1.687019000000000046e+00	1.933185624725830465e+01
1.692971000000000004e+00	2.028410521901955121e+01
1.698919000000000068e+00	1.923965761185116108e+01
1.704863000000000017e+00	1.946715127563845371e+01
1.710806999999999967e+00	1.959526435552011492e+01
1.716752999999999973e+00	2.012183066533652820e+01
1.722706999999999988e+00	1.915459575103938050e+01
1.728671999999999986e+00	1.894042376378732584e+01
1.734652000000000083e+00	1.863258297085229032e+01
1.740636000000000072e+00	1.760215141217329204e+01
1.746609000000000078e+00	1.779394494962956230e+01
1.752555000000000085e+00	1.672911017407006540e+01
1.758458000000000077e+00	1.612797343378001003e+01
1.764308999999999905e+00	1.623893845022120175e+01
1.770140999999999964e+00	1.632167999683663595e+01
1.776011999999999924e+00	1.661280644210149404e+01
1.781979999999999897e+00	1.669872016848280438e+01
1.788105000000000055e+00	1.713005167147429830e+01
1.794426999999999994e+00	1.664509913000931007e+01
1.800829000000000013e+00	1.625596731552714402e+01
1.807091999999999921e+00	1.570529547936815540e+01
1.813002000000000002e+00	1.549217658520652563e+01
1.818338000000000010e+00	1.531815312010662034e+01
1.822912000000000088e+00	1.528328588385529585e+01
1.826850000000000085e+00	1.469867119282609735e+01
1.830492000000000008e+00	1.472844488195370261e+01
1.834179999999999922e+00	1.437721781526193610e+01
1.838259000000000087e+00	1.428266022139629499e+01
1.843048000000000020e+00	1.392454014912599725e+01
1.848562000000000038e+00	1.399368602511878734e+01
1.854589999999999961e+00	1.424088601538491616e+01
1.860913000000000039e+00	1.407302335544619964e+01
1.867313999999999918e+00	1.455147950373508614e+01
1.873583999999999916e+00	1.386926441699548107e+01
1.879660000000000108e+00	1.454880916342529851e+01
1.885596000000000050e+00	1.472594825843482447e+01
1.891450999999999993e+00	1.502873312045831788e+01
1.897281999999999913e+00	1.566002307290566975e+01
1.903146999999999922e+00	1.517539892465793017e+01
1.909062999999999954e+00	1.568532172161153682e+01
1.915018000000000109e+00	1.616688268249655280e+01
1.920995999999999926e+00	1.607572671261890562e+01
1.926979999999999915e+00	1.722436455585685877e+01
1.932955999999999896e+00	1.741589399343380862e+01
1.938917999999999919e+00	1.811217966119581035e+01
1.944868999999999959e+00	1.812984979877333913e+01
1.950814000000000048e+00	1.897896945114133871e+01
1.956757999999999997e+00	1.945449039836049820e+01
1.962703000000000086e+00	1.976711146014951126e+01
1.968652000000000069e+00	2.041272912234906656e+01
1.974604000000000026e+00	2.091790034602936998e+01
1.980558000000000041e+00	2.060446001735806831e+01
1.986512000000000056e+00	2.091970140393626920e+01
1.992466000000000070e+00	2.142482404778746030e+01
1.998418000000000028e+00	2.073182533173836006e+01
2.004370000000000207e+00	2.114305173115725722e+01
2.010321999999999942e+00	2.126509540874758741e+01
2.016272999999999982e+00	2.103390720893349908e+01
2.022224000000000022e+00	2.110087207815498900e+01
2.028176000000000201e+00	2.159009773276947541e+01
2.034127999999999936e+00	2.173610076118267997e+01
2.040080000000000116e+00	2.205995170842884434e+01
2.046031999999999851e+00	2.221463543304644261e+01
2.051984000000000030e+00	2.280403156979166113e+01
2.057935000000000070e+00	2.240227917831749949e+01
2.063886999999999805e+00	2.270665747700056514e+01
2.069837999999999845e+00	2.265513079433152299e+01
2.075791000000000164e+00	2.296464993837409096e+01
2.081744000000000039e+00	2.313602870509382825e+01
2.087698000000000054e+00	2.322569993910133945e+01
2.093652000000000069e+00	2.420117833467847035e+01
2.099604999999999944e+00	2.392246753909797974e+01
2.105554999999999843e+00	2.439052320506046811e+01
2.111501000000000072e+00	2.420161602347253904e+01
2.117445000000000022e+00	2.394897781036232587e+01
2.123388999999999971e+00	2.306794407218805532e+01
2.129338000000000175e+00	2.333130051938297100e+01
2.135295999999999861e+00	2.321423443813153398e+01
2.141268000000000171e+00	2.242771682148548962e+01
2.147250999999999799e+00	2.263499279633414218e+01
2.153232000000000035e+00	2.237480649380288256e+01
2.159196000000000115e+00	2.208485899690667864e+01
2.165125000000000188e+00	2.267133988285795354e+01
2.171006000000000213e+00	2.285236457622545103e+01
2.176841000000000026e+00	2.319528880514683777e+01
2.182682999999999929e+00	2.338070219959161378e+01
2.188588999999999896e+00	2.305800164756231752e+01
2.194618000000000180e+00	2.384658747048229444e+01
2.200828000000000007e+00	2.430354203197590834e+01
2.207209999999999894e+00	2.387115906227243300e+01
2.213579000000000185e+00	2.469973037697118556e+01
2.219714999999999883e+00	2.519871650226268400e+01
2.225403000000000020e+00	2.483056434250580580e+01
2.230423000000000044e+00	2.522054460497462358e+01
2.234681000000000139e+00	2.571772699645604376e+01
2.238447999999999993e+00	2.678089413871065005e+01
2.242068000000000172e+00	2.603878083349913553e+01
2.245884000000000214e+00	2.647310158711391281e+01
2.250237999999999960e+00	2.684135743611462743e+01
2.255365999999999982e+00	2.657366005051356694e+01
2.261130000000000084e+00	2.593072158065573163e+01
2.267313000000000134e+00	2.539995029270197691e+01
2.273696000000000161e+00	2.513261911123534986e+01
2.280063999999999869e+00	2.571190583581793021e+01
2.286243999999999943e+00	2.537056912044153734e+01
2.292251999999999956e+00	2.572244650573781755e+01
2.298146000000000022e+00	2.594365828322218448e+01
2.303983000000000114e+00	2.561666416747777930e+01
2.309822000000000042e+00	2.561349074081057609e+01
2.315710999999999853e+00	2.516397737984745575e+01
2.321645999999999876e+00	2.477761030465964609e+01
2.327612999999999932e+00	2.447292560485768931e+01
2.333594999999999864e+00	2.408357079846957305e+01
2.339576999999999796e+00	2.358474133878211632e+01
2.345546999999999827e+00	2.356663630552866451e+01
2.351503999999999817e+00	2.350677241241911375e+01
2.357451999999999881e+00	2.410907299866424935e+01
2.363395999999999830e+00	2.477674559877312532e+01
2.369339000000000084e+00	2.485074657930826802e+01
2.375286000000000008e+00	2.523988374354048148e+01
2.381237000000000048e+00	2.616537425585400101e+01
2.387189999999999923e+00	2.604766920229538485e+01
2.393143999999999938e+00	2.718353333668014216e+01
2.399097999999999953e+00	2.836753341848660526e+01
2.405050999999999828e+00	2.992398884889226451e+01
2.411004000000000147e+00	3.097516278562023473e+01
2.416955999999999882e+00	3.186257216585232044e+01
2.422906999999999922e+00	3.294666723834927780e+01
2.428857999999999961e+00	3.368584153382573732e+01
2.434809000000000001e+00	3.401218494832097861e+01
2.440760000000000041e+00	3.381570374872179485e+01
2.446712000000000220e+00	3.414240074333496722e+01
2.452663999999999955e+00	3.346222077137597495e+01
2.458616999999999830e+00	3.279581490879024130e+01
2.464570999999999845e+00	3.163374918317564166e+01
2.470524999999999860e+00	3.021976389787315398e+01
2.476478000000000179e+00	2.910500152957829556e+01
2.482429999999999914e+00	2.798389091630134118e+01
2.488377999999999979e+00	2.630847197310564667e+01
2.494323000000000068e+00	2.508247760070538845e+01
2.500265999999999877e+00	2.418563610377898954e+01
2.506212000000000106e+00	2.351215349935689503e+01
2.512164999999999981e+00	2.305503254841139338e+01
2.518129000000000062e+00	2.220915700004718119e+01
2.524108000000000018e+00	2.086106376288315900e+01
2.530091999999999786e+00	2.082925643142862171e+01
2.536067000000000071e+00	1.967275287746019430e+01
2.542015999999999831e+00	1.961558600602493030e+01
2.547924000000000078e+00	1.964563021221982808e+01
2.553779000000000021e+00	1.854457205087658522e+01
2.559610000000000163e+00	1.770332876137172917e+01
2.565475000000000172e+00	1.665658344661905943e+01
2.571432000000000162e+00	1.612819251267709575e+01
2.577539999999999942e+00	1.532122948120117201e+01
2.583845999999999865e+00	1.474393795474698798e+01
2.590249000000000024e+00	1.344739601112887328e+01
2.596534000000000120e+00	1.267810085610416238e+01
2.602485000000000159e+00	1.279233796989865724e+01
2.607883000000000173e+00	1.190411478835036974e+01
2.612527000000000044e+00	1.277680323775053495e+01
2.616509000000000196e+00	1.384325082565445619e+01
2.620163999999999938e+00	1.500587571899494854e+01
2.623834000000000000e+00	1.694852816479408375e+01
2.627863000000000060e+00	2.016528654441493273e+01
2.632579999999999920e+00	2.438632036244208479e+01
2.638037000000000187e+00	2.803533808520556647e+01
2.644026000000000209e+00	3.315013004129580310e+01
2.650332000000000132e+00	3.551098432897106960e+01
2.656734000000000151e+00	3.704664186598450470e+01
2.663022999999999918e+00	3.569917522890052908e+01
2.669115000000000126e+00	3.099170364827341118e+01
2.675060999999999911e+00	2.522028307706095873e+01
2.680919999999999970e+00	1.937125433360341376e+01
2.686751000000000111e+00	1.387230469888995010e+01
2.692610999999999866e+00	1.007800189321076800e+01
2.698523999999999923e+00	9.244750101357697147e+00
2.704476000000000102e+00	9.550237997085362807e+00
2.710452000000000083e+00	1.108634467828223968e+01
2.716435999999999851e+00	1.270895567316681962e+01
2.722412999999999972e+00	1.563268833423451731e+01
2.728375999999999912e+00	1.681089942652083025e+01
2.734328000000000092e+00	1.870672833999278950e+01
2.740273999999999877e+00	1.954414439356553856e+01
2.746217000000000130e+00	1.910393613992391693e+01
2.752162000000000219e+00	1.902944474765274308e+01
2.758110999999999979e+00	1.680692686232708155e+01
2.764063000000000159e+00	1.526838354333891346e+01
2.770016000000000034e+00	1.196144819481068566e+01
2.775971000000000188e+00	8.750271406362578830e+00
2.781924000000000063e+00	5.091689460170139903e+00
2.787876999999999938e+00	1.478031741593228254e+00
2.793829000000000118e+00	-1.613423842806330777e+00
2.799780999999999853e+00	-4.249892221110947332e+00
2.805731999999999893e+00	-6.561128819387272770e+00
2.811682999999999932e+00	-8.281683330639825869e+00
2.817635000000000112e+00	-8.768919869661324640e+00
2.823586999999999847e+00	-8.247236539509490427e+00
2.829539000000000026e+00	-6.419814404829025989e+00
2.835491000000000206e+00	-3.396869107904749718e+00
2.841442999999999941e+00	1.684120603448392872e+00
2.847395000000000120e+00	7.313903301474670826e+00
2.853346999999999856e+00	1.409591039444744354e+01
2.859299000000000035e+00	2.081467786224416372e+01
2.865251000000000214e+00	2.640975787306024714e+01
2.871201999999999810e+00	2.984903706314985072e+01
2.877153999999999989e+00	3.038749204676262750e+01
2.883106000000000169e+00	2.867453527916424960e+01
2.889057999999999904e+00	2.669396660600720139e+01
2.895010000000000083e+00	2.247334896117797243e+01
2.900961999999999819e+00	1.928907692764624571e+01
2.906913999999999998e+00	1.621820929842745329e+01
2.912866000000000177e+00	1.394948949103491209e+01
2.918817999999999913e+00	1.063805206153368310e+01
2.924770000000000092e+00	7.410132860418331191e+00
2.930721000000000132e+00	4.344848537776544006e+00
2.936672999999999867e+00	6.789529672828196194e-01
2.942625000000000046e+00	-3.532699471974348970e+00
2.948576999999999781e+00	-7.714043400375815374e+00
2.954528999999999961e+00	-1.112808744653903403e+01
2.960481000000000140e+00	-1.388651275613426783e+01
2.966432999999999875e+00	-1.547340281740850898e+01
2.972385000000000055e+00	-1.623783448214159719e+01
2.978336999999999790e+00	-1.563042930710957457e+01
2.984288999999999970e+00	-1.484263155488903152e+01
2.990240000000000009e+00	-1.275315024862030988e+01
2.996192000000000188e+00	-1.038012082433944627e+01
3.002143999999999924e+00	-8.260663689390158382e+00
3.008096000000000103e+00	-4.570371030957533165e+00
3.014047999999999838e+00	-1.582791361360724292e+00
3.020000000000000018e+00	1.882649276236879388e+00
