1.199999999999999956e-01	1.433315527024728198e+00
1.249780000000000058e-01	3.023093486198313418e+00
1.305999999999999939e-01	2.917686297793678829e+00
1.367059999999999942e-01	4.570230431470415411e+00
1.431360000000000132e-01	4.849498308467570240e+00
1.497320000000000040e-01	5.699800873877792995e+00
1.563350000000000017e-01	4.672362256915456591e+00
1.627850000000000130e-01	5.317320016017744067e+00
1.689219999999999888e-01	3.909435340620010635e+00
1.745889999999999942e-01	4.103453592557455565e+00
1.796250000000000069e-01	3.540215499816345091e+00
1.839349999999999874e-01	3.372109595249735747e+00
1.877439999999999942e-01	2.801861032416595343e+00
1.913779999999999926e-01	2.191516274413847221e+00
1.951660000000000061e-01	1.994610758415007012e+00
1.994340000000000002e-01	1.099262232667598926e+00
2.044499999999999929e-01	1.119954509415920674e+00
2.101250000000000062e-01	1.271348929309208842e+00
2.162479999999999958e-01	1.295473569039959916e+00
2.226049999999999973e-01	1.417885932217372691e+00
2.289819999999999911e-01	9.573254882840717128e-01
2.351930000000000132e-01	9.067006821755281276e-01
2.412249999999999950e-01	1.213311455328775823e+00
2.471349999999999936e-01	1.699673813313834936e+00
2.529799999999999827e-01	2.056022111384354201e+00
2.588170000000000193e-01	1.938055516230360542e+00
2.646970000000000156e-01	2.524784167820915748e+00
2.706259999999999777e-01	2.196757616719144490e+00
2.765880000000000005e-01	3.529604050674002735e+00
2.825679999999999858e-01	3.560983381100495393e+00
2.885510000000000019e-01	3.512806984598911608e+00
2.945229999999999793e-01	2.742102910789917303e+00
3.004809999999999981e-01	2.927210355597209990e+00
3.064310000000000089e-01	2.873664809080781701e+00
3.123750000000000138e-01	2.903379744412383001e+00
3.183190000000000186e-01	1.959989750560114263e+00
3.242650000000000254e-01	2.533753381704334728e+00
3.302149999999999808e-01	1.458823614020814619e+00
3.361680000000000224e-01	1.875372389588235933e+00
3.421210000000000084e-01	1.899318526247247618e+00
3.480759999999999965e-01	1.579173998730833750e+00
3.540289999999999826e-01	2.385696660295358207e+00
3.599809999999999954e-01	2.041309909916077636e+00
3.659330000000000083e-01	2.469410790540800260e+00
3.718839999999999923e-01	2.740563711228002131e+00
3.778360000000000052e-01	2.152416840570181122e+00
3.837869999999999893e-01	2.499449172095548732e+00
3.897390000000000021e-01	3.321097925919294536e+00
3.956910000000000149e-01	2.779159587874915349e+00
4.016429999999999723e-01	2.794686003569836874e+00
4.075949999999999851e-01	3.178459059764453531e+00
4.135469999999999979e-01	2.917309569273357717e+00
4.194979999999999820e-01	3.825960654458091081e+00
4.254499999999999948e-01	3.701221738116859061e+00
4.314009999999999789e-01	3.624892829656999549e+00
4.373540000000000205e-01	3.385176271188027108e+00
4.433079999999999798e-01	3.796452447834052446e+00
4.492619999999999947e-01	3.988678789939845704e+00
4.552160000000000095e-01	2.908152791686914984e+00
4.611680000000000224e-01	2.799093099740372459e+00
4.671170000000000044e-01	3.433279414454411427e+00
4.730619999999999825e-01	3.135721619283662331e+00
4.790059999999999873e-01	3.207761293145485304e+00
4.849510000000000209e-01	3.916422238657983002e+00
4.909020000000000050e-01	4.032083856824471013e+00
4.968629999999999991e-01	4.401399133827269772e+00
5.028390000000000359e-01	4.247831987132129505e+00
5.088230000000000253e-01	4.634171833991906908e+00
5.148009999999999531e-01	4.354321354272403077e+00
5.207570000000000254e-01	5.283563291560756880e+00
5.266750000000000043e-01	4.434800337487811994e+00
5.325410000000000421e-01	5.259871815646333104e+00
5.383719999999999617e-01	4.961167089557570797e+00
5.442249999999999588e-01	5.109064060500862148e+00
5.501580000000000359e-01	6.031024159647074612e+00
5.562289999999999734e-01	5.258441198748056600e+00
5.624930000000000208e-01	5.357905769773786631e+00
5.688929999999999820e-01	5.666762216719497758e+00
5.752220000000000111e-01	5.257737623693687468e+00
5.812610000000000277e-01	4.988062728670332291e+00
5.867949999999999555e-01	5.495150834217593427e+00
5.916080000000000227e-01	5.950690274857319828e+00
5.957040000000000113e-01	5.658404883955210352e+00
5.993990000000000151e-01	6.238457520201151851e+00
6.030370000000000452e-01	6.824149190907386142e+00
6.069609999999999728e-01	6.190303990480014562e+00
6.115110000000000268e-01	6.456336182540831636e+00
6.168270000000000142e-01	4.881932575269177121e+00
6.227219999999999978e-01	5.293469797909751584e+00
6.289789999999999548e-01	6.000269821669284909e+00
6.353790000000000271e-01	5.469831555284161873e+00
6.417070000000000274e-01	5.692611348312123454e+00
6.478369999999999962e-01	5.650346551421097097e+00
6.538089999999999735e-01	6.326397528470980802e+00
6.596819999999999906e-01	7.404563296449333087e+00
6.655140000000000500e-01	7.734318038112204974e+00
6.713630000000000431e-01	7.758991005383278683e+00
6.772660000000000347e-01	7.419969908816031356e+00
6.832110000000000127e-01	6.232053972526641061e+00
6.891829999999999901e-01	7.358120130053766417e+00
6.951669999999999794e-01	7.194807776588460158e+00
7.011469999999999647e-01	6.665130746863431099e+00
7.071119999999999628e-01	7.053066380933097790e+00
7.130670000000000064e-01	7.748804861055939242e+00
7.190130000000000132e-01	6.977517430019012146e+00
7.249569999999999625e-01	7.156366730245787622e+00
7.309010000000000229e-01	7.483958792360156487e+00
7.368489999999999762e-01	7.688907665027959304e+00
7.428000000000000158e-01	7.691734831155979002e+00
7.487530000000000019e-01	8.002840233622450228e+00
7.547080000000000455e-01	8.238900007148869165e+00
7.606619999999999493e-01	7.768629504924794205e+00
7.666140000000000176e-01	7.580218528722173055e+00
7.725670000000000037e-01	7.620150587137415776e+00
7.785180000000000433e-01	7.085589961159534766e+00
7.844689999999999719e-01	8.277150149097932896e+00
7.904210000000000402e-01	7.344292088722140122e+00
7.963729999999999976e-01	8.612140302171253481e+00
8.023249999999999549e-01	8.401151215709429465e+00
8.082770000000000232e-01	8.124468667697176016e+00
8.142289999999999806e-01	8.179906004679702747e+00
8.201800000000000201e-01	8.697678359427408523e+00
8.261319999999999775e-01	8.609404060426905758e+00
8.320830000000000171e-01	8.680591770472533497e+00
8.380349999999999744e-01	8.889950498576657978e+00
8.439870000000000427e-01	8.282298997182371281e+00
8.499400000000000288e-01	8.196134783731839235e+00
8.558940000000000436e-01	7.721470568813336932e+00
8.618479999999999475e-01	8.118198196295008273e+00
8.678010000000000446e-01	8.221284665027258853e+00
8.737519999999999731e-01	7.998120829462764370e+00
8.797000000000000375e-01	8.189425050003169559e+00
8.856439999999999868e-01	8.039665602127316291e+00
8.915870000000000184e-01	7.828212242097896123e+00
8.975349999999999717e-01	7.633011273787412954e+00
9.034900000000000153e-01	7.704339636834706795e+00
9.094569999999999599e-01	7.959411587537940314e+00
9.154379999999999740e-01	7.701281029973536363e+00
9.214210000000000456e-01	7.675467624535567523e+00
9.273909999999999654e-01	8.113486631219915424e+00
9.333329999999999682e-01	7.815682579474199088e+00
9.392300000000000093e-01	7.721432983480626788e+00
9.450749999999999984e-01	7.638387911684645815e+00
9.509090000000000042e-01	7.225062398658047336e+00
9.567890000000000006e-01	6.427134906801826197e+00
9.627750000000000474e-01	7.586260967829305812e+00
9.689229999999999787e-01	6.808475727291430246e+00
9.752680000000000238e-01	6.565835987093278092e+00
9.816639999999999810e-01	7.341249572693817171e+00
9.878930000000000211e-01	7.225463999067754273e+00
9.937399999999999567e-01	6.270144585491316924e+00
9.989850000000000119e-01	6.829529945575760763e+00
1.003457999999999961e+00	7.342213245872769356e+00
1.007338000000000067e+00	6.613394799427577908e+00
1.010966000000000031e+00	7.898526633981893141e+00
1.014685999999999977e+00	6.908920015685493965e+00
1.018841000000000108e+00	6.904757759818745733e+00
1.023735000000000062e+00	8.341018124188773086e+00
1.029328999999999938e+00	7.650671031304369762e+00
1.035408000000000106e+00	7.931010246783218420e+00
1.041754000000000069e+00	8.675951077190038774e+00
1.048148999999999997e+00	8.588537597418246961e+00
1.054391999999999996e+00	8.399202861489614591e+00
1.060446000000000000e+00	7.809962626698589538e+00
1.066368999999999900e+00	7.385657187121660527e+00
1.072216999999999976e+00	8.241559058208883570e+00
1.078049000000000035e+00	7.814056095336697538e+00
1.083920999999999912e+00	8.396331092552221875e+00
1.089842999999999895e+00	8.244148575745635199e+00
1.095801999999999943e+00	8.015256759554430843e+00
1.101780999999999899e+00	7.781221561271945752e+00
1.107765000000000111e+00	8.034431334703285188e+00
1.113739999999999952e+00	8.190988557244153867e+00
1.119699999999999918e+00	8.008825993497783458e+00
1.125650000000000039e+00	8.122038625797138423e+00
1.131594999999999906e+00	8.151915566973139349e+00
1.137537999999999938e+00	8.264283551229082647e+00
1.143483999999999945e+00	8.422252795187855412e+00
1.149432999999999927e+00	8.358575622988469789e+00
1.155386000000000024e+00	8.469095454662287636e+00
1.161338999999999899e+00	9.824695942044170849e+00
1.167294000000000054e+00	9.641033714464505522e+00
1.173246999999999929e+00	9.387315161431178723e+00
1.179200000000000026e+00	9.935942851162563372e+00
1.185151999999999983e+00	1.070325098540964603e+01
1.191103000000000023e+00	1.018579192678271639e+01
1.197054000000000062e+00	9.603984433504207274e+00
1.203006000000000020e+00	9.425584862670016051e+00
1.208957999999999977e+00	9.366879361911916391e+00
1.214909999999999934e+00	1.010059602051314798e+01
1.220861999999999892e+00	9.851045102659501396e+00
1.226814000000000071e+00	1.008977596962081691e+01
1.232765000000000111e+00	1.043310023651550189e+01
1.238717000000000068e+00	1.071948739519678817e+01
1.244668000000000108e+00	1.084101253341847837e+01
1.250620000000000065e+00	1.128048670452708002e+01
1.256572000000000022e+00	1.105916083079509882e+01
1.262526000000000037e+00	1.217106117127238640e+01
1.268480000000000052e+00	1.152656414061176626e+01
1.274434000000000067e+00	1.108680210013758227e+01
1.280386000000000024e+00	1.173102943911366403e+01
1.286335999999999924e+00	1.217826265509564898e+01
1.292281999999999931e+00	1.289208977521332322e+01
1.298224999999999962e+00	1.389210943246367513e+01
1.304170000000000051e+00	1.365466001211636460e+01
1.310119999999999951e+00	1.342557566318016171e+01
1.316079999999999917e+00	1.413100676175990067e+01
1.322052999999999923e+00	1.424722448397232633e+01
1.328036999999999912e+00	1.382808678304586003e+01
1.334017000000000008e+00	1.363824443878878334e+01
1.339976000000000056e+00	1.353451237644320315e+01
1.345900000000000096e+00	1.340545144115326792e+01
1.351774000000000031e+00	1.402084388670394688e+01
1.357607000000000008e+00	1.383123917515509405e+01
1.363453000000000026e+00	1.452220236786466323e+01
1.369372000000000034e+00	1.534762744424808290e+01
1.375421999999999922e+00	1.502790591571464951e+01
1.381658999999999970e+00	1.566456053488913902e+01
1.388052000000000064e+00	1.573412928873906935e+01
1.394403000000000059e+00	1.587171523087193314e+01
1.400492999999999988e+00	1.769558673533681770e+01
1.406104999999999938e+00	1.748813309869582611e+01
1.411021999999999998e+00	1.890177907808535807e+01
1.415195999999999898e+00	1.884919841955479569e+01
1.418924000000000074e+00	1.835342265942998452e+01
1.422549999999999981e+00	1.915599801865055340e+01
1.426417000000000046e+00	1.880176302697444513e+01
1.430868000000000029e+00	1.902048314157740450e+01
1.436091000000000006e+00	1.953837881548959743e+01
1.441923000000000066e+00	2.010028573654381034e+01
1.448144000000000098e+00	2.035775074073902147e+01
1.454538000000000109e+00	2.037056568790399780e+01
1.460887000000000047e+00	2.077614360108982794e+01
1.467041999999999957e+00	2.087085905889848192e+01
1.473030999999999979e+00	2.193093863592958570e+01
1.478914000000000062e+00	2.187236055524655143e+01
1.484749000000000096e+00	2.194639080562529898e+01
1.490591999999999917e+00	2.139070119594244446e+01
1.496488000000000040e+00	2.241455400116754859e+01
1.502428000000000097e+00	2.204281998398005982e+01
1.508397999999999906e+00	2.216043893094900952e+01
1.514380999999999977e+00	2.146383419966917216e+01
1.520361999999999991e+00	2.175522623132509992e+01
1.526329999999999965e+00	2.150672032022291802e+01
1.532284999999999897e+00	2.142434043371534003e+01
1.538232999999999961e+00	2.122008215659066366e+01
1.544175999999999993e+00	2.086100451636729147e+01
1.550119999999999942e+00	2.040220111911042977e+01
1.556068000000000007e+00	2.028289661595595206e+01
1.562019000000000046e+00	2.028938957403750365e+01
1.567971999999999921e+00	2.035109369600388618e+01
1.573925999999999936e+00	2.018212281426797716e+01
1.579879999999999951e+00	2.062102038807654125e+01
1.585833000000000048e+00	2.139309755250967982e+01
1.591785000000000005e+00	2.047621285779988654e+01
1.597736999999999963e+00	2.061543611965780443e+01
1.603688000000000002e+00	2.057204514882879920e+01
1.609639000000000042e+00	2.110492188282270831e+01
1.615590999999999999e+00	2.161716806208522712e+01
1.621542999999999957e+00	2.148661433027146828e+01
1.627494999999999914e+00	2.087689317590669091e+01
1.633447000000000093e+00	2.150420100140580715e+01
1.639399000000000051e+00	2.150083179269390143e+01
1.645350000000000090e+00	2.081118463439255351e+01
1.651302000000000048e+00	2.104349057438205151e+01
1.657253000000000087e+00	2.059717955843360926e+01
1.663205000000000044e+00	1.997380387251041611e+01
1.669157999999999920e+00	1.854775106444530763e+01
1.675111999999999934e+00	1.869552310384141336e+01
1.681065999999999949e+00	1.939377961625023516e+01
1.687019000000000046e+00	1.837613797684478101e+01
1.692971000000000004e+00	1.849722584562847416e+01
1.698919000000000068e+00	1.899319292205272447e+01
1.704863000000000017e+00	1.875084106220874247e+01
1.710806999999999967e+00	1.842903563411884349e+01
1.716752999999999973e+00	1.918093588544690675e+01
1.722706999999999988e+00	1.851717522673140692e+01
1.728671999999999986e+00	1.938677666929356036e+01
1.734652000000000083e+00	1.981994465586928555e+01
1.740636000000000072e+00	1.824307595452045305e+01
1.746609000000000078e+00	1.770259032653829934e+01
1.752555000000000085e+00	1.690492637146873278e+01
1.758458000000000077e+00	1.727820226586712948e+01
1.764308999999999905e+00	1.711059397439426633e+01
1.770140999999999964e+00	1.771701303145638207e+01
1.776011999999999924e+00	1.762689306360277186e+01
1.781979999999999897e+00	1.778751011153184791e+01
1.788105000000000055e+00	1.730986234344994301e+01
1.794426999999999994e+00	1.735547624186757432e+01
1.800829000000000013e+00	1.634240776338907608e+01
1.807091999999999921e+00	1.634443538348451241e+01
1.813002000000000002e+00	1.566940648151534887e+01
1.818338000000000010e+00	1.486562088202278886e+01
1.822912000000000088e+00	1.341823374492491894e+01
1.826850000000000085e+00	1.457649344358313392e+01
1.830492000000000008e+00	1.528811664009835880e+01
1.834179999999999922e+00	1.519068597188778824e+01
1.838259000000000087e+00	1.531323322792204067e+01
1.843048000000000020e+00	1.576944361145199736e+01
1.848562000000000038e+00	1.564283377344784043e+01
1.854589999999999961e+00	1.569844663890054193e+01
1.860913000000000039e+00	1.546778296665502417e+01
1.867313999999999918e+00	1.511971709932524099e+01
1.873583999999999916e+00	1.586432681303774572e+01
1.879660000000000108e+00	1.515907884750514967e+01
1.885596000000000050e+00	1.482143544050731521e+01
1.891450999999999993e+00	1.671626582926176852e+01
1.897281999999999913e+00	1.566892430592772101e+01
1.903146999999999922e+00	1.537629148728268191e+01
1.909062999999999954e+00	1.605380391481754998e+01
1.915018000000000109e+00	1.566930358671996260e+01
1.920995999999999926e+00	1.579940777917311223e+01
1.926979999999999915e+00	1.597869390058325223e+01
1.932955999999999896e+00	1.636097793934819222e+01
1.938917999999999919e+00	1.687420692134127620e+01
1.944868999999999959e+00	1.730208831810726267e+01
1.950814000000000048e+00	1.959502671913775629e+01
1.956757999999999997e+00	2.042039467056941859e+01
1.962703000000000086e+00	2.094044118389239983e+01
1.968652000000000069e+00	2.133791588497448544e+01
1.974604000000000026e+00	2.286621712511649207e+01
1.980558000000000041e+00	2.422288808436065821e+01
1.986512000000000056e+00	2.538346587203492888e+01
1.992466000000000070e+00	2.596983253612665621e+01
1.998418000000000028e+00	2.646203674991076227e+01
2.004370000000000207e+00	2.696353680278733123e+01
2.010321999999999942e+00	2.762181691556229168e+01
2.016272999999999982e+00	2.860620487855304006e+01
2.022224000000000022e+00	2.828358934566338334e+01
2.028176000000000201e+00	2.707199595129580416e+01
2.034127999999999936e+00	2.788989009625076321e+01
2.040080000000000116e+00	2.837456986295677908e+01
2.046031999999999851e+00	2.670109412228105938e+01
2.051984000000000030e+00	2.798120214016456231e+01
2.057935000000000070e+00	2.783283456177103332e+01
2.063886999999999805e+00	2.821085382690428034e+01
2.069837999999999845e+00	2.822304881716202729e+01
2.075791000000000164e+00	2.909601572396728386e+01
2.081744000000000039e+00	2.959050446292288328e+01
2.087698000000000054e+00	2.936262683327831269e+01
2.093652000000000069e+00	3.031753922818938918e+01
2.099604999999999944e+00	3.024331095231647737e+01
2.105554999999999843e+00	3.072712054660676273e+01
2.111501000000000072e+00	2.924297188523935276e+01
2.117445000000000022e+00	2.933350487849192234e+01
2.123388999999999971e+00	2.768618516674165519e+01
2.129338000000000175e+00	2.773443640466949844e+01
2.135295999999999861e+00	2.622009269334733972e+01
2.141268000000000171e+00	2.455094230178929848e+01
2.147250999999999799e+00	2.335873254573846936e+01
2.153232000000000035e+00	2.361880720948230916e+01
2.159196000000000115e+00	2.275846469063857569e+01
2.165125000000000188e+00	2.085230244900820651e+01
2.171006000000000213e+00	2.158618681429719288e+01
2.176841000000000026e+00	2.077739514094847806e+01
2.182682999999999929e+00	2.128003642438098808e+01
2.188588999999999896e+00	2.131492271178530373e+01
2.194618000000000180e+00	2.249677954508819155e+01
2.200828000000000007e+00	2.331582529973753637e+01
2.207209999999999894e+00	2.391675331343306610e+01
2.213579000000000185e+00	2.519717039688820392e+01
2.219714999999999883e+00	2.566732438362168267e+01
2.225403000000000020e+00	2.745359666304873159e+01
2.230423000000000044e+00	2.872981665898032588e+01
2.234681000000000139e+00	2.982044848314198049e+01
2.238447999999999993e+00	3.047105503984025532e+01
2.242068000000000172e+00	3.125954430124361849e+01
2.245884000000000214e+00	3.178523262332771182e+01
2.250237999999999960e+00	3.173828426293959737e+01
2.255365999999999982e+00	3.084951113920829968e+01
2.261130000000000084e+00	2.936795976514205009e+01
2.267313000000000134e+00	2.884651699695480076e+01
2.273696000000000161e+00	2.817892717393821300e+01
2.280063999999999869e+00	2.708510754645454810e+01
2.286243999999999943e+00	2.550451388217560833e+01
2.292251999999999956e+00	2.521408858315755808e+01
2.298146000000000022e+00	2.482741646713211736e+01
2.303983000000000114e+00	2.419709409374632259e+01
2.309822000000000042e+00	2.407265203172824997e+01
2.315710999999999853e+00	2.423009082281278737e+01
2.321645999999999876e+00	2.487635561479749668e+01
2.327612999999999932e+00	2.517450168725923376e+01
2.333594999999999864e+00	2.559694716715230456e+01
2.339576999999999796e+00	2.736617447426816341e+01
2.345546999999999827e+00	2.969169109189775568e+01
2.351503999999999817e+00	3.131409218151381779e+01
2.357451999999999881e+00	3.302726731743420885e+01
2.363395999999999830e+00	3.497338672973697982e+01
2.369339000000000084e+00	3.607255841429055465e+01
2.375286000000000008e+00	3.718896496830200959e+01
2.381237000000000048e+00	3.802867235015976632e+01
2.387189999999999923e+00	3.672645388139469702e+01
2.393143999999999938e+00	3.697017450595217980e+01
2.399097999999999953e+00	3.421057580572354340e+01
2.405050999999999828e+00	3.237203454806942204e+01
2.411004000000000147e+00	3.074746043953943087e+01
2.416955999999999882e+00	2.837870424316026075e+01
2.422906999999999922e+00	2.604374413716281111e+01
2.428857999999999961e+00	2.342564095446685357e+01
2.434809000000000001e+00	2.142007225557758687e+01
2.440760000000000041e+00	1.987677671796578949e+01
2.446712000000000220e+00	1.844345102164676220e+01
2.452663999999999955e+00	1.706173161631247126e+01
2.458616999999999830e+00	1.731245515610118346e+01
2.464570999999999845e+00	1.730991595368585934e+01
2.470524999999999860e+00	1.833769957958758212e+01
2.476478000000000179e+00	1.893149678323719698e+01
2.482429999999999914e+00	2.082645184493402724e+01
2.488377999999999979e+00	2.365188640821149946e+01
2.494323000000000068e+00	2.596783799669553261e+01
2.500265999999999877e+00	2.960773351422550803e+01
2.506212000000000106e+00	3.399267239338749391e+01
2.512164999999999981e+00	3.622839188110219766e+01
2.518129000000000062e+00	3.823381907754840370e+01
2.524108000000000018e+00	3.941584754401336710e+01
2.530091999999999786e+00	3.983598772218260819e+01
2.536067000000000071e+00	3.891103091822549231e+01
2.542015999999999831e+00	3.597077198357100514e+01
2.547924000000000078e+00	3.312210569187014642e+01
2.553779000000000021e+00	2.973262119431285555e+01
2.559610000000000163e+00	2.577347065875561327e+01
2.565475000000000172e+00	2.033358323508965171e+01
2.571432000000000162e+00	1.742038757658569281e+01
2.577539999999999942e+00	1.260168832454745491e+01
2.583845999999999865e+00	7.387382547081483786e+00
2.590249000000000024e+00	4.474827202332479104e+00
2.596534000000000120e+00	1.319152257852814092e+00
2.602485000000000159e+00	-7.681565458597516827e-02
2.607883000000000173e+00	-2.525037127509579982e+00
2.612527000000000044e+00	-2.634120811253010785e+00
2.616509000000000196e+00	-3.050873350161699804e+00
2.620163999999999938e+00	-2.857162938138492869e+00
2.623834000000000000e+00	-2.640901901185273015e+00
2.627863000000000060e+00	-1.853015548738559337e+00
2.632579999999999920e+00	-1.431701321624376133e+00
2.638037000000000187e+00	-8.631065543674855123e-01
2.644026000000000209e+00	-7.705143684935047421e-01
2.650332000000000132e+00	1.355037689984666394e-01
2.656734000000000151e+00	2.800719953952961472e+00
2.663022999999999918e+00	5.752589130246588134e+00
2.669115000000000126e+00	1.111457366992625140e+01
2.675060999999999911e+00	1.511470289277029799e+01
2.680919999999999970e+00	1.825295924851971563e+01
2.686751000000000111e+00	2.050295913981605622e+01
2.692610999999999866e+00	1.958646037470367318e+01
2.698523999999999923e+00	1.559181191848283632e+01
2.704476000000000102e+00	8.854806379493791013e+00
2.710452000000000083e+00	2.890042703245231159e+00
2.716435999999999851e+00	-4.455818110455943781e+00
2.722412999999999972e+00	-1.118784990216185093e+01
2.728375999999999912e+00	-1.615034430293794898e+01
2.734328000000000092e+00	-1.957256588324362667e+01
2.740273999999999877e+00	-2.139723099105360049e+01
2.746217000000000130e+00	-2.322551673714708897e+01
2.752162000000000219e+00	-2.230591292341931720e+01
2.758110999999999979e+00	-2.016631382201514455e+01
2.764063000000000159e+00	-1.766996371899341511e+01
2.770016000000000034e+00	-1.447162912613993413e+01
2.775971000000000188e+00	-1.172297273218601887e+01
2.781924000000000063e+00	-7.740936000656176930e+00
2.787876999999999938e+00	-4.997783463489768430e+00
2.793829000000000118e+00	-2.832230582178083544e+00
2.799780999999999853e+00	-5.840314713970344851e-01
2.805731999999999893e+00	4.933931798153737280e-01
2.811682999999999932e+00	6.206231698786883744e-01
2.817635000000000112e+00	1.068960750020824246e-01
2.823586999999999847e+00	-1.229775910557196594e+00
2.829539000000000026e+00	-3.558904638057680536e+00
2.835491000000000206e+00	-4.388524900025950970e+00
2.841442999999999941e+00	-5.669187358922851416e+00
2.847395000000000120e+00	-6.471111565797976084e+00
2.853346999999999856e+00	-7.081546928008906505e+00
2.859299000000000035e+00	-8.092364654149713843e+00
2.865251000000000214e+00	-8.222003621496153158e+00
2.871201999999999810e+00	-9.040640107500159672e+00
2.877153999999999989e+00	-1.028064522851951423e+01
2.883106000000000169e+00	-1.129735545770089544e+01
2.889057999999999904e+00	-1.149309135350204869e+01
2.895010000000000083e+00	-1.230276824285038728e+01
2.900961999999999819e+00	-1.271490806936147244e+01
2.906913999999999998e+00	-1.127546695375876062e+01
2.912866000000000177e+00	-9.363376613345698374e+00
2.918817999999999913e+00	-6.576806133989408387e+00
2.924770000000000092e+00	-4.584505405823616542e+00
2.930721000000000132e+00	-3.389265895172706600e+00
2.936672999999999867e+00	-5.064561260687269195e-01
2.942625000000000046e+00	7.292698623457043172e-02
2.948576999999999781e+00	1.228325200209065438e+00
2.954528999999999961e+00	9.375880418090211110e-01
2.960481000000000140e+00	-1.799373107947991324e-01
2.966432999999999875e+00	-2.616112894255050669e+00
2.972385000000000055e+00	-4.884269595110932727e+00
2.978336999999999790e+00	-9.767573507879170336e+00
2.984288999999999970e+00	-1.467222778322760490e+01
2.990240000000000009e+00	-2.051612673941625076e+01
2.996192000000000188e+00	-2.707583895443987032e+01
3.002143999999999924e+00	-3.437827689245060014e+01
3.008096000000000103e+00	-4.238037931766040600e+01
3.014047999999999838e+00	-5.167490371802334437e+01
3.020000000000000018e+00	-6.173298468767037406e+01
