1.199999999999999956e-01	-9.988750740698515429e-02
1.249780000000000058e-01	3.137538431496178504e-02
1.305999999999999939e-01	-4.124838846133968562e-01
1.367059999999999942e-01	-6.437645072102904376e-01
1.431360000000000132e-01	-1.462096876038944393e-01
1.497320000000000040e-01	1.434722945265522187e-01
1.563350000000000017e-01	1.159250988843068653e+00
1.627850000000000130e-01	1.021587223495350472e+00
1.689219999999999888e-01	1.071616880570521957e+00
1.745889999999999942e-01	1.262305522628481613e+00
1.796250000000000069e-01	1.549195881766154859e+00
1.839349999999999874e-01	1.246437956050870932e+00
1.877439999999999942e-01	2.262062105532926193e+00
1.913779999999999926e-01	2.099124887923975002e+00
1.951660000000000061e-01	2.736284126591573163e+00
1.994340000000000002e-01	2.896091742493252852e+00
2.044499999999999929e-01	2.671560933369348856e+00
2.101250000000000062e-01	2.764634758167517692e+00
2.162479999999999958e-01	3.480178605765721134e+00
2.226049999999999973e-01	3.414260178792912104e+00
2.289819999999999911e-01	2.543234791687271290e+00
2.351930000000000132e-01	2.935623783741266646e+00
2.412249999999999950e-01	2.290214117805506433e+00
2.471349999999999936e-01	2.912585945894630157e+00
2.529799999999999827e-01	2.896097781735762489e+00
2.588170000000000193e-01	3.154057817653338258e+00
2.646970000000000156e-01	2.836531262015750787e+00
2.706259999999999777e-01	2.549104644488112914e+00
2.765880000000000005e-01	3.403003031845396098e+00
2.825679999999999858e-01	3.261500271335077805e+00
2.885510000000000019e-01	3.400638307597655619e+00
2.945229999999999793e-01	3.186019967165217626e+00
3.004809999999999981e-01	3.267315560755501558e+00
3.064310000000000089e-01	2.913965743213493997e+00
3.123750000000000138e-01	3.015616140411811585e+00
3.183190000000000186e-01	2.713740780851198409e+00
3.242650000000000254e-01	3.405679306718593313e+00
3.302149999999999808e-01	3.354063815111315350e+00
3.361680000000000224e-01	3.772427534449936282e+00
3.421210000000000084e-01	4.345213380453753160e+00
3.480759999999999965e-01	3.514316681988115310e+00
3.540289999999999826e-01	4.503317780228278444e+00
3.599809999999999954e-01	3.885734892586574674e+00
3.659330000000000083e-01	3.240270638330374098e+00
3.718839999999999923e-01	3.525888105375542203e+00
3.778360000000000052e-01	3.928434268509844784e+00
3.837869999999999893e-01	3.603656321924997741e+00
3.897390000000000021e-01	3.751337524843322502e+00
3.956910000000000149e-01	3.733380299893994447e+00
4.016429999999999723e-01	4.606046858257955456e+00
4.075949999999999851e-01	4.476640112408861505e+00
4.135469999999999979e-01	4.119516697204774758e+00
4.194979999999999820e-01	4.629469987474752024e+00
4.254499999999999948e-01	5.415457703962565539e+00
4.314009999999999789e-01	5.463566939854731963e+00
4.373540000000000205e-01	5.703368160161044642e+00
4.433079999999999798e-01	5.761435319254036180e+00
4.492619999999999947e-01	5.544508569845937096e+00
4.552160000000000095e-01	6.092335505214199642e+00
4.611680000000000224e-01	6.235574775303711625e+00
4.671170000000000044e-01	6.839715693382579786e+00
4.730619999999999825e-01	5.419078294904378978e+00
4.790059999999999873e-01	6.404375727815883934e+00
4.849510000000000209e-01	6.536897598732214654e+00
4.909020000000000050e-01	6.562149448594685630e+00
4.968629999999999991e-01	7.338519086022817994e+00
5.028390000000000359e-01	6.922553336548125991e+00
5.088230000000000253e-01	7.386290298714654590e+00
5.148009999999999531e-01	7.501341110075953722e+00
5.207570000000000254e-01	7.737149546911774145e+00
5.266750000000000043e-01	8.581360118220842992e+00
5.325410000000000421e-01	7.885887700154518676e+00
5.383719999999999617e-01	8.220842907092309915e+00
5.442249999999999588e-01	8.956798275338377024e+00
5.501580000000000359e-01	8.887840430755179710e+00
5.562289999999999734e-01	9.390491647550950560e+00
5.624930000000000208e-01	1.042130318399051170e+01
5.688929999999999820e-01	9.541786822807647894e+00
5.752220000000000111e-01	1.056180464888846871e+01
5.812610000000000277e-01	1.072572712202806855e+01
5.867949999999999555e-01	1.055040908849135484e+01
5.916080000000000227e-01	1.088607026047517756e+01
5.957040000000000113e-01	1.135134768829941088e+01
5.993990000000000151e-01	1.115501047644280774e+01
6.030370000000000452e-01	1.139476457896157768e+01
6.069609999999999728e-01	1.188964826246204609e+01
6.115110000000000268e-01	1.238140239835408707e+01
6.168270000000000142e-01	1.279491141498757756e+01
6.227219999999999978e-01	1.266906718787460484e+01
6.289789999999999548e-01	1.321187210038055326e+01
6.353790000000000271e-01	1.320561147598764862e+01
6.417070000000000274e-01	1.303060419506249978e+01
6.478369999999999962e-01	1.344126039848660525e+01
6.538089999999999735e-01	1.379343416684096013e+01
6.596819999999999906e-01	1.314446188956543793e+01
6.655140000000000500e-01	1.373277774703860743e+01
6.713630000000000431e-01	1.373330600326263884e+01
6.772660000000000347e-01	1.365966183078162111e+01
6.832110000000000127e-01	1.436776325718184211e+01
6.891829999999999901e-01	1.401807685517583835e+01
6.951669999999999794e-01	1.457345651352476779e+01
7.011469999999999647e-01	1.472910270065356997e+01
7.071119999999999628e-01	1.397062728841353696e+01
7.130670000000000064e-01	1.489398008604538681e+01
7.190130000000000132e-01	1.401760838484694993e+01
7.249569999999999625e-01	1.428149000427372961e+01
7.309010000000000229e-01	1.472426764753651085e+01
7.368489999999999762e-01	1.437234112365357319e+01
7.428000000000000158e-01	1.466115338310011040e+01
7.487530000000000019e-01	1.434142763328041781e+01
7.547080000000000455e-01	1.464475445571154211e+01
7.606619999999999493e-01	1.461111949234421381e+01
7.666140000000000176e-01	1.526033248554477240e+01
7.725670000000000037e-01	1.458180958668822846e+01
7.785180000000000433e-01	1.502425396195337015e+01
7.844689999999999719e-01	1.602683401466233448e+01
7.904210000000000402e-01	1.596869725052797051e+01
7.963729999999999976e-01	1.653132928331375950e+01
8.023249999999999549e-01	1.652270707229528668e+01
8.082770000000000232e-01	1.614237294659703181e+01
8.142289999999999806e-01	1.712263310973020225e+01
8.201800000000000201e-01	1.747916609151836198e+01
8.261319999999999775e-01	1.800977933838686695e+01
8.320830000000000171e-01	1.764106813560355747e+01
8.380349999999999744e-01	1.790454822682399438e+01
8.439870000000000427e-01	1.812663088788198351e+01
8.499400000000000288e-01	1.752846992847175756e+01
8.558940000000000436e-01	1.736274179790574479e+01
8.618479999999999475e-01	1.765800087171651356e+01
8.678010000000000446e-01	1.708730159990512121e+01
8.737519999999999731e-01	1.735621573354243097e+01
8.797000000000000375e-01	1.700530335544184979e+01
8.856439999999999868e-01	1.666951296267999538e+01
8.915870000000000184e-01	1.652986626326041275e+01
8.975349999999999717e-01	1.591869148611749019e+01
9.034900000000000153e-01	1.571556599947557231e+01
9.094569999999999599e-01	1.520346028984512543e+01
9.154379999999999740e-01	1.492600820726835842e+01
9.214210000000000456e-01	1.467244401680904886e+01
9.273909999999999654e-01	1.444773011893851233e+01
9.333329999999999682e-01	1.414068515085099698e+01
9.392300000000000093e-01	1.358890932587542899e+01
9.450749999999999984e-01	1.367713906168477145e+01
9.509090000000000042e-01	1.335954429984378855e+01
9.567890000000000006e-01	1.290435942947584458e+01
9.627750000000000474e-01	1.318359374342354151e+01
9.689229999999999787e-01	1.277662794331623353e+01
9.752680000000000238e-01	1.264800421518114426e+01
9.816639999999999810e-01	1.322741628389096036e+01
9.878930000000000211e-01	1.341079331942314923e+01
9.937399999999999567e-01	1.241596069190469187e+01
9.989850000000000119e-01	1.331468597732905579e+01
1.003457999999999961e+00	1.330289717645574399e+01
1.007338000000000067e+00	1.347062538219926786e+01
1.010966000000000031e+00	1.322040340622410781e+01
1.014685999999999977e+00	1.332520884558410579e+01
1.018841000000000108e+00	1.331671749409988692e+01
1.023735000000000062e+00	1.334484539739289666e+01
1.029328999999999938e+00	1.358877578513485496e+01
1.035408000000000106e+00	1.332373782991243161e+01
1.041754000000000069e+00	1.375848187833785907e+01
1.048148999999999997e+00	1.374144640251777538e+01
1.054391999999999996e+00	1.384357745702947895e+01
1.060446000000000000e+00	1.424342204135766110e+01
1.066368999999999900e+00	1.405137862809515781e+01
1.072216999999999976e+00	1.443411182460161157e+01
1.078049000000000035e+00	1.427975846535899329e+01
1.083920999999999912e+00	1.489131880069194835e+01
1.089842999999999895e+00	1.483103196590749739e+01
1.095801999999999943e+00	1.489944907472318292e+01
1.101780999999999899e+00	1.472207136809668171e+01
1.107765000000000111e+00	1.532483185665311964e+01
1.113739999999999952e+00	1.556665579531623322e+01
1.119699999999999918e+00	1.590422540261625173e+01
1.125650000000000039e+00	1.581586318701957516e+01
1.131594999999999906e+00	1.568563737603775898e+01
1.137537999999999938e+00	1.640553808966825144e+01
1.143483999999999945e+00	1.712464252691371769e+01
1.149432999999999927e+00	1.668875430053860143e+01
1.155386000000000024e+00	1.750784665158911579e+01
1.161338999999999899e+00	1.809192473108226906e+01
1.167294000000000054e+00	1.827677762648886173e+01
1.173246999999999929e+00	1.842651518048682746e+01
1.179200000000000026e+00	1.870072099712063718e+01
1.185151999999999983e+00	1.924188332620311215e+01
1.191103000000000023e+00	1.925202509207818835e+01
1.197054000000000062e+00	2.027016304053652007e+01
1.203006000000000020e+00	2.046183142105918051e+01
1.208957999999999977e+00	2.061657715595663376e+01
1.214909999999999934e+00	2.136260586943130946e+01
1.220861999999999892e+00	2.153183264175108036e+01
1.226814000000000071e+00	2.142012211203145000e+01
1.232765000000000111e+00	2.137180931486325619e+01
1.238717000000000068e+00	2.256767490712003266e+01
1.244668000000000108e+00	2.300018041778717404e+01
1.250620000000000065e+00	2.323438003369142990e+01
1.256572000000000022e+00	2.393299083288182416e+01
1.262526000000000037e+00	2.412032403047130202e+01
1.268480000000000052e+00	2.456822926918880157e+01
1.274434000000000067e+00	2.533690741096323151e+01
1.280386000000000024e+00	2.667842643703299998e+01
1.286335999999999924e+00	2.662284347581948651e+01
1.292281999999999931e+00	2.806335242480110637e+01
1.298224999999999962e+00	2.848386821015504111e+01
1.304170000000000051e+00	2.940365102725183988e+01
1.310119999999999951e+00	3.050411797065579123e+01
1.316079999999999917e+00	3.117313768205795199e+01
1.322052999999999923e+00	3.179794494357559032e+01
1.328036999999999912e+00	3.286107946294159632e+01
1.334017000000000008e+00	3.319780331255860517e+01
1.339976000000000056e+00	3.332911890781165454e+01
1.345900000000000096e+00	3.455985203175949039e+01
1.351774000000000031e+00	3.541940103894375369e+01
1.357607000000000008e+00	3.686018358942119022e+01
1.363453000000000026e+00	3.659903256768600244e+01
1.369372000000000034e+00	3.798796725963862286e+01
1.375421999999999922e+00	3.837840602902495846e+01
1.381658999999999970e+00	3.887640144362489991e+01
1.388052000000000064e+00	3.970474086923817936e+01
1.394403000000000059e+00	4.007389393119767362e+01
1.400492999999999988e+00	4.127670511638234530e+01
1.406104999999999938e+00	4.135910794915619704e+01
1.411021999999999998e+00	4.270436605599920910e+01
1.415195999999999898e+00	4.326570477120253599e+01
1.418924000000000074e+00	4.389893870463762937e+01
1.422549999999999981e+00	4.529452131766944945e+01
1.426417000000000046e+00	4.590509403444480796e+01
1.430868000000000029e+00	4.656928327256876798e+01
1.436091000000000006e+00	4.751028425148668788e+01
1.441923000000000066e+00	4.785872480482910163e+01
1.448144000000000098e+00	4.770960845446229825e+01
1.454538000000000109e+00	4.799397035006168011e+01
1.460887000000000047e+00	4.885472487939984632e+01
1.467041999999999957e+00	4.888120732294317605e+01
1.473030999999999979e+00	4.855447300836489433e+01
1.478914000000000062e+00	4.912671989177859189e+01
1.484749000000000096e+00	4.935947151648983322e+01
1.490591999999999917e+00	4.905622085428652213e+01
1.496488000000000040e+00	4.900819783373618321e+01
1.502428000000000097e+00	4.858333195970732277e+01
1.508397999999999906e+00	4.777280219355911584e+01
1.514380999999999977e+00	4.693143200403666526e+01
1.520361999999999991e+00	4.646785167906168112e+01
1.526329999999999965e+00	4.639886661041012417e+01
1.532284999999999897e+00	4.610664216232338219e+01
1.538232999999999961e+00	4.633058375930742301e+01
1.544175999999999993e+00	4.587792047392001393e+01
1.550119999999999942e+00	4.614899176379363155e+01
1.556068000000000007e+00	4.598710064238598960e+01
1.562019000000000046e+00	4.586832209185730136e+01
1.567971999999999921e+00	4.618013099255080789e+01
1.573925999999999936e+00	4.730580746788760393e+01
1.579879999999999951e+00	4.802336366250787592e+01
1.585833000000000048e+00	4.843056505801232703e+01
1.591785000000000005e+00	4.949173947643931371e+01
1.597736999999999963e+00	4.994797708136341186e+01
1.603688000000000002e+00	5.150220945865174826e+01
1.609639000000000042e+00	5.217083007059666500e+01
1.615590999999999999e+00	5.321115546045503919e+01
1.621542999999999957e+00	5.412679461494781208e+01
1.627494999999999914e+00	5.381484762861184379e+01
1.633447000000000093e+00	5.477229340122826073e+01
1.639399000000000051e+00	5.495419257145400138e+01
1.645350000000000090e+00	5.443249827207444014e+01
1.651302000000000048e+00	5.432687706021688712e+01
1.657253000000000087e+00	5.398403977831615919e+01
1.663205000000000044e+00	5.387341880954961937e+01
1.669157999999999920e+00	5.291313218644427963e+01
1.675111999999999934e+00	5.210861582850299811e+01
1.681065999999999949e+00	5.212087281959612994e+01
1.687019000000000046e+00	5.159187371135030276e+01
1.692971000000000004e+00	5.064579724112725501e+01
1.698919000000000068e+00	5.019277628540328351e+01
1.704863000000000017e+00	5.013632217863307972e+01
1.710806999999999967e+00	4.983165240411334196e+01
1.716752999999999973e+00	4.955014161993354094e+01
1.722706999999999988e+00	4.923757564366272987e+01
1.728671999999999986e+00	4.898743657680226704e+01
1.734652000000000083e+00	4.850425309296370102e+01
1.740636000000000072e+00	4.842807589717015304e+01
1.746609000000000078e+00	4.786342740572658272e+01
1.752555000000000085e+00	4.736415341592932293e+01
1.758458000000000077e+00	4.644615616457799945e+01
1.764308999999999905e+00	4.724126445276411346e+01
1.770140999999999964e+00	4.656230800921380819e+01
1.776011999999999924e+00	4.544246252650267337e+01
1.781979999999999897e+00	4.500257041571896366e+01
1.788105000000000055e+00	4.449382532843328164e+01
1.794426999999999994e+00	4.436959950747318260e+01
1.800829000000000013e+00	4.348371561807758212e+01
1.807091999999999921e+00	4.314615661023190540e+01
1.813002000000000002e+00	4.277403001294079132e+01
1.818338000000000010e+00	4.240353334667822338e+01
1.822912000000000088e+00	4.188732159627625151e+01
1.826850000000000085e+00	4.177029124389883918e+01
1.830492000000000008e+00	4.181586883778559383e+01
1.834179999999999922e+00	4.141150994121715456e+01
1.838259000000000087e+00	4.149225088619161284e+01
1.843048000000000020e+00	4.109614595334615217e+01
1.848562000000000038e+00	4.162487869506498583e+01
1.854589999999999961e+00	4.176609039563052761e+01
1.860913000000000039e+00	4.215967258871080503e+01
1.867313999999999918e+00	4.237038423231300754e+01
1.873583999999999916e+00	4.273525745688677802e+01
1.879660000000000108e+00	4.301507115290973360e+01
1.885596000000000050e+00	4.282411809693304861e+01
1.891450999999999993e+00	4.313959588649042587e+01
1.897281999999999913e+00	4.427839338852476914e+01
1.903146999999999922e+00	4.545851688046122518e+01
1.909062999999999954e+00	4.569265757408333428e+01
1.915018000000000109e+00	4.649957185530487180e+01
1.920995999999999926e+00	4.735757736667840589e+01
1.926979999999999915e+00	4.809644036094317698e+01
1.932955999999999896e+00	4.866825311180632951e+01
1.938917999999999919e+00	4.975828185859347030e+01
1.944868999999999959e+00	5.096960624911685755e+01
1.950814000000000048e+00	5.090228406385461568e+01
1.956757999999999997e+00	5.139929642283311750e+01
1.962703000000000086e+00	5.141467525762351443e+01
1.968652000000000069e+00	5.201186437859311695e+01
1.974604000000000026e+00	5.210968564738895736e+01
1.980558000000000041e+00	5.206181915919943037e+01
1.986512000000000056e+00	5.162020739123147450e+01
1.992466000000000070e+00	5.240253598309132599e+01
1.998418000000000028e+00	5.274236541907719555e+01
2.004370000000000207e+00	5.327145775156956375e+01
2.010321999999999942e+00	5.409920490395201398e+01
2.016272999999999982e+00	5.561575670181817799e+01
2.022224000000000022e+00	5.680241920947987211e+01
2.028176000000000201e+00	5.914088201986878346e+01
2.034127999999999936e+00	6.142593071944224192e+01
2.040080000000000116e+00	6.339614509893038985e+01
2.046031999999999851e+00	6.541221658132101879e+01
2.051984000000000030e+00	6.701092103909859077e+01
2.057935000000000070e+00	6.813519613560923460e+01
2.063886999999999805e+00	6.954998044428042192e+01
2.069837999999999845e+00	6.974326235718874045e+01
2.075791000000000164e+00	6.927761316987741225e+01
2.081744000000000039e+00	6.876257390791371904e+01
2.087698000000000054e+00	6.770082364522124863e+01
2.093652000000000069e+00	6.612354840484134400e+01
2.099604999999999944e+00	6.428081207323637614e+01
2.105554999999999843e+00	6.220816755927438635e+01
2.111501000000000072e+00	6.106554245859430807e+01
2.117445000000000022e+00	5.957349485981571746e+01
2.123388999999999971e+00	5.758949446488435342e+01
2.129338000000000175e+00	5.679067298314902246e+01
2.135295999999999861e+00	5.650839896486268543e+01
2.141268000000000171e+00	5.600457888502307213e+01
2.147250999999999799e+00	5.589770571665264498e+01
2.153232000000000035e+00	5.645365933520184853e+01
2.159196000000000115e+00	5.692049101911880626e+01
2.165125000000000188e+00	5.695209738952496537e+01
2.171006000000000213e+00	5.782499382800747156e+01
2.176841000000000026e+00	5.961494261529122696e+01
2.182682999999999929e+00	6.020062653486809268e+01
2.188588999999999896e+00	6.149423596426403549e+01
2.194618000000000180e+00	6.289403045548821325e+01
2.200828000000000007e+00	6.360991290539485732e+01
2.207209999999999894e+00	6.417929218002281289e+01
2.213579000000000185e+00	6.449583759225784263e+01
2.219714999999999883e+00	6.556371995284739285e+01
2.225403000000000020e+00	6.622221759707194622e+01
2.230423000000000044e+00	6.613704246318894775e+01
2.234681000000000139e+00	6.691667487142763093e+01
2.238447999999999993e+00	6.613044005196137221e+01
2.242068000000000172e+00	6.557950420279560433e+01
2.245884000000000214e+00	6.465425156283518504e+01
2.250237999999999960e+00	6.350604087120927232e+01
2.255365999999999982e+00	6.113865592758620693e+01
2.261130000000000084e+00	5.844832294082062418e+01
2.267313000000000134e+00	5.529943771810086872e+01
2.273696000000000161e+00	5.259523839645702026e+01
2.280063999999999869e+00	5.045629943907750459e+01
2.286243999999999943e+00	4.834740484215043921e+01
2.292251999999999956e+00	4.796066873550329746e+01
2.298146000000000022e+00	4.718873662301082561e+01
2.303983000000000114e+00	4.724564523121161841e+01
2.309822000000000042e+00	4.734455645890216857e+01
2.315710999999999853e+00	4.780128077791978569e+01
2.321645999999999876e+00	4.823633334369201719e+01
2.327612999999999932e+00	4.980405448979605154e+01
2.333594999999999864e+00	5.209205645625639391e+01
2.339576999999999796e+00	5.427057839488198709e+01
2.345546999999999827e+00	5.861148039099932561e+01
2.351503999999999817e+00	6.338815164724891105e+01
2.357451999999999881e+00	6.749330472541770121e+01
2.363395999999999830e+00	7.082718361409024510e+01
2.369339000000000084e+00	7.336319943893521156e+01
2.375286000000000008e+00	7.540053463496762731e+01
2.381237000000000048e+00	7.598026669047241910e+01
2.387189999999999923e+00	7.546999450190615732e+01
2.393143999999999938e+00	7.371296780264449922e+01
2.399097999999999953e+00	7.055128926010044665e+01
2.405050999999999828e+00	6.800413884466978232e+01
2.411004000000000147e+00	6.480083054401552545e+01
2.416955999999999882e+00	6.114458620018203305e+01
2.422906999999999922e+00	5.849254813548842691e+01
2.428857999999999961e+00	5.561405359011343563e+01
2.434809000000000001e+00	5.398472695055726689e+01
2.440760000000000041e+00	5.280514810119503721e+01
2.446712000000000220e+00	5.224106791641045788e+01
2.452663999999999955e+00	5.247849679823423230e+01
2.458616999999999830e+00	5.245717606547519551e+01
2.464570999999999845e+00	5.347879878928368669e+01
2.470524999999999860e+00	5.495042745275882368e+01
2.476478000000000179e+00	5.537818396086581885e+01
2.482429999999999914e+00	5.592689122895666998e+01
2.488377999999999979e+00	5.665760683285238741e+01
2.494323000000000068e+00	5.576814840192233902e+01
2.500265999999999877e+00	5.472341756423143266e+01
2.506212000000000106e+00	5.251929167632599160e+01
2.512164999999999981e+00	5.055837733938390954e+01
2.518129000000000062e+00	4.858611287090711528e+01
2.524108000000000018e+00	4.609350665627442112e+01
2.530091999999999786e+00	4.501703669248509243e+01
2.536067000000000071e+00	4.341215643562644999e+01
2.542015999999999831e+00	4.272954430443169116e+01
2.547924000000000078e+00	4.116329210111004500e+01
2.553779000000000021e+00	4.096828609523420539e+01
2.559610000000000163e+00	3.940885599655214122e+01
2.565475000000000172e+00	3.950190410452604084e+01
2.571432000000000162e+00	3.974105015599008084e+01
2.577539999999999942e+00	4.138563572451637640e+01
2.583845999999999865e+00	4.368717642740088536e+01
2.590249000000000024e+00	4.569797362800238716e+01
2.596534000000000120e+00	4.913118127108431565e+01
2.602485000000000159e+00	5.247104011905089038e+01
2.607883000000000173e+00	5.537463544406077887e+01
2.612527000000000044e+00	5.723225159159350994e+01
2.616509000000000196e+00	5.711272699373445505e+01
2.620163999999999938e+00	5.770442017036085502e+01
2.623834000000000000e+00	5.652770320819853822e+01
2.627863000000000060e+00	5.390686106337309269e+01
2.632579999999999920e+00	5.188684597391043951e+01
2.638037000000000187e+00	4.800065609516551746e+01
2.644026000000000209e+00	4.357777486473953843e+01
2.650332000000000132e+00	4.050879771474586022e+01
2.656734000000000151e+00	3.672580399442344401e+01
2.663022999999999918e+00	3.482987327617220075e+01
2.669115000000000126e+00	3.281798875100599133e+01
2.675060999999999911e+00	3.109254612168289711e+01
2.680919999999999970e+00	3.067637519962406500e+01
2.686751000000000111e+00	3.005931289915524474e+01
2.692610999999999866e+00	2.877510887725160060e+01
2.698523999999999923e+00	2.747142590268312290e+01
2.704476000000000102e+00	2.547840273479782525e+01
2.710452000000000083e+00	2.427761732365122072e+01
2.716435999999999851e+00	2.135699593975696686e+01
2.722412999999999972e+00	1.956353397650725157e+01
2.728375999999999912e+00	1.810423377488410779e+01
2.734328000000000092e+00	1.717515336622864197e+01
2.740273999999999877e+00	1.693868203809863004e+01
2.746217000000000130e+00	1.697074956529182188e+01
2.752162000000000219e+00	1.810490991415703377e+01
2.758110999999999979e+00	2.166514136237017851e+01
2.764063000000000159e+00	2.403847009573290805e+01
2.770016000000000034e+00	2.666297172370165569e+01
2.775971000000000188e+00	2.888029046261734933e+01
2.781924000000000063e+00	3.043704222861098430e+01
2.787876999999999938e+00	2.947550124145926276e+01
2.793829000000000118e+00	2.740911367646765839e+01
2.799780999999999853e+00	2.459748068816289646e+01
2.805731999999999893e+00	2.185532391975223376e+01
2.811682999999999932e+00	1.791589947543509709e+01
2.817635000000000112e+00	1.390305094610974379e+01
2.823586999999999847e+00	1.053999810642291379e+01
2.829539000000000026e+00	6.895985592062043423e+00
2.835491000000000206e+00	3.636154210685418775e+00
2.841442999999999941e+00	1.787749786117479811e+00
2.847395000000000120e+00	9.106980399657264025e-01
2.853346999999999856e+00	1.348060939407907943e+00
2.859299000000000035e+00	9.948635553462326087e-01
2.865251000000000214e+00	2.500348074676367993e+00
2.871201999999999810e+00	3.409272391314848161e+00
2.877153999999999989e+00	4.975978321636840285e+00
2.883106000000000169e+00	5.586270438766785418e+00
2.889057999999999904e+00	7.655083566357552272e+00
2.895010000000000083e+00	9.033322970677605923e+00
2.900961999999999819e+00	1.110106048106462318e+01
2.906913999999999998e+00	1.400078712807265902e+01
2.912866000000000177e+00	1.626888312629261080e+01
2.918817999999999913e+00	1.876237305032560698e+01
2.924770000000000092e+00	2.150727612332539351e+01
2.930721000000000132e+00	2.434248848346488003e+01
2.936672999999999867e+00	2.752341676650245716e+01
2.942625000000000046e+00	3.024072210245153514e+01
2.948576999999999781e+00	3.344617505965599236e+01
2.954528999999999961e+00	3.592454784420083058e+01
2.960481000000000140e+00	3.775436227253240418e+01
2.966432999999999875e+00	3.940663467588623803e+01
2.972385000000000055e+00	3.966186658401431941e+01
2.978336999999999790e+00	3.944889745623201804e+01
2.984288999999999970e+00	3.961438219381293635e+01
2.990240000000000009e+00	3.831023458795998238e+01
2.996192000000000188e+00	3.697152047263443109e+01
3.002143999999999924e+00	3.534713781566939872e+01
3.008096000000000103e+00	3.410968376516846234e+01
3.014047999999999838e+00	3.217887616294023445e+01
3.020000000000000018e+00	3.093691815219715835e+01
