1.199999999999999956e-01	5.007049999999999557e-01
1.249780000000000058e-01	8.597369999999999735e-01
1.305999999999999939e-01	1.189013000000000098e+00
1.367059999999999942e-01	1.485732000000000053e+00
1.431360000000000132e-01	1.747093000000000007e+00
1.497320000000000040e-01	1.970294999999999908e+00
1.563350000000000017e-01	2.152537999999999840e+00
1.627850000000000130e-01	2.291021000000000196e+00
1.689219999999999888e-01	2.382943000000000033e+00
1.745889999999999942e-01	2.425501999999999825e+00
1.796250000000000069e-01	2.415899000000000019e+00
1.839349999999999874e-01	2.355374999999999996e+00
1.877439999999999942e-01	2.265801000000000176e+00
1.913779999999999926e-01	2.175609000000000126e+00
1.951660000000000061e-01	2.113233000000000139e+00
1.994340000000000002e-01	2.107108000000000203e+00
2.044499999999999929e-01	2.178859999999999797e+00
2.101250000000000062e-01	2.310805000000000220e+00
2.162479999999999958e-01	2.471191000000000138e+00
2.226049999999999973e-01	2.628244000000000025e+00
2.289819999999999911e-01	2.750194000000000027e+00
2.351930000000000132e-01	2.810112000000000165e+00
2.412249999999999950e-01	2.812761000000000067e+00
2.471349999999999936e-01	2.775647000000000197e+00
2.529799999999999827e-01	2.716311999999999838e+00
2.588170000000000193e-01	2.652298000000000044e+00
2.646970000000000156e-01	2.599936000000000025e+00
2.706259999999999777e-01	2.566565000000000207e+00
2.765880000000000005e-01	2.555470000000000130e+00
2.825679999999999858e-01	2.569914999999999949e+00
2.885510000000000019e-01	2.613164999999999960e+00
2.945229999999999793e-01	2.687310999999999783e+00
3.004809999999999981e-01	2.784473999999999894e+00
3.064310000000000089e-01	2.891747000000000067e+00
3.123750000000000138e-01	2.996188000000000073e+00
3.183190000000000186e-01	3.084851000000000010e+00
3.242650000000000254e-01	3.146719000000000044e+00
3.302149999999999808e-01	3.189506999999999870e+00
3.361680000000000224e-01	3.231485000000000163e+00
3.421210000000000084e-01	3.291037000000000212e+00
3.480759999999999965e-01	3.386549000000000031e+00
3.540289999999999826e-01	3.533958999999999850e+00
3.599809999999999954e-01	3.721759000000000039e+00
3.659330000000000083e-01	3.921209999999999862e+00
3.718839999999999923e-01	4.103303000000000367e+00
3.778360000000000052e-01	4.239030999999999771e+00
3.837869999999999893e-01	4.302037000000000333e+00
3.897390000000000021e-01	4.300430000000000419e+00
3.956910000000000149e-01	4.266423999999999772e+00
4.016429999999999723e-01	4.232725000000000293e+00
4.075949999999999851e-01	4.232040999999999720e+00
4.135469999999999979e-01	4.294957000000000136e+00
4.194979999999999820e-01	4.419777999999999984e+00
4.254499999999999948e-01	4.579697000000000351e+00
4.314009999999999789e-01	4.747244000000000241e+00
4.373540000000000205e-01	4.894949999999999690e+00
4.433079999999999798e-01	4.996964000000000183e+00
4.492619999999999947e-01	5.056491000000000291e+00
4.552160000000000095e-01	5.101867000000000374e+00
4.611680000000000224e-01	5.162258999999999709e+00
4.671170000000000044e-01	5.266829999999999679e+00
4.730619999999999825e-01	5.443609000000000364e+00
4.790059999999999873e-01	5.696199000000000012e+00
4.849510000000000209e-01	6.004730999999999597e+00
4.909020000000000050e-01	6.348386999999999780e+00
4.968629999999999991e-01	6.706345999999999918e+00
5.028390000000000359e-01	7.057939000000000185e+00
5.088230000000000253e-01	7.386364000000000374e+00
5.148009999999999531e-01	7.678955000000000197e+00
5.207570000000000254e-01	7.923244999999999649e+00
5.266750000000000043e-01	8.106768000000000640e+00
5.325410000000000421e-01	8.217708000000000013e+00
5.383719999999999617e-01	8.265046999999999144e+00
5.442249999999999588e-01	8.282455999999999818e+00
5.501580000000000359e-01	8.305037999999999698e+00
5.562289999999999734e-01	8.367900000000000560e+00
5.624930000000000208e-01	8.505672000000000565e+00
5.688929999999999820e-01	8.733852000000000615e+00
5.752220000000000111e-01	9.042681999999999221e+00
5.812610000000000277e-01	9.420676999999999524e+00
5.867949999999999555e-01	9.856351999999999336e+00
5.916080000000000227e-01	1.033809300000000064e+01
5.957040000000000113e-01	1.084761199999999981e+01
5.993990000000000151e-01	1.135681899999999978e+01
6.030370000000000452e-01	1.183683899999999944e+01
6.069609999999999728e-01	1.225880000000000081e+01
6.115110000000000268e-01	1.259415000000000084e+01
6.168270000000000142e-01	1.283683399999999963e+01
6.227219999999999978e-01	1.301760600000000068e+01
6.289789999999999548e-01	1.317062300000000086e+01
6.353790000000000271e-01	1.333004299999999986e+01
6.417070000000000274e-01	1.352980699999999992e+01
6.478369999999999962e-01	1.378274399999999922e+01
6.538089999999999735e-01	1.406314799999999998e+01
6.596819999999999906e-01	1.434121299999999977e+01
6.655140000000000500e-01	1.458713299999999968e+01
6.713630000000000431e-01	1.477116799999999941e+01
6.772660000000000347e-01	1.487317099999999925e+01
6.832110000000000127e-01	1.489255499999999977e+01
6.891829999999999901e-01	1.483111399999999946e+01
6.951669999999999794e-01	1.469064599999999920e+01
7.011469999999999647e-01	1.447300399999999954e+01
7.071119999999999628e-01	1.419395500000000077e+01
7.130670000000000064e-01	1.390101399999999998e+01
7.190130000000000132e-01	1.364610500000000037e+01
7.249569999999999625e-01	1.348115199999999980e+01
7.309010000000000229e-01	1.345801600000000064e+01
7.368489999999999762e-01	1.360074400000000061e+01
7.428000000000000158e-01	1.386219700000000010e+01
7.487530000000000019e-01	1.418400699999999937e+01
7.547080000000000455e-01	1.450780499999999940e+01
7.606619999999999493e-01	1.477524900000000052e+01
7.666140000000000176e-01	1.495167000000000002e+01
7.725670000000000037e-01	1.507050699999999921e+01
7.785180000000000433e-01	1.517737400000000036e+01
7.844689999999999719e-01	1.531788000000000061e+01
7.904210000000000402e-01	1.553763099999999930e+01
7.963729999999999976e-01	1.586401099999999964e+01
8.023249999999999549e-01	1.626537300000000030e+01
8.082770000000000232e-01	1.669814699999999874e+01
8.142289999999999806e-01	1.711875900000000073e+01
8.201800000000000201e-01	1.748363700000000165e+01
8.261319999999999775e-01	1.775922800000000024e+01
8.320830000000000171e-01	1.794857500000000172e+01
8.380349999999999744e-01	1.806307800000000086e+01
8.439870000000000427e-01	1.811413299999999893e+01
8.499400000000000288e-01	1.811313799999999929e+01
8.558940000000000436e-01	1.806808799999999948e+01
8.618479999999999475e-01	1.797293900000000022e+01
8.678010000000000446e-01	1.781803199999999876e+01
8.737519999999999731e-01	1.759370499999999993e+01
8.797000000000000375e-01	1.729029999999999845e+01
8.856439999999999868e-01	1.690370599999999968e+01
8.915870000000000184e-01	1.645564800000000005e+01
8.975349999999999717e-01	1.597536500000000004e+01
9.034900000000000153e-01	1.549209699999999934e+01
9.094569999999999599e-01	1.503508300000000020e+01
9.154379999999999740e-01	1.462987099999999963e+01
9.214210000000000456e-01	1.428258800000000051e+01
9.273909999999999654e-01	1.399299500000000052e+01
9.333329999999999682e-01	1.376085400000000014e+01
9.392300000000000093e-01	1.358592200000000005e+01
9.450749999999999984e-01	1.346512700000000073e+01
9.509090000000000042e-01	1.337852799999999931e+01
9.567890000000000006e-01	1.329997000000000007e+01
9.627750000000000474e-01	1.320328499999999927e+01
9.689229999999999787e-01	1.306230700000000056e+01
9.752680000000000238e-01	1.285753200000000085e+01
9.816639999999999810e-01	1.261445100000000075e+01
9.878930000000000211e-01	1.237717800000000068e+01
9.937399999999999567e-01	1.218988599999999956e+01
9.989850000000000119e-01	1.209674700000000058e+01
1.003457999999999961e+00	1.213504400000000061e+01
1.007338000000000067e+00	1.228909100000000088e+01
1.010966000000000031e+00	1.251864899999999992e+01
1.014685999999999977e+00	1.278334000000000081e+01
1.018841000000000108e+00	1.304278900000000085e+01
1.023735000000000062e+00	1.325951099999999983e+01
1.029328999999999938e+00	1.342138300000000051e+01
1.035408000000000106e+00	1.352943299999999915e+01
1.041754000000000069e+00	1.358480199999999982e+01
1.048148999999999997e+00	1.358862899999999918e+01
1.054391999999999996e+00	1.354444200000000009e+01
1.060446000000000000e+00	1.347983200000000004e+01
1.066368999999999900e+00	1.343631700000000073e+01
1.072216999999999976e+00	1.345558199999999971e+01
1.078049000000000035e+00	1.357931600000000039e+01
1.083920999999999912e+00	1.384442199999999978e+01
1.089842999999999895e+00	1.423222400000000043e+01
1.095801999999999943e+00	1.468818500000000071e+01
1.101780999999999899e+00	1.515716899999999967e+01
1.107765000000000111e+00	1.558404299999999942e+01
1.113739999999999952e+00	1.591758500000000076e+01
1.119699999999999918e+00	1.615947500000000048e+01
1.125650000000000039e+00	1.634938599999999909e+01
1.131594999999999906e+00	1.652782200000000046e+01
1.137537999999999938e+00	1.673528999999999911e+01
1.143483999999999945e+00	1.700975899999999896e+01
1.149432999999999927e+00	1.734905200000000036e+01
1.155386000000000024e+00	1.771891400000000161e+01
1.161338999999999899e+00	1.808419500000000113e+01
1.167294000000000054e+00	1.840974599999999839e+01
1.173246999999999929e+00	1.866251099999999852e+01
1.179200000000000026e+00	1.884865900000000138e+01
1.185151999999999983e+00	1.900920199999999838e+01
1.191103000000000023e+00	1.918636100000000155e+01
1.197054000000000062e+00	1.942235900000000015e+01
1.203006000000000020e+00	1.975786899999999946e+01
1.208957999999999977e+00	2.019881099999999918e+01
1.214909999999999934e+00	2.071680500000000080e+01
1.220861999999999892e+00	2.128201299999999918e+01
1.226814000000000071e+00	2.186459899999999834e+01
1.232765000000000111e+00	2.243517200000000145e+01
1.238717000000000068e+00	2.297651700000000119e+01
1.244668000000000108e+00	2.348477000000000103e+01
1.250620000000000065e+00	2.395674999999999955e+01
1.256572000000000022e+00	2.438927599999999885e+01
1.262526000000000037e+00	2.477965500000000176e+01
1.268480000000000052e+00	2.514168300000000045e+01
1.274434000000000067e+00	2.550925900000000013e+01
1.280386000000000024e+00	2.591750000000000043e+01
1.286335999999999924e+00	2.640152300000000096e+01
1.292281999999999931e+00	2.699583499999999958e+01
1.298224999999999962e+00	2.770881999999999934e+01
1.304170000000000051e+00	2.851345099999999988e+01
1.310119999999999951e+00	2.938018100000000032e+01
1.316079999999999917e+00	3.027946100000000129e+01
1.322052999999999923e+00	3.118192900000000023e+01
1.328036999999999912e+00	3.206863200000000091e+01
1.334017000000000008e+00	3.293631799999999998e+01
1.339976000000000056e+00	3.378303700000000021e+01
1.345900000000000096e+00	3.460684100000000285e+01
1.351774000000000031e+00	3.540586199999999906e+01
1.357607000000000008e+00	3.618443200000000104e+01
1.363453000000000026e+00	3.695730600000000265e+01
1.369372000000000034e+00	3.774023700000000048e+01
1.375421999999999922e+00	3.854897900000000277e+01
1.381658999999999970e+00	3.939914100000000019e+01
1.388052000000000064e+00	4.029076500000000038e+01
1.394403000000000059e+00	4.119469000000000136e+01
1.400492999999999988e+00	4.207853800000000177e+01
1.406104999999999938e+00	4.290993199999999774e+01
1.411021999999999998e+00	4.365655399999999986e+01
1.415195999999999898e+00	4.429552100000000081e+01
1.418924000000000074e+00	4.482374399999999781e+01
1.422549999999999981e+00	4.524062399999999684e+01
1.426417000000000046e+00	4.554556199999999677e+01
1.430868000000000029e+00	4.573801799999999673e+01
1.436091000000000006e+00	4.583272699999999844e+01
1.441923000000000066e+00	4.588030100000000289e+01
1.448144000000000098e+00	4.593649800000000027e+01
1.454538000000000109e+00	4.605707199999999801e+01
1.460887000000000047e+00	4.629772200000000026e+01
1.467041999999999957e+00	4.668294600000000116e+01
1.473030999999999979e+00	4.715503999999999962e+01
1.478914000000000062e+00	4.764291899999999913e+01
1.484749000000000096e+00	4.807549699999999859e+01
1.490591999999999917e+00	4.838170800000000327e+01
1.496488000000000040e+00	4.851179799999999886e+01
1.502428000000000097e+00	4.847916000000000025e+01
1.508397999999999906e+00	4.830882900000000291e+01
1.514380999999999977e+00	4.802583700000000277e+01
1.520361999999999991e+00	4.765521900000000244e+01
1.526329999999999965e+00	4.722846200000000039e+01
1.532284999999999897e+00	4.679858899999999977e+01
1.538232999999999961e+00	4.642310899999999663e+01
1.544175999999999993e+00	4.615953300000000326e+01
1.550119999999999942e+00	4.606536899999999690e+01
1.556068000000000007e+00	4.618678299999999837e+01
1.562019000000000046e+00	4.652723699999999951e+01
1.567971999999999921e+00	4.708014200000000216e+01
1.573925999999999936e+00	4.783890999999999849e+01
1.579879999999999951e+00	4.879695300000000202e+01
1.585833000000000048e+00	4.994315699999999936e+01
1.591785000000000005e+00	5.124717299999999653e+01
1.597736999999999963e+00	5.267354499999999717e+01
1.603688000000000002e+00	5.418681399999999826e+01
1.609639000000000042e+00	5.575152500000000089e+01
1.615590999999999999e+00	5.732599100000000192e+01
1.621542999999999957e+00	5.883863300000000152e+01
1.627494999999999914e+00	6.020891400000000004e+01
1.633447000000000093e+00	6.135629800000000245e+01
1.639399000000000051e+00	6.220024500000000245e+01
1.645350000000000090e+00	6.267041600000000301e+01
1.651302000000000048e+00	6.275179800000000085e+01
1.657253000000000087e+00	6.244805399999999906e+01
1.663205000000000044e+00	6.176286000000000342e+01
1.669157999999999920e+00	6.069989600000000252e+01
1.675111999999999934e+00	5.927787000000000006e+01
1.681065999999999949e+00	5.760785599999999818e+01
1.687019000000000046e+00	5.583597799999999722e+01
1.692971000000000004e+00	5.410842800000000352e+01
1.698919000000000068e+00	5.257139899999999955e+01
1.704863000000000017e+00	5.134992499999999893e+01
1.710806999999999967e+00	5.042150000000000176e+01
1.716752999999999973e+00	4.970078699999999827e+01
1.722706999999999988e+00	4.910221399999999647e+01
1.728671999999999986e+00	4.854021199999999681e+01
1.734652000000000083e+00	4.793611099999999681e+01
1.740636000000000072e+00	4.726602599999999654e+01
1.746609000000000078e+00	4.653220300000000265e+01
1.752555000000000085e+00	4.573704699999999690e+01
1.758458000000000077e+00	4.488296199999999914e+01
1.764308999999999905e+00	4.397488400000000297e+01
1.770140999999999964e+00	4.304073900000000208e+01
1.776011999999999924e+00	4.212070400000000348e+01
1.781979999999999897e+00	4.125506899999999888e+01
1.788105000000000055e+00	4.048412600000000339e+01
1.794426999999999994e+00	3.984429899999999947e+01
1.800829000000000013e+00	3.933165799999999734e+01
1.807091999999999921e+00	3.891827099999999717e+01
1.813002000000000002e+00	3.857588899999999654e+01
1.818338000000000010e+00	3.827626200000000267e+01
1.822912000000000088e+00	3.799331500000000261e+01
1.826850000000000085e+00	3.772718799999999817e+01
1.830492000000000008e+00	3.749539800000000156e+01
1.834179999999999922e+00	3.731577300000000008e+01
1.838259000000000087e+00	3.720614199999999983e+01
1.843048000000000020e+00	3.718344900000000308e+01
1.848562000000000038e+00	3.725223400000000140e+01
1.854589999999999961e+00	3.740788200000000074e+01
1.860913000000000039e+00	3.764556799999999726e+01
1.867313999999999918e+00	3.796046599999999671e+01
1.873583999999999916e+00	3.834752300000000247e+01
1.879660000000000108e+00	3.879798600000000164e+01
1.885596000000000050e+00	3.930006399999999900e+01
1.891450999999999993e+00	3.984187299999999965e+01
1.897281999999999913e+00	4.041153299999999859e+01
1.903146999999999922e+00	4.099800199999999961e+01
1.909062999999999954e+00	4.160672499999999729e+01
1.915018000000000109e+00	4.225817599999999885e+01
1.920995999999999926e+00	4.297338200000000086e+01
1.926979999999999915e+00	4.377336600000000288e+01
1.932955999999999896e+00	4.467705699999999780e+01
1.938917999999999919e+00	4.565399099999999777e+01
1.944868999999999959e+00	4.662365599999999688e+01
1.950814000000000048e+00	4.750330999999999904e+01
1.956757999999999997e+00	4.821021300000000309e+01
1.962703000000000086e+00	4.866423600000000249e+01
1.968652000000000069e+00	4.886036200000000207e+01
1.974604000000000026e+00	4.887814900000000051e+01
1.980558000000000041e+00	4.880166599999999733e+01
1.986512000000000056e+00	4.871498400000000117e+01
1.992466000000000070e+00	4.870157300000000333e+01
1.998418000000000028e+00	4.882342400000000282e+01
2.004370000000000207e+00	4.911564400000000319e+01
2.010321999999999942e+00	4.961164399999999830e+01
2.016272999999999982e+00	5.034483300000000128e+01
2.022224000000000022e+00	5.134748900000000305e+01
2.028176000000000201e+00	5.260012300000000351e+01
2.034127999999999936e+00	5.401118499999999756e+01
2.040080000000000116e+00	5.548378699999999952e+01
2.046031999999999851e+00	5.692104499999999945e+01
2.051984000000000030e+00	5.822657800000000350e+01
2.057935000000000070e+00	5.933446899999999857e+01
2.063886999999999805e+00	6.022600700000000273e+01
2.069837999999999845e+00	6.088654400000000066e+01
2.075791000000000164e+00	6.130143199999999837e+01
2.081744000000000039e+00	6.145637599999999878e+01
2.087698000000000054e+00	6.136597499999999883e+01
2.093652000000000069e+00	6.109475100000000225e+01
2.099604999999999944e+00	6.071218100000000106e+01
2.105554999999999843e+00	6.028774400000000355e+01
2.111501000000000072e+00	5.989124499999999784e+01
2.117445000000000022e+00	5.963096500000000333e+01
2.123388999999999971e+00	5.968939499999999754e+01
2.129338000000000175e+00	6.025748500000000263e+01
2.135295999999999861e+00	6.152618100000000112e+01
2.141268000000000171e+00	6.368552499999999839e+01
2.147250999999999799e+00	6.675986199999999826e+01
2.153232000000000035e+00	7.041617999999999711e+01
2.159196000000000115e+00	7.427496100000000467e+01
2.165125000000000188e+00	7.795669100000000640e+01
2.171006000000000213e+00	8.108217600000000402e+01
2.176841000000000026e+00	8.337312799999999413e+01
2.182682999999999929e+00	8.479509000000000185e+01
2.188588999999999896e+00	8.534969999999999857e+01
2.194618000000000180e+00	8.503859900000000493e+01
2.200828000000000007e+00	8.386349599999999782e+01
2.207209999999999894e+00	8.186954799999999466e+01
2.213579000000000185e+00	7.921977900000000261e+01
2.219714999999999883e+00	7.609700700000000495e+01
2.225403000000000020e+00	7.268405300000000580e+01
2.230423000000000044e+00	6.916372900000000357e+01
2.234681000000000139e+00	6.570916200000000629e+01
2.238447999999999993e+00	6.246391200000000055e+01
2.242068000000000172e+00	5.956592400000000254e+01
2.245884000000000214e+00	5.715314099999999797e+01
2.250237999999999960e+00	5.536349899999999735e+01
2.255365999999999982e+00	5.427797499999999786e+01
2.261130000000000084e+00	5.378165899999999766e+01
2.267313000000000134e+00	5.371756299999999840e+01
2.273696000000000161e+00	5.392869999999999919e+01
2.280063999999999869e+00	5.425808299999999917e+01
2.286243999999999943e+00	5.457979799999999670e+01
2.292251999999999956e+00	5.488852599999999882e+01
2.298146000000000022e+00	5.520819300000000140e+01
2.303983000000000114e+00	5.556272500000000036e+01
2.309822000000000042e+00	5.597604900000000328e+01
2.315710999999999853e+00	5.646726000000000312e+01
2.321645999999999876e+00	5.703427800000000047e+01
2.327612999999999932e+00	5.766922799999999683e+01
2.333594999999999864e+00	5.836423599999999823e+01
2.339576999999999796e+00	5.911142600000000158e+01
2.345546999999999827e+00	5.988898600000000272e+01
2.351503999999999817e+00	6.060614100000000093e+01
2.357451999999999881e+00	6.115082199999999801e+01
2.363395999999999830e+00	6.141095500000000129e+01
2.369339000000000084e+00	6.127446599999999677e+01
2.375286000000000008e+00	6.065757500000000135e+01
2.381237000000000048e+00	5.963483399999999790e+01
2.387189999999999923e+00	5.833583600000000047e+01
2.393143999999999938e+00	5.689022899999999794e+01
2.399097999999999953e+00	5.542766100000000051e+01
2.405050999999999828e+00	5.406506699999999910e+01
2.411004000000000147e+00	5.283876899999999921e+01
2.416955999999999882e+00	5.175359399999999965e+01
2.422906999999999922e+00	5.081429899999999833e+01
2.428857999999999961e+00	5.002564000000000277e+01
2.434809000000000001e+00	4.940130500000000069e+01
2.440760000000000041e+00	4.901930099999999868e+01
2.446712000000000220e+00	4.898582100000000139e+01
2.452663999999999955e+00	4.940717599999999976e+01
2.458616999999999830e+00	5.038967600000000147e+01
2.464570999999999845e+00	5.202778800000000103e+01
2.470524999999999860e+00	5.431875500000000301e+01
2.476478000000000179e+00	5.721213999999999800e+01
2.482429999999999914e+00	6.065717500000000229e+01
2.488377999999999979e+00	6.460309599999999364e+01
2.494323000000000068e+00	6.895941000000000543e+01
2.500265999999999877e+00	7.326233100000000320e+01
2.506212000000000106e+00	7.684354100000000187e+01
2.512164999999999981e+00	7.903262999999999749e+01
2.518129000000000062e+00	7.915918600000000538e+01
2.524108000000000018e+00	7.663586599999999294e+01
2.530091999999999786e+00	7.177350500000000011e+01
2.536067000000000071e+00	6.543188000000000670e+01
2.542015999999999831e+00	5.847863799999999657e+01
2.547924000000000078e+00	5.178142799999999824e+01
2.553779000000000021e+00	4.616761999999999944e+01
2.559610000000000163e+00	4.196029800000000165e+01
2.565475000000000172e+00	3.913920699999999897e+01
2.571432000000000162e+00	3.767750900000000058e+01
2.577539999999999942e+00	3.754836399999999941e+01
2.583845999999999865e+00	3.871059199999999834e+01
2.590249000000000024e+00	4.091354400000000169e+01
2.596534000000000120e+00	4.374787100000000351e+01
2.602485000000000159e+00	4.680028599999999983e+01
2.607883000000000173e+00	4.965750100000000344e+01
2.612527000000000044e+00	5.191449300000000022e+01
2.616509000000000196e+00	5.330839699999999937e+01
2.620163999999999938e+00	5.369610000000000127e+01
2.623834000000000000e+00	5.293823400000000134e+01
2.627863000000000060e+00	5.089542900000000003e+01
2.632579999999999920e+00	4.745783600000000035e+01
2.638037000000000187e+00	4.312034599999999784e+01
2.644026000000000209e+00	3.894403400000000204e+01
2.650332000000000132e+00	3.601177100000000308e+01
2.656734000000000151e+00	3.540642900000000282e+01
2.663022999999999918e+00	3.815284299999999718e+01
2.669115000000000126e+00	4.384102299999999985e+01
2.675060999999999911e+00	5.056830599999999976e+01
2.680919999999999970e+00	5.636241600000000318e+01
2.686751000000000111e+00	5.925107599999999763e+01
2.692610999999999866e+00	5.732060400000000300e+01
2.698523999999999923e+00	5.043435300000000154e+01
2.704476000000000102e+00	4.051011799999999852e+01
2.710452000000000083e+00	2.958013300000000001e+01
2.716435999999999851e+00	1.967663299999999893e+01
2.722412999999999972e+00	1.280394300000000030e+01
2.728375999999999912e+00	9.906815999999999178e+00
2.734328000000000092e+00	1.056813499999999983e+01
2.740273999999999877e+00	1.428121699999999983e+01
2.746217000000000130e+00	2.053938000000000130e+01
2.752162000000000219e+00	2.882892899999999869e+01
2.758110999999999979e+00	3.829452899999999715e+01
2.764063000000000159e+00	4.759231299999999720e+01
2.770016000000000034e+00	5.534084299999999956e+01
2.775971000000000188e+00	6.015868100000000140e+01
2.781924000000000063e+00	6.068065699999999651e+01
2.787876999999999938e+00	5.659259500000000287e+01
2.793829000000000118e+00	4.925396700000000294e+01
2.799780999999999853e+00	4.017356300000000147e+01
2.805731999999999893e+00	3.086016899999999907e+01
2.811682999999999932e+00	2.281492300000000029e+01
2.817635000000000112e+00	1.685574099999999831e+01
2.823586999999999847e+00	1.258735000000000070e+01
2.829539000000000026e+00	9.489755999999999858e+00
2.835491000000000206e+00	7.042961000000000027e+00
2.841442999999999941e+00	4.729231999999999658e+00
2.847395000000000120e+00	2.326468000000000202e+00
2.853346999999999856e+00	1.988159999999999927e-01
2.859299000000000035e+00	-1.220499999999999918e+00
2.865251000000000214e+00	-1.498259000000000007e+00
2.871201999999999810e+00	-2.026310000000000056e-01
2.877153999999999989e+00	2.810038000000000036e+00
2.883106000000000169e+00	7.044084999999999930e+00
2.889057999999999904e+00	1.191789999999999949e+01
2.895010000000000083e+00	1.684987500000000082e+01
2.900961999999999819e+00	2.125894699999999915e+01
2.906913999999999998e+00	2.476506399999999886e+01
2.912866000000000177e+00	2.748805099999999868e+01
2.918817999999999913e+00	2.962412499999999937e+01
2.924770000000000092e+00	3.136950500000000019e+01
2.930721000000000132e+00	3.292027800000000326e+01
2.936672999999999867e+00	3.436802099999999882e+01
2.942625000000000046e+00	3.551239100000000093e+01
2.948576999999999781e+00	3.610247300000000337e+01
2.954528999999999961e+00	3.588734900000000039e+01
2.960481000000000140e+00	3.461615599999999660e+01
2.966432999999999875e+00	3.216783399999999915e+01
2.972385000000000055e+00	2.882938400000000101e+01
2.978336999999999790e+00	2.496778799999999876e+01
2.984288999999999970e+00	2.095002699999999862e+01
2.990240000000000009e+00	1.714308199999999971e+01
2.996192000000000188e+00	1.391393500000000039e+01
3.002143999999999924e+00	1.162956600000000051e+01
3.008096000000000103e+00	1.065695700000000024e+01
3.014047999999999838e+00	1.136308999999999969e+01
3.020000000000000018e+00	1.411494599999999977e+01
