1.199999999999999956e-01	1.871473898983928352e+00
1.249780000000000058e-01	1.635200698798017438e+00
1.305999999999999939e-01	1.724090518730280186e+00
1.367059999999999942e-01	1.667077926326062443e+00
1.431360000000000132e-01	1.551053589658769827e+00
1.497320000000000040e-01	1.312637427073142238e+00
1.563350000000000017e-01	1.384225560891299445e+00
1.627850000000000130e-01	1.126835891971432302e+00
1.689219999999999888e-01	1.234897853971388182e+00
1.745889999999999942e-01	1.175110718194347426e+00
1.796250000000000069e-01	1.499311912443524131e+00
1.839349999999999874e-01	1.287343222489014227e+00
1.877439999999999942e-01	9.450435483157066940e-01
1.913779999999999926e-01	8.926015930854033220e-01
1.951660000000000061e-01	8.448359030582724971e-01
1.994340000000000002e-01	8.546889940297495158e-01
2.044499999999999929e-01	1.204259563563977009e+00
2.101250000000000062e-01	1.066898825670013151e+00
2.162479999999999958e-01	1.134724917209443573e+00
2.226049999999999973e-01	1.211786429827832912e+00
2.289819999999999911e-01	1.155029757779765465e+00
2.351930000000000132e-01	1.192298992665824509e+00
2.412249999999999950e-01	1.179443914359021406e+00
2.471349999999999936e-01	1.532033575776803103e+00
2.529799999999999827e-01	1.788632364389890927e+00
2.588170000000000193e-01	1.797084459535868373e+00
2.646970000000000156e-01	1.661987247196971440e+00
2.706259999999999777e-01	1.791504539496941106e+00
2.765880000000000005e-01	2.110226008861980862e+00
2.825679999999999858e-01	2.010200344406693596e+00
2.885510000000000019e-01	2.286632869192128936e+00
2.945229999999999793e-01	1.763495873735543729e+00
3.004809999999999981e-01	1.940933380462203983e+00
3.064310000000000089e-01	2.241413958132102202e+00
3.123750000000000138e-01	2.055999054504058066e+00
3.183190000000000186e-01	1.764430245246010776e+00
3.242650000000000254e-01	2.078535605199770320e+00
3.302149999999999808e-01	2.186725018901996886e+00
3.361680000000000224e-01	2.104443740026932019e+00
3.421210000000000084e-01	2.165307425882731174e+00
3.480759999999999965e-01	2.373967457134547931e+00
3.540289999999999826e-01	2.715388345409178505e+00
3.599809999999999954e-01	2.386884252554480224e+00
3.659330000000000083e-01	3.019843464740855410e+00
3.718839999999999923e-01	2.904465878158710268e+00
3.778360000000000052e-01	2.955269498660273886e+00
3.837869999999999893e-01	3.298852565784956337e+00
3.897390000000000021e-01	3.226902484743326305e+00
3.956910000000000149e-01	3.194976979011289409e+00
4.016429999999999723e-01	3.193450178982688126e+00
4.075949999999999851e-01	2.604306507677814686e+00
4.135469999999999979e-01	3.212194061566670644e+00
4.194979999999999820e-01	3.173519052051263500e+00
4.254499999999999948e-01	3.488492357240717823e+00
4.314009999999999789e-01	4.159673253518517910e+00
4.373540000000000205e-01	4.128419273687485180e+00
4.433079999999999798e-01	4.292369936858599466e+00
4.492619999999999947e-01	4.236536288678665940e+00
4.552160000000000095e-01	4.255742510518255806e+00
4.611680000000000224e-01	4.041411373305507482e+00
4.671170000000000044e-01	3.929303707510302335e+00
4.730619999999999825e-01	4.202981006865684321e+00
4.790059999999999873e-01	3.896584891613044110e+00
4.849510000000000209e-01	4.509766754482738449e+00
4.909020000000000050e-01	4.685910554937217753e+00
4.968629999999999991e-01	4.820470425738549558e+00
5.028390000000000359e-01	5.045991559113069513e+00
5.088230000000000253e-01	5.648183579961523648e+00
5.148009999999999531e-01	5.414501184310973159e+00
5.207570000000000254e-01	5.487792863357624285e+00
5.266750000000000043e-01	6.101741293457312310e+00
5.325410000000000421e-01	5.613164270765791386e+00
5.383719999999999617e-01	5.601000181006815737e+00
5.442249999999999588e-01	5.709832053555393472e+00
5.501580000000000359e-01	5.983887474347482360e+00
5.562289999999999734e-01	5.870475437113362283e+00
5.624930000000000208e-01	6.043842253931374309e+00
5.688929999999999820e-01	6.829445483565278252e+00
5.752220000000000111e-01	7.242191231158848552e+00
5.812610000000000277e-01	7.289981659584499063e+00
5.867949999999999555e-01	7.787039991061640798e+00
5.916080000000000227e-01	7.793180255309753335e+00
5.957040000000000113e-01	8.133176158887593488e+00
5.993990000000000151e-01	7.582330192236761413e+00
6.030370000000000452e-01	7.682736564974693039e+00
6.069609999999999728e-01	7.762142587268097138e+00
6.115110000000000268e-01	7.669367438755877231e+00
6.168270000000000142e-01	7.888642648815562985e+00
6.227219999999999978e-01	7.725646383263668149e+00
6.289789999999999548e-01	7.909840199849421438e+00
6.353790000000000271e-01	7.356554151236057493e+00
6.417070000000000274e-01	7.911726743713927590e+00
6.478369999999999962e-01	7.988391580351902554e+00
6.538089999999999735e-01	8.106541560972097216e+00
6.596819999999999906e-01	7.976208127348160204e+00
6.655140000000000500e-01	8.386754220778158242e+00
6.713630000000000431e-01	8.480157538911434756e+00
6.772660000000000347e-01	8.701441125572095814e+00
6.832110000000000127e-01	9.305818608845248363e+00
6.891829999999999901e-01	9.283790893377108944e+00
6.951669999999999794e-01	9.225751904823990657e+00
7.011469999999999647e-01	9.660592702397257980e+00
7.071119999999999628e-01	1.013521677165490331e+01
7.130670000000000064e-01	9.795583014719291270e+00
7.190130000000000132e-01	9.983943681003825787e+00
7.249569999999999625e-01	1.020727499235466951e+01
7.309010000000000229e-01	1.040554399451087164e+01
7.368489999999999762e-01	1.067919073249541917e+01
7.428000000000000158e-01	1.034393789704845545e+01
7.487530000000000019e-01	1.058880051798417377e+01
7.547080000000000455e-01	1.087542876521114898e+01
7.606619999999999493e-01	1.099063181791161981e+01
7.666140000000000176e-01	1.116609971426349190e+01
7.725670000000000037e-01	1.100154935332959383e+01
7.785180000000000433e-01	1.108572381152339759e+01
7.844689999999999719e-01	1.124688972533444087e+01
7.904210000000000402e-01	1.107764947050255877e+01
7.963729999999999976e-01	1.162446275556637154e+01
8.023249999999999549e-01	1.216976834682293962e+01
8.082770000000000232e-01	1.254145402592242853e+01
8.142289999999999806e-01	1.290758634796105042e+01
8.201800000000000201e-01	1.317388739717234181e+01
8.261319999999999775e-01	1.367839579805012917e+01
8.320830000000000171e-01	1.402921622142203084e+01
8.380349999999999744e-01	1.438585286425253429e+01
8.439870000000000427e-01	1.412307817096170481e+01
8.499400000000000288e-01	1.477128078515114318e+01
8.558940000000000436e-01	1.446976048624508771e+01
8.618479999999999475e-01	1.436024238333175518e+01
8.678010000000000446e-01	1.368346360040885301e+01
8.737519999999999731e-01	1.379634088246823964e+01
8.797000000000000375e-01	1.360125090850290697e+01
8.856439999999999868e-01	1.352943460608473636e+01
8.915870000000000184e-01	1.318051598135700075e+01
8.975349999999999717e-01	1.297937138436279803e+01
9.034900000000000153e-01	1.231608229414588962e+01
9.094569999999999599e-01	1.188198086956828448e+01
9.154379999999999740e-01	1.169442968700944796e+01
9.214210000000000456e-01	1.092809051811925514e+01
9.273909999999999654e-01	9.908887497251962273e+00
9.333329999999999682e-01	1.022966116806710879e+01
9.392300000000000093e-01	9.672233050225257145e+00
9.450749999999999984e-01	9.299455810728140648e+00
9.509090000000000042e-01	9.344525982399588315e+00
9.567890000000000006e-01	9.476401892519803027e+00
9.627750000000000474e-01	9.671149311131138404e+00
9.689229999999999787e-01	9.209965220620428994e+00
9.752680000000000238e-01	9.374446171952019569e+00
9.816639999999999810e-01	9.092432029958930073e+00
9.878930000000000211e-01	8.951913433283863242e+00
9.937399999999999567e-01	9.263726810815903434e+00
9.989850000000000119e-01	9.128998494008190079e+00
1.003457999999999961e+00	9.143186268258974181e+00
1.007338000000000067e+00	8.957171022247054637e+00
1.010966000000000031e+00	8.720912604520762557e+00
1.014685999999999977e+00	9.120244772441710168e+00
1.018841000000000108e+00	9.223060391689006821e+00
1.023735000000000062e+00	9.158499120988189190e+00
1.029328999999999938e+00	9.682297351217087567e+00
1.035408000000000106e+00	9.961674095363234116e+00
1.041754000000000069e+00	9.735582916036760182e+00
1.048148999999999997e+00	1.006277234696516132e+01
1.054391999999999996e+00	1.021530769477442924e+01
1.060446000000000000e+00	9.894312140551450696e+00
1.066368999999999900e+00	9.820301146640895595e+00
1.072216999999999976e+00	9.729332758212349219e+00
1.078049000000000035e+00	1.009343668780735470e+01
1.083920999999999912e+00	1.035946196841889488e+01
1.089842999999999895e+00	1.062555868652362356e+01
1.095801999999999943e+00	1.107368976064948463e+01
1.101780999999999899e+00	1.102500757111772423e+01
1.107765000000000111e+00	1.161653656924462474e+01
1.113739999999999952e+00	1.178219049488771297e+01
1.119699999999999918e+00	1.205565060203474381e+01
1.125650000000000039e+00	1.177748475788138727e+01
1.131594999999999906e+00	1.184511227868914673e+01
1.137537999999999938e+00	1.142439044812842219e+01
1.143483999999999945e+00	1.138752484765372941e+01
1.149432999999999927e+00	1.137622911663449621e+01
1.155386000000000024e+00	1.164900759839708577e+01
1.161338999999999899e+00	1.141052992987084203e+01
1.167294000000000054e+00	1.150108129104765631e+01
1.173246999999999929e+00	1.167108609527071472e+01
1.179200000000000026e+00	1.245178375300076112e+01
1.185151999999999983e+00	1.290024017403587386e+01
1.191103000000000023e+00	1.370819920595392105e+01
1.197054000000000062e+00	1.368401716109066335e+01
1.203006000000000020e+00	1.415123542750463237e+01
1.208957999999999977e+00	1.459617363829316616e+01
1.214909999999999934e+00	1.518358856709323135e+01
1.220861999999999892e+00	1.562619496681239539e+01
1.226814000000000071e+00	1.591696091997757811e+01
1.232765000000000111e+00	1.651984014916943266e+01
1.238717000000000068e+00	1.718090226649288965e+01
1.244668000000000108e+00	1.790281835339691696e+01
1.250620000000000065e+00	1.877397362824699556e+01
1.256572000000000022e+00	1.973360591630183336e+01
1.262526000000000037e+00	1.972799721210266810e+01
1.268480000000000052e+00	2.022190267345798986e+01
1.274434000000000067e+00	2.058488156185337914e+01
1.280386000000000024e+00	2.025148711108476363e+01
1.286335999999999924e+00	2.092906381515390635e+01
1.292281999999999931e+00	2.018960776427710968e+01
1.298224999999999962e+00	2.037192834405901110e+01
1.304170000000000051e+00	2.006936210812227372e+01
1.310119999999999951e+00	1.997633249867337213e+01
1.316079999999999917e+00	2.025501252539532260e+01
1.322052999999999923e+00	2.031958414268460800e+01
1.328036999999999912e+00	2.113604855198815002e+01
1.334017000000000008e+00	2.165997302241658318e+01
1.339976000000000056e+00	2.224113242444002125e+01
1.345900000000000096e+00	2.313822593757895874e+01
1.351774000000000031e+00	2.422932155423244893e+01
1.357607000000000008e+00	2.497958464797824973e+01
1.363453000000000026e+00	2.524943930337314058e+01
1.369372000000000034e+00	2.618769728866244861e+01
1.375421999999999922e+00	2.652438876798035494e+01
1.381658999999999970e+00	2.695871163511459301e+01
1.388052000000000064e+00	2.690480273366993558e+01
1.394403000000000059e+00	2.735134929832743467e+01
1.400492999999999988e+00	2.735967462899863989e+01
1.406104999999999938e+00	2.752654190871113116e+01
1.411021999999999998e+00	2.781773591050333749e+01
1.415195999999999898e+00	2.876730784171666855e+01
1.418924000000000074e+00	2.928252836180130458e+01
1.422549999999999981e+00	2.977047631299555164e+01
1.426417000000000046e+00	3.073117858085375786e+01
1.430868000000000029e+00	3.119873381820893599e+01
1.436091000000000006e+00	3.138654726614792878e+01
1.441923000000000066e+00	3.202475118024617728e+01
1.448144000000000098e+00	3.182252837338698015e+01
1.454538000000000109e+00	3.211669722107185265e+01
1.460887000000000047e+00	3.188670851611462709e+01
1.467041999999999957e+00	3.136090611205010603e+01
1.473030999999999979e+00	3.129227443384458951e+01
1.478914000000000062e+00	3.127376941126894394e+01
1.484749000000000096e+00	3.046387383129217596e+01
1.490591999999999917e+00	3.010793186914091635e+01
1.496488000000000040e+00	2.991451078000823571e+01
1.502428000000000097e+00	2.949898823251948343e+01
1.508397999999999906e+00	2.950074397016305028e+01
1.514380999999999977e+00	2.925172104525582739e+01
1.520361999999999991e+00	2.974906058071011827e+01
1.526329999999999965e+00	3.020279399669388809e+01
1.532284999999999897e+00	3.073685898174212028e+01
1.538232999999999961e+00	3.134500536832391404e+01
1.544175999999999993e+00	3.205076228122283055e+01
1.550119999999999942e+00	3.264793205441072388e+01
1.556068000000000007e+00	3.326050183515875602e+01
1.562019000000000046e+00	3.379685445951189848e+01
1.567971999999999921e+00	3.386287149446171441e+01
1.573925999999999936e+00	3.418077831831187297e+01
1.579879999999999951e+00	3.504020249732869274e+01
1.585833000000000048e+00	3.530049083804809840e+01
1.591785000000000005e+00	3.562976931391790458e+01
1.597736999999999963e+00	3.596227581850532573e+01
1.603688000000000002e+00	3.633442851950922403e+01
1.609639000000000042e+00	3.600958134542830891e+01
1.615590999999999999e+00	3.616672986798391776e+01
1.621542999999999957e+00	3.594937700228064870e+01
1.627494999999999914e+00	3.495541971679150350e+01
1.633447000000000093e+00	3.453721701989151427e+01
1.639399000000000051e+00	3.352003936887066970e+01
1.645350000000000090e+00	3.300395927445161703e+01
1.651302000000000048e+00	3.300485014203412959e+01
1.657253000000000087e+00	3.241689625671869379e+01
1.663205000000000044e+00	3.208419310684021752e+01
1.669157999999999920e+00	3.158094510981631942e+01
1.675111999999999934e+00	3.137498143675713180e+01
1.681065999999999949e+00	3.107300848431546925e+01
1.687019000000000046e+00	3.036881825571265736e+01
1.692971000000000004e+00	2.998136939886453689e+01
1.698919000000000068e+00	3.020312064157536014e+01
1.704863000000000017e+00	3.003100183100175258e+01
1.710806999999999967e+00	2.997205413153666242e+01
1.716752999999999973e+00	3.050737738862979143e+01
1.722706999999999988e+00	3.037146652694371696e+01
1.728671999999999986e+00	3.039742135920606714e+01
1.734652000000000083e+00	3.035154093571859235e+01
1.740636000000000072e+00	3.037099897060629772e+01
1.746609000000000078e+00	3.104278037632362697e+01
1.752555000000000085e+00	3.063815800375919451e+01
1.758458000000000077e+00	3.056230013341703611e+01
1.764308999999999905e+00	3.045590550253537643e+01
1.770140999999999964e+00	2.981748196299403730e+01
1.776011999999999924e+00	2.905939294364114645e+01
1.781979999999999897e+00	2.871302232256792664e+01
1.788105000000000055e+00	2.820204280541137720e+01
1.794426999999999994e+00	2.749912264895121439e+01
1.800829000000000013e+00	2.772735803387801568e+01
1.807091999999999921e+00	2.733687151752539535e+01
1.813002000000000002e+00	2.711565016212572488e+01
1.818338000000000010e+00	2.734555905504914364e+01
1.822912000000000088e+00	2.708686973274084764e+01
1.826850000000000085e+00	2.709651989558976837e+01
1.830492000000000008e+00	2.661296999989694712e+01
1.834179999999999922e+00	2.704553219045845935e+01
1.838259000000000087e+00	2.616469793707528879e+01
1.843048000000000020e+00	2.624235573950107892e+01
1.848562000000000038e+00	2.586053830653215968e+01
1.854589999999999961e+00	2.530657235735013799e+01
1.860913000000000039e+00	2.544504329365692996e+01
1.867313999999999918e+00	2.510724071380582956e+01
1.873583999999999916e+00	2.465737631554818776e+01
1.879660000000000108e+00	2.455763727235650862e+01
1.885596000000000050e+00	2.475597648751474367e+01
1.891450999999999993e+00	2.459722738645049134e+01
1.897281999999999913e+00	2.441621451207759108e+01
1.903146999999999922e+00	2.444269474796619690e+01
1.909062999999999954e+00	2.453507089455020207e+01
1.915018000000000109e+00	2.455093448581775917e+01
1.920995999999999926e+00	2.480629829979067935e+01
1.926979999999999915e+00	2.504827429248466331e+01
1.932955999999999896e+00	2.512688223562317802e+01
1.938917999999999919e+00	2.522973961249066832e+01
1.944868999999999959e+00	2.539794675975005589e+01
1.950814000000000048e+00	2.507613488131543988e+01
1.956757999999999997e+00	2.505654941728571217e+01
1.962703000000000086e+00	2.574392002645121380e+01
1.968652000000000069e+00	2.554165495526781626e+01
1.974604000000000026e+00	2.594306324264521635e+01
1.980558000000000041e+00	2.699914119411090141e+01
1.986512000000000056e+00	2.771657909290772182e+01
1.992466000000000070e+00	2.930770488153672204e+01
1.998418000000000028e+00	2.968325426828911517e+01
2.004370000000000207e+00	3.080917298254443892e+01
2.010321999999999942e+00	3.249192357763661931e+01
2.016272999999999982e+00	3.308173736457346337e+01
2.022224000000000022e+00	3.472071295054655593e+01
2.028176000000000201e+00	3.554084144304477633e+01
2.034127999999999936e+00	3.703933268382393607e+01
2.040080000000000116e+00	3.886787024611314934e+01
2.046031999999999851e+00	4.133135209237845231e+01
2.051984000000000030e+00	4.403209981094357772e+01
2.057935000000000070e+00	4.766654531266303962e+01
2.063886999999999805e+00	5.093717276923140247e+01
2.069837999999999845e+00	5.371120431779742432e+01
2.075791000000000164e+00	5.547908214471563326e+01
2.081744000000000039e+00	5.534747614646349234e+01
2.087698000000000054e+00	5.351174671525490112e+01
2.093652000000000069e+00	5.056779352532969085e+01
2.099604999999999944e+00	4.710979257029823231e+01
2.105554999999999843e+00	4.242331146858797553e+01
2.111501000000000072e+00	3.880627228722225652e+01
2.117445000000000022e+00	3.580839940938637511e+01
2.123388999999999971e+00	3.309501302321827154e+01
2.129338000000000175e+00	3.149641302983025071e+01
2.135295999999999861e+00	3.016211457510911842e+01
2.141268000000000171e+00	2.968233264660535653e+01
2.147250999999999799e+00	2.953991135298745974e+01
2.153232000000000035e+00	2.919617291065119247e+01
2.159196000000000115e+00	2.980595897542427153e+01
2.165125000000000188e+00	3.153789823375058887e+01
2.171006000000000213e+00	3.323568560385130866e+01
2.176841000000000026e+00	3.645444127332816464e+01
2.182682999999999929e+00	3.920131102640332443e+01
2.188588999999999896e+00	4.240319856376952856e+01
2.194618000000000180e+00	4.605145136136812312e+01
2.200828000000000007e+00	4.941773497853272090e+01
2.207209999999999894e+00	5.209850405274294616e+01
2.213579000000000185e+00	5.447274635920849306e+01
2.219714999999999883e+00	5.634609835107118414e+01
2.225403000000000020e+00	5.689585816992397582e+01
2.230423000000000044e+00	5.683895260164136687e+01
2.234681000000000139e+00	5.462968910570216963e+01
2.238447999999999993e+00	5.221213923042586913e+01
2.242068000000000172e+00	4.843649661411190266e+01
2.245884000000000214e+00	4.469377110991452895e+01
2.250237999999999960e+00	4.198597174827789047e+01
2.255365999999999982e+00	3.976435411716592938e+01
2.261130000000000084e+00	3.743542140860885326e+01
2.267313000000000134e+00	3.626100991767010839e+01
2.273696000000000161e+00	3.559522527416817184e+01
2.280063999999999869e+00	3.546892447385398128e+01
2.286243999999999943e+00	3.572535966544796793e+01
2.292251999999999956e+00	3.623830555247018026e+01
2.298146000000000022e+00	3.719763746554989581e+01
2.303983000000000114e+00	3.892858797822623984e+01
2.309822000000000042e+00	4.140788385247962822e+01
2.315710999999999853e+00	4.362493908480978888e+01
2.321645999999999876e+00	4.656414756808639055e+01
2.327612999999999932e+00	4.967636530982416332e+01
2.333594999999999864e+00	5.177957571138249193e+01
2.339576999999999796e+00	5.319176591861601366e+01
2.345546999999999827e+00	5.486635544687864297e+01
2.351503999999999817e+00	5.533602114319138821e+01
2.357451999999999881e+00	5.461749217120748057e+01
2.363395999999999830e+00	5.366034456591670221e+01
2.369339000000000084e+00	5.195093499192631015e+01
2.375286000000000008e+00	4.996703392351203377e+01
2.381237000000000048e+00	4.662180030891219218e+01
2.387189999999999923e+00	4.333553696754736961e+01
2.393143999999999938e+00	4.008707506651072805e+01
2.399097999999999953e+00	3.651902284044502522e+01
2.405050999999999828e+00	3.264210688720899611e+01
2.411004000000000147e+00	2.939347459993441447e+01
2.416955999999999882e+00	2.557262027804366511e+01
2.422906999999999922e+00	2.270203117784226876e+01
2.428857999999999961e+00	2.079575077847800202e+01
2.434809000000000001e+00	1.933715950761236968e+01
2.440760000000000041e+00	1.870936801886691114e+01
2.446712000000000220e+00	1.865766697752956205e+01
2.452663999999999955e+00	1.845098500830396304e+01
2.458616999999999830e+00	1.969801054228985393e+01
2.464570999999999845e+00	2.018336675025847171e+01
2.470524999999999860e+00	2.138358013594687534e+01
2.476478000000000179e+00	2.279727208002717020e+01
2.482429999999999914e+00	2.468059035906705390e+01
2.488377999999999979e+00	2.630627500629477566e+01
2.494323000000000068e+00	2.792204051263222198e+01
2.500265999999999877e+00	2.947056361951023362e+01
2.506212000000000106e+00	3.166900325372403913e+01
2.512164999999999981e+00	3.326061791163090220e+01
2.518129000000000062e+00	3.400321979493125468e+01
2.524108000000000018e+00	3.498070185245038743e+01
2.530091999999999786e+00	3.463823938307363193e+01
2.536067000000000071e+00	3.351937835078804540e+01
2.542015999999999831e+00	3.165936570628059243e+01
2.547924000000000078e+00	2.974470763608551138e+01
2.553779000000000021e+00	2.658009559597886806e+01
2.559610000000000163e+00	2.253507155414280660e+01
2.565475000000000172e+00	1.773007740344163707e+01
2.571432000000000162e+00	1.314359790428250108e+01
2.577539999999999942e+00	9.492052137417852364e+00
2.583845999999999865e+00	6.098330546618440984e+00
2.590249000000000024e+00	3.410723802402956029e+00
2.596534000000000120e+00	1.377809076309482128e+00
2.602485000000000159e+00	6.631082405250566802e-01
2.607883000000000173e+00	7.772512455397688758e-01
2.612527000000000044e+00	1.124860941294844485e+00
2.616509000000000196e+00	2.002672275543583069e+00
2.620163999999999938e+00	3.546212856383099687e+00
2.623834000000000000e+00	5.180244865739243920e+00
2.627863000000000060e+00	6.753827986905811542e+00
2.632579999999999920e+00	7.773085087325318554e+00
2.638037000000000187e+00	9.935537753223224300e+00
2.644026000000000209e+00	1.126881379346306566e+01
2.650332000000000132e+00	1.197869692312841572e+01
2.656734000000000151e+00	1.215577310761440977e+01
2.663022999999999918e+00	1.259453493862653239e+01
2.669115000000000126e+00	1.198084968622202950e+01
2.675060999999999911e+00	1.166543707200900748e+01
2.680919999999999970e+00	1.073176960152419745e+01
2.686751000000000111e+00	1.016811335970888841e+01
2.692610999999999866e+00	8.987241603679274604e+00
2.698523999999999923e+00	8.037352613708016236e+00
2.704476000000000102e+00	7.285458574172439583e+00
2.710452000000000083e+00	7.037074893513653784e+00
2.716435999999999851e+00	6.762639774270555293e+00
2.722412999999999972e+00	7.087623957214384873e+00
2.728375999999999912e+00	7.556247421731908886e+00
2.734328000000000092e+00	8.453674181881957850e+00
2.740273999999999877e+00	8.458485289583512312e+00
2.746217000000000130e+00	7.414464694785346310e+00
2.752162000000000219e+00	4.984473397558788932e+00
2.758110999999999979e+00	7.439081917415351075e-01
2.764063000000000159e+00	-3.112374286145132896e+00
2.770016000000000034e+00	-7.609784998355711316e+00
2.775971000000000188e+00	-1.118815484642495406e+01
2.781924000000000063e+00	-1.317760867160811067e+01
2.787876999999999938e+00	-1.306611253612120116e+01
2.793829000000000118e+00	-1.186613217498086925e+01
2.799780999999999853e+00	-9.386591983077256174e+00
2.805731999999999893e+00	-6.246967133985088516e+00
2.811682999999999932e+00	-2.515013122738891660e+00
2.817635000000000112e+00	1.823371191363180710e+00
2.823586999999999847e+00	5.234969684691887615e+00
2.829539000000000026e+00	8.439292064582422981e+00
2.835491000000000206e+00	1.066550915811091294e+01
2.841442999999999941e+00	1.178769090960000021e+01
2.847395000000000120e+00	1.166747322808008214e+01
2.853346999999999856e+00	1.165153126239245296e+01
2.859299000000000035e+00	1.051254139226175610e+01
2.865251000000000214e+00	9.287765156481583517e+00
2.871201999999999810e+00	8.455622659751664827e+00
2.877153999999999989e+00	7.736890763090328527e+00
2.883106000000000169e+00	7.552032813281357448e+00
2.889057999999999904e+00	6.621842068638279066e+00
2.895010000000000083e+00	6.120742362537530568e+00
2.900961999999999819e+00	3.530878751447747099e+00
2.906913999999999998e+00	8.055495447819963628e-01
2.912866000000000177e+00	-3.181366367117694161e+00
2.918817999999999913e+00	-7.068450210860675043e+00
2.924770000000000092e+00	-9.238245250775525719e+00
2.930721000000000132e+00	-1.035649384438916698e+01
2.936672999999999867e+00	-9.432370830783579407e+00
2.942625000000000046e+00	-6.326294221643281368e+00
2.948576999999999781e+00	-3.047372503638849484e+00
2.954528999999999961e+00	7.823815355686440931e-01
2.960481000000000140e+00	3.863540404080640034e+00
2.966432999999999875e+00	5.821778474156396044e+00
2.972385000000000055e+00	7.296126019913621974e+00
2.978336999999999790e+00	8.000057578307012918e+00
2.984288999999999970e+00	8.517017187365025777e+00
2.990240000000000009e+00	7.866858324383291468e+00
2.996192000000000188e+00	7.645140770797081764e+00
3.002143999999999924e+00	6.997365003366123659e+00
3.008096000000000103e+00	6.789570080487115966e+00
3.014047999999999838e+00	6.906013458335612754e+00
3.020000000000000018e+00	6.693863611851883277e+00
