1.199999999999999956e-01	1.205494999999999983e+00
1.249780000000000058e-01	9.931339999999999613e-01
1.305999999999999939e-01	8.980939999999999479e-01
1.367059999999999942e-01	8.994670000000000165e-01
1.431360000000000132e-01	9.763450000000000184e-01
1.497320000000000040e-01	1.107817000000000052e+00
1.563350000000000017e-01	1.272977000000000025e+00
1.627850000000000130e-01	1.450916000000000095e+00
1.689219999999999888e-01	1.620724000000000053e+00
1.745889999999999942e-01	1.761493999999999893e+00
1.796250000000000069e-01	1.852316999999999991e+00
1.839349999999999874e-01	1.877013000000000043e+00
1.877439999999999942e-01	1.843526999999999916e+00
1.913779999999999926e-01	1.767476000000000047e+00
1.951660000000000061e-01	1.664484000000000075e+00
1.994340000000000002e-01	1.550172000000000105e+00
2.044499999999999929e-01	1.439740000000000020e+00
2.101250000000000062e-01	1.345955000000000013e+00
2.162479999999999958e-01	1.280712999999999990e+00
2.226049999999999973e-01	1.255910000000000082e+00
2.289819999999999911e-01	1.283441000000000054e+00
2.351930000000000132e-01	1.372368000000000032e+00
2.412249999999999950e-01	1.513228000000000018e+00
2.471349999999999936e-01	1.689108999999999972e+00
2.529799999999999827e-01	1.883075000000000054e+00
2.588170000000000193e-01	2.078193000000000179e+00
2.646970000000000156e-01	2.258340000000000014e+00
2.706259999999999777e-01	2.413435000000000219e+00
2.765880000000000005e-01	2.536115000000000119e+00
2.825679999999999858e-01	2.619032999999999944e+00
2.885510000000000019e-01	2.654840999999999784e+00
2.945229999999999793e-01	2.637707999999999942e+00
3.004809999999999981e-01	2.574672000000000072e+00
3.064310000000000089e-01	2.479261999999999855e+00
3.123750000000000138e-01	2.365056000000000047e+00
3.183190000000000186e-01	2.245633000000000212e+00
3.242650000000000254e-01	2.134199000000000179e+00
3.302149999999999808e-01	2.040331000000000117e+00
3.361680000000000224e-01	1.971565999999999930e+00
3.421210000000000084e-01	1.935416999999999943e+00
3.480759999999999965e-01	1.939397000000000038e+00
3.540289999999999826e-01	1.990178000000000003e+00
3.599809999999999954e-01	2.085004000000000079e+00
3.659330000000000083e-01	2.215196999999999861e+00
3.718839999999999923e-01	2.371989000000000125e+00
3.778360000000000052e-01	2.546610999999999958e+00
3.837869999999999893e-01	2.730391000000000012e+00
3.897390000000000021e-01	2.915897999999999879e+00
3.956910000000000149e-01	3.096573999999999938e+00
4.016429999999999723e-01	3.265877000000000141e+00
4.075949999999999851e-01	3.417264999999999997e+00
4.135469999999999979e-01	3.544595999999999858e+00
4.194979999999999820e-01	3.647787000000000113e+00
4.254499999999999948e-01	3.731469000000000147e+00
4.314009999999999789e-01	3.800397999999999943e+00
4.373540000000000205e-01	3.859329999999999927e+00
4.433079999999999798e-01	3.912973000000000035e+00
4.492619999999999947e-01	3.965173000000000059e+00
4.552160000000000095e-01	4.019027999999999601e+00
4.611680000000000224e-01	4.077612000000000236e+00
4.671170000000000044e-01	4.144000000000000128e+00
4.730619999999999825e-01	4.221146000000000065e+00
4.790059999999999873e-01	4.309427000000000341e+00
4.849510000000000209e-01	4.406743999999999772e+00
4.909020000000000050e-01	4.510895999999999795e+00
4.968629999999999991e-01	4.619684999999999597e+00
5.028390000000000359e-01	4.730952000000000268e+00
5.088230000000000253e-01	4.843679999999999986e+00
5.148009999999999531e-01	4.958060999999999829e+00
5.207570000000000254e-01	5.074348999999999776e+00
5.266750000000000043e-01	5.192796000000000411e+00
5.325410000000000421e-01	5.313684000000000296e+00
5.383719999999999617e-01	5.438225000000000087e+00
5.442249999999999588e-01	5.568736000000000352e+00
5.501580000000000359e-01	5.707595999999999670e+00
5.562289999999999734e-01	5.857185000000000308e+00
5.624930000000000208e-01	6.019833000000000212e+00
5.688929999999999820e-01	6.195839000000000318e+00
5.752220000000000111e-01	6.382819999999999716e+00
5.812610000000000277e-01	6.578210000000000335e+00
5.867949999999999555e-01	6.779443999999999804e+00
5.916080000000000227e-01	6.983946999999999683e+00
5.957040000000000113e-01	7.188780999999999644e+00
5.993990000000000151e-01	7.390467000000000120e+00
6.030370000000000452e-01	7.585482999999999976e+00
6.069609999999999728e-01	7.770306999999999853e+00
6.115110000000000268e-01	7.941441000000000194e+00
6.168270000000000142e-01	8.097054999999999225e+00
6.227219999999999978e-01	8.238042000000000087e+00
6.289789999999999548e-01	8.365546999999999400e+00
6.353790000000000271e-01	8.480717999999999535e+00
6.417070000000000274e-01	8.584699999999999775e+00
6.478369999999999962e-01	8.678684999999999761e+00
6.538089999999999735e-01	8.763944999999999652e+00
6.596819999999999906e-01	8.841760999999999981e+00
6.655140000000000500e-01	8.913413999999999504e+00
6.713630000000000431e-01	8.980181999999999221e+00
6.772660000000000347e-01	9.042970999999999648e+00
6.832110000000000127e-01	9.101929999999999410e+00
6.891829999999999901e-01	9.157113999999999976e+00
6.951669999999999794e-01	9.208579000000000292e+00
7.011469999999999647e-01	9.256384999999999863e+00
7.071119999999999628e-01	9.301548999999999623e+00
7.130670000000000064e-01	9.347274999999999778e+00
7.190130000000000132e-01	9.397071000000000396e+00
7.249569999999999625e-01	9.454442999999999486e+00
7.309010000000000229e-01	9.522899999999999920e+00
7.368489999999999762e-01	9.606153000000000830e+00
7.428000000000000158e-01	9.708434000000000452e+00
7.487530000000000019e-01	9.834056999999999604e+00
7.547080000000000455e-01	9.987337000000000131e+00
7.606619999999999493e-01	1.017258499999999977e+01
7.666140000000000176e-01	1.039229800000000026e+01
7.725670000000000037e-01	1.064374199999999959e+01
7.785180000000000433e-01	1.092325300000000077e+01
7.844689999999999719e-01	1.122716299999999912e+01
7.904210000000000402e-01	1.155180599999999913e+01
7.963729999999999976e-01	1.189218800000000087e+01
8.023249999999999549e-01	1.223901599999999945e+01
8.082770000000000232e-01	1.258212600000000059e+01
8.142289999999999806e-01	1.291135500000000036e+01
8.201800000000000201e-01	1.321654000000000018e+01
8.261319999999999775e-01	1.348783099999999990e+01
8.320830000000000171e-01	1.371651999999999916e+01
8.380349999999999744e-01	1.389415999999999940e+01
8.439870000000000427e-01	1.401230600000000059e+01
8.499400000000000288e-01	1.406250999999999962e+01
8.558940000000000436e-01	1.403862400000000044e+01
8.618479999999999475e-01	1.394397000000000020e+01
8.678010000000000446e-01	1.378431499999999943e+01
8.737519999999999731e-01	1.356542199999999987e+01
8.797000000000000375e-01	1.329305800000000026e+01
8.856439999999999868e-01	1.297383999999999915e+01
8.915870000000000184e-01	1.261836100000000016e+01
8.975349999999999717e-01	1.223836900000000050e+01
9.034900000000000153e-01	1.184561099999999989e+01
9.094569999999999599e-01	1.145183500000000087e+01
9.154379999999999740e-01	1.106767499999999949e+01
9.214210000000000456e-01	1.069789300000000054e+01
9.273909999999999654e-01	1.034533099999999983e+01
9.333329999999999682e-01	1.001282899999999998e+01
9.392300000000000093e-01	9.703227000000000046e+00
9.450749999999999984e-01	9.419295999999999225e+00
9.509090000000000042e-01	9.163399000000000072e+00
9.567890000000000006e-01	8.937749000000000166e+00
9.627750000000000474e-01	8.744555999999999329e+00
9.689229999999999787e-01	8.586031999999999442e+00
9.752680000000000238e-01	8.464216999999999658e+00
9.816639999999999810e-01	8.379974999999999952e+00
9.878930000000000211e-01	8.333688000000000429e+00
9.937399999999999567e-01	8.325734999999999886e+00
9.989850000000000119e-01	8.356495000000000672e+00
1.003457999999999961e+00	8.425689000000000206e+00
1.007338000000000067e+00	8.527976999999999919e+00
1.010966000000000031e+00	8.655673000000000172e+00
1.014685999999999977e+00	8.801078000000000401e+00
1.018841000000000108e+00	8.956493999999999289e+00
1.023735000000000062e+00	9.114343999999999113e+00
1.029328999999999938e+00	9.268134999999999124e+00
1.035408000000000106e+00	9.411934999999999718e+00
1.041754000000000069e+00	9.539813999999999794e+00
1.048148999999999997e+00	9.645844000000000307e+00
1.054391999999999996e+00	9.724838000000000093e+00
1.060446000000000000e+00	9.779061999999999699e+00
1.066368999999999900e+00	9.815099000000000018e+00
1.072216999999999976e+00	9.839582999999999302e+00
1.078049000000000035e+00	9.859149000000000385e+00
1.083920999999999912e+00	9.880511000000000266e+00
1.089842999999999895e+00	9.911300000000000665e+00
1.095801999999999943e+00	9.959739000000000786e+00
1.101780999999999899e+00	1.003406299999999973e+01
1.107765000000000111e+00	1.014250400000000063e+01
1.113739999999999952e+00	1.029268899999999931e+01
1.119699999999999918e+00	1.048404700000000034e+01
1.125650000000000039e+00	1.071011700000000033e+01
1.131594999999999906e+00	1.096430999999999933e+01
1.137537999999999938e+00	1.124003599999999992e+01
1.143483999999999945e+00	1.153064700000000009e+01
1.149432999999999927e+00	1.182856100000000055e+01
1.155386000000000024e+00	1.212545300000000026e+01
1.161338999999999899e+00	1.241297199999999989e+01
1.167294000000000054e+00	1.268277299999999919e+01
1.173246999999999929e+00	1.292694400000000066e+01
1.179200000000000026e+00	1.314577700000000071e+01
1.185151999999999983e+00	1.334684900000000063e+01
1.191103000000000023e+00	1.353799000000000063e+01
1.197054000000000062e+00	1.372702899999999993e+01
1.203006000000000020e+00	1.392180300000000059e+01
1.208957999999999977e+00	1.413028300000000037e+01
1.214909999999999934e+00	1.436057199999999945e+01
1.220861999999999892e+00	1.462078099999999914e+01
1.226814000000000071e+00	1.491901900000000047e+01
1.232765000000000111e+00	1.526304799999999950e+01
1.238717000000000068e+00	1.565110100000000060e+01
1.244668000000000108e+00	1.607096299999999900e+01
1.250620000000000065e+00	1.650988500000000059e+01
1.256572000000000022e+00	1.695511700000000133e+01
1.262526000000000037e+00	1.739399099999999976e+01
1.268480000000000052e+00	1.781650700000000143e+01
1.274434000000000067e+00	1.821591799999999850e+01
1.280386000000000024e+00	1.858567599999999942e+01
1.286335999999999924e+00	1.891923399999999944e+01
1.292281999999999931e+00	1.921037700000000115e+01
1.298224999999999962e+00	1.946717900000000157e+01
1.304170000000000051e+00	1.971708800000000039e+01
1.310119999999999951e+00	1.998892999999999986e+01
1.316079999999999917e+00	2.031153000000000119e+01
1.322052999999999923e+00	2.071359299999999948e+01
1.328036999999999912e+00	2.121695599999999970e+01
1.334017000000000008e+00	2.183310000000000173e+01
1.339976000000000056e+00	2.257264800000000093e+01
1.345900000000000096e+00	2.344622199999999879e+01
1.351774000000000031e+00	2.446420300000000125e+01
1.357607000000000008e+00	2.561879499999999865e+01
1.363453000000000026e+00	2.687163599999999875e+01
1.369372000000000034e+00	2.818143799999999999e+01
1.375421999999999922e+00	2.950690900000000028e+01
1.381658999999999970e+00	3.080667299999999997e+01
1.388052000000000064e+00	3.202991000000000099e+01
1.394403000000000059e+00	3.310808899999999966e+01
1.400492999999999988e+00	3.397072800000000115e+01
1.406104999999999938e+00	3.454734400000000250e+01
1.411021999999999998e+00	3.476776900000000126e+01
1.415195999999999898e+00	3.461263600000000196e+01
1.418924000000000074e+00	3.416911400000000043e+01
1.422549999999999981e+00	3.353778499999999951e+01
1.426417000000000046e+00	3.281923100000000204e+01
1.430868000000000029e+00	3.211396400000000284e+01
1.436091000000000006e+00	3.150315099999999902e+01
1.441923000000000066e+00	3.102253699999999981e+01
1.448144000000000098e+00	3.070135300000000100e+01
1.454538000000000109e+00	3.056882799999999989e+01
1.460887000000000047e+00	3.065415600000000040e+01
1.467041999999999957e+00	3.096613899999999830e+01
1.473030999999999979e+00	3.145985900000000157e+01
1.478914000000000062e+00	3.208165100000000081e+01
1.484749000000000096e+00	3.277785099999999829e+01
1.490591999999999917e+00	3.349479399999999885e+01
1.496488000000000040e+00	3.417421600000000126e+01
1.502428000000000097e+00	3.474424299999999732e+01
1.508397999999999906e+00	3.513049000000000177e+01
1.514380999999999977e+00	3.525857400000000297e+01
1.520361999999999991e+00	3.505411600000000050e+01
1.526329999999999965e+00	3.447732700000000250e+01
1.532284999999999897e+00	3.360384299999999769e+01
1.538232999999999961e+00	3.253334999999999866e+01
1.544175999999999993e+00	3.136553500000000128e+01
1.550119999999999942e+00	3.020008400000000037e+01
1.556068000000000007e+00	2.912726100000000073e+01
1.562019000000000046e+00	2.820185800000000143e+01
1.567971999999999921e+00	2.747031700000000143e+01
1.573925999999999936e+00	2.697908299999999926e+01
1.579879999999999951e+00	2.677459899999999848e+01
1.585833000000000048e+00	2.689089799999999997e+01
1.591785000000000005e+00	2.730927000000000149e+01
1.597736999999999963e+00	2.799699100000000129e+01
1.603688000000000002e+00	2.892134100000000174e+01
1.609639000000000042e+00	3.004959699999999856e+01
1.615590999999999999e+00	3.133961899999999901e+01
1.621542999999999957e+00	3.270406799999999947e+01
1.627494999999999914e+00	3.404205499999999773e+01
1.633447000000000093e+00	3.525269399999999820e+01
1.639399000000000051e+00	3.623509700000000322e+01
1.645350000000000090e+00	3.690522899999999851e+01
1.651302000000000048e+00	3.727049900000000093e+01
1.657253000000000087e+00	3.736918299999999959e+01
1.663205000000000044e+00	3.723957899999999910e+01
1.669157999999999920e+00	3.691998699999999900e+01
1.675111999999999934e+00	3.644915199999999800e+01
1.681065999999999949e+00	3.586857100000000287e+01
1.687019000000000046e+00	3.522078199999999981e+01
1.692971000000000004e+00	3.454832799999999793e+01
1.698919000000000068e+00	3.389374899999999968e+01
1.704863000000000017e+00	3.329840000000000089e+01
1.710806999999999967e+00	3.279536499999999677e+01
1.716752999999999973e+00	3.241420300000000054e+01
1.722706999999999988e+00	3.218446099999999888e+01
1.728671999999999986e+00	3.213568800000000181e+01
1.734652000000000083e+00	3.228636999999999802e+01
1.740636000000000072e+00	3.256717799999999841e+01
1.746609000000000078e+00	3.286689899999999653e+01
1.752555000000000085e+00	3.307406499999999738e+01
1.758458000000000077e+00	3.307720799999999883e+01
1.764308999999999905e+00	3.277855699999999928e+01
1.770140999999999964e+00	3.220474699999999757e+01
1.776011999999999924e+00	3.144871600000000100e+01
1.781979999999999897e+00	3.060402300000000153e+01
1.788105000000000055e+00	2.976422799999999924e+01
1.794426999999999994e+00	2.901807900000000018e+01
1.800829000000000013e+00	2.840411900000000145e+01
1.807091999999999921e+00	2.793103400000000036e+01
1.813002000000000002e+00	2.760711399999999927e+01
1.818338000000000010e+00	2.744064900000000051e+01
1.822912000000000088e+00	2.743706399999999945e+01
1.826850000000000085e+00	2.756723600000000118e+01
1.830492000000000008e+00	2.777914399999999873e+01
1.834179999999999922e+00	2.802035800000000165e+01
1.838259000000000087e+00	2.823844599999999971e+01
1.843048000000000020e+00	2.838306499999999843e+01
1.848562000000000038e+00	2.843318599999999918e+01
1.854589999999999961e+00	2.838940799999999953e+01
1.860913000000000039e+00	2.825283400000000000e+01
1.867313999999999918e+00	2.802456400000000158e+01
1.873583999999999916e+00	2.770742299999999858e+01
1.879660000000000108e+00	2.733259999999999934e+01
1.885596000000000050e+00	2.695456100000000177e+01
1.891450999999999993e+00	2.662846100000000149e+01
1.897281999999999913e+00	2.640945100000000068e+01
1.903146999999999922e+00	2.635051299999999941e+01
1.909062999999999954e+00	2.646205700000000149e+01
1.915018000000000109e+00	2.671567599999999842e+01
1.920995999999999926e+00	2.708154299999999992e+01
1.926979999999999915e+00	2.752983000000000047e+01
1.932955999999999896e+00	2.803083200000000019e+01
1.938917999999999919e+00	2.855770599999999959e+01
1.944868999999999959e+00	2.908651400000000109e+01
1.950814000000000048e+00	2.959344499999999911e+01
1.956757999999999997e+00	3.005469099999999827e+01
1.962703000000000086e+00	3.044711200000000062e+01
1.968652000000000069e+00	3.076688299999999998e+01
1.974604000000000026e+00	3.103192500000000109e+01
1.980558000000000041e+00	3.126132099999999880e+01
1.986512000000000056e+00	3.147415099999999910e+01
1.992466000000000070e+00	3.168917199999999923e+01
1.998418000000000028e+00	3.191352600000000095e+01
2.004370000000000207e+00	3.213981700000000075e+01
2.010321999999999942e+00	3.235972799999999694e+01
2.016272999999999982e+00	3.256494399999999700e+01
2.022224000000000022e+00	3.274681199999999848e+01
2.028176000000000201e+00	3.288116200000000333e+01
2.034127999999999936e+00	3.292223200000000105e+01
2.040080000000000116e+00	3.282265799999999700e+01
2.046031999999999851e+00	3.253507799999999861e+01
2.051984000000000030e+00	3.201325099999999679e+01
2.057935000000000070e+00	3.127824700000000036e+01
2.063886999999999805e+00	3.045546699999999873e+01
2.069837999999999845e+00	2.967928699999999864e+01
2.075791000000000164e+00	2.908408299999999969e+01
2.081744000000000039e+00	2.880372900000000058e+01
2.087698000000000054e+00	2.893097699999999861e+01
2.093652000000000069e+00	2.948752700000000004e+01
2.099604999999999944e+00	3.048802600000000140e+01
2.105554999999999843e+00	3.194712099999999921e+01
2.111501000000000072e+00	3.387927299999999775e+01
2.117445000000000022e+00	3.627701600000000326e+01
2.123388999999999971e+00	3.909059400000000295e+01
2.129338000000000175e+00	4.226543099999999953e+01
2.135295999999999861e+00	4.574695299999999776e+01
2.141268000000000171e+00	4.947999999999999687e+01
2.147250999999999799e+00	5.330234800000000206e+01
2.153232000000000035e+00	5.682086600000000232e+01
2.159196000000000115e+00	5.961237700000000217e+01
2.165125000000000188e+00	6.125370300000000157e+01
2.171006000000000213e+00	6.132253599999999949e+01
2.176841000000000026e+00	5.966864900000000205e+01
2.182682999999999929e+00	5.679928100000000057e+01
2.188588999999999896e+00	5.331900799999999663e+01
2.194618000000000180e+00	4.983240500000000139e+01
2.200828000000000007e+00	4.694370399999999677e+01
2.207209999999999894e+00	4.503806300000000107e+01
2.213579000000000185e+00	4.390635799999999733e+01
2.219714999999999883e+00	4.323965599999999654e+01
2.225403000000000020e+00	4.272902700000000209e+01
2.230423000000000044e+00	4.206559399999999727e+01
2.234681000000000139e+00	4.103426199999999824e+01
2.238447999999999993e+00	3.970611799999999647e+01
2.242068000000000172e+00	3.820664500000000174e+01
2.245884000000000214e+00	3.666132900000000205e+01
2.250237999999999960e+00	3.519565599999999961e+01
2.255365999999999982e+00	3.394459799999999916e+01
2.261130000000000084e+00	3.307575800000000044e+01
2.267313000000000134e+00	3.276374799999999965e+01
2.273696000000000161e+00	3.318318000000000012e+01
2.280063999999999869e+00	3.450866400000000311e+01
2.286243999999999943e+00	3.678380200000000144e+01
2.292251999999999956e+00	3.954379000000000133e+01
2.298146000000000022e+00	4.220051600000000036e+01
2.303983000000000114e+00	4.416587100000000277e+01
2.309822000000000042e+00	4.485174200000000155e+01
2.315710999999999853e+00	4.387255700000000047e+01
2.321645999999999876e+00	4.173003500000000088e+01
2.327612999999999932e+00	3.916880700000000104e+01
2.333594999999999864e+00	3.693351100000000287e+01
2.339576999999999796e+00	3.576878399999999658e+01
2.345546999999999827e+00	3.622435999999999723e+01
2.351503999999999817e+00	3.788554800000000000e+01
2.357451999999999881e+00	4.003989399999999677e+01
2.363395999999999830e+00	4.197485799999999756e+01
2.369339000000000084e+00	4.297789800000000326e+01
2.375286000000000008e+00	4.247066600000000136e+01
2.381237000000000048e+00	4.062570800000000304e+01
2.387189999999999923e+00	3.787661599999999851e+01
2.393143999999999938e+00	3.465724300000000113e+01
2.399097999999999953e+00	3.140144199999999941e+01
2.405050999999999828e+00	2.854822599999999966e+01
2.411004000000000147e+00	2.656932799999999872e+01
2.416955999999999882e+00	2.594926200000000094e+01
2.422906999999999922e+00	2.717257299999999987e+01
2.428857999999999961e+00	3.072380199999999917e+01
2.434809000000000001e+00	3.691251599999999655e+01
2.440760000000000041e+00	4.478811000000000320e+01
2.446712000000000220e+00	5.284783800000000298e+01
2.452663999999999955e+00	5.958661299999999983e+01
2.458616999999999830e+00	6.349934600000000273e+01
2.464570999999999845e+00	6.329952699999999766e+01
2.470524999999999860e+00	5.949492699999999701e+01
2.476478000000000179e+00	5.347324799999999811e+01
2.482429999999999914e+00	4.662825200000000336e+01
2.488377999999999979e+00	4.035370000000000346e+01
2.494323000000000068e+00	3.591444899999999762e+01
2.500265999999999877e+00	3.336411900000000230e+01
2.506212000000000106e+00	3.209267700000000190e+01
2.512164999999999981e+00	3.148329199999999872e+01
2.518129000000000062e+00	3.091913500000000070e+01
2.524108000000000018e+00	2.984602599999999839e+01
2.530091999999999786e+00	2.838716300000000103e+01
2.536067000000000071e+00	2.707974499999999907e+01
2.542015999999999831e+00	2.646690800000000010e+01
2.547924000000000078e+00	2.709178500000000156e+01
2.553779000000000021e+00	2.942303100000000171e+01
2.559610000000000163e+00	3.299676300000000140e+01
2.565475000000000172e+00	3.671419800000000322e+01
2.571432000000000162e+00	3.946437300000000192e+01
2.577539999999999942e+00	4.013632400000000189e+01
2.583845999999999865e+00	3.770420000000000016e+01
2.590249000000000024e+00	3.238564900000000080e+01
2.596534000000000120e+00	2.534040900000000107e+01
2.602485000000000159e+00	1.775159199999999871e+01
2.607883000000000173e+00	1.080231299999999983e+01
2.612527000000000044e+00	5.629717000000000304e+00
2.616509000000000196e+00	2.580102000000000118e+00
2.620163999999999938e+00	1.333547000000000038e+00
2.623834000000000000e+00	1.549322000000000088e+00
2.627863000000000060e+00	2.886696000000000151e+00
2.632579999999999920e+00	5.006301999999999808e+00
2.638037000000000187e+00	7.596713000000000271e+00
2.644026000000000209e+00	1.037266200000000005e+01
2.650332000000000132e+00	1.304988600000000076e+01
2.656734000000000151e+00	1.534412400000000076e+01
2.663022999999999918e+00	1.698225899999999911e+01
2.669115000000000126e+00	1.796666499999999900e+01
2.675060999999999911e+00	1.858632199999999912e+01
2.680919999999999970e+00	1.914357100000000145e+01
2.686751000000000111e+00	1.994075700000000140e+01
2.692610999999999866e+00	2.126648300000000091e+01
2.698523999999999923e+00	2.299259599999999892e+01
2.704476000000000102e+00	2.450913500000000056e+01
2.710452000000000083e+00	2.517930000000000135e+01
2.716435999999999851e+00	2.436629100000000037e+01
2.722412999999999972e+00	2.144848199999999849e+01
2.728375999999999912e+00	1.638031499999999951e+01
2.734328000000000092e+00	9.856657999999999475e+00
2.740273999999999877e+00	2.621072999999999986e+00
2.746217000000000130e+00	-4.582878000000000007e+00
2.752162000000000219e+00	-1.101746299999999934e+01
2.758110999999999979e+00	-1.622912699999999830e+01
2.764063000000000159e+00	-2.017066700000000168e+01
2.770016000000000034e+00	-2.282613299999999867e+01
2.775971000000000188e+00	-2.417957499999999982e+01
2.781924000000000063e+00	-2.421448600000000084e+01
2.787876999999999938e+00	-2.287847700000000017e+01
2.793829000000000118e+00	-2.006202199999999891e+01
2.799780999999999853e+00	-1.565049400000000013e+01
2.805731999999999893e+00	-9.529267000000000820e+00
2.811682999999999932e+00	-1.588678999999999952e+00
2.817635000000000112e+00	7.837511000000000116e+00
2.823586999999999847e+00	1.762817099999999826e+01
2.829539000000000026e+00	2.658122499999999988e+01
2.835491000000000206e+00	3.349459399999999931e+01
2.841442999999999941e+00	3.717155100000000090e+01
2.847395000000000120e+00	3.711441399999999646e+01
2.853346999999999856e+00	3.421173100000000034e+01
2.859299000000000035e+00	2.951538599999999946e+01
2.865251000000000214e+00	2.407725900000000152e+01
2.871201999999999810e+00	1.894729299999999839e+01
2.877153999999999989e+00	1.477419699999999914e+01
2.883106000000000169e+00	1.131653999999999982e+01
2.889057999999999904e+00	8.213228000000000861e+00
2.895010000000000083e+00	5.103165999999999869e+00
2.900961999999999819e+00	1.625850999999999935e+00
2.906913999999999998e+00	-2.361801999999999957e+00
2.912866000000000177e+00	-6.462196999999999747e+00
2.918817999999999913e+00	-1.019510799999999939e+01
2.924770000000000092e+00	-1.308030899999999974e+01
2.930721000000000132e+00	-1.463789700000000060e+01
2.936672999999999867e+00	-1.464239899999999928e+01
2.942625000000000046e+00	-1.357902799999999921e+01
2.948576999999999781e+00	-1.205612700000000004e+01
2.954528999999999961e+00	-1.068204000000000065e+01
2.960481000000000140e+00	-1.006501899999999949e+01
2.966432999999999875e+00	-1.060557799999999951e+01
2.972385000000000055e+00	-1.205114299999999972e+01
2.978336999999999790e+00	-1.402113600000000027e+01
2.984288999999999970e+00	-1.613497900000000129e+01
2.990240000000000009e+00	-1.801209300000000013e+01
2.996192000000000188e+00	-1.927189999999999870e+01
3.002143999999999924e+00	-1.953382200000000068e+01
3.008096000000000103e+00	-1.841728099999999912e+01
3.014047999999999838e+00	-1.554169800000000023e+01
3.020000000000000018e+00	-1.052649500000000060e+01
