1.199999999999999956e-01	5.409363483595244215e-01
1.249780000000000058e-01	4.215565363998807769e-01
1.305999999999999939e-01	4.816398622657377948e-01
1.367059999999999942e-01	3.521124226580547023e-01
1.431360000000000132e-01	6.197853688340212441e-01
1.497320000000000040e-01	7.225734242068300173e-01
1.563350000000000017e-01	8.745536565084315317e-01
1.627850000000000130e-01	9.921768398026092894e-01
1.689219999999999888e-01	9.734617889004495428e-01
1.745889999999999942e-01	9.270148689388604257e-01
1.796250000000000069e-01	1.047162958302100044e+00
1.839349999999999874e-01	1.091813511671566816e+00
1.877439999999999942e-01	1.040907066925260693e+00
1.913779999999999926e-01	1.193765887863748709e+00
1.951660000000000061e-01	1.131115176382131660e+00
1.994340000000000002e-01	1.325483849274871062e+00
2.044499999999999929e-01	1.323396429429182453e+00
2.101250000000000062e-01	1.527781081406734520e+00
2.162479999999999958e-01	1.864956924347829892e+00
2.226049999999999973e-01	1.949191369824186726e+00
2.289819999999999911e-01	1.996504500393025738e+00
2.351930000000000132e-01	2.029117396200218248e+00
2.412249999999999950e-01	1.964587775462503849e+00
2.471349999999999936e-01	1.864002881355642627e+00
2.529799999999999827e-01	1.754355469469408568e+00
2.588170000000000193e-01	1.748539527040742447e+00
2.646970000000000156e-01	1.358745005226982494e+00
2.706259999999999777e-01	1.387581098194451856e+00
2.765880000000000005e-01	1.166383058464366185e+00
2.825679999999999858e-01	1.327878734357862633e+00
2.885510000000000019e-01	1.433273689193074185e+00
2.945229999999999793e-01	1.452779501358146819e+00
3.004809999999999981e-01	1.373277984359768222e+00
3.064310000000000089e-01	1.590563364427886706e+00
3.123750000000000138e-01	1.764791727949545974e+00
3.183190000000000186e-01	1.775470923084778052e+00
3.242650000000000254e-01	1.912025778542761900e+00
3.302149999999999808e-01	1.964234523911078778e+00
3.361680000000000224e-01	2.088454605848733880e+00
3.421210000000000084e-01	2.416258417018404714e+00
3.480759999999999965e-01	2.261987639594225108e+00
3.540289999999999826e-01	2.289284867050662253e+00
3.599809999999999954e-01	2.168394022898730178e+00
3.659330000000000083e-01	2.160118624371799356e+00
3.718839999999999923e-01	1.923115888962505959e+00
3.778360000000000052e-01	1.961167250547993790e+00
3.837869999999999893e-01	1.819806816416158712e+00
3.897390000000000021e-01	1.916111439745173284e+00
3.956910000000000149e-01	1.959782578292949884e+00
4.016429999999999723e-01	2.064487464450488030e+00
4.075949999999999851e-01	2.407608592631009792e+00
4.135469999999999979e-01	2.524090502997542451e+00
4.194979999999999820e-01	2.564176268918034740e+00
4.254499999999999948e-01	2.771139599118972008e+00
4.314009999999999789e-01	2.745215853692924757e+00
4.373540000000000205e-01	2.754924483574320071e+00
4.433079999999999798e-01	2.438394977627248217e+00
4.492619999999999947e-01	2.290704891170641577e+00
4.552160000000000095e-01	2.348264845716450555e+00
4.611680000000000224e-01	2.105557736306146399e+00
4.671170000000000044e-01	2.429794588555032053e+00
4.730619999999999825e-01	2.280541723735882709e+00
4.790059999999999873e-01	2.397570943176906333e+00
4.849510000000000209e-01	2.550948197637652459e+00
4.909020000000000050e-01	2.855098574370749542e+00
4.968629999999999991e-01	3.401140931372971021e+00
5.028390000000000359e-01	3.381419681485875461e+00
5.088230000000000253e-01	3.420768243293761834e+00
5.148009999999999531e-01	3.538426014607400916e+00
5.207570000000000254e-01	3.449299954949019309e+00
5.266750000000000043e-01	3.751440275234185329e+00
5.325410000000000421e-01	3.783871297515912779e+00
5.383719999999999617e-01	3.918555659626858034e+00
5.442249999999999588e-01	4.081351519953638096e+00
5.501580000000000359e-01	4.211717596992583523e+00
5.562289999999999734e-01	4.495244199415031616e+00
5.624930000000000208e-01	4.487054804181542345e+00
5.688929999999999820e-01	4.605191092161796895e+00
5.752220000000000111e-01	4.805526845994084972e+00
5.812610000000000277e-01	4.878750714509568986e+00
5.867949999999999555e-01	5.046567946457852116e+00
5.916080000000000227e-01	4.681002403196758976e+00
5.957040000000000113e-01	4.646996310130632857e+00
5.993990000000000151e-01	4.499832894560584329e+00
6.030370000000000452e-01	4.437585624660712824e+00
6.069609999999999728e-01	4.525173266157096919e+00
6.115110000000000268e-01	4.700817360507254072e+00
6.168270000000000142e-01	4.675169100689998913e+00
6.227219999999999978e-01	4.858931721538124471e+00
6.289789999999999548e-01	5.289786848487207038e+00
6.353790000000000271e-01	5.538271225017915356e+00
6.417070000000000274e-01	5.683669244307274049e+00
6.478369999999999962e-01	5.725660205326283503e+00
6.538089999999999735e-01	5.583066928898452908e+00
6.596819999999999906e-01	5.586373194607959114e+00
6.655140000000000500e-01	5.331198624182650114e+00
6.713630000000000431e-01	5.252677493485409244e+00
6.772660000000000347e-01	5.448722320431288679e+00
6.832110000000000127e-01	5.274478536160929210e+00
6.891829999999999901e-01	5.440347218424876452e+00
6.951669999999999794e-01	5.401036304068699501e+00
7.011469999999999647e-01	5.752854683395075774e+00
7.071119999999999628e-01	5.871204502152509441e+00
7.130670000000000064e-01	5.964775573140125076e+00
7.190130000000000132e-01	6.294247357242537255e+00
7.249569999999999625e-01	5.996104359120836058e+00
7.309010000000000229e-01	6.250172011868852628e+00
7.368489999999999762e-01	6.169711087200139055e+00
7.428000000000000158e-01	6.163582520730160219e+00
7.487530000000000019e-01	6.117772346286670881e+00
7.547080000000000455e-01	5.982553508196613024e+00
7.606619999999999493e-01	6.057128796985574049e+00
7.666140000000000176e-01	6.396251867741866270e+00
7.725670000000000037e-01	6.351011930701517372e+00
7.785180000000000433e-01	6.579688819286838353e+00
7.844689999999999719e-01	7.052791053056680859e+00
7.904210000000000402e-01	6.919573069959261247e+00
7.963729999999999976e-01	7.341707793677499261e+00
8.023249999999999549e-01	7.450487242296651935e+00
8.082770000000000232e-01	7.800532188830256786e+00
8.142289999999999806e-01	7.758339016323631654e+00
8.201800000000000201e-01	7.978393433029702386e+00
8.261319999999999775e-01	8.002089346852704566e+00
8.320830000000000171e-01	7.985222750199083563e+00
8.380349999999999744e-01	8.026872324175844398e+00
8.439870000000000427e-01	7.848493054756004561e+00
8.499400000000000288e-01	7.903731773542688188e+00
8.558940000000000436e-01	7.863738195807837172e+00
8.618479999999999475e-01	7.773261336312607739e+00
8.678010000000000446e-01	7.767001273587203158e+00
8.737519999999999731e-01	7.740343210866853063e+00
8.797000000000000375e-01	7.617841965516546132e+00
8.856439999999999868e-01	7.575119052048095547e+00
8.915870000000000184e-01	7.391692718930378270e+00
8.975349999999999717e-01	7.282049523643324029e+00
9.034900000000000153e-01	7.059190196592869171e+00
9.094569999999999599e-01	7.071797654845857650e+00
9.154379999999999740e-01	6.786342800908117034e+00
9.214210000000000456e-01	6.805159978487036021e+00
9.273909999999999654e-01	6.681086385851922493e+00
9.333329999999999682e-01	6.456686919473221486e+00
9.392300000000000093e-01	6.235060181348531572e+00
9.450749999999999984e-01	6.392126968954970678e+00
9.509090000000000042e-01	6.119061396576747747e+00
9.567890000000000006e-01	6.469374885907093642e+00
9.627750000000000474e-01	6.378085766080302754e+00
9.689229999999999787e-01	6.369314534413875961e+00
9.752680000000000238e-01	6.398767864971545372e+00
9.816639999999999810e-01	6.531705287544231631e+00
9.878930000000000211e-01	6.510451770521251902e+00
9.937399999999999567e-01	6.248552003356404150e+00
9.989850000000000119e-01	6.324723562841172431e+00
1.003457999999999961e+00	6.413361139313750847e+00
1.007338000000000067e+00	6.500942265230723827e+00
1.010966000000000031e+00	6.383829546403757327e+00
1.014685999999999977e+00	6.363323096189511752e+00
1.018841000000000108e+00	6.256361023419454881e+00
1.023735000000000062e+00	6.092225488382333687e+00
1.029328999999999938e+00	5.961414385223661405e+00
1.035408000000000106e+00	5.613529979705814910e+00
1.041754000000000069e+00	5.827420796076085097e+00
1.048148999999999997e+00	5.929341700997121656e+00
1.054391999999999996e+00	5.766006354227731556e+00
1.060446000000000000e+00	5.931154358302012319e+00
1.066368999999999900e+00	5.875422508254132481e+00
1.072216999999999976e+00	6.029201326513033976e+00
1.078049000000000035e+00	6.422123417766689712e+00
1.083920999999999912e+00	6.326218904675196875e+00
1.089842999999999895e+00	6.417093704936432275e+00
1.095801999999999943e+00	6.758473158216515841e+00
1.101780999999999899e+00	6.848046858119785085e+00
1.107765000000000111e+00	6.850040884741246394e+00
1.113739999999999952e+00	6.882365388086705060e+00
1.119699999999999918e+00	6.952394076266033451e+00
1.125650000000000039e+00	7.048670982363645976e+00
1.131594999999999906e+00	7.373792773119294708e+00
1.137537999999999938e+00	7.134442017115657286e+00
1.143483999999999945e+00	7.350066516819513396e+00
1.149432999999999927e+00	7.389836635337136528e+00
1.155386000000000024e+00	7.695062698083859232e+00
1.161338999999999899e+00	7.813145979010687192e+00
1.167294000000000054e+00	7.819377512170020417e+00
1.173246999999999929e+00	7.639005822314778094e+00
1.179200000000000026e+00	7.964338438170008416e+00
1.185151999999999983e+00	8.072035951416294708e+00
1.191103000000000023e+00	8.148406942507072870e+00
1.197054000000000062e+00	8.043642966988681309e+00
1.203006000000000020e+00	8.370245541751510032e+00
1.208957999999999977e+00	8.586372628523982087e+00
1.214909999999999934e+00	9.110309800424534643e+00
1.220861999999999892e+00	9.498631942850437326e+00
1.226814000000000071e+00	9.955319137796893258e+00
1.232765000000000111e+00	1.006958813431615773e+01
1.238717000000000068e+00	1.039098658531557540e+01
1.244668000000000108e+00	1.044623318162131476e+01
1.250620000000000065e+00	1.036084502680940034e+01
1.256572000000000022e+00	1.044230655755917070e+01
1.262526000000000037e+00	1.074942578110286640e+01
1.268480000000000052e+00	1.096386485469364480e+01
1.274434000000000067e+00	1.133726078371694967e+01
1.280386000000000024e+00	1.165918813012507016e+01
1.286335999999999924e+00	1.179703744859456727e+01
1.292281999999999931e+00	1.222924152961338251e+01
1.298224999999999962e+00	1.250143742496804933e+01
1.304170000000000051e+00	1.273419335398119756e+01
1.310119999999999951e+00	1.300025803465495144e+01
1.316079999999999917e+00	1.315344928911370737e+01
1.322052999999999923e+00	1.338877999558191512e+01
1.328036999999999912e+00	1.362605975000660763e+01
1.334017000000000008e+00	1.381514349878244197e+01
1.339976000000000056e+00	1.400001162660914034e+01
1.345900000000000096e+00	1.413033132271133852e+01
1.351774000000000031e+00	1.427707759293379830e+01
1.357607000000000008e+00	1.459509975809359972e+01
1.363453000000000026e+00	1.510257277465822057e+01
1.369372000000000034e+00	1.523951844747021767e+01
1.375421999999999922e+00	1.548914574338192907e+01
1.381658999999999970e+00	1.581265320106751027e+01
1.388052000000000064e+00	1.635856149688958183e+01
1.394403000000000059e+00	1.671726817403767384e+01
1.400492999999999988e+00	1.704077404275168206e+01
1.406104999999999938e+00	1.722733591701103606e+01
1.411021999999999998e+00	1.727001213253043943e+01
1.415195999999999898e+00	1.749150969777493358e+01
1.418924000000000074e+00	1.755609170897331595e+01
1.422549999999999981e+00	1.757958228565006564e+01
1.426417000000000046e+00	1.760084244702715139e+01
1.430868000000000029e+00	1.744679497978406957e+01
1.436091000000000006e+00	1.757509529766889855e+01
1.441923000000000066e+00	1.757953697454498965e+01
1.448144000000000098e+00	1.767328107472726728e+01
1.454538000000000109e+00	1.788196202025263659e+01
1.460887000000000047e+00	1.786287227508828224e+01
1.467041999999999957e+00	1.800612699441620990e+01
1.473030999999999979e+00	1.789713729212483884e+01
1.478914000000000062e+00	1.808394814718370469e+01
1.484749000000000096e+00	1.792927982577455737e+01
1.490591999999999917e+00	1.789617988833569839e+01
1.496488000000000040e+00	1.779528953300640026e+01
1.502428000000000097e+00	1.763194623386212712e+01
1.508397999999999906e+00	1.752552404097803773e+01
1.514380999999999977e+00	1.755486208644843060e+01
1.520361999999999991e+00	1.748546468418673072e+01
1.526329999999999965e+00	1.744150617127816361e+01
1.532284999999999897e+00	1.746793134908615386e+01
1.538232999999999961e+00	1.763464924388445709e+01
1.544175999999999993e+00	1.791101630573599124e+01
1.550119999999999942e+00	1.786753084878475306e+01
1.556068000000000007e+00	1.830519884563526745e+01
1.562019000000000046e+00	1.838938968465865642e+01
1.567971999999999921e+00	1.868917383757568018e+01
1.573925999999999936e+00	1.885498814899490228e+01
1.579879999999999951e+00	1.905411944086444009e+01
1.585833000000000048e+00	1.917239468717156825e+01
1.591785000000000005e+00	1.917958448968722251e+01
1.597736999999999963e+00	1.913700511548071148e+01
1.603688000000000002e+00	1.897601478517945850e+01
1.609639000000000042e+00	1.866870041720661888e+01
1.615590999999999999e+00	1.864507593217127379e+01
1.621542999999999957e+00	1.857867668438783326e+01
1.627494999999999914e+00	1.843024136451031225e+01
1.633447000000000093e+00	1.821791939468951327e+01
1.639399000000000051e+00	1.815326199079622427e+01
1.645350000000000090e+00	1.826771396187706031e+01
1.651302000000000048e+00	1.845859945585109330e+01
1.657253000000000087e+00	1.856203948563620898e+01
1.663205000000000044e+00	1.867270796875165928e+01
1.669157999999999920e+00	1.880431935328392967e+01
1.675111999999999934e+00	1.888327938354463953e+01
1.681065999999999949e+00	1.886397393896138652e+01
1.687019000000000046e+00	1.890084913195879324e+01
1.692971000000000004e+00	1.889240762082028269e+01
1.698919000000000068e+00	1.864544894380203033e+01
1.704863000000000017e+00	1.866609763496410324e+01
1.710806999999999967e+00	1.852599444587077571e+01
1.716752999999999973e+00	1.824404309450614647e+01
1.722706999999999988e+00	1.821466876987025785e+01
1.728671999999999986e+00	1.787533216921827872e+01
1.734652000000000083e+00	1.773250845811988796e+01
1.740636000000000072e+00	1.759730504200490486e+01
1.746609000000000078e+00	1.756386418688240525e+01
1.752555000000000085e+00	1.729520594743163997e+01
1.758458000000000077e+00	1.717095677337141524e+01
1.764308999999999905e+00	1.680365524254550635e+01
1.770140999999999964e+00	1.670968694822430578e+01
1.776011999999999924e+00	1.650551316026997739e+01
1.781979999999999897e+00	1.622544045970304083e+01
1.788105000000000055e+00	1.613275799340708261e+01
1.794426999999999994e+00	1.572008947748511787e+01
1.800829000000000013e+00	1.512587118318830015e+01
1.807091999999999921e+00	1.496445440787076109e+01
1.813002000000000002e+00	1.461686481988106756e+01
1.818338000000000010e+00	1.429516504113576936e+01
1.822912000000000088e+00	1.424220850474553757e+01
1.826850000000000085e+00	1.408891993715699265e+01
1.830492000000000008e+00	1.412231288492261072e+01
1.834179999999999922e+00	1.424752836521458832e+01
1.838259000000000087e+00	1.429744510636792398e+01
1.843048000000000020e+00	1.421563353158200549e+01
1.848562000000000038e+00	1.439624186463211331e+01
1.854589999999999961e+00	1.427166346851624290e+01
1.860913000000000039e+00	1.425129810314809831e+01
1.867313999999999918e+00	1.469061480890336036e+01
1.873583999999999916e+00	1.462339615427369743e+01
1.879660000000000108e+00	1.487296266308637094e+01
1.885596000000000050e+00	1.512336270375014280e+01
1.891450999999999993e+00	1.546845010794169895e+01
1.897281999999999913e+00	1.579489135091428942e+01
1.903146999999999922e+00	1.604139192781574152e+01
1.909062999999999954e+00	1.642154521631844233e+01
1.915018000000000109e+00	1.673716980138815202e+01
1.920995999999999926e+00	1.691550575870960316e+01
1.926979999999999915e+00	1.744919592491659444e+01
1.932955999999999896e+00	1.779585327034213904e+01
1.938917999999999919e+00	1.819315001038058099e+01
1.944868999999999959e+00	1.844061313541288172e+01
1.950814000000000048e+00	1.883292600263919780e+01
1.956757999999999997e+00	1.899616516901553354e+01
1.962703000000000086e+00	1.925602852508237106e+01
1.968652000000000069e+00	1.971521200808900076e+01
1.974604000000000026e+00	1.984124881450366118e+01
1.980558000000000041e+00	2.035472719706706712e+01
1.986512000000000056e+00	2.054051101621568876e+01
1.992466000000000070e+00	2.091777091394322241e+01
1.998418000000000028e+00	2.135057144908965299e+01
2.004370000000000207e+00	2.151690653431186107e+01
2.010321999999999942e+00	2.189547276310274881e+01
2.016272999999999982e+00	2.191718925486997804e+01
2.022224000000000022e+00	2.223140832361991315e+01
2.028176000000000201e+00	2.231630313540189547e+01
2.034127999999999936e+00	2.222250382497884047e+01
2.040080000000000116e+00	2.246201186570278097e+01
2.046031999999999851e+00	2.248964677625729536e+01
2.051984000000000030e+00	2.262105678291329269e+01
2.057935000000000070e+00	2.289955773414139983e+01
2.063886999999999805e+00	2.333789773797885658e+01
2.069837999999999845e+00	2.359125677279301314e+01
2.075791000000000164e+00	2.382037899759730593e+01
2.081744000000000039e+00	2.388024308271462459e+01
2.087698000000000054e+00	2.396854382258827343e+01
2.093652000000000069e+00	2.408219360863325420e+01
2.099604999999999944e+00	2.420672666184251653e+01
2.105554999999999843e+00	2.414451791773209877e+01
2.111501000000000072e+00	2.382681157421034612e+01
2.117445000000000022e+00	2.374167043528640164e+01
2.123388999999999971e+00	2.372670571980408738e+01
2.129338000000000175e+00	2.351702049855123278e+01
2.135295999999999861e+00	2.341871832755791871e+01
2.141268000000000171e+00	2.343448467009242719e+01
2.147250999999999799e+00	2.332003489320268841e+01
2.153232000000000035e+00	2.354944212435897555e+01
2.159196000000000115e+00	2.379514811034592725e+01
2.165125000000000188e+00	2.383155379641208071e+01
2.171006000000000213e+00	2.415597735521694744e+01
2.176841000000000026e+00	2.443572749816830836e+01
2.182682999999999929e+00	2.437739416419078964e+01
2.188588999999999896e+00	2.476656735636193218e+01
2.194618000000000180e+00	2.491652144027558435e+01
2.200828000000000007e+00	2.517483379523631015e+01
2.207209999999999894e+00	2.557650454236778259e+01
2.213579000000000185e+00	2.594229913080765115e+01
2.219714999999999883e+00	2.622149909807410140e+01
2.225403000000000020e+00	2.645003626202829139e+01
2.230423000000000044e+00	2.653210655110142469e+01
2.234681000000000139e+00	2.670554866422923013e+01
2.238447999999999993e+00	2.672970898017446828e+01
2.242068000000000172e+00	2.666727180288403432e+01
2.245884000000000214e+00	2.656358214814199314e+01
2.250237999999999960e+00	2.660901197473710056e+01
2.255365999999999982e+00	2.648645722061354135e+01
2.261130000000000084e+00	2.639912589975546808e+01
2.267313000000000134e+00	2.649324616560083356e+01
2.273696000000000161e+00	2.654417403941518216e+01
2.280063999999999869e+00	2.664820872573109867e+01
2.286243999999999943e+00	2.674507960778126403e+01
2.292251999999999956e+00	2.689670454003523759e+01
2.298146000000000022e+00	2.674443781951453758e+01
2.303983000000000114e+00	2.708669698054722019e+01
2.309822000000000042e+00	2.685006390453156655e+01
2.315710999999999853e+00	2.685133440743529221e+01
2.321645999999999876e+00	2.693396045729326005e+01
2.327612999999999932e+00	2.668348202269629610e+01
2.333594999999999864e+00	2.641477010327560748e+01
2.339576999999999796e+00	2.648193486749039138e+01
2.345546999999999827e+00	2.630465812996089525e+01
2.351503999999999817e+00	2.602636251294872594e+01
2.357451999999999881e+00	2.589810472197396152e+01
2.363395999999999830e+00	2.583890753094505044e+01
2.369339000000000084e+00	2.554870307720401357e+01
2.375286000000000008e+00	2.563013202328993856e+01
2.381237000000000048e+00	2.580077135192052040e+01
2.387189999999999923e+00	2.591013318669162047e+01
2.393143999999999938e+00	2.624540510948662941e+01
2.399097999999999953e+00	2.689491454961458672e+01
2.405050999999999828e+00	2.738493474336527811e+01
2.411004000000000147e+00	2.802489835242592164e+01
2.416955999999999882e+00	2.883787786111151874e+01
2.422906999999999922e+00	2.954775884619786908e+01
2.428857999999999961e+00	3.000172711110671031e+01
2.434809000000000001e+00	3.030272845674685200e+01
2.440760000000000041e+00	3.034665523580079594e+01
2.446712000000000220e+00	3.009166126756427673e+01
2.452663999999999955e+00	2.962225769317429069e+01
2.458616999999999830e+00	2.908100216338567989e+01
2.464570999999999845e+00	2.817488605591856299e+01
2.470524999999999860e+00	2.715814584898540929e+01
2.476478000000000179e+00	2.583471253055304118e+01
2.482429999999999914e+00	2.454547848074656713e+01
2.488377999999999979e+00	2.322990016966336313e+01
2.494323000000000068e+00	2.207513053375356193e+01
2.500265999999999877e+00	2.067135945549387444e+01
2.506212000000000106e+00	1.973583312059787431e+01
2.512164999999999981e+00	1.859735199410467033e+01
2.518129000000000062e+00	1.743333873370137255e+01
2.524108000000000018e+00	1.654508165722461754e+01
2.530091999999999786e+00	1.570622973591635940e+01
2.536067000000000071e+00	1.476860492089585364e+01
2.542015999999999831e+00	1.392830955294186346e+01
2.547924000000000078e+00	1.323976812626996491e+01
2.553779000000000021e+00	1.228108478264762660e+01
2.559610000000000163e+00	1.159675726853911648e+01
2.565475000000000172e+00	1.094126385770591980e+01
2.571432000000000162e+00	1.035390810489176161e+01
2.577539999999999942e+00	9.778582959139185959e+00
2.583845999999999865e+00	9.073158419463903002e+00
2.590249000000000024e+00	8.152954892128622788e+00
2.596534000000000120e+00	7.565221286143957613e+00
2.602485000000000159e+00	7.056902302599920240e+00
2.607883000000000173e+00	6.453601893606288442e+00
2.612527000000000044e+00	6.549010569527834669e+00
2.616509000000000196e+00	6.976220936352334867e+00
2.620163999999999938e+00	8.162535456073888085e+00
2.623834000000000000e+00	9.689731147617663964e+00
2.627863000000000060e+00	1.175469919443202116e+01
2.632579999999999920e+00	1.484427062185567792e+01
2.638037000000000187e+00	1.828439580073383652e+01
2.644026000000000209e+00	2.108956056548922930e+01
2.650332000000000132e+00	2.368059263408221682e+01
2.656734000000000151e+00	2.426363593544711605e+01
2.663022999999999918e+00	2.269666044705155983e+01
2.669115000000000126e+00	1.905654749275351634e+01
2.675060999999999911e+00	1.398002810642638494e+01
2.680919999999999970e+00	8.710285306319059728e+00
2.686751000000000111e+00	3.528127729591886919e+00
2.692610999999999866e+00	-2.673229668158886296e-01
2.698523999999999923e+00	-2.231087406774327597e+00
2.704476000000000102e+00	-3.000738297664815146e+00
2.710452000000000083e+00	-3.154190025663565766e+00
2.716435999999999851e+00	-2.889917504551187122e+00
2.722412999999999972e+00	-2.624888161613668114e+00
2.728375999999999912e+00	-2.693996951031448095e+00
2.734328000000000092e+00	-2.897292480794821934e+00
2.740273999999999877e+00	-3.292770717841507100e+00
2.746217000000000130e+00	-3.806954994337647502e+00
2.752162000000000219e+00	-4.385691615347898420e+00
2.758110999999999979e+00	-4.826351652950800819e+00
2.764063000000000159e+00	-5.188120758557527523e+00
2.770016000000000034e+00	-5.344626910174608447e+00
2.775971000000000188e+00	-5.233619465415789485e+00
2.781924000000000063e+00	-4.664485439932423816e+00
2.787876999999999938e+00	-3.504630031956732061e+00
2.793829000000000118e+00	-2.149792367523411851e+00
2.799780999999999853e+00	-3.427329965150570645e-01
2.805731999999999893e+00	1.651013324932492310e+00
2.811682999999999932e+00	3.882615527202710304e+00
2.817635000000000112e+00	6.158660287701883007e+00
2.823586999999999847e+00	8.607894740562423763e+00
2.829539000000000026e+00	1.128077707308956157e+01
2.835491000000000206e+00	1.423064266243688891e+01
2.841442999999999941e+00	1.724949781629701206e+01
2.847395000000000120e+00	2.024671192148165133e+01
2.853346999999999856e+00	2.359929653241207603e+01
2.859299000000000035e+00	2.581926867773431411e+01
2.865251000000000214e+00	2.758712737776176738e+01
2.871201999999999810e+00	2.815231386935022684e+01
2.877153999999999989e+00	2.751916518552738822e+01
2.883106000000000169e+00	2.624934155312789130e+01
2.889057999999999904e+00	2.380042676817263825e+01
2.895010000000000083e+00	2.216589525665095906e+01
2.900961999999999819e+00	2.050092951072800673e+01
2.906913999999999998e+00	1.935871608234425167e+01
2.912866000000000177e+00	1.837183195333412300e+01
2.918817999999999913e+00	1.659677738780626655e+01
2.924770000000000092e+00	1.369382771074763561e+01
2.930721000000000132e+00	8.762479669153877992e+00
2.936672999999999867e+00	1.517404369943599507e+00
2.942625000000000046e+00	-6.821784002948032999e+00
2.948576999999999781e+00	-1.509242661770379357e+01
2.954528999999999961e+00	-2.206164136467636538e+01
2.960481000000000140e+00	-2.660878161913129958e+01
2.966432999999999875e+00	-2.787434378922797862e+01
2.972385000000000055e+00	-2.630479670820237459e+01
2.978336999999999790e+00	-2.274852137354480774e+01
2.984288999999999970e+00	-1.777951941229256860e+01
2.990240000000000009e+00	-1.199571919891285532e+01
2.996192000000000188e+00	-5.930139019840065195e+00
3.002143999999999924e+00	-9.737475381366043070e-01
3.008096000000000103e+00	2.692169399753252090e+00
3.014047999999999838e+00	4.425645400768572379e+00
3.020000000000000018e+00	3.223696106850221010e+00
