1.199999999999999956e-01	-1.727247101491979908e-01
1.249780000000000058e-01	2.188700987269809328e-04
1.305999999999999939e-01	7.641746565701073024e-01
1.367059999999999942e-01	1.169690670428872536e+00
1.431360000000000132e-01	1.340422332137072958e+00
1.497320000000000040e-01	1.665180092547339674e+00
1.563350000000000017e-01	1.369163205133375749e+00
1.627850000000000130e-01	1.692827407810984619e+00
1.689219999999999888e-01	1.667855768722946053e+00
1.745889999999999942e-01	1.349976089897142462e+00
1.796250000000000069e-01	2.147017440185407633e+00
1.839349999999999874e-01	2.125567149310391368e+00
1.877439999999999942e-01	1.743146576918264579e+00
1.913779999999999926e-01	1.726982700894988287e+00
1.951660000000000061e-01	1.994756603730497346e+00
1.994340000000000002e-01	1.315327056116400328e+00
2.044499999999999929e-01	1.631515574978208649e+00
2.101250000000000062e-01	1.766658659979161605e+00
2.162479999999999958e-01	1.362827926368115783e+00
2.226049999999999973e-01	1.943720365360913860e+00
2.289819999999999911e-01	1.136990680543816135e+00
2.351930000000000132e-01	1.390695262472024574e+00
2.412249999999999950e-01	1.647412422014744804e+00
2.471349999999999936e-01	1.819824039408735938e+00
2.529799999999999827e-01	2.058576656972295638e+00
2.588170000000000193e-01	2.142213780165592940e+00
2.646970000000000156e-01	2.280561293298165371e+00
2.706259999999999777e-01	2.120006030877636505e+00
2.765880000000000005e-01	2.285966349307869017e+00
2.825679999999999858e-01	2.083545472276446819e+00
2.885510000000000019e-01	2.318957483813055998e+00
2.945229999999999793e-01	2.307082156057285172e+00
3.004809999999999981e-01	2.765928350920325407e+00
3.064310000000000089e-01	2.735395906367789287e+00
3.123750000000000138e-01	2.834198722176634266e+00
3.183190000000000186e-01	2.463632140312947527e+00
3.242650000000000254e-01	2.117254455212216779e+00
3.302149999999999808e-01	2.724584572725896603e+00
3.361680000000000224e-01	2.385637452514109302e+00
3.421210000000000084e-01	2.051366622599055223e+00
3.480759999999999965e-01	2.583092356492087571e+00
3.540289999999999826e-01	1.966725835085598284e+00
3.599809999999999954e-01	2.010964412844243210e+00
3.659330000000000083e-01	2.454705887441174017e+00
3.718839999999999923e-01	2.288739827245290570e+00
3.778360000000000052e-01	2.125701911831244129e+00
3.837869999999999893e-01	2.418773497248338344e+00
3.897390000000000021e-01	2.724739151070223908e+00
3.956910000000000149e-01	2.820455017642062856e+00
4.016429999999999723e-01	3.155386629845458035e+00
4.075949999999999851e-01	3.090240782058351510e+00
4.135469999999999979e-01	2.859769702783637513e+00
4.194979999999999820e-01	3.654449377366970619e+00
4.254499999999999948e-01	3.656484173753746347e+00
4.314009999999999789e-01	3.808014491110761846e+00
4.373540000000000205e-01	4.209059560275308698e+00
4.433079999999999798e-01	4.357506719545462204e+00
4.492619999999999947e-01	4.111785071650669643e+00
4.552160000000000095e-01	4.327202902183977073e+00
4.611680000000000224e-01	4.642276851550219519e+00
4.671170000000000044e-01	3.948636290291210216e+00
4.730619999999999825e-01	4.290961037946100731e+00
4.790059999999999873e-01	4.461484668745727689e+00
4.849510000000000209e-01	4.840863214790598335e+00
4.909020000000000050e-01	4.763903643464908910e+00
4.968629999999999991e-01	4.923041988084741583e+00
5.028390000000000359e-01	5.077731076527173926e+00
5.088230000000000253e-01	4.831919878399582480e+00
5.148009999999999531e-01	4.988119727043867968e+00
5.207570000000000254e-01	5.403243608775155415e+00
5.266750000000000043e-01	5.182873653826673532e+00
5.325410000000000421e-01	5.285336377306632194e+00
5.383719999999999617e-01	5.101288880118173275e+00
5.442249999999999588e-01	5.498524888815948586e+00
5.501580000000000359e-01	5.755999142194525575e+00
5.562289999999999734e-01	5.894685707728336332e+00
5.624930000000000208e-01	5.733339061553128779e+00
5.688929999999999820e-01	6.028727453047019402e+00
5.752220000000000111e-01	6.197606964594751133e+00
5.812610000000000277e-01	6.384107267273107844e+00
5.867949999999999555e-01	7.070738835971974723e+00
5.916080000000000227e-01	7.190283750454085521e+00
5.957040000000000113e-01	7.080468844122257188e+00
5.993990000000000151e-01	7.296566084300012633e+00
6.030370000000000452e-01	7.535070843457365442e+00
6.069609999999999728e-01	7.622166477127693796e+00
6.115110000000000268e-01	7.743615394163461119e+00
6.168270000000000142e-01	7.689167977813328392e+00
6.227219999999999978e-01	8.298600247027719590e+00
6.289789999999999548e-01	8.156796956412053490e+00
6.353790000000000271e-01	8.246985911503344369e+00
6.417070000000000274e-01	8.669290933940674293e+00
6.478369999999999962e-01	8.794974070045872949e+00
6.538089999999999735e-01	8.567259510661392241e+00
6.596819999999999906e-01	8.570200698285908913e+00
6.655140000000000500e-01	8.453345612230668493e+00
6.713630000000000431e-01	8.841991154137332387e+00
6.772660000000000347e-01	9.190348773251626469e+00
6.832110000000000127e-01	9.073551197367798693e+00
6.891829999999999901e-01	9.522358408803755836e+00
6.951669999999999794e-01	9.444405562659177633e+00
7.011469999999999647e-01	9.250767094861117812e+00
7.071119999999999628e-01	1.004103015629552509e+01
7.130670000000000064e-01	1.011175563974214420e+01
7.190130000000000132e-01	1.002221798685653553e+01
7.249569999999999625e-01	1.029076446057759320e+01
7.309010000000000229e-01	1.039771512142675647e+01
7.368489999999999762e-01	1.026486302869667000e+01
7.428000000000000158e-01	1.051814282855262839e+01
7.487530000000000019e-01	1.062929903982420043e+01
7.547080000000000455e-01	1.086910461234119474e+01
7.606619999999999493e-01	1.121538610809852088e+01
7.666140000000000176e-01	1.100253282125516030e+01
7.725670000000000037e-01	1.165367695586074603e+01
7.785180000000000433e-01	1.198787475990831375e+01
7.844689999999999719e-01	1.252125546549214263e+01
7.904210000000000402e-01	1.245301083634355166e+01
7.963729999999999976e-01	1.281911163209405835e+01
8.023249999999999549e-01	1.342372973112294154e+01
8.082770000000000232e-01	1.355669897165017446e+01
8.142289999999999806e-01	1.364437738825264290e+01
8.201800000000000201e-01	1.346811938077788184e+01
8.261319999999999775e-01	1.386195924298328208e+01
8.320830000000000171e-01	1.406447634135759905e+01
8.380349999999999744e-01	1.431864428994270533e+01
8.439870000000000427e-01	1.448138294747578136e+01
8.499400000000000288e-01	1.448346566009389491e+01
8.558940000000000436e-01	1.368239763620863236e+01
8.618479999999999475e-01	1.371804179830489367e+01
8.678010000000000446e-01	1.375560644106933417e+01
8.737519999999999731e-01	1.372624321718064877e+01
8.797000000000000375e-01	1.359050503639164553e+01
8.856439999999999868e-01	1.310911109912716022e+01
8.915870000000000184e-01	1.296385218151554675e+01
8.975349999999999717e-01	1.256635724133280618e+01
9.034900000000000153e-01	1.196370178659409866e+01
9.094569999999999599e-01	1.141365800488043369e+01
9.154379999999999740e-01	1.163443131357756677e+01
9.214210000000000456e-01	1.087481587323763854e+01
9.273909999999999654e-01	1.083547160026594725e+01
9.333329999999999682e-01	1.069723105610968084e+01
9.392300000000000093e-01	1.023374405365721884e+01
9.450749999999999984e-01	1.007587900357503941e+01
9.509090000000000042e-01	9.610296983034590568e+00
9.567890000000000006e-01	9.629439609202037786e+00
9.627750000000000474e-01	9.337996592676025998e+00
9.689229999999999787e-01	9.589081527454601073e+00
9.752680000000000238e-01	9.204118675655070803e+00
9.816639999999999810e-01	9.690354775532108889e+00
9.878930000000000211e-01	9.520710598132813729e+00
9.937399999999999567e-01	9.459544722155118990e+00
9.989850000000000119e-01	9.324587094821499278e+00
1.003457999999999961e+00	9.310342224589357230e+00
1.007338000000000067e+00	9.715301821189944675e+00
1.010966000000000031e+00	9.814272107784514532e+00
1.014685999999999977e+00	9.897135640873157669e+00
1.018841000000000108e+00	9.790296265946006216e+00
1.023735000000000062e+00	9.600014713402442723e+00
1.029328999999999938e+00	9.561255904819613960e+00
1.035408000000000106e+00	9.593033111895637788e+00
1.041754000000000069e+00	9.955916440414599222e+00
1.048148999999999997e+00	1.006032295603920446e+01
1.054391999999999996e+00	1.015974829547812952e+01
1.060446000000000000e+00	1.084520624346995632e+01
1.066368999999999900e+00	1.055256896036435066e+01
1.072216999999999976e+00	9.849276402161210697e+00
1.078049000000000035e+00	1.059490662448638076e+01
1.083920999999999912e+00	1.020566701905255691e+01
1.089842999999999895e+00	1.080031187291889161e+01
1.095801999999999943e+00	1.052438529472745721e+01
1.101780999999999899e+00	1.040604430603335651e+01
1.107765000000000111e+00	1.014416595653050024e+01
1.113739999999999952e+00	1.041680214341104538e+01
1.119699999999999918e+00	1.011353926162405692e+01
1.125650000000000039e+00	1.038258361175916633e+01
1.131594999999999906e+00	9.953352908212686145e+00
1.137537999999999938e+00	1.037645817435777573e+01
1.143483999999999945e+00	1.055077575959166403e+01
1.149432999999999927e+00	1.086365039753123085e+01
1.155386000000000024e+00	1.092936862035955592e+01
1.161338999999999899e+00	1.125849313229800508e+01
1.167294000000000054e+00	1.170402385132970124e+01
1.173246999999999929e+00	1.182495709657195349e+01
1.179200000000000026e+00	1.217068392958076650e+01
1.185151999999999983e+00	1.242711823325314846e+01
1.191103000000000023e+00	1.215187287234669888e+01
1.197054000000000062e+00	1.286863762711141490e+01
1.203006000000000020e+00	1.340966261367490198e+01
1.208957999999999977e+00	1.346662655116390184e+01
1.214909999999999934e+00	1.345231421205579991e+01
1.220861999999999892e+00	1.374441161290927305e+01
1.226814000000000071e+00	1.363279200354362075e+01
1.232765000000000111e+00	1.377046226074696200e+01
1.238717000000000068e+00	1.391234489166660637e+01
1.244668000000000108e+00	1.429555470858097088e+01
1.250620000000000065e+00	1.475178534921593432e+01
1.256572000000000022e+00	1.462170355786433262e+01
1.262526000000000037e+00	1.495474768968876589e+01
1.268480000000000052e+00	1.537858162759040681e+01
1.274434000000000067e+00	1.589524732778122029e+01
1.280386000000000024e+00	1.686392376105790092e+01
1.286335999999999924e+00	1.726167920146694712e+01
1.292281999999999931e+00	1.838996362623305458e+01
1.298224999999999962e+00	1.851914465379168107e+01
1.304170000000000051e+00	1.933291688408728959e+01
1.310119999999999951e+00	2.032530208923817838e+01
1.316079999999999917e+00	2.150277161665341197e+01
1.322052999999999923e+00	2.227451389089516809e+01
1.328036999999999912e+00	2.336499725241522540e+01
1.334017000000000008e+00	2.413895018468956266e+01
1.339976000000000056e+00	2.485357913237833571e+01
1.345900000000000096e+00	2.543734344010800541e+01
1.351774000000000031e+00	2.576776879524251029e+01
1.357607000000000008e+00	2.672479193032530631e+01
1.363453000000000026e+00	2.675163773115167842e+01
1.369372000000000034e+00	2.698009996832054824e+01
1.375421999999999922e+00	2.752077353618521016e+01
1.381658999999999970e+00	2.710839962376838841e+01
1.388052000000000064e+00	2.723451664290149665e+01
1.394403000000000059e+00	2.702541260425090996e+01
1.400492999999999988e+00	2.685515567588135966e+01
1.406104999999999938e+00	2.689056173698308783e+01
1.411021999999999998e+00	2.682447737907935092e+01
1.415195999999999898e+00	2.677438797360479228e+01
1.418924000000000074e+00	2.696143707494566399e+01
1.422549999999999981e+00	2.738735424082637238e+01
1.426417000000000046e+00	2.777102373454643569e+01
1.430868000000000029e+00	2.846457138511276952e+01
1.436091000000000006e+00	2.928314721998230041e+01
1.441923000000000066e+00	3.021649450708148521e+01
1.448144000000000098e+00	3.145145288893186120e+01
1.454538000000000109e+00	3.214358408776993770e+01
1.460887000000000047e+00	3.356186864493525235e+01
1.467041999999999957e+00	3.465894099752030399e+01
1.473030999999999979e+00	3.666096150347978266e+01
1.478914000000000062e+00	3.696843008750232684e+01
1.484749000000000096e+00	3.799962075517653659e+01
1.490591999999999917e+00	3.874479061823699055e+01
1.496488000000000040e+00	3.897040864333261112e+01
1.502428000000000097e+00	3.896936956343785141e+01
1.508397999999999906e+00	3.896947846396835757e+01
1.514380999999999977e+00	3.819968954908505765e+01
1.520361999999999991e+00	3.764174916316093800e+01
1.526329999999999965e+00	3.660145200422789458e+01
1.532284999999999897e+00	3.598586573876850991e+01
1.538232999999999961e+00	3.480963854757010978e+01
1.544175999999999993e+00	3.337051105609878476e+01
1.550119999999999942e+00	3.261322117889568517e+01
1.556068000000000007e+00	3.170612198002883630e+01
1.562019000000000046e+00	3.134457504446137222e+01
1.567971999999999921e+00	3.088468152098768726e+01
1.573925999999999936e+00	3.055180383613437911e+01
1.579879999999999951e+00	3.020257073759062649e+01
1.585833000000000048e+00	3.004958394892759799e+01
1.591785000000000005e+00	3.057463471588338777e+01
1.597736999999999963e+00	3.058941514836550724e+01
1.603688000000000002e+00	3.136302094616543457e+01
1.609639000000000042e+00	3.159306056083439529e+01
1.615590999999999999e+00	3.153031251684923220e+01
1.621542999999999957e+00	3.242726299996234474e+01
1.627494999999999914e+00	3.271574095714291275e+01
1.633447000000000093e+00	3.269316176343925662e+01
1.639399000000000051e+00	3.317206759555640616e+01
1.645350000000000090e+00	3.267858018303478929e+01
1.651302000000000048e+00	3.281677187609581381e+01
1.657253000000000087e+00	3.280892779124327774e+01
1.663205000000000044e+00	3.274616619042434706e+01
1.669157999999999920e+00	3.242297507473114848e+01
1.675111999999999934e+00	3.231711560263462957e+01
1.681065999999999949e+00	3.170012339658885736e+01
1.687019000000000046e+00	3.102427424331093420e+01
1.692971000000000004e+00	3.125562930809460127e+01
1.698919000000000068e+00	3.068817377929349988e+01
1.704863000000000017e+00	3.036333118740212811e+01
1.710806999999999967e+00	3.054810370188994995e+01
1.716752999999999973e+00	2.991877513918985443e+01
1.722706999999999988e+00	2.941699083990614483e+01
1.728671999999999986e+00	2.885819865515378524e+01
1.734652000000000083e+00	2.877318633478348531e+01
1.740636000000000072e+00	2.851184256532614469e+01
1.746609000000000078e+00	2.815897823414976742e+01
1.752555000000000085e+00	2.802157538078525434e+01
1.758458000000000077e+00	2.849604533992995314e+01
1.764308999999999905e+00	2.829231551855885485e+01
1.770140999999999964e+00	2.841117072554819600e+01
1.776011999999999924e+00	2.887181966871581906e+01
1.781979999999999897e+00	2.914966143190072145e+01
1.788105000000000055e+00	2.962296265390243732e+01
1.794426999999999994e+00	2.971773569012141891e+01
1.800829000000000013e+00	2.971803489293318634e+01
1.807091999999999921e+00	2.962017479689950861e+01
1.813002000000000002e+00	2.911819756948681714e+01
1.818338000000000010e+00	2.905745147706982578e+01
1.822912000000000088e+00	2.855986667532627266e+01
1.826850000000000085e+00	2.736020973164161774e+01
1.830492000000000008e+00	2.693053012932501389e+01
1.834179999999999922e+00	2.628213909521804226e+01
1.838259000000000087e+00	2.500743584213209303e+01
1.843048000000000020e+00	2.440508749632865104e+01
1.848562000000000038e+00	2.352220445922502989e+01
1.854589999999999961e+00	2.276517042347422759e+01
1.860913000000000039e+00	2.261887150875509178e+01
1.867313999999999918e+00	2.262401769166494603e+01
1.873583999999999916e+00	2.276947348565410323e+01
1.879660000000000108e+00	2.310593678868852763e+01
1.885596000000000050e+00	2.439018799512881230e+01
1.891450999999999993e+00	2.461302334357384680e+01
1.897281999999999913e+00	2.534934567233663216e+01
1.903146999999999922e+00	2.591238535594479941e+01
1.909062999999999954e+00	2.642387684689050786e+01
1.915018000000000109e+00	2.670941987366341408e+01
1.920995999999999926e+00	2.659869206943482567e+01
1.926979999999999915e+00	2.659107608151865421e+01
1.932955999999999896e+00	2.608804409460811868e+01
1.938917999999999919e+00	2.587815885968749896e+01
1.944868999999999959e+00	2.529272054870211406e+01
1.950814000000000048e+00	2.454719166264856511e+01
1.956757999999999997e+00	2.417809979673169352e+01
1.962703000000000086e+00	2.428049085347780078e+01
1.968652000000000069e+00	2.406173483623085119e+01
1.974604000000000026e+00	2.521262200623450767e+01
1.980558000000000041e+00	2.593587691845764454e+01
1.986512000000000056e+00	2.738103766197539812e+01
1.992466000000000070e+00	2.869334085157873204e+01
1.998418000000000028e+00	3.043755981769531616e+01
2.004370000000000207e+00	3.235370380864186757e+01
2.010321999999999942e+00	3.424945019312691130e+01
2.016272999999999982e+00	3.668195481950979797e+01
2.022224000000000022e+00	3.941791520044576913e+01
2.028176000000000201e+00	4.158299371138924272e+01
2.034127999999999936e+00	4.415708592877248151e+01
2.040080000000000116e+00	4.615416570663700924e+01
2.046031999999999851e+00	4.750001578892617715e+01
2.051984000000000030e+00	4.733470490204307168e+01
2.057935000000000070e+00	4.650852348669783254e+01
2.063886999999999805e+00	4.556730135105199508e+01
2.069837999999999845e+00	4.370370994417149291e+01
2.075791000000000164e+00	4.269585067834167802e+01
2.081744000000000039e+00	4.300624963777221410e+01
2.087698000000000054e+00	4.455493944445798604e+01
2.093652000000000069e+00	4.692913261174395956e+01
2.099604999999999944e+00	4.934979005862439294e+01
2.105554999999999843e+00	5.156059373877238983e+01
2.111501000000000072e+00	5.302425146517319376e+01
2.117445000000000022e+00	5.393441478150768376e+01
2.123388999999999971e+00	5.369599225495269934e+01
2.129338000000000175e+00	5.278819780925726945e+01
2.135295999999999861e+00	5.171601442393376402e+01
2.141268000000000171e+00	5.042828713815303843e+01
2.147250999999999799e+00	4.962376334512151033e+01
2.153232000000000035e+00	4.817811868914048290e+01
2.159196000000000115e+00	4.719036502099386610e+01
2.165125000000000188e+00	4.624234923823382815e+01
2.171006000000000213e+00	4.544663558721917695e+01
2.176841000000000026e+00	4.462342477236585836e+01
2.182682999999999929e+00	4.421165898282851714e+01
2.188588999999999896e+00	4.299020127638790001e+01
2.194618000000000180e+00	4.253855186904591079e+01
2.200828000000000007e+00	4.127444636121956734e+01
2.207209999999999894e+00	3.985067306899227191e+01
2.213579000000000185e+00	3.791682075916445882e+01
2.219714999999999883e+00	3.642517534819003799e+01
2.225403000000000020e+00	3.567668852599509677e+01
2.230423000000000044e+00	3.588625644054147301e+01
2.234681000000000139e+00	3.679630913824509975e+01
2.238447999999999993e+00	3.829282499762915393e+01
2.242068000000000172e+00	4.056811639402523895e+01
2.245884000000000214e+00	4.262982354549379238e+01
2.250237999999999960e+00	4.403071751892354513e+01
2.255365999999999982e+00	4.457575682495861713e+01
2.261130000000000084e+00	4.490383145011592347e+01
2.267313000000000134e+00	4.441084397804811346e+01
2.273696000000000161e+00	4.312765601067206234e+01
2.280063999999999869e+00	4.164839406372423269e+01
2.286243999999999943e+00	4.060662448946123249e+01
2.292251999999999956e+00	3.928205322517582943e+01
2.298146000000000022e+00	3.931584476795780603e+01
2.303983000000000114e+00	3.988886775990558675e+01
2.309822000000000042e+00	4.192316886276837806e+01
2.315710999999999853e+00	4.593463200193131968e+01
2.321645999999999876e+00	5.148998051910137974e+01
2.327612999999999932e+00	5.687097654162593585e+01
2.333594999999999864e+00	6.227483279044708553e+01
2.339576999999999796e+00	6.682665544303375782e+01
2.345546999999999827e+00	6.984893215240732900e+01
2.351503999999999817e+00	7.192899731517732675e+01
2.357451999999999881e+00	7.169992777202455159e+01
2.363395999999999830e+00	7.105049679118666006e+01
2.369339000000000084e+00	6.907849656282044748e+01
2.375286000000000008e+00	6.553739205802634160e+01
2.381237000000000048e+00	6.193701262666071727e+01
2.387189999999999923e+00	5.797299525847579105e+01
2.393143999999999938e+00	5.357334448542974314e+01
2.399097999999999953e+00	5.040666925199276704e+01
2.405050999999999828e+00	4.806323170351597440e+01
2.411004000000000147e+00	4.661955841397823974e+01
2.416955999999999882e+00	4.599146439660295727e+01
2.422906999999999922e+00	4.539105268967137619e+01
2.428857999999999961e+00	4.515733384735366940e+01
2.434809000000000001e+00	4.468377297625258393e+01
2.440760000000000041e+00	4.385733582890675564e+01
2.446712000000000220e+00	4.339597707788475844e+01
2.452663999999999955e+00	4.218298382211891351e+01
2.458616999999999830e+00	4.136269682967785855e+01
2.464570999999999845e+00	3.995724919951138077e+01
2.470524999999999860e+00	3.821045902905201785e+01
2.476478000000000179e+00	3.673564385966089674e+01
2.482429999999999914e+00	3.684051436762401721e+01
2.488377999999999979e+00	3.828176124810642023e+01
2.494323000000000068e+00	4.182423476194358614e+01
2.500265999999999877e+00	4.644230643808681691e+01
2.506212000000000106e+00	5.108382165840267675e+01
2.512164999999999981e+00	5.420536256566285260e+01
2.518129000000000062e+00	5.514039588676067893e+01
2.524108000000000018e+00	5.178963039688063219e+01
2.530091999999999786e+00	4.523885308835780705e+01
2.536067000000000071e+00	3.608335623584792273e+01
2.542015999999999831e+00	2.679370611007406922e+01
2.547924000000000078e+00	1.923913275846811644e+01
2.553779000000000021e+00	1.219230929294085719e+01
2.559610000000000163e+00	8.154017122572177811e+00
2.565475000000000172e+00	5.858652217887621916e+00
2.571432000000000162e+00	5.056259641783687364e+00
2.577539999999999942e+00	5.206734493045460432e+00
2.583845999999999865e+00	5.540053863229671194e+00
2.590249000000000024e+00	5.730849470087704844e+00
2.596534000000000120e+00	5.462361737502966719e+00
2.602485000000000159e+00	4.778764504097977373e+00
2.607883000000000173e+00	2.317814038962557444e+00
2.612527000000000044e+00	-6.513307472418670141e-01
2.616509000000000196e+00	-5.566094988603779825e+00
2.620163999999999938e+00	-1.029068451548526042e+01
2.623834000000000000e+00	-1.540507716642373559e+01
2.627863000000000060e+00	-1.915470191913187392e+01
2.632579999999999920e+00	-2.202250346923816693e+01
2.638037000000000187e+00	-2.282039650941509734e+01
2.644026000000000209e+00	-2.199134034404389482e+01
2.650332000000000132e+00	-1.970832953962897705e+01
2.656734000000000151e+00	-1.664079330206024920e+01
2.663022999999999918e+00	-1.250323373151383599e+01
2.669115000000000126e+00	-7.297116715889821137e+00
2.675060999999999911e+00	-2.241176110471434058e+00
2.680919999999999970e+00	1.720025572617339238e+00
2.686751000000000111e+00	5.050073150092194041e+00
2.692610999999999866e+00	7.003964592762627284e+00
2.698523999999999923e+00	6.863842316612243089e+00
2.704476000000000102e+00	5.722737281509602703e+00
2.710452000000000083e+00	4.655135447904131141e+00
2.716435999999999851e+00	2.479419458139697774e+00
2.722412999999999972e+00	5.200221281902982495e-01
2.728375999999999912e+00	-3.260213610025859410e-01
2.734328000000000092e+00	-7.059099377692759081e-01
2.740273999999999877e+00	-1.779163126637045012e-01
2.746217000000000130e+00	1.075236574048939575e+00
2.752162000000000219e+00	3.273767712268905061e+00
2.758110999999999979e+00	6.303971049033462393e+00
2.764063000000000159e+00	9.664920419687712538e+00
2.770016000000000034e+00	1.223663716541652313e+01
2.775971000000000188e+00	1.367644732636918015e+01
2.781924000000000063e+00	1.444734780023845033e+01
2.787876999999999938e+00	1.271555415602256112e+01
2.793829000000000118e+00	1.014537470440647304e+01
2.799780999999999853e+00	7.426547773171987998e+00
2.805731999999999893e+00	4.937859240163034791e+00
2.811682999999999932e+00	4.280129371582425790e+00
2.817635000000000112e+00	4.524558076964757092e+00
2.823586999999999847e+00	6.433816971567205556e+00
2.829539000000000026e+00	7.480410449298999787e+00
2.835491000000000206e+00	8.167651011748077394e+00
2.841442999999999941e+00	6.272050720296254767e+00
2.847395000000000120e+00	2.837542769831792544e+00
2.853346999999999856e+00	-1.704072490701791676e+00
2.859299000000000035e+00	-5.653100401605794190e+00
2.865251000000000214e+00	-8.135658238997368841e+00
2.871201999999999810e+00	-7.634450827262733164e+00
2.877153999999999989e+00	-3.980566475807018723e+00
2.883106000000000169e+00	9.180807612219066272e-01
2.889057999999999904e+00	5.628398510645262753e+00
2.895010000000000083e+00	6.447125604268222787e+00
2.900961999999999819e+00	2.157471330740885040e+00
2.906913999999999998e+00	-8.495630538642993557e+00
2.912866000000000177e+00	-2.246212050479403288e+01
2.918817999999999913e+00	-3.625490898798323514e+01
2.924770000000000092e+00	-4.793301319488206502e+01
2.930721000000000132e+00	-5.254326394743218032e+01
2.936672999999999867e+00	-4.973599909289269050e+01
2.942625000000000046e+00	-4.010200880582334548e+01
2.948576999999999781e+00	-2.775449899962337241e+01
2.954528999999999961e+00	-1.443436745756890360e+01
2.960481000000000140e+00	-2.934591746055045025e+00
2.966432999999999875e+00	4.236892911336782142e+00
2.972385000000000055e+00	7.316969067001018345e+00
2.978336999999999790e+00	7.879317604316539381e+00
2.984288999999999970e+00	5.839927872201951864e+00
2.990240000000000009e+00	1.234085619796735589e+00
2.996192000000000188e+00	-4.193537188489927736e+00
3.002143999999999924e+00	-1.070898793405718941e+01
3.008096000000000103e+00	-1.740824822174361231e+01
3.014047999999999838e+00	-2.324342029513779551e+01
3.020000000000000018e+00	-2.769019773429002740e+01
