1.199999999999999956e-01	7.506775000000000198e+00
1.249780000000000058e-01	6.212979999999999947e+00
1.305999999999999939e-01	5.251363999999999699e+00
1.367059999999999942e-01	4.568411000000000222e+00
1.431360000000000132e-01	4.110599999999999810e+00
1.497320000000000040e-01	3.824413999999999980e+00
1.563350000000000017e-01	3.656334999999999891e+00
1.627850000000000130e-01	3.552843000000000195e+00
1.689219999999999888e-01	3.460420000000000051e+00
1.745889999999999942e-01	3.325547999999999949e+00
1.796250000000000069e-01	3.094707999999999792e+00
1.839349999999999874e-01	2.729086999999999819e+00
1.877439999999999942e-01	2.264899000000000218e+00
1.913779999999999926e-01	1.762224000000000013e+00
1.951660000000000061e-01	1.281152000000000069e+00
1.994340000000000002e-01	8.817709999999999715e-01
2.044499999999999929e-01	6.157989999999999853e-01
2.101250000000000062e-01	4.866240000000000010e-01
2.162479999999999958e-01	4.803310000000000080e-01
2.226049999999999973e-01	5.829830000000000290e-01
2.289819999999999911e-01	7.806440000000000046e-01
2.351930000000000132e-01	1.058241999999999905e+00
2.412249999999999950e-01	1.393261000000000083e+00
2.471349999999999936e-01	1.760197000000000012e+00
2.529799999999999827e-01	2.133537000000000017e+00
2.588170000000000193e-01	2.487766999999999840e+00
2.646970000000000156e-01	2.798385999999999818e+00
2.706259999999999777e-01	3.048433999999999866e+00
2.765880000000000005e-01	3.224346000000000156e+00
2.825679999999999858e-01	3.312577000000000105e+00
2.885510000000000019e-01	3.299579000000000040e+00
2.945229999999999793e-01	3.176451000000000136e+00
3.004809999999999981e-01	2.973717000000000166e+00
3.064310000000000089e-01	2.741782999999999859e+00
3.123750000000000138e-01	2.531209000000000042e+00
3.183190000000000186e-01	2.392552999999999930e+00
3.242650000000000254e-01	2.370944999999999858e+00
3.302149999999999808e-01	2.458708000000000116e+00
3.361680000000000224e-01	2.618431000000000175e+00
3.421210000000000084e-01	2.812364999999999782e+00
3.480759999999999965e-01	3.002765000000000128e+00
3.540289999999999826e-01	3.153992000000000129e+00
3.599809999999999954e-01	3.254024999999999945e+00
3.659330000000000083e-01	3.305676000000000059e+00
3.718839999999999923e-01	3.311986000000000097e+00
3.778360000000000052e-01	3.275996999999999826e+00
3.837869999999999893e-01	3.201719000000000204e+00
3.897390000000000021e-01	3.105754999999999821e+00
3.956910000000000149e-01	3.013516000000000084e+00
4.016429999999999723e-01	2.950593000000000021e+00
4.075949999999999851e-01	2.942576999999999998e+00
4.135469999999999979e-01	3.013313000000000130e+00
4.194979999999999820e-01	3.160066000000000042e+00
4.254499999999999948e-01	3.359423000000000048e+00
4.314009999999999789e-01	3.587429999999999897e+00
4.373540000000000205e-01	3.820127999999999968e+00
4.433079999999999798e-01	4.034233000000000402e+00
4.492619999999999947e-01	4.218524999999999636e+00
4.552160000000000095e-01	4.372220000000000439e+00
4.611680000000000224e-01	4.494879000000000069e+00
4.671170000000000044e-01	4.586059999999999803e+00
4.730619999999999825e-01	4.645599999999999952e+00
4.790059999999999873e-01	4.679259000000000057e+00
4.849510000000000209e-01	4.698490999999999751e+00
4.909020000000000050e-01	4.714979999999999727e+00
4.968629999999999991e-01	4.740412000000000070e+00
5.028390000000000359e-01	4.786177000000000348e+00
5.088230000000000253e-01	4.856028000000000233e+00
5.148009999999999531e-01	4.945562999999999931e+00
5.207570000000000254e-01	5.049983000000000111e+00
5.266750000000000043e-01	5.164484999999999992e+00
5.325410000000000421e-01	5.284508999999999901e+00
5.383719999999999617e-01	5.413155999999999857e+00
5.442249999999999588e-01	5.562621000000000038e+00
5.501580000000000359e-01	5.745629000000000097e+00
5.562289999999999734e-01	5.974904999999999688e+00
5.624930000000000208e-01	6.262697000000000180e+00
5.688929999999999820e-01	6.602070000000000327e+00
5.752220000000000111e-01	6.960770000000000124e+00
5.812610000000000277e-01	7.304808999999999664e+00
5.867949999999999555e-01	7.600196000000000396e+00
5.916080000000000227e-01	7.813386000000000386e+00
5.957040000000000113e-01	7.933765000000000178e+00
5.993990000000000151e-01	7.984411999999999843e+00
6.030370000000000452e-01	7.991094999999999615e+00
6.069609999999999728e-01	7.979582999999999871e+00
6.115110000000000268e-01	7.975511000000000017e+00
6.168270000000000142e-01	7.995252999999999943e+00
6.227219999999999978e-01	8.040024999999999977e+00
6.289789999999999548e-01	8.109641999999999129e+00
6.353790000000000271e-01	8.203917999999999822e+00
6.417070000000000274e-01	8.322663999999999618e+00
6.478369999999999962e-01	8.465289999999999537e+00
6.538089999999999735e-01	8.630471000000000004e+00
6.596819999999999906e-01	8.816805000000000447e+00
6.655140000000000500e-01	9.022890000000000299e+00
6.713630000000000431e-01	9.247286000000000783e+00
6.772660000000000347e-01	9.482932999999999168e+00
6.832110000000000127e-01	9.711315000000000808e+00
6.891829999999999901e-01	9.912520999999999916e+00
6.951669999999999794e-01	1.006663799999999931e+01
7.011469999999999647e-01	1.015381499999999981e+01
7.071119999999999628e-01	1.016841200000000001e+01
7.130670000000000064e-01	1.013722500000000082e+01
7.190130000000000132e-01	1.009155200000000008e+01
7.249569999999999625e-01	1.006269299999999944e+01
7.309010000000000229e-01	1.008192400000000077e+01
7.368489999999999762e-01	1.017011100000000035e+01
7.428000000000000158e-01	1.032148499999999913e+01
7.487530000000000019e-01	1.052607500000000051e+01
7.547080000000000455e-01	1.077390600000000020e+01
7.606619999999999493e-01	1.105501100000000037e+01
7.666140000000000176e-01	1.136072899999999919e+01
7.725670000000000037e-01	1.168618099999999949e+01
7.785180000000000433e-01	1.202716000000000030e+01
7.844689999999999719e-01	1.237945999999999991e+01
7.904210000000000402e-01	1.273887399999999914e+01
7.963729999999999976e-01	1.309945699999999924e+01
8.023249999999999549e-01	1.344962199999999974e+01
8.082770000000000232e-01	1.377664900000000081e+01
8.142289999999999806e-01	1.406781400000000026e+01
8.201800000000000201e-01	1.431039499999999975e+01
8.261319999999999775e-01	1.449409499999999973e+01
8.320830000000000171e-01	1.461748700000000056e+01
8.380349999999999744e-01	1.468116799999999955e+01
8.439870000000000427e-01	1.468573300000000081e+01
8.499400000000000288e-01	1.463177800000000062e+01
8.558940000000000436e-01	1.452098900000000015e+01
8.618479999999999475e-01	1.435953499999999927e+01
8.678010000000000446e-01	1.415474599999999938e+01
8.737519999999999731e-01	1.391394700000000029e+01
8.797000000000000375e-01	1.364446799999999982e+01
8.856439999999999868e-01	1.335332900000000045e+01
8.915870000000000184e-01	1.304613299999999931e+01
8.975349999999999717e-01	1.272806899999999963e+01
9.034900000000000153e-01	1.240432599999999930e+01
9.094569999999999599e-01	1.208009099999999947e+01
9.154379999999999740e-01	1.176007099999999994e+01
9.214210000000000456e-01	1.144642999999999944e+01
9.273909999999999654e-01	1.114049999999999940e+01
9.333329999999999682e-01	1.084360999999999997e+01
9.392300000000000093e-01	1.055709300000000006e+01
9.450749999999999984e-01	1.028298000000000023e+01
9.509090000000000042e-01	1.002746699999999969e+01
9.567890000000000006e-01	9.798289999999999722e+00
9.627750000000000474e-01	9.603184999999999860e+00
9.689229999999999787e-01	9.449887999999999622e+00
9.752680000000000238e-01	9.344530999999999921e+00
9.816639999999999810e-01	9.282405999999999935e+00
9.878930000000000211e-01	9.254315999999999320e+00
9.937399999999999567e-01	9.251053000000000637e+00
9.989850000000000119e-01	9.263405999999999807e+00
1.003457999999999961e+00	9.283543999999999130e+00
1.007338000000000067e+00	9.314218999999999582e+00
1.010966000000000031e+00	9.363094999999999501e+00
1.014685999999999977e+00	9.437858999999999554e+00
1.018841000000000108e+00	9.546200999999999937e+00
1.023735000000000062e+00	9.693692999999999671e+00
1.029328999999999938e+00	9.867342999999999975e+00
1.035408000000000106e+00	1.004453200000000024e+01
1.041754000000000069e+00	1.020255900000000082e+01
1.048148999999999997e+00	1.031872300000000031e+01
1.054391999999999996e+00	1.037338600000000000e+01
1.060446000000000000e+00	1.037777600000000078e+01
1.066368999999999900e+00	1.036098100000000066e+01
1.072216999999999976e+00	1.035230600000000045e+01
1.078049000000000035e+00	1.038105799999999945e+01
1.083920999999999912e+00	1.047365699999999933e+01
1.089842999999999895e+00	1.062295699999999954e+01
1.095801999999999943e+00	1.080016099999999923e+01
1.101780999999999899e+00	1.097610599999999970e+01
1.107765000000000111e+00	1.112163499999999949e+01
1.113739999999999952e+00	1.121009399999999978e+01
1.119699999999999918e+00	1.124871899999999947e+01
1.125650000000000039e+00	1.126908199999999916e+01
1.131594999999999906e+00	1.130328899999999948e+01
1.137537999999999938e+00	1.138344900000000059e+01
1.143483999999999945e+00	1.154013199999999983e+01
1.149432999999999927e+00	1.177961299999999945e+01
1.155386000000000024e+00	1.208875500000000081e+01
1.161338999999999899e+00	1.245387700000000031e+01
1.167294000000000054e+00	1.286129999999999995e+01
1.173246999999999929e+00	1.329718500000000070e+01
1.179200000000000026e+00	1.374471600000000038e+01
1.185151999999999983e+00	1.418443500000000057e+01
1.191103000000000023e+00	1.459679200000000066e+01
1.197054000000000062e+00	1.496223400000000048e+01
1.203006000000000020e+00	1.526201099999999933e+01
1.208957999999999977e+00	1.549532600000000038e+01
1.214909999999999934e+00	1.567910299999999957e+01
1.220861999999999892e+00	1.583101599999999998e+01
1.226814000000000071e+00	1.596874200000000066e+01
1.232765000000000111e+00	1.610977000000000103e+01
1.238717000000000068e+00	1.626648899999999998e+01
1.244668000000000108e+00	1.644570099999999968e+01
1.250620000000000065e+00	1.665391800000000089e+01
1.256572000000000022e+00	1.689765500000000031e+01
1.262526000000000037e+00	1.718331099999999978e+01
1.268480000000000052e+00	1.751338099999999898e+01
1.274434000000000067e+00	1.788560199999999867e+01
1.280386000000000024e+00	1.829742299999999844e+01
1.286335999999999924e+00	1.874629300000000143e+01
1.292281999999999931e+00	1.922963100000000125e+01
1.298224999999999962e+00	1.974357399999999885e+01
1.304170000000000051e+00	2.028252000000000166e+01
1.310119999999999951e+00	2.084074499999999830e+01
1.316079999999999917e+00	2.141252400000000122e+01
1.322052999999999923e+00	2.199228300000000047e+01
1.328036999999999912e+00	2.258292600000000050e+01
1.334017000000000008e+00	2.320014400000000165e+01
1.339976000000000056e+00	2.386068699999999865e+01
1.345900000000000096e+00	2.458130799999999994e+01
1.351774000000000031e+00	2.537848999999999933e+01
1.357607000000000008e+00	2.624848199999999920e+01
1.363453000000000026e+00	2.715351700000000079e+01
1.369372000000000034e+00	2.805256400000000028e+01
1.375421999999999922e+00	2.890459600000000151e+01
1.381658999999999970e+00	2.966871599999999987e+01
1.388052000000000064e+00	3.031822700000000026e+01
1.394403000000000059e+00	3.085307800000000000e+01
1.400492999999999988e+00	3.127614900000000020e+01
1.406104999999999938e+00	3.159032099999999943e+01
1.411021999999999998e+00	3.179852599999999896e+01
1.415195999999999898e+00	3.191202399999999884e+01
1.418924000000000074e+00	3.195953599999999994e+01
1.422549999999999981e+00	3.197198300000000160e+01
1.426417000000000046e+00	3.198028300000000002e+01
1.430868000000000029e+00	3.201533200000000079e+01
1.436091000000000006e+00	3.210083600000000104e+01
1.441923000000000066e+00	3.224362500000000153e+01
1.448144000000000098e+00	3.244810900000000231e+01
1.454538000000000109e+00	3.271869999999999834e+01
1.460887000000000047e+00	3.305981299999999834e+01
1.467041999999999957e+00	3.347978200000000015e+01
1.473030999999999979e+00	3.399724799999999902e+01
1.478914000000000062e+00	3.463253199999999765e+01
1.484749000000000096e+00	3.540595499999999873e+01
1.490591999999999917e+00	3.633781100000000208e+01
1.496488000000000040e+00	3.741468299999999658e+01
1.502428000000000097e+00	3.852328099999999722e+01
1.508397999999999906e+00	3.953190500000000185e+01
1.514380999999999977e+00	4.030885399999999663e+01
1.520361999999999991e+00	4.072243900000000139e+01
1.526329999999999965e+00	4.068433300000000230e+01
1.532284999999999897e+00	4.025093999999999994e+01
1.538232999999999961e+00	3.950881499999999846e+01
1.544175999999999993e+00	3.854451699999999903e+01
1.550119999999999942e+00	3.744460200000000327e+01
1.556068000000000007e+00	3.629221900000000289e+01
1.562019000000000046e+00	3.515768200000000121e+01
1.567971999999999921e+00	3.410828699999999714e+01
1.573925999999999936e+00	3.321132899999999921e+01
1.579879999999999951e+00	3.253410399999999925e+01
1.585833000000000048e+00	3.213368200000000030e+01
1.591785000000000005e+00	3.202367399999999975e+01
1.597736999999999963e+00	3.220614799999999889e+01
1.603688000000000002e+00	3.268317299999999648e+01
1.609639000000000042e+00	3.345681600000000344e+01
1.615590999999999999e+00	3.451919999999999789e+01
1.621542999999999957e+00	3.581470499999999646e+01
1.627494999999999914e+00	3.727340699999999885e+01
1.633447000000000093e+00	3.882537899999999809e+01
1.639399000000000051e+00	4.040069499999999891e+01
1.645350000000000090e+00	4.192055299999999818e+01
1.651302000000000048e+00	4.325800799999999668e+01
1.657253000000000087e+00	4.426986300000000085e+01
1.663205000000000044e+00	4.481290700000000271e+01
1.669157999999999920e+00	4.474393100000000345e+01
1.675111999999999934e+00	4.395555499999999682e+01
1.681065999999999949e+00	4.256052799999999792e+01
1.687019000000000046e+00	4.075514199999999931e+01
1.692971000000000004e+00	3.873584799999999717e+01
1.698919000000000068e+00	3.669909700000000186e+01
1.704863000000000017e+00	3.482567900000000094e+01
1.710806999999999967e+00	3.318714200000000147e+01
1.716752999999999973e+00	3.180852000000000146e+01
1.722706999999999988e+00	3.071467300000000122e+01
1.728671999999999986e+00	2.993046100000000109e+01
1.734652000000000083e+00	2.947515100000000032e+01
1.740636000000000072e+00	2.932358100000000078e+01
1.746609000000000078e+00	2.942940600000000018e+01
1.752555000000000085e+00	2.974615000000000009e+01
1.758458000000000077e+00	3.022733699999999857e+01
1.764308999999999905e+00	3.082395700000000005e+01
1.770140999999999964e+00	3.146402000000000143e+01
1.776011999999999924e+00	3.206327799999999684e+01
1.781979999999999897e+00	3.253737399999999980e+01
1.788105000000000055e+00	3.280194800000000299e+01
1.794426999999999994e+00	3.278035899999999714e+01
1.800829000000000013e+00	3.247647800000000018e+01
1.807091999999999921e+00	3.194207199999999958e+01
1.813002000000000002e+00	3.122953599999999952e+01
1.818338000000000010e+00	3.039127099999999970e+01
1.822912000000000088e+00	2.947996699999999848e+01
1.826850000000000085e+00	2.855187400000000153e+01
1.830492000000000008e+00	2.766559600000000074e+01
1.834179999999999922e+00	2.687978100000000126e+01
1.838259000000000087e+00	2.625307400000000158e+01
1.843048000000000020e+00	2.583862099999999984e+01
1.848562000000000038e+00	2.561228300000000146e+01
1.854589999999999961e+00	2.549290699999999887e+01
1.860913000000000039e+00	2.539800999999999931e+01
1.867313999999999918e+00	2.524511100000000141e+01
1.873583999999999916e+00	2.495751399999999975e+01
1.879660000000000108e+00	2.455401600000000073e+01
1.885596000000000050e+00	2.413175299999999979e+01
1.891450999999999993e+00	2.379017899999999841e+01
1.897281999999999913e+00	2.362874700000000061e+01
1.903146999999999922e+00	2.374355900000000119e+01
1.909062999999999954e+00	2.416510399999999947e+01
1.915018000000000109e+00	2.486403400000000019e+01
1.920995999999999926e+00	2.580881499999999917e+01
1.926979999999999915e+00	2.696791100000000085e+01
1.932955999999999896e+00	2.830961800000000039e+01
1.938917999999999919e+00	2.979830499999999915e+01
1.944868999999999959e+00	3.139435500000000090e+01
1.950814000000000048e+00	3.305797599999999647e+01
1.956757999999999997e+00	3.474937500000000057e+01
1.962703000000000086e+00	3.642786300000000210e+01
1.968652000000000069e+00	3.802694499999999778e+01
1.974604000000000026e+00	3.945107099999999889e+01
1.980558000000000041e+00	4.060313800000000128e+01
1.986512000000000056e+00	4.138604800000000239e+01
1.992466000000000070e+00	4.170481999999999800e+01
1.998418000000000028e+00	4.154048000000000229e+01
2.004370000000000207e+00	4.096918000000000148e+01
2.010321999999999942e+00	4.007308100000000195e+01
2.016272999999999982e+00	3.893434299999999837e+01
2.022224000000000022e+00	3.763527899999999704e+01
2.028176000000000201e+00	3.626516300000000115e+01
2.034127999999999936e+00	3.492295800000000128e+01
2.040080000000000116e+00	3.370834500000000133e+01
2.046031999999999851e+00	3.272100499999999812e+01
2.051984000000000030e+00	3.205969900000000194e+01
2.057935000000000070e+00	3.176801400000000086e+01
2.063886999999999805e+00	3.180402000000000129e+01
2.069837999999999845e+00	3.211842899999999901e+01
2.075791000000000164e+00	3.266195499999999896e+01
2.081744000000000039e+00	3.338559800000000166e+01
2.087698000000000054e+00	3.426405900000000315e+01
2.093652000000000069e+00	3.531298100000000062e+01
2.099604999999999944e+00	3.655207399999999751e+01
2.105554999999999843e+00	3.800104699999999980e+01
2.111501000000000072e+00	3.967963900000000166e+01
2.117445000000000022e+00	4.161123400000000316e+01
2.123388999999999971e+00	4.382624100000000311e+01
2.129338000000000175e+00	4.635587199999999797e+01
2.135295999999999861e+00	4.923133700000000346e+01
2.141268000000000171e+00	5.248305500000000023e+01
2.147250999999999799e+00	5.599722799999999978e+01
2.153232000000000035e+00	5.934900300000000328e+01
2.159196000000000115e+00	6.207305300000000159e+01
2.165125000000000188e+00	6.370405199999999724e+01
2.171006000000000213e+00	6.377753200000000078e+01
2.176841000000000026e+00	6.209845700000000335e+01
2.182682999999999929e+00	5.912284999999999968e+01
2.188588999999999896e+00	5.540311799999999920e+01
2.194618000000000180e+00	5.149167200000000122e+01
2.200828000000000007e+00	4.794066399999999817e+01
2.207209999999999894e+00	4.513953699999999714e+01
2.213579000000000185e+00	4.303633399999999654e+01
2.219714999999999883e+00	4.150497399999999715e+01
2.225403000000000020e+00	4.041937399999999769e+01
2.230423000000000044e+00	3.965346699999999913e+01
2.234681000000000139e+00	3.911040200000000056e+01
2.238447999999999993e+00	3.878247700000000009e+01
2.242068000000000172e+00	3.867893500000000273e+01
2.245884000000000214e+00	3.880902100000000132e+01
2.250237999999999960e+00	3.918197599999999881e+01
2.255365999999999982e+00	3.979905999999999722e+01
2.261130000000000084e+00	4.063407300000000077e+01
2.267313000000000134e+00	4.165491699999999753e+01
2.273696000000000161e+00	4.282949500000000143e+01
2.280063999999999869e+00	4.412570900000000051e+01
2.286243999999999943e+00	4.549094099999999941e+01
2.292251999999999956e+00	4.679294199999999648e+01
2.298146000000000022e+00	4.788014900000000296e+01
2.303983000000000114e+00	4.860099900000000162e+01
2.309822000000000042e+00	4.880392899999999656e+01
2.315710999999999853e+00	4.837926000000000215e+01
2.321645999999999876e+00	4.740080199999999877e+01
2.327612999999999932e+00	4.599259700000000350e+01
2.333594999999999864e+00	4.427868899999999996e+01
2.339576999999999796e+00	4.238312400000000224e+01
2.345546999999999827e+00	4.046442700000000059e+01
2.351503999999999817e+00	3.885176100000000332e+01
2.357451999999999881e+00	3.792696699999999765e+01
2.363395999999999830e+00	3.807190599999999847e+01
2.369339000000000084e+00	3.966843500000000233e+01
2.375286000000000008e+00	4.293395000000000294e+01
2.381237000000000048e+00	4.716556899999999786e+01
2.387189999999999923e+00	5.134047799999999739e+01
2.393143999999999938e+00	5.443554300000000268e+01
2.399097999999999953e+00	5.542762900000000315e+01
2.405050999999999828e+00	5.350194599999999667e+01
2.411004000000000147e+00	4.916458999999999691e+01
2.416955999999999882e+00	4.343769499999999795e+01
2.422906999999999922e+00	3.734458500000000214e+01
2.428857999999999961e+00	3.190858199999999911e+01
2.434809000000000001e+00	2.803561300000000145e+01
2.440760000000000041e+00	2.578613999999999962e+01
2.446712000000000220e+00	2.485019099999999881e+01
2.452663999999999955e+00	2.491621800000000064e+01
2.458616999999999830e+00	2.567267500000000169e+01
2.464570999999999845e+00	2.683033100000000104e+01
2.470524999999999860e+00	2.828313199999999838e+01
2.476478000000000179e+00	3.001485600000000176e+01
2.482429999999999914e+00	3.200990099999999927e+01
2.488377999999999979e+00	3.425266500000000036e+01
2.494323000000000068e+00	3.672670899999999961e+01
2.500265999999999877e+00	3.940775699999999659e+01
2.506212000000000106e+00	4.226723199999999991e+01
2.512164999999999981e+00	4.527651900000000040e+01
2.518129000000000062e+00	4.840699699999999694e+01
2.524108000000000018e+00	5.160948299999999733e+01
2.530091999999999786e+00	5.461242000000000019e+01
2.536067000000000071e+00	5.700834199999999896e+01
2.542015999999999831e+00	5.838783699999999754e+01
2.547924000000000078e+00	5.834149000000000029e+01
2.553779000000000021e+00	5.650003900000000101e+01
2.559610000000000163e+00	5.299691700000000338e+01
2.565475000000000172e+00	4.830781100000000094e+01
2.571432000000000162e+00	4.291497100000000131e+01
2.577539999999999942e+00	3.730065199999999948e+01
2.583845999999999865e+00	3.192760900000000035e+01
2.590249000000000024e+00	2.697378000000000142e+01
2.596534000000000120e+00	2.240131600000000134e+01
2.602485000000000159e+00	1.816701499999999925e+01
2.607883000000000173e+00	1.422767299999999935e+01
2.612527000000000044e+00	1.054134999999999955e+01
2.616509000000000196e+00	7.087811999999999557e+00
2.620163999999999938e+00	3.865108999999999906e+00
2.623834000000000000e+00	8.718630000000000546e-01
2.627863000000000060e+00	-1.893302999999999958e+00
2.632579999999999920e+00	-4.419045999999999808e+00
2.638037000000000187e+00	-6.433379999999999654e+00
2.644026000000000209e+00	-7.420301000000000258e+00
2.650332000000000132e+00	-6.854409000000000418e+00
2.656734000000000151e+00	-4.210306000000000104e+00
2.663022999999999918e+00	1.003541000000000016e+00
2.669115000000000126e+00	8.441395999999999233e+00
2.675060999999999911e+00	1.688649399999999901e+01
2.680919999999999970e+00	2.508144899999999922e+01
2.686751000000000111e+00	3.176887400000000028e+01
2.692610999999999866e+00	3.571723200000000276e+01
2.698523999999999923e+00	3.647896800000000184e+01
2.704476000000000102e+00	3.451288499999999715e+01
2.710452000000000083e+00	3.032827500000000143e+01
2.716435999999999851e+00	2.443443200000000104e+01
2.722412999999999972e+00	1.733941300000000041e+01
2.728375999999999912e+00	9.504386000000000223e+00
2.734328000000000092e+00	1.330256000000000105e+00
2.740273999999999877e+00	-6.786037000000000319e+00
2.746217000000000130e+00	-1.444755299999999920e+01
2.752162000000000219e+00	-2.125668399999999991e+01
2.758110999999999979e+00	-2.678324900000000142e+01
2.764063000000000159e+00	-3.055049100000000095e+01
2.770016000000000034e+00	-3.207807100000000133e+01
2.775971000000000188e+00	-3.088564999999999827e+01
2.781924000000000063e+00	-2.650471599999999839e+01
2.787876999999999938e+00	-1.923090099999999936e+01
2.793829000000000118e+00	-1.057669600000000010e+01
2.799780999999999853e+00	-2.163155000000000161e+00
2.805731999999999893e+00	4.388670000000000293e+00
2.811682999999999932e+00	7.469152000000000236e+00
2.817635000000000112e+00	6.489036999999999722e+00
2.823586999999999847e+00	2.670924999999999994e+00
2.829539000000000026e+00	-2.576306999999999903e+00
2.835491000000000206e+00	-7.843784000000000312e+00
2.841442999999999941e+00	-1.172748799999999925e+01
2.847395000000000120e+00	-1.345768499999999968e+01
2.853346999999999856e+00	-1.352246099999999984e+01
2.859299000000000035e+00	-1.255810499999999941e+01
2.865251000000000214e+00	-1.120090199999999925e+01
2.871201999999999810e+00	-1.008606900000000017e+01
2.877153999999999989e+00	-9.626932999999999296e+00
2.883106000000000169e+00	-9.744560999999999140e+00
2.889057999999999904e+00	-1.029384699999999953e+01
2.895010000000000083e+00	-1.112968299999999999e+01
2.900961999999999819e+00	-1.210686399999999985e+01
2.906913999999999998e+00	-1.304485599999999934e+01
2.912866000000000177e+00	-1.367525900000000050e+01
2.918817999999999913e+00	-1.371624699999999919e+01
2.924770000000000092e+00	-1.288599199999999989e+01
2.930721000000000132e+00	-1.090299399999999963e+01
2.936672999999999867e+00	-7.742284999999999862e+00
2.942625000000000046e+00	-4.095460000000000100e+00
2.948576999999999781e+00	-7.782630000000000381e-01
2.954528999999999961e+00	1.393564000000000025e+00
2.960481000000000140e+00	1.604413000000000089e+00
2.966432999999999875e+00	-6.432240000000000180e-01
2.972385000000000055e+00	-4.846835999999999700e+00
2.978336999999999790e+00	-1.030790700000000015e+01
2.984288999999999970e+00	-1.632792200000000093e+01
2.990240000000000009e+00	-2.220836699999999908e+01
2.996192000000000188e+00	-2.725072499999999920e+01
3.002143999999999924e+00	-3.075647999999999982e+01
3.008096000000000103e+00	-3.202711899999999901e+01
3.014047999999999838e+00	-3.036412500000000136e+01
3.020000000000000018e+00	-2.506898299999999935e+01
