1.199999999999999956e-01	2.666194914762530566e+00
1.249780000000000058e-01	2.329813243255756117e+00
1.305999999999999939e-01	2.886532282609570732e+00
1.367059999999999942e-01	1.962222603056817283e+00
1.431360000000000132e-01	2.576379630610018179e+00
1.497320000000000040e-01	1.343335151696358976e+00
1.563350000000000017e-01	1.346062905424349143e+00
1.627850000000000130e-01	1.598187781518598971e+00
1.689219999999999888e-01	1.658656218857168962e+00
1.745889999999999942e-01	1.738560700731146103e+00
1.796250000000000069e-01	1.718632450210482610e+00
1.839349999999999874e-01	9.547373707492345929e-01
1.877439999999999942e-01	1.620242863181810655e+00
1.913779999999999926e-01	6.711733026094983678e-01
1.951660000000000061e-01	-1.482936722666823304e-01
1.994340000000000002e-01	7.114793332300533013e-01
2.044499999999999929e-01	1.198462402242643332e+00
2.101250000000000062e-01	3.594347173454829902e-01
2.162479999999999958e-01	1.030796052985818445e+00
2.226049999999999973e-01	1.321476133622760063e+00
2.289819999999999911e-01	1.999268748542087248e+00
2.351930000000000132e-01	1.460060887630870941e+00
2.412249999999999950e-01	2.250576252867216631e+00
2.471349999999999936e-01	1.552523143714890752e+00
2.529799999999999827e-01	2.509595288693702742e+00
2.588170000000000193e-01	1.459317457212623736e+00
2.646970000000000156e-01	1.443902416398937127e+00
2.706259999999999777e-01	2.211369248151784817e+00
2.765880000000000005e-01	1.815171218146359067e+00
2.825679999999999858e-01	1.720651196029629126e+00
2.885510000000000019e-01	1.197567802155187877e+00
2.945229999999999793e-01	1.091659228755004207e+00
3.004809999999999981e-01	2.070399407477593101e+00
3.064310000000000089e-01	9.556299162188469642e-01
3.123750000000000138e-01	1.145175833429427525e+00
3.183190000000000186e-01	1.274945275407422862e+00
3.242650000000000254e-01	1.299801515235967431e+00
3.302149999999999808e-01	1.114702470545978041e+00
3.361680000000000224e-01	1.991883438906693726e+00
3.421210000000000084e-01	2.652436163054449736e+00
3.480759999999999965e-01	2.403995314530880112e+00
3.540289999999999826e-01	2.117925318180470917e+00
3.599809999999999954e-01	3.382348229673312723e+00
3.659330000000000083e-01	2.561794086379992397e+00
3.718839999999999923e-01	2.126940561363322324e+00
3.778360000000000052e-01	2.981079479779989772e+00
3.837869999999999893e-01	3.170294262486349268e+00
3.897390000000000021e-01	3.077723281071125250e+00
3.956910000000000149e-01	2.688998072619525281e+00
4.016429999999999723e-01	3.078356443109942830e+00
4.075949999999999851e-01	3.476657720374801475e+00
4.135469999999999979e-01	2.456099543110740413e+00
4.194979999999999820e-01	3.160802387082556564e+00
4.254499999999999948e-01	2.431441862326625181e+00
4.314009999999999789e-01	2.779064442988728345e+00
4.373540000000000205e-01	3.346832916842240380e+00
4.433079999999999798e-01	3.108187166553189940e+00
4.492619999999999947e-01	3.166606777333627498e+00
4.552160000000000095e-01	3.040349087495563207e+00
4.611680000000000224e-01	3.239289416679782097e+00
4.671170000000000044e-01	4.259027309504722858e+00
4.730619999999999825e-01	4.241719863954452663e+00
4.790059999999999873e-01	4.930183236982874639e+00
4.849510000000000209e-01	4.042149541405122726e+00
4.909020000000000050e-01	4.289751965637058184e+00
4.968629999999999991e-01	4.266411664069564402e+00
5.028390000000000359e-01	4.017890207697830895e+00
5.088230000000000253e-01	4.738457912230516378e+00
5.148009999999999531e-01	5.058817871136658262e+00
5.207570000000000254e-01	4.907037330742870296e+00
5.266750000000000043e-01	4.435033585326744188e+00
5.325410000000000421e-01	5.297288701135864919e+00
5.383719999999999617e-01	5.382566637698159795e+00
5.442249999999999588e-01	6.065081645379234665e+00
5.501580000000000359e-01	6.538166882937257895e+00
5.562289999999999734e-01	5.784196633637334273e+00
5.624930000000000208e-01	6.541344837657870670e+00
5.688929999999999820e-01	6.363577986926914676e+00
5.752220000000000111e-01	6.419783512177914986e+00
5.812610000000000277e-01	6.860459555807429055e+00
5.867949999999999555e-01	7.955195379938750477e+00
5.916080000000000227e-01	7.242844805905962247e+00
5.957040000000000113e-01	7.650162154617286880e+00
5.993990000000000151e-01	7.363441727319964158e+00
6.030370000000000452e-01	8.093524082017395926e+00
6.069609999999999728e-01	9.166245564951404745e+00
6.115110000000000268e-01	8.034994041303088252e+00
6.168270000000000142e-01	8.421523539169520234e+00
6.227219999999999978e-01	8.020122570553107622e+00
6.289789999999999548e-01	7.823383324083929224e+00
6.353790000000000271e-01	9.031713248417988282e+00
6.417070000000000274e-01	9.036277020848089592e+00
6.478369999999999962e-01	8.636068119914007468e+00
6.538089999999999735e-01	9.281231497091766869e+00
6.596819999999999906e-01	9.729484306458797249e+00
6.655140000000000500e-01	9.401364814376810486e+00
6.713630000000000431e-01	9.667008042646374477e+00
6.772660000000000347e-01	9.437097763064397071e+00
6.832110000000000127e-01	1.019379776250246472e+01
6.891829999999999901e-01	9.267206458681599202e+00
6.951669999999999794e-01	1.018443768570391761e+01
7.011469999999999647e-01	1.015800559902173106e+01
7.071119999999999628e-01	1.078802988676788033e+01
7.130670000000000064e-01	1.043175980761614952e+01
7.190130000000000132e-01	9.999280064055827921e+00
7.249569999999999625e-01	1.048100179006658195e+01
7.309010000000000229e-01	9.955428124311529459e+00
7.368489999999999762e-01	1.079599770809148573e+01
7.428000000000000158e-01	1.053147966755282106e+01
7.487530000000000019e-01	1.045980653192914467e+01
7.547080000000000455e-01	1.118396081275786003e+01
7.606619999999999493e-01	1.083419844399095133e+01
7.666140000000000176e-01	1.156634663338149771e+01
7.725670000000000037e-01	1.063675789900995206e+01
7.785180000000000433e-01	1.180338264922419533e+01
7.844689999999999719e-01	1.118392684796661918e+01
7.904210000000000402e-01	1.162814036880793722e+01
7.963729999999999976e-01	1.248536250938193426e+01
8.023249999999999549e-01	1.206178250951314901e+01
8.082770000000000232e-01	1.221166388271727321e+01
8.142289999999999806e-01	1.298299719018369913e+01
8.201800000000000201e-01	1.335531026073364558e+01
8.261319999999999775e-01	1.381159162024513165e+01
8.320830000000000171e-01	1.433122481545630933e+01
8.380349999999999744e-01	1.443101726995858591e+01
8.439870000000000427e-01	1.551060945943584635e+01
8.499400000000000288e-01	1.506283675210024064e+01
8.558940000000000436e-01	1.455432607258475386e+01
8.618479999999999475e-01	1.487746650770176871e+01
8.678010000000000446e-01	1.469735898455066803e+01
8.737519999999999731e-01	1.308438561841412806e+01
8.797000000000000375e-01	1.390370729819028206e+01
8.856439999999999868e-01	1.253797414058218429e+01
8.915870000000000184e-01	1.199949155897076025e+01
8.975349999999999717e-01	1.187312720094393548e+01
9.034900000000000153e-01	1.162973346600987767e+01
9.094569999999999599e-01	1.216012331334365904e+01
9.154379999999999740e-01	1.124303374647429088e+01
9.214210000000000456e-01	1.080696354691006533e+01
9.273909999999999654e-01	1.008991413777675916e+01
9.333329999999999682e-01	1.047326759085381731e+01
9.392300000000000093e-01	9.583346557819824696e+00
9.450749999999999984e-01	9.372336140279557526e+00
9.509090000000000042e-01	9.595888996323910902e+00
9.567890000000000006e-01	9.145280323194716843e+00
9.627750000000000474e-01	9.087839554558573951e+00
9.689229999999999787e-01	9.063142108270101360e+00
9.752680000000000238e-01	9.302732748121226081e+00
9.816639999999999810e-01	8.883701656157496629e+00
9.878930000000000211e-01	8.747799177345987331e+00
9.937399999999999567e-01	8.996907654095583240e+00
9.989850000000000119e-01	9.445400167697126648e+00
1.003457999999999961e+00	9.041225126579766069e+00
1.007338000000000067e+00	8.419574632458427743e+00
1.010966000000000031e+00	8.964698479336030701e+00
1.014685999999999977e+00	8.851926613237290908e+00
1.018841000000000108e+00	9.650652872779906133e+00
1.023735000000000062e+00	9.129588711189864370e+00
1.029328999999999938e+00	1.021994253086142912e+01
1.035408000000000106e+00	9.113033806722867780e+00
1.041754000000000069e+00	9.849294515094305424e+00
1.048148999999999997e+00	9.830115835521661793e+00
1.054391999999999996e+00	1.027482023560714453e+01
1.060446000000000000e+00	9.878811334017294499e+00
1.066368999999999900e+00	1.029214182488457219e+01
1.072216999999999976e+00	1.039581971437838170e+01
1.078049000000000035e+00	1.055839086716972197e+01
1.083920999999999912e+00	1.116929719302799029e+01
1.089842999999999895e+00	1.116526152631354663e+01
1.095801999999999943e+00	1.093801211294068310e+01
1.101780999999999899e+00	1.186192828086945106e+01
1.107765000000000111e+00	1.111492439711618907e+01
1.113739999999999952e+00	1.191526313433770135e+01
1.119699999999999918e+00	1.112601467376294551e+01
1.125650000000000039e+00	1.078641796834607902e+01
1.131594999999999906e+00	1.013349320225398387e+01
1.137537999999999938e+00	1.061993206031545967e+01
1.143483999999999945e+00	1.121261248962672497e+01
1.149432999999999927e+00	1.151016880706565715e+01
1.155386000000000024e+00	1.230955656828610145e+01
1.161338999999999899e+00	1.211544766094522352e+01
1.167294000000000054e+00	1.286315619798571852e+01
1.173246999999999929e+00	1.249457949989173322e+01
1.179200000000000026e+00	1.353059076931526405e+01
1.185151999999999983e+00	1.340200765638415703e+01
1.191103000000000023e+00	1.318223021824966601e+01
1.197054000000000062e+00	1.348929490773151940e+01
1.203006000000000020e+00	1.457322330164923407e+01
1.208957999999999977e+00	1.493441540933211442e+01
1.214909999999999934e+00	1.476783904762824484e+01
1.220861999999999892e+00	1.525585021037381317e+01
1.226814000000000071e+00	1.624463766714778501e+01
1.232765000000000111e+00	1.671227294515107786e+01
1.238717000000000068e+00	1.794210984835814315e+01
1.244668000000000108e+00	1.844466302169166738e+01
1.250620000000000065e+00	1.836192786671074018e+01
1.256572000000000022e+00	1.900689258152811689e+01
1.262526000000000037e+00	1.902287525826319126e+01
1.268480000000000052e+00	1.983124785140276103e+01
1.274434000000000067e+00	1.977633107786734001e+01
1.280386000000000024e+00	1.987526099172534089e+01
1.286335999999999924e+00	2.040483573042986265e+01
1.292281999999999931e+00	2.057894030358299986e+01
1.298224999999999962e+00	2.019620720158734173e+01
1.304170000000000051e+00	2.109919580329101763e+01
1.310119999999999951e+00	2.081750255357388468e+01
1.316079999999999917e+00	2.074729300527461362e+01
1.322052999999999923e+00	2.128948685097413929e+01
1.328036999999999912e+00	2.124045963807266446e+01
1.334017000000000008e+00	2.214063212787627322e+01
1.339976000000000056e+00	2.142826889412244640e+01
1.345900000000000096e+00	2.295738405105453239e+01
1.351774000000000031e+00	2.378805143443720027e+01
1.357607000000000008e+00	2.409091351406365078e+01
1.363453000000000026e+00	2.610083595487964203e+01
1.369372000000000034e+00	2.584987352040322861e+01
1.375421999999999922e+00	2.610220589738816699e+01
1.381658999999999970e+00	2.740413730413057536e+01
1.388052000000000064e+00	2.746376360134525640e+01
1.394403000000000059e+00	2.767348437312624299e+01
1.400492999999999988e+00	2.795354823292102608e+01
1.406104999999999938e+00	2.858917735198086163e+01
1.411021999999999998e+00	2.821936770033860498e+01
1.415195999999999898e+00	2.800897990691647266e+01
1.418924000000000074e+00	2.873015327307730615e+01
1.422549999999999981e+00	2.972087472124684027e+01
1.426417000000000046e+00	2.998738004432637183e+01
1.430868000000000029e+00	2.912641443968212229e+01
1.436091000000000006e+00	3.078100354073130518e+01
1.441923000000000066e+00	3.062628813181276399e+01
1.448144000000000098e+00	3.081689408862774116e+01
1.454538000000000109e+00	3.049207628359771860e+01
1.460887000000000047e+00	3.037914662920422870e+01
1.467041999999999957e+00	3.106127493498416214e+01
1.473030999999999979e+00	3.095035967494571949e+01
1.478914000000000062e+00	3.103795523212505003e+01
1.484749000000000096e+00	3.064847423927803050e+01
1.490591999999999917e+00	3.095052224948308606e+01
1.496488000000000040e+00	3.043512807859880098e+01
1.502428000000000097e+00	3.011547353598221832e+01
1.508397999999999906e+00	2.977023807700467373e+01
1.514380999999999977e+00	3.119846430682466476e+01
1.520361999999999991e+00	3.027174836037197281e+01
1.526329999999999965e+00	3.082210404583145547e+01
1.532284999999999897e+00	3.183904070518975971e+01
1.538232999999999961e+00	3.175280161454463723e+01
1.544175999999999993e+00	3.186261887290146078e+01
1.550119999999999942e+00	3.298275454091090353e+01
1.556068000000000007e+00	3.357071234406066651e+01
1.562019000000000046e+00	3.482350902722780006e+01
1.567971999999999921e+00	3.483891595660676188e+01
1.573925999999999936e+00	3.499879821463904506e+01
1.579879999999999951e+00	3.586230970452544398e+01
1.585833000000000048e+00	3.603441857276796156e+01
1.591785000000000005e+00	3.682082981623756979e+01
1.597736999999999963e+00	3.649467335947792179e+01
1.603688000000000002e+00	3.724198214446654021e+01
1.609639000000000042e+00	3.757891771761500621e+01
1.615590999999999999e+00	3.736561577803594503e+01
1.621542999999999957e+00	3.593015853279776195e+01
1.627494999999999914e+00	3.602709177686822528e+01
1.633447000000000093e+00	3.569957150427203629e+01
1.639399000000000051e+00	3.512610535948549995e+01
1.645350000000000090e+00	3.407798909874283311e+01
1.651302000000000048e+00	3.304797493396029751e+01
1.657253000000000087e+00	3.406295144692570886e+01
1.663205000000000044e+00	3.404586621793824719e+01
1.669157999999999920e+00	3.256386882719741749e+01
1.675111999999999934e+00	3.248553165093925088e+01
1.681065999999999949e+00	3.169775017531911132e+01
1.687019000000000046e+00	3.227267587266921822e+01
1.692971000000000004e+00	3.163698123115095839e+01
1.698919000000000068e+00	3.125871191828567319e+01
1.704863000000000017e+00	3.126088255771040991e+01
1.710806999999999967e+00	3.158614904366466902e+01
1.716752999999999973e+00	3.162369971012428138e+01
1.722706999999999988e+00	3.085927080090804253e+01
1.728671999999999986e+00	3.159742018578567979e+01
1.734652000000000083e+00	3.150227703023837478e+01
1.740636000000000072e+00	3.119288581811435535e+01
1.746609000000000078e+00	3.214541428297082604e+01
1.752555000000000085e+00	3.151122428650007379e+01
1.758458000000000077e+00	3.091776436339427292e+01
1.764308999999999905e+00	3.059087419078490910e+01
1.770140999999999964e+00	3.048622749342057858e+01
1.776011999999999924e+00	2.945817972365164650e+01
1.781979999999999897e+00	2.875918464635178395e+01
1.788105000000000055e+00	2.860838453367958678e+01
1.794426999999999994e+00	2.774287775934199729e+01
1.800829000000000013e+00	2.694674334431829621e+01
1.807091999999999921e+00	2.701362383486205943e+01
1.813002000000000002e+00	2.668903702229459540e+01
1.818338000000000010e+00	2.606152237258353566e+01
1.822912000000000088e+00	2.572116278386304344e+01
1.826850000000000085e+00	2.648806360470288368e+01
1.830492000000000008e+00	2.568419162453963978e+01
1.834179999999999922e+00	2.498326124119586567e+01
1.838259000000000087e+00	2.538720435367370953e+01
1.843048000000000020e+00	2.435683000764019823e+01
1.848562000000000038e+00	2.477731789037443377e+01
1.854589999999999961e+00	2.442072624654934643e+01
1.860913000000000039e+00	2.486931964246942073e+01
1.867313999999999918e+00	2.497697345840984084e+01
1.873583999999999916e+00	2.552156198930586584e+01
1.879660000000000108e+00	2.505674674017656756e+01
1.885596000000000050e+00	2.471986504160771503e+01
1.891450999999999993e+00	2.478298423216789104e+01
1.897281999999999913e+00	2.466719811217605596e+01
1.903146999999999922e+00	2.472775049233066369e+01
1.909062999999999954e+00	2.410078238037974430e+01
1.915018000000000109e+00	2.315475770738553862e+01
1.920995999999999926e+00	2.397492610331282492e+01
1.926979999999999915e+00	2.340670384775941670e+01
1.932955999999999896e+00	2.346537104825902631e+01
1.938917999999999919e+00	2.379277440471073746e+01
1.944868999999999959e+00	2.431130630470578424e+01
1.950814000000000048e+00	2.444620827320994039e+01
1.956757999999999997e+00	2.446571766788232338e+01
1.962703000000000086e+00	2.652422509998919509e+01
1.968652000000000069e+00	2.610255928520946966e+01
1.974604000000000026e+00	2.746322893153785216e+01
1.980558000000000041e+00	2.768962119550042544e+01
1.986512000000000056e+00	2.855403524542008142e+01
1.992466000000000070e+00	2.886019521751497763e+01
1.998418000000000028e+00	2.970000350741813122e+01
2.004370000000000207e+00	3.095525433583013708e+01
2.010321999999999942e+00	3.157384205122162868e+01
2.016272999999999982e+00	3.156199448495520699e+01
2.022224000000000022e+00	3.373376001761882037e+01
2.028176000000000201e+00	3.516110829707008634e+01
2.034127999999999936e+00	3.677477633978094218e+01
2.040080000000000116e+00	3.925358508230902999e+01
2.046031999999999851e+00	4.099402538012964925e+01
2.051984000000000030e+00	4.446391647236477951e+01
2.057935000000000070e+00	4.756759134145951151e+01
2.063886999999999805e+00	5.204390561782764735e+01
2.069837999999999845e+00	5.466657979436202197e+01
2.075791000000000164e+00	5.524559881484653800e+01
2.081744000000000039e+00	5.511518015956455940e+01
2.087698000000000054e+00	5.416228980305244534e+01
2.093652000000000069e+00	4.960213482841553656e+01
2.099604999999999944e+00	4.579902707366672843e+01
2.105554999999999843e+00	4.232853800697120050e+01
2.111501000000000072e+00	3.797399773090790376e+01
2.117445000000000022e+00	3.541867824236704365e+01
2.123388999999999971e+00	3.332759321043073442e+01
2.129338000000000175e+00	3.126309069431866661e+01
2.135295999999999861e+00	3.150263189237912798e+01
2.141268000000000171e+00	3.056262560053689370e+01
2.147250999999999799e+00	3.075661011509565768e+01
2.153232000000000035e+00	3.121755117262363299e+01
2.159196000000000115e+00	3.153033115275988507e+01
2.165125000000000188e+00	3.195925067836895650e+01
2.171006000000000213e+00	3.417073428352470899e+01
2.176841000000000026e+00	3.663787214601989461e+01
2.182682999999999929e+00	4.022668285177974923e+01
2.188588999999999896e+00	4.338803684202762412e+01
2.194618000000000180e+00	4.599270874306965595e+01
2.200828000000000007e+00	4.890143038394101183e+01
2.207209999999999894e+00	5.235513895422462127e+01
2.213579000000000185e+00	5.425222184195420994e+01
2.219714999999999883e+00	5.591123069211622010e+01
2.225403000000000020e+00	5.620189416381906256e+01
2.230423000000000044e+00	5.544067489112089220e+01
2.234681000000000139e+00	5.306261890990558783e+01
2.238447999999999993e+00	5.094838982206951528e+01
2.242068000000000172e+00	4.749452927776771105e+01
2.245884000000000214e+00	4.444903120202721425e+01
2.250237999999999960e+00	4.216651209348779616e+01
2.255365999999999982e+00	3.928729363877486946e+01
2.261130000000000084e+00	3.727729001382435570e+01
2.267313000000000134e+00	3.619174325117296576e+01
2.273696000000000161e+00	3.542341179464861511e+01
2.280063999999999869e+00	3.505697753078171530e+01
2.286243999999999943e+00	3.619999157473006335e+01
2.292251999999999956e+00	3.639959052288750030e+01
2.298146000000000022e+00	3.807779717643636985e+01
2.303983000000000114e+00	3.930283491463012524e+01
2.309822000000000042e+00	4.126797239974642650e+01
2.315710999999999853e+00	4.383575500906972877e+01
2.321645999999999876e+00	4.597214990420999925e+01
2.327612999999999932e+00	4.812111170736672250e+01
2.333594999999999864e+00	4.959103803220022400e+01
2.339576999999999796e+00	5.176052095150971155e+01
2.345546999999999827e+00	5.284701691622121444e+01
2.351503999999999817e+00	5.406243516872837773e+01
2.357451999999999881e+00	5.380091021860277323e+01
2.363395999999999830e+00	5.393553859595708388e+01
2.369339000000000084e+00	5.202898765598698105e+01
2.375286000000000008e+00	5.019538455306937408e+01
2.381237000000000048e+00	4.799679509235039632e+01
2.387189999999999923e+00	4.638003396022729419e+01
2.393143999999999938e+00	4.181253920903751720e+01
2.399097999999999953e+00	3.820834678744121504e+01
2.405050999999999828e+00	3.447931686753371139e+01
2.411004000000000147e+00	2.948473775796542640e+01
2.416955999999999882e+00	2.595052968481329358e+01
2.422906999999999922e+00	2.209542481268711711e+01
2.428857999999999961e+00	1.944494412373652992e+01
2.434809000000000001e+00	1.612620971156689009e+01
2.440760000000000041e+00	1.435112636783646956e+01
2.446712000000000220e+00	1.494438102346214947e+01
2.452663999999999955e+00	1.416893342137449885e+01
2.458616999999999830e+00	1.563953312584441591e+01
2.464570999999999845e+00	1.588760293766241460e+01
2.470524999999999860e+00	1.751979415157472175e+01
2.476478000000000179e+00	1.982347881533085854e+01
2.482429999999999914e+00	2.108485178372568569e+01
2.488377999999999979e+00	2.306907268996453197e+01
2.494323000000000068e+00	2.518745940879448497e+01
2.500265999999999877e+00	2.679209425297455738e+01
2.506212000000000106e+00	2.765600005338403733e+01
2.512164999999999981e+00	2.996866280682598571e+01
2.518129000000000062e+00	3.109269096209789751e+01
2.524108000000000018e+00	3.173338004841425075e+01
2.530091999999999786e+00	3.168083669881412590e+01
2.536067000000000071e+00	3.033471407860266567e+01
2.542015999999999831e+00	2.963819486380865698e+01
2.547924000000000078e+00	2.852936760240149283e+01
2.553779000000000021e+00	2.565144030236391615e+01
2.559610000000000163e+00	2.298080031277434543e+01
2.565475000000000172e+00	1.965895064463706632e+01
2.571432000000000162e+00	1.627615693546973930e+01
2.577539999999999942e+00	1.130126537387973862e+01
2.583845999999999865e+00	7.302760157274981623e+00
2.590249000000000024e+00	3.102847544004926572e+00
2.596534000000000120e+00	6.749812718071154238e-01
2.602485000000000159e+00	-2.123496051525972650e+00
2.607883000000000173e+00	-4.377574976923138905e+00
2.612527000000000044e+00	-5.510134191993570241e+00
2.616509000000000196e+00	-5.532916271735683900e+00
2.620163999999999938e+00	-4.661140871559150689e+00
2.623834000000000000e+00	-2.859819596937336783e+00
2.627863000000000060e+00	-1.220667407384872227e+00
2.632579999999999920e+00	1.141889979457793691e+00
2.638037000000000187e+00	3.920878773916342652e+00
2.644026000000000209e+00	5.332765935385529232e+00
2.650332000000000132e+00	5.661343793793376378e+00
2.656734000000000151e+00	6.500982307831083773e+00
2.663022999999999918e+00	4.423303877135237094e+00
2.669115000000000126e+00	3.538008232673316988e-01
2.675060999999999911e+00	-4.323670926998374853e+00
2.680919999999999970e+00	-9.020803142153980048e+00
2.686751000000000111e+00	-1.414650249683363015e+01
2.692610999999999866e+00	-1.790263376063857237e+01
2.698523999999999923e+00	-2.204766031898298806e+01
2.704476000000000102e+00	-2.378108330901546807e+01
2.710452000000000083e+00	-2.391390223931304249e+01
2.716435999999999851e+00	-2.225971001921826087e+01
2.722412999999999972e+00	-1.843337316763843248e+01
2.728375999999999912e+00	-1.302914957574833466e+01
2.734328000000000092e+00	-6.404721672739561278e+00
2.740273999999999877e+00	-8.214749737762050419e-01
2.746217000000000130e+00	1.749541821229250171e+00
2.752162000000000219e+00	1.654655426755863523e+00
2.758110999999999979e+00	-3.308831359068158839e+00
2.764063000000000159e+00	-1.104292239852785151e+01
2.770016000000000034e+00	-1.962092441564627165e+01
2.775971000000000188e+00	-2.687211309594384190e+01
2.781924000000000063e+00	-3.255415166839830476e+01
2.787876999999999938e+00	-3.435443767481555710e+01
2.793829000000000118e+00	-3.326139894202964342e+01
2.799780999999999853e+00	-3.057121103364624304e+01
2.805731999999999893e+00	-2.566971242136076725e+01
2.811682999999999932e+00	-1.841285061291201330e+01
2.817635000000000112e+00	-1.093402060494812211e+01
2.823586999999999847e+00	-2.547970118980613208e+00
2.829539000000000026e+00	4.856476147913705965e+00
2.835491000000000206e+00	9.962743136903458918e+00
2.841442999999999941e+00	1.265243618495591527e+01
2.847395000000000120e+00	1.206869040218463596e+01
2.853346999999999856e+00	8.883880566188366856e+00
2.859299000000000035e+00	3.073957406316120800e+00
2.865251000000000214e+00	-3.634626472545292142e+00
2.871201999999999810e+00	-8.265417204312990762e+00
2.877153999999999989e+00	-1.481644205639050682e+01
2.883106000000000169e+00	-1.867227290410901830e+01
2.889057999999999904e+00	-2.031962658527037746e+01
2.895010000000000083e+00	-2.194289554794480068e+01
2.900961999999999819e+00	-2.133177793288186663e+01
2.906913999999999998e+00	-1.635297020861723283e+01
2.912866000000000177e+00	-1.143862559717264205e+01
2.918817999999999913e+00	-4.748242341945618783e+00
2.924770000000000092e+00	2.262031943527884170e+00
2.930721000000000132e+00	6.184811419966387724e+00
2.936672999999999867e+00	1.029675245436977882e+01
2.942625000000000046e+00	1.276064034166059713e+01
2.948576999999999781e+00	1.430167377562585784e+01
2.954528999999999961e+00	1.419234598919683954e+01
2.960481000000000140e+00	1.453958184053542979e+01
2.966432999999999875e+00	1.417634391164355279e+01
2.972385000000000055e+00	1.409986427759487526e+01
2.978336999999999790e+00	1.307434788146950488e+01
2.984288999999999970e+00	1.260924501507975037e+01
2.990240000000000009e+00	1.272985324429933129e+01
2.996192000000000188e+00	1.183686612625372270e+01
3.002143999999999924e+00	1.156722627562268180e+01
3.008096000000000103e+00	1.143083053833891682e+01
3.014047999999999838e+00	1.145613295186793579e+01
3.020000000000000018e+00	1.158674004002281421e+01
