1.199999999999999956e-01	8.054582134339087318e+00
1.249780000000000058e-01	6.817347504183169704e+00
1.305999999999999939e-01	6.080677294036859415e+00
1.367059999999999942e-01	6.434616984402667939e+00
1.431360000000000132e-01	3.644855529872980338e+00
1.497320000000000040e-01	3.362695364213079685e+00
1.563350000000000017e-01	3.820009395590869161e+00
1.627850000000000130e-01	2.725775255366229999e+00
1.689219999999999888e-01	3.914647544059965512e+00
1.745889999999999942e-01	2.927784221616108518e+00
1.796250000000000069e-01	2.523169810107567912e+00
1.839349999999999874e-01	2.887055359263916543e+00
1.877439999999999942e-01	2.500246183600786765e+00
1.913779999999999926e-01	1.622623612245122748e+00
1.951660000000000061e-01	1.871024780464821902e+00
1.994340000000000002e-01	6.270637152954798843e-01
2.044499999999999929e-01	1.074131268609099799e+00
2.101250000000000062e-01	4.025200971942093364e-01
2.162479999999999958e-01	2.009982389590371787e-01
2.226049999999999973e-01	-3.080552095162635839e-01
2.289819999999999911e-01	1.414345997117333553e+00
2.351930000000000132e-01	1.340810169591453160e+00
2.412249999999999950e-01	1.266402967824500791e+00
2.471349999999999936e-01	8.144632467508546858e-01
2.529799999999999827e-01	1.686437188338762994e+00
2.588170000000000193e-01	1.880057936725749057e+00
2.646970000000000156e-01	2.543220300660569588e+00
2.706259999999999777e-01	2.612050471113626315e+00
2.765880000000000005e-01	3.570555249336510251e+00
2.825679999999999858e-01	2.307335813044970596e+00
2.885510000000000019e-01	3.518535680994598014e+00
2.945229999999999793e-01	3.915096457461700652e+00
3.004809999999999981e-01	2.995762084940851722e+00
3.064310000000000089e-01	2.333051157348995819e+00
3.123750000000000138e-01	3.289844006947614474e+00
3.183190000000000186e-01	2.554945587670347962e+00
3.242650000000000254e-01	2.355676593987893419e+00
3.302149999999999808e-01	2.388525374512104005e+00
3.361680000000000224e-01	2.726001835773997684e+00
3.421210000000000084e-01	2.744152262539151010e+00
3.480759999999999965e-01	2.423012618890722170e+00
3.540289999999999826e-01	2.173139066567739253e+00
3.599809999999999954e-01	2.463065383908056294e+00
3.659330000000000083e-01	3.542872483904927261e+00
3.718839999999999923e-01	2.919427346267768453e+00
3.778360000000000052e-01	2.574470958031039647e+00
3.837869999999999893e-01	3.268707616741172384e+00
3.897390000000000021e-01	3.174619010798899854e+00
3.956910000000000149e-01	3.955110917742871823e+00
4.016429999999999723e-01	3.684947656788576609e+00
4.075949999999999851e-01	3.085163511191947983e+00
4.135469999999999979e-01	3.065243204252160236e+00
4.194979999999999820e-01	3.783439183952521212e+00
4.254499999999999948e-01	3.839104409847798216e+00
4.314009999999999789e-01	3.781385127576464278e+00
4.373540000000000205e-01	4.495624906031206791e+00
4.433079999999999798e-01	4.046176305945064833e+00
4.492619999999999947e-01	3.408643126341473373e+00
4.552160000000000095e-01	3.587544012148258243e+00
4.611680000000000224e-01	4.512762132021878259e+00
4.671170000000000044e-01	3.974670763310681032e+00
4.730619999999999825e-01	4.730440314755826492e+00
4.790059999999999873e-01	4.902456238796950139e+00
4.849510000000000209e-01	4.262178458393437452e+00
4.909020000000000050e-01	4.693762463312837419e+00
4.968629999999999991e-01	4.839703899090932460e+00
5.028390000000000359e-01	4.896621481755648375e+00
5.088230000000000253e-01	5.186862877709407016e+00
5.148009999999999531e-01	5.253054067325326315e+00
5.207570000000000254e-01	5.163603143833258358e+00
5.266750000000000043e-01	5.173427400436634294e+00
5.325410000000000421e-01	5.549702023871710743e+00
5.383719999999999617e-01	5.485653778356200938e+00
5.442249999999999588e-01	6.140300121489922880e+00
5.501580000000000359e-01	6.164726945679289472e+00
5.562289999999999734e-01	6.037724579814172543e+00
5.624930000000000208e-01	6.570735057189903472e+00
5.688929999999999820e-01	6.166662801984404751e+00
5.752220000000000111e-01	6.479635153590534102e+00
5.812610000000000277e-01	8.031475527645065782e+00
5.867949999999999555e-01	7.415341120013022369e+00
5.916080000000000227e-01	7.618810359056704229e+00
5.957040000000000113e-01	8.611101256373238755e+00
5.993990000000000151e-01	7.742098195236555291e+00
6.030370000000000452e-01	8.189366707623406683e+00
6.069609999999999728e-01	8.815107153834633280e+00
6.115110000000000268e-01	8.081312803339173456e+00
6.168270000000000142e-01	7.725836774481160241e+00
6.227219999999999978e-01	9.129035541643634843e+00
6.289789999999999548e-01	9.159307376263191358e+00
6.353790000000000271e-01	8.767647826925900389e+00
6.417070000000000274e-01	9.349028144599085266e+00
6.478369999999999962e-01	8.900640015639753599e+00
6.538089999999999735e-01	9.732517778796683672e+00
6.596819999999999906e-01	9.282801170451008943e+00
6.655140000000000500e-01	8.467863653285466086e+00
6.713630000000000431e-01	8.400476398336621742e+00
6.772660000000000347e-01	9.090285354093026626e+00
6.832110000000000127e-01	1.003535244664805681e+01
6.891829999999999901e-01	8.832613749882085585e+00
6.951669999999999794e-01	9.549734484257538014e+00
7.011469999999999647e-01	9.472349225233815062e+00
7.071119999999999628e-01	9.102106414311188942e+00
7.130670000000000064e-01	1.069959192536285819e+01
7.190130000000000132e-01	9.832360487444404384e+00
7.249569999999999625e-01	9.829986552811320166e+00
7.309010000000000229e-01	9.940093681035785167e+00
7.368489999999999762e-01	1.010275427212248367e+01
7.428000000000000158e-01	1.023155885981082669e+01
7.487530000000000019e-01	1.055177880344746555e+01
7.547080000000000455e-01	1.011552808616062116e+01
7.606619999999999493e-01	1.093649376985049315e+01
7.666140000000000176e-01	1.105777475150267009e+01
7.725670000000000037e-01	1.125268652620093590e+01
7.785180000000000433e-01	1.118540121275650812e+01
7.844689999999999719e-01	1.253556524996569266e+01
7.904210000000000402e-01	1.176409822587183918e+01
7.963729999999999976e-01	1.156101065011918116e+01
8.023249999999999549e-01	1.355033764250606332e+01
8.082770000000000232e-01	1.346762490764891851e+01
8.142289999999999806e-01	1.368497886505739736e+01
8.201800000000000201e-01	1.511618705818244024e+01
8.261319999999999775e-01	1.437136273269427100e+01
8.320830000000000171e-01	1.504776765458135124e+01
8.380349999999999744e-01	1.493688504065269029e+01
8.439870000000000427e-01	1.434510734878361049e+01
8.499400000000000288e-01	1.464977036440669700e+01
8.558940000000000436e-01	1.400931890271237279e+01
8.618479999999999475e-01	1.362445894941765800e+01
8.678010000000000446e-01	1.380114945538131721e+01
8.737519999999999731e-01	1.437142869207889717e+01
8.797000000000000375e-01	1.326126003082208626e+01
8.856439999999999868e-01	1.283209647647315954e+01
8.915870000000000184e-01	1.372762296603384513e+01
8.975349999999999717e-01	1.239345427562356328e+01
9.034900000000000153e-01	1.263912594343941009e+01
9.094569999999999599e-01	1.313740787454834802e+01
9.154379999999999740e-01	1.187182934663519696e+01
9.214210000000000456e-01	1.218584550777647380e+01
9.273909999999999654e-01	1.116665979717054391e+01
9.333329999999999682e-01	1.105230203681065326e+01
9.392300000000000093e-01	1.073324344084955051e+01
9.450749999999999984e-01	1.018626887748015086e+01
9.509090000000000042e-01	9.676713249491072588e+00
9.567890000000000006e-01	9.578382476641719379e+00
9.627750000000000474e-01	9.569748801936315274e+00
9.689229999999999787e-01	9.432863584939351398e+00
9.752680000000000238e-01	9.812717708030941566e+00
9.816639999999999810e-01	9.181436136622448174e+00
9.878930000000000211e-01	9.317961349560558659e+00
9.937399999999999567e-01	8.245816262036289146e+00
9.989850000000000119e-01	8.924655655113914676e+00
1.003457999999999961e+00	9.829400820901890157e+00
1.007338000000000067e+00	9.322442220145054748e+00
1.010966000000000031e+00	9.518746461009305548e+00
1.014685999999999977e+00	9.332965023011427164e+00
1.018841000000000108e+00	9.693192544672115218e+00
1.023735000000000062e+00	9.969913261588226661e+00
1.029328999999999938e+00	9.627222238561280676e+00
1.035408000000000106e+00	9.720613190545419613e+00
1.041754000000000069e+00	1.015294181391243811e+01
1.048148999999999997e+00	1.033167599709133100e+01
1.054391999999999996e+00	1.046494833690686299e+01
1.060446000000000000e+00	1.015243024370277602e+01
1.066368999999999900e+00	1.008132669079566135e+01
1.072216999999999976e+00	1.052053939087212520e+01
1.078049000000000035e+00	1.050603019552962536e+01
1.083920999999999912e+00	1.085265681072788624e+01
1.089842999999999895e+00	1.049183864721275228e+01
1.095801999999999943e+00	1.096196807041288501e+01
1.101780999999999899e+00	1.153025982966780205e+01
1.107765000000000111e+00	1.108113426822521852e+01
1.113739999999999952e+00	1.088269008963871087e+01
1.119699999999999918e+00	1.109069441321970650e+01
1.125650000000000039e+00	1.157937529300357404e+01
1.131594999999999906e+00	1.176046684895128536e+01
1.137537999999999938e+00	1.189845166672771093e+01
1.143483999999999945e+00	1.250477404639367762e+01
1.149432999999999927e+00	1.264010740843638914e+01
1.155386000000000024e+00	1.273421710102236659e+01
1.161338999999999899e+00	1.283556862685544253e+01
1.167294000000000054e+00	1.303054691250888908e+01
1.173246999999999929e+00	1.321980237425264804e+01
1.179200000000000026e+00	1.346825997249452200e+01
1.185151999999999983e+00	1.433513917139099192e+01
1.191103000000000023e+00	1.469421219664779876e+01
1.197054000000000062e+00	1.472715160540421486e+01
1.203006000000000020e+00	1.490913716388689814e+01
1.208957999999999977e+00	1.502246544898329716e+01
1.214909999999999934e+00	1.534486367980873567e+01
1.220861999999999892e+00	1.613533544960260002e+01
1.226814000000000071e+00	1.512829385214090472e+01
1.232765000000000111e+00	1.635081876233939013e+01
1.238717000000000068e+00	1.670950275927361162e+01
1.244668000000000108e+00	1.630236827568525015e+01
1.250620000000000065e+00	1.735653054090340675e+01
1.256572000000000022e+00	1.759799523398431020e+01
1.262526000000000037e+00	1.745130244899523575e+01
1.268480000000000052e+00	1.782742772596737879e+01
1.274434000000000067e+00	1.836962711246534141e+01
1.280386000000000024e+00	1.959012507950542314e+01
1.286335999999999924e+00	1.941837844823206893e+01
1.292281999999999931e+00	2.017321355517445625e+01
1.298224999999999962e+00	2.028634950649275126e+01
1.304170000000000051e+00	2.068638294941983347e+01
1.310119999999999951e+00	2.070404085532990024e+01
1.316079999999999917e+00	2.113409229278312651e+01
1.322052999999999923e+00	2.213514100074387514e+01
1.328036999999999912e+00	2.275024037485030348e+01
1.334017000000000008e+00	2.324999075736005238e+01
1.339976000000000056e+00	2.402717619658992376e+01
1.345900000000000096e+00	2.538073507180590838e+01
1.351774000000000031e+00	2.545576752574279311e+01
1.357607000000000008e+00	2.607685235286189140e+01
1.363453000000000026e+00	2.685881215710529446e+01
1.369372000000000034e+00	2.813432282668681594e+01
1.375421999999999922e+00	2.904284839369349314e+01
1.381658999999999970e+00	2.928306859901591253e+01
1.388052000000000064e+00	3.082372088846807046e+01
1.394403000000000059e+00	3.084409159600355466e+01
1.400492999999999988e+00	3.159269511884512838e+01
1.406104999999999938e+00	3.186743101554205282e+01
1.411021999999999998e+00	3.188065486318676633e+01
1.415195999999999898e+00	3.233193540495742724e+01
1.418924000000000074e+00	3.293982720591348112e+01
1.422549999999999981e+00	3.297854555835027668e+01
1.426417000000000046e+00	3.255449303408843775e+01
1.430868000000000029e+00	3.278698044695207869e+01
1.436091000000000006e+00	3.223967875445278963e+01
1.441923000000000066e+00	3.210348269791572307e+01
1.448144000000000098e+00	3.279193967741205284e+01
1.454538000000000109e+00	3.281394835308821456e+01
1.460887000000000047e+00	3.281460375933860263e+01
1.467041999999999957e+00	3.375802203780173016e+01
1.473030999999999979e+00	3.445125594579574368e+01
1.478914000000000062e+00	3.545196242327087788e+01
1.484749000000000096e+00	3.612206010246716659e+01
1.490591999999999917e+00	3.654546101293198035e+01
1.496488000000000040e+00	3.721805265689592801e+01
1.502428000000000097e+00	3.850804277694157918e+01
1.508397999999999906e+00	3.959696780217482370e+01
1.514380999999999977e+00	3.899872184798805819e+01
1.520361999999999991e+00	4.051913342019676634e+01
1.526329999999999965e+00	4.029486547878675395e+01
1.532284999999999897e+00	3.973517799046874188e+01
1.538232999999999961e+00	3.976742553278597825e+01
1.544175999999999993e+00	3.839306659079920081e+01
1.550119999999999942e+00	3.785377670223386559e+01
1.556068000000000007e+00	3.678664583029378576e+01
1.562019000000000046e+00	3.579732888090359921e+01
1.567971999999999921e+00	3.448562836770332041e+01
1.573925999999999936e+00	3.412657205357728429e+01
1.579879999999999951e+00	3.234835778669758355e+01
1.585833000000000048e+00	3.298250055754905219e+01
1.591785000000000005e+00	3.203026674811443542e+01
1.597736999999999963e+00	3.240852534812312058e+01
1.603688000000000002e+00	3.197154900779669973e+01
1.609639000000000042e+00	3.334993535872924042e+01
1.615590999999999999e+00	3.510708141836867213e+01
1.621542999999999957e+00	3.551009486544693061e+01
1.627494999999999914e+00	3.660051397115715588e+01
1.633447000000000093e+00	3.836884103143309943e+01
1.639399000000000051e+00	4.056573947197782815e+01
1.645350000000000090e+00	4.178269131254824487e+01
1.651302000000000048e+00	4.308262879233580378e+01
1.657253000000000087e+00	4.431122360773964886e+01
1.663205000000000044e+00	4.526832741327498866e+01
1.669157999999999920e+00	4.396308272384031568e+01
1.675111999999999934e+00	4.334947776991110402e+01
1.681065999999999949e+00	4.264545911629419805e+01
1.687019000000000046e+00	4.049087143123545474e+01
1.692971000000000004e+00	3.901603421772195901e+01
1.698919000000000068e+00	3.725678637701238927e+01
1.704863000000000017e+00	3.558735068838353754e+01
1.710806999999999967e+00	3.346374513892762792e+01
1.716752999999999973e+00	3.280797417298345664e+01
1.722706999999999988e+00	3.126596563096391534e+01
1.728671999999999986e+00	3.065020463479169877e+01
1.734652000000000083e+00	2.868199065074128384e+01
1.740636000000000072e+00	2.967669149547303675e+01
1.746609000000000078e+00	2.918350656709244362e+01
1.752555000000000085e+00	3.021511308779207283e+01
1.758458000000000077e+00	3.077411019093225875e+01
1.764308999999999905e+00	3.149818100188752013e+01
1.770140999999999964e+00	3.139323955403497379e+01
1.776011999999999924e+00	3.155152699580225573e+01
1.781979999999999897e+00	3.211002759893042935e+01
1.788105000000000055e+00	3.309796979625348001e+01
1.794426999999999994e+00	3.327914141902792267e+01
1.800829000000000013e+00	3.227044423491975067e+01
1.807091999999999921e+00	3.171175957049987204e+01
1.813002000000000002e+00	3.142648129028113857e+01
1.818338000000000010e+00	3.132841254573898127e+01
1.822912000000000088e+00	3.014549569300852028e+01
1.826850000000000085e+00	2.878287115806690011e+01
1.830492000000000008e+00	2.822036214709521929e+01
1.834179999999999922e+00	2.724388237200376750e+01
1.838259000000000087e+00	2.625108526285170996e+01
1.843048000000000020e+00	2.632858176394599070e+01
1.848562000000000038e+00	2.540791481026465704e+01
1.854589999999999961e+00	2.499673897169051884e+01
1.860913000000000039e+00	2.529777950770359496e+01
1.867313999999999918e+00	2.502218427500590892e+01
1.873583999999999916e+00	2.445747218545036361e+01
1.879660000000000108e+00	2.478673395775009070e+01
1.885596000000000050e+00	2.465676078223702561e+01
1.891450999999999993e+00	2.439475396155989984e+01
1.897281999999999913e+00	2.400872450289210036e+01
1.903146999999999922e+00	2.506013396032279417e+01
1.909062999999999954e+00	2.492580234630208125e+01
1.915018000000000109e+00	2.506340292057156915e+01
1.920995999999999926e+00	2.588882027267374752e+01
1.926979999999999915e+00	2.669998170356879896e+01
1.932955999999999896e+00	2.894077297677840832e+01
1.938917999999999919e+00	3.053085124175775533e+01
1.944868999999999959e+00	3.101259017049319056e+01
1.950814000000000048e+00	3.196939064380386242e+01
1.956757999999999997e+00	3.509800159352401039e+01
1.962703000000000086e+00	3.626278661696441930e+01
1.968652000000000069e+00	3.771851689169274380e+01
1.974604000000000026e+00	3.978030484265550371e+01
1.980558000000000041e+00	4.137294132482305287e+01
1.986512000000000056e+00	4.226275919541262738e+01
1.992466000000000070e+00	4.242919105111725742e+01
1.998418000000000028e+00	4.151837135776467136e+01
2.004370000000000207e+00	4.148596475914744275e+01
2.010321999999999942e+00	3.980047972836744208e+01
2.016272999999999982e+00	3.907293015380680146e+01
2.022224000000000022e+00	3.730866909060730308e+01
2.028176000000000201e+00	3.606291781278106612e+01
2.034127999999999936e+00	3.460256678837474453e+01
2.040080000000000116e+00	3.359176584625388529e+01
2.046031999999999851e+00	3.258851242838730400e+01
2.051984000000000030e+00	3.182385294077801063e+01
2.057935000000000070e+00	3.213035050120306835e+01
2.063886999999999805e+00	3.205082724207520073e+01
2.069837999999999845e+00	3.218717876356800645e+01
2.075791000000000164e+00	3.326262496914089439e+01
2.081744000000000039e+00	3.382705833474769719e+01
2.087698000000000054e+00	3.415735141826325361e+01
2.093652000000000069e+00	3.586472040962902952e+01
2.099604999999999944e+00	3.676995660495343543e+01
2.105554999999999843e+00	3.960414490030311185e+01
2.111501000000000072e+00	4.003003752353350109e+01
2.117445000000000022e+00	4.268551624936862510e+01
2.123388999999999971e+00	4.392369008406493691e+01
2.129338000000000175e+00	4.583583565358971157e+01
2.135295999999999861e+00	4.930623452893019731e+01
2.141268000000000171e+00	5.251694095451483690e+01
2.147250999999999799e+00	5.539171201108766240e+01
2.153232000000000035e+00	5.858903098348205418e+01
2.159196000000000115e+00	6.245299185184688184e+01
2.165125000000000188e+00	6.431830877617271369e+01
2.171006000000000213e+00	6.332221654396432342e+01
2.176841000000000026e+00	6.236880093634155742e+01
2.182682999999999929e+00	5.943847830702983259e+01
2.188588999999999896e+00	5.595252825812600861e+01
2.194618000000000180e+00	5.257608593307499945e+01
2.200828000000000007e+00	4.851629552010755475e+01
2.207209999999999894e+00	4.510063836657749192e+01
2.213579000000000185e+00	4.318226607967429942e+01
2.219714999999999883e+00	4.136205301789834010e+01
2.225403000000000020e+00	4.178683095313746065e+01
2.230423000000000044e+00	3.951366473520819511e+01
2.234681000000000139e+00	3.917966591721825864e+01
2.238447999999999993e+00	3.911254033814964259e+01
2.242068000000000172e+00	3.882916069559794892e+01
2.245884000000000214e+00	3.887452623929873852e+01
2.250237999999999960e+00	3.921309612321763183e+01
2.255365999999999982e+00	3.969434025067823768e+01
2.261130000000000084e+00	4.047352982364793661e+01
2.267313000000000134e+00	4.217383270090006420e+01
2.273696000000000161e+00	4.231593166514397808e+01
2.280063999999999869e+00	4.400010338291422585e+01
2.286243999999999943e+00	4.567376261986241559e+01
2.292251999999999956e+00	4.653651160871632442e+01
2.298146000000000022e+00	4.761278775334971414e+01
2.303983000000000114e+00	4.836903291025283380e+01
2.309822000000000042e+00	4.801518106787059992e+01
2.315710999999999853e+00	4.866253210734534207e+01
2.321645999999999876e+00	4.717833128655087904e+01
2.327612999999999932e+00	4.630686203299553227e+01
2.333594999999999864e+00	4.475866459021613508e+01
2.339576999999999796e+00	4.276000712196196929e+01
2.345546999999999827e+00	4.084034187956395101e+01
2.351503999999999817e+00	3.939776118964310569e+01
2.357451999999999881e+00	3.846369735428890380e+01
2.363395999999999830e+00	3.792495462034528231e+01
2.369339000000000084e+00	3.968967631288516884e+01
2.375286000000000008e+00	4.254851618775490607e+01
2.381237000000000048e+00	4.720098048887298603e+01
2.387189999999999923e+00	5.078860719063120399e+01
2.393143999999999938e+00	5.394763185884302459e+01
2.399097999999999953e+00	5.550857087882231156e+01
2.405050999999999828e+00	5.399417003606010468e+01
2.411004000000000147e+00	4.973499317360889904e+01
2.416955999999999882e+00	4.367516691637163717e+01
2.422906999999999922e+00	3.820379360277313197e+01
2.428857999999999961e+00	3.270277826281683531e+01
2.434809000000000001e+00	2.821747867741345672e+01
2.440760000000000041e+00	2.619046195845617575e+01
2.446712000000000220e+00	2.465830563862996172e+01
2.452663999999999955e+00	2.501830162954972181e+01
2.458616999999999830e+00	2.546103460666419593e+01
2.464570999999999845e+00	2.664098400176625603e+01
2.470524999999999860e+00	2.724733049430516019e+01
2.476478000000000179e+00	2.967638258486851299e+01
2.482429999999999914e+00	3.189458995005236730e+01
2.488377999999999979e+00	3.458147328066531401e+01
2.494323000000000068e+00	3.682261238612529297e+01
2.500265999999999877e+00	3.931271118183984470e+01
2.506212000000000106e+00	4.134894797500586350e+01
2.512164999999999981e+00	4.485961568717679882e+01
2.518129000000000062e+00	4.840255182394484024e+01
2.524108000000000018e+00	5.201084217768970319e+01
2.530091999999999786e+00	5.428458538898459551e+01
2.536067000000000071e+00	5.628713599994802763e+01
2.542015999999999831e+00	5.845854115219399461e+01
2.547924000000000078e+00	5.847663686708816755e+01
2.553779000000000021e+00	5.705374683732230068e+01
2.559610000000000163e+00	5.276500030873911129e+01
2.565475000000000172e+00	4.790600868343766194e+01
2.571432000000000162e+00	4.206853066980339406e+01
2.577539999999999942e+00	3.732649062279809726e+01
2.583845999999999865e+00	3.167711969464945554e+01
2.590249000000000024e+00	2.598766037672736218e+01
2.596534000000000120e+00	2.196608889963650668e+01
2.602485000000000159e+00	1.799456295808791495e+01
2.607883000000000173e+00	1.413733708747838946e+01
2.612527000000000044e+00	1.019211527082095792e+01
2.616509000000000196e+00	6.772592610433909144e+00
2.620163999999999938e+00	3.253118585827464493e+00
2.623834000000000000e+00	4.830801828372560669e-01
2.627863000000000060e+00	-1.874719503742763971e+00
2.632579999999999920e+00	-4.797746493768270781e+00
2.638037000000000187e+00	-6.883839091442080615e+00
2.644026000000000209e+00	-7.976391926452190084e+00
2.650332000000000132e+00	-6.643608061906554063e+00
2.656734000000000151e+00	-3.828329482720678634e+00
2.663022999999999918e+00	1.967889963293469657e+00
2.669115000000000126e+00	9.382112088395910376e+00
2.675060999999999911e+00	1.736971764203541113e+01
2.680919999999999970e+00	2.470312497338648683e+01
2.686751000000000111e+00	3.243770748714302954e+01
2.692610999999999866e+00	3.566832601872651765e+01
2.698523999999999923e+00	3.715812189781915720e+01
2.704476000000000102e+00	3.416935481178062162e+01
2.710452000000000083e+00	3.160123405701570221e+01
2.716435999999999851e+00	2.557778803859825345e+01
2.722412999999999972e+00	1.797683580897124500e+01
2.728375999999999912e+00	9.815976936171789902e+00
2.734328000000000092e+00	1.533247093126504534e+00
2.740273999999999877e+00	-7.127168560042935752e+00
2.746217000000000130e+00	-1.332581851302622589e+01
2.752162000000000219e+00	-2.164419024257570356e+01
2.758110999999999979e+00	-2.637730491655858955e+01
2.764063000000000159e+00	-2.961317730790094771e+01
2.770016000000000034e+00	-3.153820620280274767e+01
2.775971000000000188e+00	-3.187255685771165403e+01
2.781924000000000063e+00	-2.630467418522226808e+01
2.787876999999999938e+00	-1.933171086903582747e+01
2.793829000000000118e+00	-1.082882494304388032e+01
2.799780999999999853e+00	-1.967469790367667226e+00
2.805731999999999893e+00	3.601851518945458519e+00
2.811682999999999932e+00	7.303556656529262447e+00
2.817635000000000112e+00	7.345030761556643917e+00
2.823586999999999847e+00	2.587906918399268008e+00
2.829539000000000026e+00	-3.049381682304475483e+00
2.835491000000000206e+00	-8.104103916955907039e+00
2.841442999999999941e+00	-1.131274928637690813e+01
2.847395000000000120e+00	-1.244908146355931855e+01
2.853346999999999856e+00	-1.264137802347445749e+01
2.859299000000000035e+00	-1.225902999902318413e+01
2.865251000000000214e+00	-1.039445378815832832e+01
2.871201999999999810e+00	-9.648711282183633386e+00
2.877153999999999989e+00	-9.546914253473477885e+00
2.883106000000000169e+00	-8.684130697037305779e+00
2.889057999999999904e+00	-9.591724071319504219e+00
2.895010000000000083e+00	-1.120673769880741055e+01
2.900961999999999819e+00	-1.131179503859239510e+01
2.906913999999999998e+00	-1.305710134366697517e+01
2.912866000000000177e+00	-1.300265635863965841e+01
2.918817999999999913e+00	-1.340925710020254513e+01
2.924770000000000092e+00	-1.225187964107928096e+01
2.930721000000000132e+00	-1.028736134556244863e+01
2.936672999999999867e+00	-7.808870090343663861e+00
2.942625000000000046e+00	-4.257206081530707564e+00
2.948576999999999781e+00	-1.147081518282512480e+00
2.954528999999999961e+00	1.693749879352318466e+00
2.960481000000000140e+00	1.606125633048257173e+00
2.966432999999999875e+00	-6.686063760088063468e-01
2.972385000000000055e+00	-5.510183039868035593e+00
2.978336999999999790e+00	-1.132312647580760512e+01
2.984288999999999970e+00	-1.740635148956503286e+01
2.990240000000000009e+00	-2.313400397752559456e+01
2.996192000000000188e+00	-2.806456915313719591e+01
3.002143999999999924e+00	-3.220010292467259916e+01
3.008096000000000103e+00	-3.303167268673696810e+01
3.014047999999999838e+00	-3.068137007016567708e+01
3.020000000000000018e+00	-2.550528634711247022e+01
