1.199999999999999956e-01	-1.264415114444788379e+00
1.249780000000000058e-01	-8.911136686531553330e-01
1.305999999999999939e-01	-5.262039305619108376e-01
1.367059999999999942e-01	-2.542920951760564707e-02
1.431360000000000132e-01	5.251484031371700389e-01
1.497320000000000040e-01	1.063176083120393800e+00
1.563350000000000017e-01	1.478357264752324429e+00
1.627850000000000130e-01	1.797146827559663596e+00
1.689219999999999888e-01	2.395210301380067630e+00
1.745889999999999942e-01	2.837522022326697702e+00
1.796250000000000069e-01	3.119415096831637424e+00
1.839349999999999874e-01	2.960102762359997808e+00
1.877439999999999942e-01	2.869755317941272033e+00
1.913779999999999926e-01	2.812639039535096419e+00
1.951660000000000061e-01	2.605176005585776000e+00
1.994340000000000002e-01	2.314344248486886357e+00
2.044499999999999929e-01	2.156332449804196028e+00
2.101250000000000062e-01	2.186593027465516315e+00
2.162479999999999958e-01	2.058000686056545625e+00
2.226049999999999973e-01	2.076796059285601626e+00
2.289819999999999911e-01	2.197781937448023637e+00
2.351930000000000132e-01	2.135649128094245341e+00
2.412249999999999950e-01	2.331365260534998374e+00
2.471349999999999936e-01	2.614038258014150351e+00
2.529799999999999827e-01	2.669824173110030952e+00
2.588170000000000193e-01	2.615783637760908054e+00
2.646970000000000156e-01	2.811929165928256591e+00
2.706259999999999777e-01	2.710499207610572725e+00
2.765880000000000005e-01	2.638000088690021894e+00
2.825679999999999858e-01	2.697490825917252089e+00
2.885510000000000019e-01	2.811553883248663510e+00
2.945229999999999793e-01	2.858429714685001954e+00
3.004809999999999981e-01	2.969938107120183357e+00
3.064310000000000089e-01	3.154805964259024265e+00
3.123750000000000138e-01	3.341759109984645537e+00
3.183190000000000186e-01	3.673141736210773445e+00
3.242650000000000254e-01	3.855823330428261642e+00
3.302149999999999808e-01	3.758804417722364732e+00
3.361680000000000224e-01	3.675459315181716757e+00
3.421210000000000084e-01	3.712879155432607270e+00
3.480759999999999965e-01	3.748848827711195320e+00
3.540289999999999826e-01	3.670531425518323232e+00
3.599809999999999954e-01	3.598630120084032935e+00
3.659330000000000083e-01	3.727878546938531823e+00
3.718839999999999923e-01	4.082355997280433080e+00
3.778360000000000052e-01	4.085356813466858306e+00
3.837869999999999893e-01	4.121187095911479581e+00
3.897390000000000021e-01	4.109126592002827927e+00
3.956910000000000149e-01	4.187683146723937710e+00
4.016429999999999723e-01	4.076263838553925822e+00
4.075949999999999851e-01	4.171815570481427038e+00
4.135469999999999979e-01	4.593945555815848181e+00
4.194979999999999820e-01	4.567811449594045392e+00
4.254499999999999948e-01	4.702782274762085102e+00
4.314009999999999789e-01	5.051209266272255860e+00
4.373540000000000205e-01	5.169249629270178836e+00
4.433079999999999798e-01	5.324891933250805565e+00
4.492619999999999947e-01	5.639110799370713245e+00
4.552160000000000095e-01	5.829259189045912670e+00
4.611680000000000224e-01	5.962278180766316993e+00
4.671170000000000044e-01	6.225837606970800131e+00
4.730619999999999825e-01	6.347825381627129282e+00
4.790059999999999873e-01	6.630504409824759193e+00
4.849510000000000209e-01	6.686378311766316251e+00
4.909020000000000050e-01	7.121713818350876579e+00
4.968629999999999991e-01	7.254395938608009686e+00
5.028390000000000359e-01	7.523813143088653455e+00
5.088230000000000253e-01	7.658656403600275553e+00
5.148009999999999531e-01	7.831409828121308259e+00
5.207570000000000254e-01	8.162739542499663159e+00
5.266750000000000043e-01	8.463256033263107270e+00
5.325410000000000421e-01	8.621095687812195152e+00
5.383719999999999617e-01	8.803636778733734403e+00
5.442249999999999588e-01	8.957098324355094121e+00
5.501580000000000359e-01	9.169861020385495110e+00
5.562289999999999734e-01	9.261808118628492181e+00
5.624930000000000208e-01	9.324575378931344360e+00
5.688929999999999820e-01	9.488174181240948357e+00
5.752220000000000111e-01	9.799519055603802542e+00
5.812610000000000277e-01	1.009380056081155175e+01
5.867949999999999555e-01	1.035670024758689856e+01
5.916080000000000227e-01	1.060215824311997146e+01
5.957040000000000113e-01	1.109735933455600509e+01
5.993990000000000151e-01	1.089629452924028996e+01
6.030370000000000452e-01	1.131012369351651614e+01
6.069609999999999728e-01	1.154622437249880029e+01
6.115110000000000268e-01	1.196395714804401678e+01
6.168270000000000142e-01	1.193842948201942278e+01
6.227219999999999978e-01	1.222438502384908965e+01
6.289789999999999548e-01	1.211803806907058778e+01
6.353790000000000271e-01	1.253454484713698847e+01
6.417070000000000274e-01	1.259908170822024331e+01
6.478369999999999962e-01	1.271640827465445511e+01
6.538089999999999735e-01	1.292533436192480423e+01
6.596819999999999906e-01	1.330983274346139922e+01
6.655140000000000500e-01	1.322564703597089419e+01
6.713630000000000431e-01	1.322239027087057472e+01
6.772660000000000347e-01	1.338923199683929255e+01
6.832110000000000127e-01	1.367578982859428116e+01
6.891829999999999901e-01	1.356829804085468716e+01
6.951669999999999794e-01	1.349784549148829882e+01
7.011469999999999647e-01	1.354707906575258392e+01
7.071119999999999628e-01	1.357378595772013874e+01
7.130670000000000064e-01	1.367198749296360383e+01
7.190130000000000132e-01	1.351903068758888260e+01
7.249569999999999625e-01	1.368526630578967485e+01
7.309010000000000229e-01	1.381815483955937474e+01
7.368489999999999762e-01	1.420249476645041575e+01
7.428000000000000158e-01	1.413729133270083338e+01
7.487530000000000019e-01	1.438405475976016668e+01
7.547080000000000455e-01	1.462749288817475346e+01
7.606619999999999493e-01	1.477693691292875044e+01
7.666140000000000176e-01	1.522515364972517382e+01
7.725670000000000037e-01	1.532767052756007153e+01
7.785180000000000433e-01	1.564028589258364299e+01
7.844689999999999719e-01	1.598787938193742697e+01
7.904210000000000402e-01	1.615629571139773546e+01
7.963729999999999976e-01	1.654568875542220496e+01
8.023249999999999549e-01	1.689969703143525592e+01
8.082770000000000232e-01	1.715547245128998100e+01
8.142289999999999806e-01	1.759021061612868309e+01
8.201800000000000201e-01	1.776912018621526812e+01
8.261319999999999775e-01	1.782549433098735392e+01
8.320830000000000171e-01	1.787129520682175254e+01
8.380349999999999744e-01	1.788630602342798426e+01
8.439870000000000427e-01	1.781346141198532251e+01
8.499400000000000288e-01	1.783479386362347086e+01
8.558940000000000436e-01	1.779019121871098719e+01
8.618479999999999475e-01	1.765621346886559095e+01
8.678010000000000446e-01	1.753959651949373111e+01
8.737519999999999731e-01	1.730564844428094773e+01
8.797000000000000375e-01	1.707292004765644933e+01
8.856439999999999868e-01	1.668830811165878103e+01
8.915870000000000184e-01	1.624297101984049618e+01
8.975349999999999717e-01	1.559616907490666904e+01
9.034900000000000153e-01	1.525453556726183812e+01
9.094569999999999599e-01	1.469120148455466612e+01
9.154379999999999740e-01	1.424935191657175082e+01
9.214210000000000456e-01	1.427236081485184904e+01
9.273909999999999654e-01	1.428444438632140745e+01
9.333329999999999682e-01	1.400432921497147554e+01
9.392300000000000093e-01	1.365385996010393477e+01
9.450749999999999984e-01	1.363345772837622327e+01
9.509090000000000042e-01	1.330693607083183139e+01
9.567890000000000006e-01	1.305475818385746045e+01
9.627750000000000474e-01	1.300022814558231410e+01
9.689229999999999787e-01	1.264614028459645567e+01
9.752680000000000238e-01	1.258562532051712601e+01
9.816639999999999810e-01	1.246363531149772186e+01
9.878930000000000211e-01	1.253283922892565094e+01
9.937399999999999567e-01	1.263670945847677807e+01
9.989850000000000119e-01	1.274177167419032486e+01
1.003457999999999961e+00	1.293357996483860717e+01
1.007338000000000067e+00	1.301363777417472178e+01
1.010966000000000031e+00	1.319572789657796719e+01
1.014685999999999977e+00	1.317250380045528324e+01
1.018841000000000108e+00	1.356377618778893357e+01
1.023735000000000062e+00	1.371223148433917061e+01
1.029328999999999938e+00	1.371303520618605098e+01
1.035408000000000106e+00	1.403997810313323846e+01
1.041754000000000069e+00	1.419171521744116227e+01
1.048148999999999997e+00	1.411972920793056474e+01
1.054391999999999996e+00	1.415537075308312787e+01
1.060446000000000000e+00	1.429988007081523627e+01
1.066368999999999900e+00	1.452735586911603960e+01
1.072216999999999976e+00	1.427592944295054345e+01
1.078049000000000035e+00	1.420945880073723977e+01
1.083920999999999912e+00	1.427635075385343022e+01
1.089842999999999895e+00	1.466254651130237185e+01
1.095801999999999943e+00	1.467753466124851158e+01
1.101780999999999899e+00	1.482721629729399559e+01
1.107765000000000111e+00	1.489681083028961694e+01
1.113739999999999952e+00	1.506056649797480773e+01
1.119699999999999918e+00	1.511493797281935692e+01
1.125650000000000039e+00	1.507019554027354857e+01
1.131594999999999906e+00	1.495122214980420239e+01
1.137537999999999938e+00	1.551591347926890485e+01
1.143483999999999945e+00	1.604127145110183861e+01
1.149432999999999927e+00	1.642129895445387433e+01
1.155386000000000024e+00	1.715461996414884283e+01
1.161338999999999899e+00	1.753236742355101541e+01
1.167294000000000054e+00	1.812326405005839547e+01
1.173246999999999929e+00	1.833586912849813544e+01
1.179200000000000026e+00	1.909935221045503084e+01
1.185151999999999983e+00	1.921693211889322939e+01
1.191103000000000023e+00	1.933452429003185102e+01
1.197054000000000062e+00	2.003035452889341883e+01
1.203006000000000020e+00	1.998924500129627546e+01
1.208957999999999977e+00	2.046028969668727981e+01
1.214909999999999934e+00	2.071445323061010413e+01
1.220861999999999892e+00	2.091412071588889532e+01
1.226814000000000071e+00	2.151834972466281215e+01
1.232765000000000111e+00	2.172172457429835291e+01
1.238717000000000068e+00	2.219703504815380768e+01
1.244668000000000108e+00	2.258537036340129234e+01
1.250620000000000065e+00	2.343824540569840664e+01
1.256572000000000022e+00	2.404778774525523133e+01
1.262526000000000037e+00	2.457139273443289795e+01
1.268480000000000052e+00	2.530486213982702282e+01
1.274434000000000067e+00	2.576684380437314204e+01
1.280386000000000024e+00	2.658733904477961474e+01
1.286335999999999924e+00	2.740500942574521304e+01
1.292281999999999931e+00	2.777635556185872190e+01
1.298224999999999962e+00	2.866474994898724304e+01
1.304170000000000051e+00	2.917867276930662968e+01
1.310119999999999951e+00	2.959627244279860392e+01
1.316079999999999917e+00	3.039062320181368904e+01
1.322052999999999923e+00	3.110612740381298380e+01
1.328036999999999912e+00	3.190427522278261208e+01
1.334017000000000008e+00	3.275564542291732550e+01
1.339976000000000056e+00	3.391425635766274382e+01
1.345900000000000096e+00	3.477002146219581391e+01
1.351774000000000031e+00	3.566146789205032519e+01
1.357607000000000008e+00	3.666976217296671336e+01
1.363453000000000026e+00	3.754046665562896834e+01
1.369372000000000034e+00	3.842451833683328033e+01
1.375421999999999922e+00	3.915555192086296188e+01
1.381658999999999970e+00	3.996835289937470037e+01
1.388052000000000064e+00	4.058152836828384835e+01
1.394403000000000059e+00	4.110802019456381373e+01
1.400492999999999988e+00	4.175480696560740768e+01
1.406104999999999938e+00	4.254825004928649435e+01
1.411021999999999998e+00	4.300668074270166841e+01
1.415195999999999898e+00	4.355405605404767044e+01
1.418924000000000074e+00	4.366883008566396995e+01
1.422549999999999981e+00	4.414993841010719677e+01
1.426417000000000046e+00	4.447840824926628756e+01
1.430868000000000029e+00	4.484567068094596465e+01
1.436091000000000006e+00	4.528688479660304012e+01
1.441923000000000066e+00	4.561606768489199482e+01
1.448144000000000098e+00	4.612817045212695177e+01
1.454538000000000109e+00	4.659398509063399985e+01
1.460887000000000047e+00	4.687418927092218723e+01
1.467041999999999957e+00	4.719023504196166385e+01
1.473030999999999979e+00	4.728085585292800630e+01
1.478914000000000062e+00	4.763382336759261904e+01
1.484749000000000096e+00	4.750764606737254070e+01
1.490591999999999917e+00	4.738778186958326444e+01
1.496488000000000040e+00	4.721548493031814786e+01
1.502428000000000097e+00	4.704035269942176001e+01
1.508397999999999906e+00	4.666316627386109417e+01
1.514380999999999977e+00	4.642524951211982653e+01
1.520361999999999991e+00	4.632964711642949851e+01
1.526329999999999965e+00	4.636069519884176060e+01
1.532284999999999897e+00	4.653433652696407563e+01
1.538232999999999961e+00	4.633742162170799617e+01
1.544175999999999993e+00	4.670115631729641592e+01
1.550119999999999942e+00	4.684946214669550102e+01
1.556068000000000007e+00	4.723097864406089030e+01
1.562019000000000046e+00	4.733525242107921827e+01
1.567971999999999921e+00	4.774283056737593256e+01
1.573925999999999936e+00	4.857745278195973526e+01
1.579879999999999951e+00	4.919936035876934000e+01
1.585833000000000048e+00	5.053890730380044261e+01
1.591785000000000005e+00	5.178572924894316998e+01
1.597736999999999963e+00	5.335158318173608194e+01
1.603688000000000002e+00	5.463422803296963082e+01
1.609639000000000042e+00	5.580992250332371896e+01
1.615590999999999999e+00	5.673669679855649406e+01
1.621542999999999957e+00	5.751576982936225590e+01
1.627494999999999914e+00	5.774799962264513908e+01
1.633447000000000093e+00	5.746491399034055547e+01
1.639399000000000051e+00	5.715299281318633717e+01
1.645350000000000090e+00	5.678325227755459537e+01
1.651302000000000048e+00	5.608866796700484514e+01
1.657253000000000087e+00	5.513341755200848127e+01
1.663205000000000044e+00	5.419864166869771793e+01
1.669157999999999920e+00	5.322356802643098206e+01
1.675111999999999934e+00	5.244678746135329561e+01
1.681065999999999949e+00	5.147258287102344099e+01
1.687019000000000046e+00	5.097260089733251220e+01
1.692971000000000004e+00	5.054681810262305675e+01
1.698919000000000068e+00	4.968258454379549960e+01
1.704863000000000017e+00	4.941826745958770317e+01
1.710806999999999967e+00	4.869082429974081094e+01
1.716752999999999973e+00	4.785240091867326129e+01
1.722706999999999988e+00	4.739006311332355637e+01
1.728671999999999986e+00	4.701029996364182750e+01
1.734652000000000083e+00	4.645830198809589717e+01
1.740636000000000072e+00	4.606507890250096438e+01
1.746609000000000078e+00	4.547872967885233919e+01
1.752555000000000085e+00	4.495978469511874209e+01
1.758458000000000077e+00	4.460908105352275044e+01
1.764308999999999905e+00	4.352420661265983171e+01
1.770140999999999964e+00	4.288811141067427712e+01
1.776011999999999924e+00	4.206562561745636941e+01
1.781979999999999897e+00	4.126651440388869219e+01
1.788105000000000055e+00	4.021429142137170487e+01
1.794426999999999994e+00	3.959491656988367225e+01
1.800829000000000013e+00	3.907041804050341938e+01
1.807091999999999921e+00	3.841577756894699291e+01
1.813002000000000002e+00	3.781303730436712840e+01
1.818338000000000010e+00	3.750592879407044222e+01
1.822912000000000088e+00	3.730919352128623956e+01
1.826850000000000085e+00	3.715497565268484692e+01
1.830492000000000008e+00	3.734079758857796350e+01
1.834179999999999922e+00	3.728184480409996127e+01
1.838259000000000087e+00	3.783445523391522158e+01
1.843048000000000020e+00	3.767612085594209503e+01
1.848562000000000038e+00	3.786748676599953711e+01
1.854589999999999961e+00	3.811116715602894089e+01
1.860913000000000039e+00	3.818738419796376604e+01
1.867313999999999918e+00	3.852133030534112379e+01
1.873583999999999916e+00	3.893631216481442436e+01
1.879660000000000108e+00	3.951694078757155637e+01
1.885596000000000050e+00	4.013479222381036493e+01
1.891450999999999993e+00	4.109026306653712624e+01
1.897281999999999913e+00	4.214289704640720657e+01
1.903146999999999922e+00	4.293813217467504018e+01
1.909062999999999954e+00	4.415568056210839387e+01
1.915018000000000109e+00	4.491858395349078847e+01
1.920995999999999926e+00	4.598126387125571313e+01
1.926979999999999915e+00	4.673717108048817437e+01
1.932955999999999896e+00	4.777172551839180414e+01
1.938917999999999919e+00	4.868780685578536094e+01
1.944868999999999959e+00	4.921006269185800619e+01
1.950814000000000048e+00	4.975060953196353353e+01
1.956757999999999997e+00	4.995989525580524315e+01
1.962703000000000086e+00	5.007817456623826757e+01
1.968652000000000069e+00	4.982301757111556384e+01
1.974604000000000026e+00	4.925649164844801220e+01
1.980558000000000041e+00	4.900891337469352038e+01
1.986512000000000056e+00	4.876825073840736735e+01
1.992466000000000070e+00	4.857862145014990318e+01
1.998418000000000028e+00	4.862639948062621187e+01
2.004370000000000207e+00	4.899026173375001747e+01
2.010321999999999942e+00	4.966125707739777084e+01
2.016272999999999982e+00	5.062120804686760067e+01
2.022224000000000022e+00	5.175538791819001005e+01
2.028176000000000201e+00	5.324411295891813722e+01
2.034127999999999936e+00	5.532380611879479204e+01
2.040080000000000116e+00	5.716714728972741000e+01
2.046031999999999851e+00	5.963889827663327736e+01
2.051984000000000030e+00	6.194352585219488105e+01
2.057935000000000070e+00	6.447066877713001531e+01
2.063886999999999805e+00	6.665601407522068200e+01
2.069837999999999845e+00	6.844440517212407826e+01
2.075791000000000164e+00	6.984556058742988682e+01
2.081744000000000039e+00	7.002225347142960743e+01
2.087698000000000054e+00	6.944551207178484731e+01
2.093652000000000069e+00	6.812827332726659790e+01
2.099604999999999944e+00	6.652323919163575283e+01
2.105554999999999843e+00	6.454282263213239901e+01
2.111501000000000072e+00	6.250179050618229581e+01
2.117445000000000022e+00	6.088487608713411703e+01
2.123388999999999971e+00	5.932579447064401279e+01
2.129338000000000175e+00	5.832029697603127971e+01
2.135295999999999861e+00	5.735159260164992645e+01
2.141268000000000171e+00	5.658065012316163234e+01
2.147250999999999799e+00	5.630365574628421399e+01
2.153232000000000035e+00	5.634002586826937176e+01
2.159196000000000115e+00	5.679353687044061871e+01
2.165125000000000188e+00	5.779283604599031321e+01
2.171006000000000213e+00	5.965123744171777531e+01
2.176841000000000026e+00	6.178818328423731288e+01
2.182682999999999929e+00	6.434139544310441750e+01
2.188588999999999896e+00	6.738903630804618672e+01
2.194618000000000180e+00	6.998801062841963017e+01
2.200828000000000007e+00	7.268354320174189809e+01
2.207209999999999894e+00	7.500360408761130770e+01
2.213579000000000185e+00	7.660406992683098792e+01
2.219714999999999883e+00	7.740666687081238706e+01
2.225403000000000020e+00	7.755314938129725988e+01
2.230423000000000044e+00	7.692164890874120431e+01
2.234681000000000139e+00	7.505069791227455767e+01
2.238447999999999993e+00	7.293754487156263622e+01
2.242068000000000172e+00	6.985999219798738125e+01
2.245884000000000214e+00	6.723984065558848044e+01
2.250237999999999960e+00	6.461582820601103094e+01
2.255365999999999982e+00	6.259951198432923292e+01
2.261130000000000084e+00	6.068327947371902553e+01
2.267313000000000134e+00	5.953265542229311080e+01
2.273696000000000161e+00	5.850113028164305717e+01
2.280063999999999869e+00	5.769899649170987033e+01
2.286243999999999943e+00	5.714293387472040564e+01
2.292251999999999956e+00	5.676502398307803787e+01
2.298146000000000022e+00	5.635810586484556239e+01
2.303983000000000114e+00	5.608716839474020333e+01
2.309822000000000042e+00	5.570820437087366628e+01
2.315710999999999853e+00	5.577008360614813398e+01
2.321645999999999876e+00	5.592978424053083586e+01
2.327612999999999932e+00	5.617449122054518540e+01
2.333594999999999864e+00	5.647480995757297961e+01
2.339576999999999796e+00	5.731993767532609496e+01
2.345546999999999827e+00	5.823112838417272741e+01
2.351503999999999817e+00	5.955091714127492253e+01
2.357451999999999881e+00	6.134575794020319250e+01
2.363395999999999830e+00	6.321312280739135758e+01
2.369339000000000084e+00	6.587521968572575304e+01
2.375286000000000008e+00	6.939988987896619221e+01
2.381237000000000048e+00	7.300227378024783320e+01
2.387189999999999923e+00	7.624054115972847967e+01
2.393143999999999938e+00	7.913572679015318556e+01
2.399097999999999953e+00	8.111542006535215421e+01
2.405050999999999828e+00	8.205185214932053839e+01
2.411004000000000147e+00	8.167858681935567233e+01
2.416955999999999882e+00	8.055325723629569268e+01
2.422906999999999922e+00	7.883150988568894491e+01
2.428857999999999961e+00	7.675448304945541622e+01
2.434809000000000001e+00	7.488233758974470788e+01
2.440760000000000041e+00	7.271203696859141985e+01
2.446712000000000220e+00	7.058020309124479752e+01
2.452663999999999955e+00	6.858357250658454518e+01
2.458616999999999830e+00	6.659154992657913397e+01
2.464570999999999845e+00	6.459579990640470726e+01
2.470524999999999860e+00	6.271178485861276641e+01
2.476478000000000179e+00	6.123936206336702526e+01
2.482429999999999914e+00	6.067732848218877706e+01
2.488377999999999979e+00	6.078893804497349151e+01
2.494323000000000068e+00	6.219263549154314319e+01
2.500265999999999877e+00	6.449308201137475294e+01
2.506212000000000106e+00	6.773649369233643824e+01
2.512164999999999981e+00	7.049168562592014098e+01
2.518129000000000062e+00	7.327319533927087036e+01
2.524108000000000018e+00	7.510659353436723507e+01
2.530091999999999786e+00	7.656317299536426901e+01
2.536067000000000071e+00	7.689847702282611408e+01
2.542015999999999831e+00	7.636070064489945253e+01
2.547924000000000078e+00	7.568860498588000496e+01
2.553779000000000021e+00	7.391066284226029381e+01
2.559610000000000163e+00	7.164174439849470843e+01
2.565475000000000172e+00	6.880546537367710869e+01
2.571432000000000162e+00	6.593617822434609366e+01
2.577539999999999942e+00	6.252613799663433980e+01
2.583845999999999865e+00	5.888852004810842544e+01
2.590249000000000024e+00	5.510507949655679738e+01
2.596534000000000120e+00	5.085200054201450826e+01
2.602485000000000159e+00	4.693508848939686118e+01
2.607883000000000173e+00	4.298523598127136580e+01
2.612527000000000044e+00	3.941006720206104319e+01
2.616509000000000196e+00	3.577501465704010286e+01
2.620163999999999938e+00	3.255271404996946671e+01
2.623834000000000000e+00	2.976781310446178352e+01
2.627863000000000060e+00	2.705091073727905027e+01
2.632579999999999920e+00	2.461803172261330275e+01
2.638037000000000187e+00	2.270374221529820247e+01
2.644026000000000209e+00	2.095227370955707968e+01
2.650332000000000132e+00	1.944135058195272237e+01
2.656734000000000151e+00	1.801535178776742896e+01
2.663022999999999918e+00	1.736270413098613474e+01
2.669115000000000126e+00	1.672803081848715223e+01
2.675060999999999911e+00	1.702950495263607067e+01
2.680919999999999970e+00	1.668887079878921398e+01
2.686751000000000111e+00	1.733848580144191232e+01
2.692610999999999866e+00	1.770626909139131300e+01
2.698523999999999923e+00	1.842868306546939294e+01
2.704476000000000102e+00	2.015068299714824107e+01
2.710452000000000083e+00	2.252005446177586734e+01
2.716435999999999851e+00	2.659326991634116766e+01
2.722412999999999972e+00	3.234846631616630930e+01
2.728375999999999912e+00	3.975293079193903623e+01
2.734328000000000092e+00	4.694024576219293721e+01
2.740273999999999877e+00	5.265016821820682935e+01
2.746217000000000130e+00	5.616277017552513229e+01
2.752162000000000219e+00	5.543583337265955180e+01
2.758110999999999979e+00	5.057874834883727999e+01
2.764063000000000159e+00	4.274001181486973877e+01
2.770016000000000034e+00	3.383307980672582715e+01
2.775971000000000188e+00	2.518035795192435700e+01
2.781924000000000063e+00	1.857614635019512406e+01
2.787876999999999938e+00	1.453067240253487569e+01
2.793829000000000118e+00	1.212722838965370542e+01
2.799780999999999853e+00	1.135333137606513354e+01
2.805731999999999893e+00	1.104777981127011088e+01
2.811682999999999932e+00	1.076651871233491597e+01
2.817635000000000112e+00	9.943811283792841849e+00
2.823586999999999847e+00	8.903633592503474858e+00
2.829539000000000026e+00	8.331625719128522789e+00
2.835491000000000206e+00	7.733016786529054443e+00
2.841442999999999941e+00	8.218857658632794383e+00
2.847395000000000120e+00	9.332073195625399720e+00
2.853346999999999856e+00	1.088834941359772834e+01
2.859299000000000035e+00	1.280282231078201605e+01
2.865251000000000214e+00	1.456606774849701402e+01
2.871201999999999810e+00	1.578821547287629734e+01
2.877153999999999989e+00	1.630041654732818301e+01
2.883106000000000169e+00	1.638755008299731131e+01
2.889057999999999904e+00	1.644031543992840128e+01
2.895010000000000083e+00	1.594373168768304971e+01
2.900961999999999819e+00	1.579972800349555584e+01
2.906913999999999998e+00	1.580840361432110441e+01
2.912866000000000177e+00	1.654519110444842767e+01
2.918817999999999913e+00	1.709510149366267129e+01
2.924770000000000092e+00	1.797103592558443452e+01
2.930721000000000132e+00	1.900489763892036166e+01
2.936672999999999867e+00	1.995695536718269736e+01
2.942625000000000046e+00	2.141438620554452399e+01
2.948576999999999781e+00	2.295267376299027973e+01
2.954528999999999961e+00	2.469697697625983679e+01
2.960481000000000140e+00	2.672055139514024091e+01
2.966432999999999875e+00	2.883111417706022905e+01
2.972385000000000055e+00	3.133412936384571879e+01
2.978336999999999790e+00	3.314100727442699679e+01
2.984288999999999970e+00	3.447463715799714379e+01
2.990240000000000009e+00	3.531931812123114867e+01
2.996192000000000188e+00	3.515946337746731132e+01
3.002143999999999924e+00	3.354258302497012068e+01
3.008096000000000103e+00	3.042776093759590594e+01
3.014047999999999838e+00	2.561595896984174914e+01
3.020000000000000018e+00	1.856708022235482147e+01
