1.199999999999999956e-01	9.368969948622074995e+00
1.249780000000000058e-01	8.615588126986660100e+00
1.305999999999999939e-01	8.295373947242593360e+00
1.367059999999999942e-01	6.893227036007113284e+00
1.431360000000000132e-01	6.356874559857565110e+00
1.497320000000000040e-01	5.199807382432680036e+00
1.563350000000000017e-01	4.520959714450841105e+00
1.627850000000000130e-01	4.007876535386330374e+00
1.689219999999999888e-01	2.565068409905278290e+00
1.745889999999999942e-01	2.624797369331409058e+00
1.796250000000000069e-01	1.824309238563051938e+00
1.839349999999999874e-01	1.443386022550503300e+00
1.877439999999999942e-01	1.441829174648311618e+00
1.913779999999999926e-01	1.632999851031269545e+00
1.951660000000000061e-01	7.845465706511859372e-01
1.994340000000000002e-01	1.587380739407541208e+00
2.044499999999999929e-01	1.426699528630869795e-01
2.101250000000000062e-01	1.529261476697002298e+00
2.162479999999999958e-01	6.482477532579677959e-01
2.226049999999999973e-01	9.813164559591527336e-01
2.289819999999999911e-01	1.019468371810404950e+00
2.351930000000000132e-01	1.127438444659953909e+00
2.412249999999999950e-01	2.049418546728420054e+00
2.471349999999999936e-01	2.226649453169494919e+00
2.529799999999999827e-01	2.945532115454613020e+00
2.588170000000000193e-01	2.490368729047476304e+00
2.646970000000000156e-01	3.130826690939904289e+00
2.706259999999999777e-01	3.795788119228568291e+00
2.765880000000000005e-01	3.765893626749809986e+00
2.825679999999999858e-01	3.456592714936767230e+00
2.885510000000000019e-01	2.980088359920681551e+00
2.945229999999999793e-01	2.494896423265056562e+00
3.004809999999999981e-01	3.842111570985483837e+00
3.064310000000000089e-01	2.768860880868504903e+00
3.123750000000000138e-01	2.146076179792907990e+00
3.183190000000000186e-01	2.082413356427596618e+00
3.242650000000000254e-01	3.240250875622248117e+00
3.302149999999999808e-01	1.937117408506138450e+00
3.361680000000000224e-01	1.468051381226438856e+00
3.421210000000000084e-01	2.490444531482016721e+00
3.480759999999999965e-01	1.886432590508922313e+00
3.540289999999999826e-01	2.174055500861292067e+00
3.599809999999999954e-01	2.251187943808157677e+00
3.659330000000000083e-01	2.582048795727180490e+00
3.718839999999999923e-01	3.566547070316064882e+00
3.778360000000000052e-01	2.926877257972058111e+00
3.837869999999999893e-01	3.588779804643056792e+00
3.897390000000000021e-01	3.625848569818411971e+00
3.956910000000000149e-01	2.800223127478922880e+00
4.016429999999999723e-01	3.163480016068777712e+00
4.075949999999999851e-01	3.573524766489089899e+00
4.135469999999999979e-01	3.752821716872740687e+00
4.194979999999999820e-01	3.904726743674034495e+00
4.254499999999999948e-01	4.422223559156825523e+00
4.314009999999999789e-01	4.695884914053646497e+00
4.373540000000000205e-01	3.431381428155624302e+00
4.433079999999999798e-01	4.297703125696986426e+00
4.492619999999999947e-01	3.889752367924050436e+00
4.552160000000000095e-01	3.793419889814169110e+00
4.611680000000000224e-01	4.418695329033821118e+00
4.671170000000000044e-01	4.904767906103920438e+00
4.730619999999999825e-01	4.073657167056383699e+00
4.790059999999999873e-01	4.184463942038779471e+00
4.849510000000000209e-01	5.125033007843267541e+00
4.909020000000000050e-01	5.159513302136394586e+00
4.968629999999999991e-01	6.072132243450437450e+00
5.028390000000000359e-01	5.558468114825805273e+00
5.088230000000000253e-01	6.453509922016200662e+00
5.148009999999999531e-01	5.683801386603302142e+00
5.207570000000000254e-01	5.784024087235839495e+00
5.266750000000000043e-01	5.657621626934371761e+00
5.325410000000000421e-01	6.563638132952310578e+00
5.383719999999999617e-01	6.064985722528056122e+00
5.442249999999999588e-01	5.944192060821464452e+00
5.501580000000000359e-01	6.795872416832029472e+00
5.562289999999999734e-01	7.325868403599034906e+00
5.624930000000000208e-01	6.477496690993126194e+00
5.688929999999999820e-01	7.404401799091809622e+00
5.752220000000000111e-01	7.590625871730002139e+00
5.812610000000000277e-01	7.483227019538881031e+00
5.867949999999999555e-01	7.657462784656793531e+00
5.916080000000000227e-01	7.407867701869195187e+00
5.957040000000000113e-01	7.783046752755770292e+00
5.993990000000000151e-01	8.187740904903144212e+00
6.030370000000000452e-01	8.207248311501134097e+00
6.069609999999999728e-01	8.558935628671830997e+00
6.115110000000000268e-01	8.846441500181422057e+00
6.168270000000000142e-01	9.586323592248659153e+00
6.227219999999999978e-01	8.847063798543885582e+00
6.289789999999999548e-01	9.201697038695153097e+00
6.353790000000000271e-01	8.921495680286145813e+00
6.417070000000000274e-01	9.500359950907084183e+00
6.478369999999999962e-01	9.300385900173699483e+00
6.538089999999999735e-01	9.604494327429733858e+00
6.596819999999999906e-01	9.446397896673472516e+00
6.655140000000000500e-01	9.995669532755190545e+00
6.713630000000000431e-01	1.053205813949206693e+01
6.772660000000000347e-01	9.961057707714500609e+00
6.832110000000000127e-01	8.907162650127220971e+00
6.891829999999999901e-01	9.850148954671935186e+00
6.951669999999999794e-01	9.539940032824118177e+00
7.011469999999999647e-01	9.865787916795197177e+00
7.071119999999999628e-01	1.006296297452353272e+01
7.130670000000000064e-01	1.031524485543352476e+01
7.190130000000000132e-01	9.681541694291636801e+00
7.249569999999999625e-01	1.028853055234084124e+01
7.309010000000000229e-01	1.019944129568159852e+01
7.368489999999999762e-01	9.524615189301210094e+00
7.428000000000000158e-01	1.053141834223788109e+01
7.487530000000000019e-01	1.150523978806539205e+01
7.547080000000000455e-01	1.126962697762780863e+01
7.606619999999999493e-01	1.059025906818771467e+01
7.666140000000000176e-01	1.159916581057930607e+01
7.725670000000000037e-01	1.232177649655624663e+01
7.785180000000000433e-01	1.228549135970078154e+01
7.844689999999999719e-01	1.118622201581005804e+01
7.904210000000000402e-01	1.259253771630777052e+01
7.963729999999999976e-01	1.325348990228289381e+01
8.023249999999999549e-01	1.293693156124312971e+01
8.082770000000000232e-01	1.387867428996789343e+01
8.142289999999999806e-01	1.458768917351521921e+01
8.201800000000000201e-01	1.479442251431215283e+01
8.261319999999999775e-01	1.551564608816122437e+01
8.320830000000000171e-01	1.589982905038954364e+01
8.380349999999999744e-01	1.472136260109248873e+01
8.439870000000000427e-01	1.524052527763961251e+01
8.499400000000000288e-01	1.606270662505700031e+01
8.558940000000000436e-01	1.469902179741264092e+01
8.618479999999999475e-01	1.556070234481344983e+01
8.678010000000000446e-01	1.566707327682975048e+01
8.737519999999999731e-01	1.532509342996736201e+01
8.797000000000000375e-01	1.395521833769172915e+01
8.856439999999999868e-01	1.453687955708321233e+01
8.915870000000000184e-01	1.339722578423163668e+01
8.975349999999999717e-01	1.374820095024305822e+01
9.034900000000000153e-01	1.351213645940885399e+01
9.094569999999999599e-01	1.308826522375864165e+01
9.154379999999999740e-01	1.233135833542091753e+01
9.214210000000000456e-01	1.142935236428942680e+01
9.273909999999999654e-01	1.211339674482357509e+01
9.333329999999999682e-01	1.212430800044230850e+01
9.392300000000000093e-01	1.103493826572489489e+01
9.450749999999999984e-01	1.040672575493153929e+01
9.509090000000000042e-01	1.018358576269059945e+01
9.567890000000000006e-01	9.873333523823983882e+00
9.627750000000000474e-01	9.763545754835885049e+00
9.689229999999999787e-01	9.323904563767088760e+00
9.752680000000000238e-01	9.494791444084595966e+00
9.816639999999999810e-01	8.992399747673120558e+00
9.878930000000000211e-01	9.959769886653180748e+00
9.937399999999999567e-01	9.625008708696324078e+00
9.989850000000000119e-01	1.002166320062725369e+01
1.003457999999999961e+00	9.688785904328717891e+00
1.007338000000000067e+00	9.877882106605252233e+00
1.010966000000000031e+00	9.469703255784361673e+00
1.014685999999999977e+00	1.003246623498020895e+01
1.018841000000000108e+00	9.673666474229458245e+00
1.023735000000000062e+00	1.035561860839982629e+01
1.029328999999999938e+00	1.030627726151268320e+01
1.035408000000000106e+00	1.066080014551946853e+01
1.041754000000000069e+00	1.100386512778517734e+01
1.048148999999999997e+00	1.045325602336829007e+01
1.054391999999999996e+00	1.047606370528168362e+01
1.060446000000000000e+00	1.059074924292825060e+01
1.066368999999999900e+00	1.064393569018852403e+01
1.072216999999999976e+00	1.074479267424598561e+01
1.078049000000000035e+00	1.132977523239486217e+01
1.083920999999999912e+00	1.104575468536414640e+01
1.089842999999999895e+00	1.107909049807929769e+01
1.095801999999999943e+00	1.181433663459982242e+01
1.101780999999999899e+00	1.148430366449799678e+01
1.107765000000000111e+00	1.187670816557851516e+01
1.113739999999999952e+00	1.185944270071760265e+01
1.119699999999999918e+00	1.180036135575674372e+01
1.125650000000000039e+00	1.125738329443526808e+01
1.131594999999999906e+00	1.073378368492849155e+01
1.137537999999999938e+00	1.101632801017497165e+01
1.143483999999999945e+00	1.156152505581680678e+01
1.149432999999999927e+00	1.153164456789533965e+01
1.155386000000000024e+00	1.195908368658082210e+01
1.161338999999999899e+00	1.314603523352138481e+01
1.167294000000000054e+00	1.352129762863021156e+01
1.173246999999999929e+00	1.369729106134821706e+01
1.179200000000000026e+00	1.303215553328412035e+01
1.185151999999999983e+00	1.449215188217264227e+01
1.191103000000000023e+00	1.326617356198433839e+01
1.197054000000000062e+00	1.432682036496593447e+01
1.203006000000000020e+00	1.404190037347944653e+01
1.208957999999999977e+00	1.492292938460695240e+01
1.214909999999999934e+00	1.443603523226388852e+01
1.220861999999999892e+00	1.548998261029972845e+01
1.226814000000000071e+00	1.608541412435160467e+01
1.232765000000000111e+00	1.564010466530423393e+01
1.238717000000000068e+00	1.628996878739628684e+01
1.244668000000000108e+00	1.724985465525421802e+01
1.250620000000000065e+00	1.716972991152790584e+01
1.256572000000000022e+00	1.781833473517127331e+01
1.262526000000000037e+00	1.860747649080519750e+01
1.268480000000000052e+00	1.781166015787436052e+01
1.274434000000000067e+00	1.849498364394118255e+01
1.280386000000000024e+00	1.848623741037065216e+01
1.286335999999999924e+00	1.890840930963749855e+01
1.292281999999999931e+00	1.933350446470945272e+01
1.298224999999999962e+00	2.024559379669495129e+01
1.304170000000000051e+00	2.067587623583150958e+01
1.310119999999999951e+00	2.133511159739196472e+01
1.316079999999999917e+00	2.160669243400941042e+01
1.322052999999999923e+00	2.310434907202799693e+01
1.328036999999999912e+00	2.358905413956049202e+01
1.334017000000000008e+00	2.287506211887318130e+01
1.339976000000000056e+00	2.450505162880380894e+01
1.345900000000000096e+00	2.466104176970400275e+01
1.351774000000000031e+00	2.487432036225908050e+01
1.357607000000000008e+00	2.646722148812481734e+01
1.363453000000000026e+00	2.744232295910876118e+01
1.369372000000000034e+00	2.844817319980151638e+01
1.375421999999999922e+00	2.867065877429864429e+01
1.381658999999999970e+00	2.980174337817473784e+01
1.388052000000000064e+00	3.059253040371168098e+01
1.394403000000000059e+00	3.246782962355830193e+01
1.400492999999999988e+00	3.237336711563170866e+01
1.406104999999999938e+00	3.268980495468012037e+01
1.411021999999999998e+00	3.316644828973307568e+01
1.415195999999999898e+00	3.372165156293939248e+01
1.418924000000000074e+00	3.320316501262971087e+01
1.422549999999999981e+00	3.275917682635781603e+01
1.426417000000000046e+00	3.245642845617657457e+01
1.430868000000000029e+00	3.171007222553774696e+01
1.436091000000000006e+00	3.109731318213530571e+01
1.441923000000000066e+00	3.160268227565176247e+01
1.448144000000000098e+00	3.155448682204829680e+01
1.454538000000000109e+00	3.198251747375316612e+01
1.460887000000000047e+00	3.232692190925445175e+01
1.467041999999999957e+00	3.302256107308999589e+01
1.473030999999999979e+00	3.353221268387793685e+01
1.478914000000000062e+00	3.492804166785796838e+01
1.484749000000000096e+00	3.550731589840747660e+01
1.490591999999999917e+00	3.664762344470486255e+01
1.496488000000000040e+00	3.800949037932327457e+01
1.502428000000000097e+00	3.910250639596362987e+01
1.508397999999999906e+00	4.031882896987298892e+01
1.514380999999999977e+00	4.152149933841403140e+01
1.520361999999999991e+00	4.189430013689550947e+01
1.526329999999999965e+00	4.211903503370898960e+01
1.532284999999999897e+00	4.102780465052634895e+01
1.538232999999999961e+00	4.047085839606336322e+01
1.544175999999999993e+00	4.008325474867275062e+01
1.550119999999999942e+00	3.914397371973393547e+01
1.556068000000000007e+00	3.696019468884550463e+01
1.562019000000000046e+00	3.608871120124867105e+01
1.567971999999999921e+00	3.517912143832096206e+01
1.573925999999999936e+00	3.430913041669157337e+01
1.579879999999999951e+00	3.359483216242647785e+01
1.585833000000000048e+00	3.406365145526251581e+01
1.591785000000000005e+00	3.321199077876309502e+01
1.597736999999999963e+00	3.279524870062194708e+01
1.603688000000000002e+00	3.286300013673942289e+01
1.609639000000000042e+00	3.373293534273883409e+01
1.615590999999999999e+00	3.465923955631437536e+01
1.621542999999999957e+00	3.546936344161485266e+01
1.627494999999999914e+00	3.780492557883733440e+01
1.633447000000000093e+00	3.924453154154583956e+01
1.639399000000000051e+00	4.042967092229490333e+01
1.645350000000000090e+00	4.337883900662222914e+01
1.651302000000000048e+00	4.340415677806520023e+01
1.657253000000000087e+00	4.515213354051496708e+01
1.663205000000000044e+00	4.579078178623872475e+01
1.669157999999999920e+00	4.524605550075308713e+01
1.675111999999999934e+00	4.493680615464374739e+01
1.681065999999999949e+00	4.241817083768540186e+01
1.687019000000000046e+00	4.056408648364843117e+01
1.692971000000000004e+00	3.867874400036655658e+01
1.698919000000000068e+00	3.700718969229676958e+01
1.704863000000000017e+00	3.548565272417496885e+01
1.710806999999999967e+00	3.250928566321473312e+01
1.716752999999999973e+00	3.145466214664278937e+01
1.722706999999999988e+00	3.014363253250414942e+01
1.728671999999999986e+00	2.994666401655498689e+01
1.734652000000000083e+00	2.962416370653297903e+01
1.740636000000000072e+00	2.883827013801965577e+01
1.746609000000000078e+00	2.817804844555828225e+01
1.752555000000000085e+00	2.922419737283526331e+01
1.758458000000000077e+00	2.976755707375345139e+01
1.764308999999999905e+00	3.075769663510179441e+01
1.770140999999999964e+00	3.108619791751427996e+01
1.776011999999999924e+00	3.140327763998066146e+01
1.781979999999999897e+00	3.259776624512205956e+01
1.788105000000000055e+00	3.277144169548849106e+01
1.794426999999999994e+00	3.267827197210233692e+01
1.800829000000000013e+00	3.235964779565565408e+01
1.807091999999999921e+00	3.182987549656148119e+01
1.813002000000000002e+00	3.079396163459167823e+01
1.818338000000000010e+00	2.989817134059926573e+01
1.822912000000000088e+00	3.008313613783536056e+01
1.826850000000000085e+00	2.898619982913725224e+01
1.830492000000000008e+00	2.815721946677327026e+01
1.834179999999999922e+00	2.835636846946582068e+01
1.838259000000000087e+00	2.657408671698884461e+01
1.843048000000000020e+00	2.670195833911136774e+01
1.848562000000000038e+00	2.694989437786136222e+01
1.854589999999999961e+00	2.614436832934635646e+01
1.860913000000000039e+00	2.633747908720986075e+01
1.867313999999999918e+00	2.684967418572598419e+01
1.873583999999999916e+00	2.602509892870262220e+01
1.879660000000000108e+00	2.607721689059822978e+01
1.885596000000000050e+00	2.649272237416616349e+01
1.891450999999999993e+00	2.617635682320349844e+01
1.897281999999999913e+00	2.594350356691873927e+01
1.903146999999999922e+00	2.652819183312161044e+01
1.909062999999999954e+00	2.712548636718925366e+01
1.915018000000000109e+00	2.753243249891918865e+01
1.920995999999999926e+00	2.725406918211604079e+01
1.926979999999999915e+00	2.776373355279491406e+01
1.932955999999999896e+00	2.867652528318635063e+01
1.938917999999999919e+00	3.092354278749564855e+01
1.944868999999999959e+00	3.111670724755962425e+01
1.950814000000000048e+00	3.330054969743899562e+01
1.956757999999999997e+00	3.512571485236392022e+01
1.962703000000000086e+00	3.719207221447220491e+01
1.968652000000000069e+00	3.935110173397013966e+01
1.974604000000000026e+00	4.100059042377603191e+01
1.980558000000000041e+00	4.215335197441124393e+01
1.986512000000000056e+00	4.251733335508086498e+01
1.992466000000000070e+00	4.399610698293887623e+01
1.998418000000000028e+00	4.361751835685094392e+01
2.004370000000000207e+00	4.339267541374972126e+01
2.010321999999999942e+00	4.170141188190098092e+01
2.016272999999999982e+00	4.046030868881842224e+01
2.022224000000000022e+00	3.896657360962554861e+01
2.028176000000000201e+00	3.731310092005722368e+01
2.034127999999999936e+00	3.598000555215956098e+01
2.040080000000000116e+00	3.514578094899616900e+01
2.046031999999999851e+00	3.374656663948967861e+01
2.051984000000000030e+00	3.383334679308115511e+01
2.057935000000000070e+00	3.211759274802413699e+01
2.063886999999999805e+00	3.193147331283612544e+01
2.069837999999999845e+00	3.173458906801040058e+01
2.075791000000000164e+00	3.216577827358968733e+01
2.081744000000000039e+00	3.269895569763155407e+01
2.087698000000000054e+00	3.466748481344221489e+01
2.093652000000000069e+00	3.452302823047377700e+01
2.099604999999999944e+00	3.710607784570674994e+01
2.105554999999999843e+00	3.817714622497957322e+01
2.111501000000000072e+00	3.998717369593107662e+01
2.117445000000000022e+00	4.222800204950596026e+01
2.123388999999999971e+00	4.430313072750686842e+01
2.129338000000000175e+00	4.704478002869068121e+01
2.135295999999999861e+00	4.911998830950305006e+01
2.141268000000000171e+00	5.299880211969726673e+01
2.147250999999999799e+00	5.626543126493976388e+01
2.153232000000000035e+00	6.084735740014958338e+01
2.159196000000000115e+00	6.282663768674925819e+01
2.165125000000000188e+00	6.465406693645232394e+01
2.171006000000000213e+00	6.665664579085488128e+01
2.176841000000000026e+00	6.457334411589771150e+01
2.182682999999999929e+00	6.184657766326220241e+01
2.188588999999999896e+00	5.851403250289915547e+01
2.194618000000000180e+00	5.467557303765780574e+01
2.200828000000000007e+00	5.227374521027530818e+01
2.207209999999999894e+00	4.841457664295428742e+01
2.213579000000000185e+00	4.541174606931727453e+01
2.219714999999999883e+00	4.371878259134961553e+01
2.225403000000000020e+00	4.185194646594307244e+01
2.230423000000000044e+00	3.957603601659098302e+01
2.234681000000000139e+00	3.836844762418844823e+01
2.238447999999999993e+00	3.836613679127071208e+01
2.242068000000000172e+00	3.714629012658493679e+01
2.245884000000000214e+00	3.646952016602375579e+01
2.250237999999999960e+00	3.554151677373643992e+01
2.255365999999999982e+00	3.681324138662225209e+01
2.261130000000000084e+00	3.735042494170135541e+01
2.267313000000000134e+00	3.810561268959828851e+01
2.273696000000000161e+00	3.837254440695988222e+01
2.280063999999999869e+00	4.007581723618520897e+01
2.286243999999999943e+00	4.169746161928663497e+01
2.292251999999999956e+00	4.261359097063913026e+01
2.298146000000000022e+00	4.444087972690129362e+01
2.303983000000000114e+00	4.495841025575742833e+01
2.309822000000000042e+00	4.451786619768294884e+01
2.315710999999999853e+00	4.415949924033051133e+01
2.321645999999999876e+00	4.371575957744084207e+01
2.327612999999999932e+00	4.214318533068636441e+01
2.333594999999999864e+00	4.026765528905072955e+01
2.339576999999999796e+00	3.896647361497699791e+01
2.345546999999999827e+00	3.664189554493157885e+01
2.351503999999999817e+00	3.478372788261455639e+01
2.357451999999999881e+00	3.406027446123718505e+01
2.363395999999999830e+00	3.496135264717592861e+01
2.369339000000000084e+00	3.690304713203871501e+01
2.375286000000000008e+00	4.010313278607983278e+01
2.381237000000000048e+00	4.433717186954535094e+01
2.387189999999999923e+00	4.940141919452270969e+01
2.393143999999999938e+00	5.223367300697319848e+01
2.399097999999999953e+00	5.403334183089059195e+01
2.405050999999999828e+00	5.240937044237282549e+01
2.411004000000000147e+00	4.818361679377723306e+01
2.416955999999999882e+00	4.206058694577032497e+01
2.422906999999999922e+00	3.576555810091943499e+01
2.428857999999999961e+00	3.137438416435747257e+01
2.434809000000000001e+00	2.725716347409148099e+01
2.440760000000000041e+00	2.430821078064612450e+01
2.446712000000000220e+00	2.269782941602641912e+01
2.452663999999999955e+00	2.267589803973260487e+01
2.458616999999999830e+00	2.287323612406202145e+01
2.464570999999999845e+00	2.379077655786015200e+01
2.470524999999999860e+00	2.522998443946366720e+01
2.476478000000000179e+00	2.662637748469116872e+01
2.482429999999999914e+00	2.965661641071936927e+01
2.488377999999999979e+00	3.103134463514308550e+01
2.494323000000000068e+00	3.363352996802362327e+01
2.500265999999999877e+00	3.643740996741306759e+01
2.506212000000000106e+00	3.984142068810540138e+01
2.512164999999999981e+00	4.141865292924358499e+01
2.518129000000000062e+00	4.534992740238862297e+01
2.524108000000000018e+00	4.856586107680382014e+01
2.530091999999999786e+00	5.217153784481680390e+01
2.536067000000000071e+00	5.487692560890497617e+01
2.542015999999999831e+00	5.791834042472181920e+01
2.547924000000000078e+00	5.687364296899536953e+01
2.553779000000000021e+00	5.601586949288293482e+01
2.559610000000000163e+00	5.186515368327827247e+01
2.565475000000000172e+00	4.622867155503537617e+01
2.571432000000000162e+00	4.089033829973254797e+01
2.577539999999999942e+00	3.527198308292020812e+01
2.583845999999999865e+00	2.889282651871188889e+01
2.590249000000000024e+00	2.433945675418448573e+01
2.596534000000000120e+00	1.908531546954558422e+01
2.602485000000000159e+00	1.629887714306629576e+01
2.607883000000000173e+00	1.453362336291823809e+01
2.612527000000000044e+00	1.251961590446265049e+01
2.616509000000000196e+00	1.214762758214266647e+01
2.620163999999999938e+00	1.158416685676637137e+01
2.623834000000000000e+00	1.134960750725575274e+01
2.627863000000000060e+00	1.203540511264615809e+01
2.632579999999999920e+00	1.153980545703635308e+01
2.638037000000000187e+00	1.194813149971874466e+01
2.644026000000000209e+00	1.244289912245693586e+01
2.650332000000000132e+00	1.242429033384341430e+01
2.656734000000000151e+00	1.460775936895308469e+01
2.663022999999999918e+00	1.822338453895834576e+01
2.669115000000000126e+00	2.286764803407449875e+01
2.675060999999999911e+00	2.743268525075352215e+01
2.680919999999999970e+00	3.194426160745264553e+01
2.686751000000000111e+00	3.545186997644408677e+01
2.692610999999999866e+00	3.478352843554901597e+01
2.698523999999999923e+00	3.281471124778514081e+01
2.704476000000000102e+00	2.891921726694074479e+01
2.710452000000000083e+00	2.359906330454089129e+01
2.716435999999999851e+00	1.667925985045270920e+01
2.722412999999999972e+00	9.675439133301262373e+00
2.728375999999999912e+00	2.888284110807319838e+00
2.734328000000000092e+00	-2.147039939524597596e+00
2.740273999999999877e+00	-9.464491461718173682e+00
2.746217000000000130e+00	-1.668331030139642479e+01
2.752162000000000219e+00	-2.509100348537284120e+01
2.758110999999999979e+00	-3.316949064467782904e+01
2.764063000000000159e+00	-4.044999900185936070e+01
2.770016000000000034e+00	-4.579452902961576655e+01
2.775971000000000188e+00	-4.591229777044489424e+01
2.781924000000000063e+00	-4.019317584179746206e+01
2.787876999999999938e+00	-2.733296493730938437e+01
2.793829000000000118e+00	-1.270876552354985201e+01
2.799780999999999853e+00	3.487536175116302317e+00
2.805731999999999893e+00	1.747808501955060123e+01
2.811682999999999932e+00	2.576047840416596557e+01
2.817635000000000112e+00	2.919965747060093975e+01
2.823586999999999847e+00	2.606186039983441916e+01
2.829539000000000026e+00	1.696838426704516678e+01
2.835491000000000206e+00	5.568419489717012283e+00
2.841442999999999941e+00	-9.943989510924891917e+00
2.847395000000000120e+00	-2.693622679004093712e+01
2.853346999999999856e+00	-4.253069120925477620e+01
2.859299000000000035e+00	-5.512793940267335557e+01
2.865251000000000214e+00	-6.360756396894330322e+01
2.871201999999999810e+00	-6.279278256501586952e+01
2.877153999999999989e+00	-5.613038248630563487e+01
2.883106000000000169e+00	-4.211935695982711536e+01
2.889057999999999904e+00	-2.729439301046230071e+01
2.895010000000000083e+00	-1.330454722371336196e+01
2.900961999999999819e+00	-4.467308974627494322e+00
2.906913999999999998e+00	-2.741940202540254390e+00
2.912866000000000177e+00	-4.843085673730306517e+00
2.918817999999999913e+00	-9.515606309467067092e+00
2.924770000000000092e+00	-1.297850698163207639e+01
2.930721000000000132e+00	-1.415576566435890626e+01
2.936672999999999867e+00	-1.024920350022370563e+01
2.942625000000000046e+00	-2.166895540096996697e+00
2.948576999999999781e+00	6.412383506402730582e+00
2.954528999999999961e+00	1.545986247357469168e+01
2.960481000000000140e+00	2.264192700571630112e+01
2.966432999999999875e+00	2.717301933001936831e+01
2.972385000000000055e+00	2.796167476423617160e+01
2.978336999999999790e+00	2.762993804455221181e+01
2.984288999999999970e+00	2.439144338302344650e+01
2.990240000000000009e+00	2.172243790224621307e+01
2.996192000000000188e+00	1.678688937864805553e+01
3.002143999999999924e+00	1.167597858157740376e+01
3.008096000000000103e+00	7.814234661511288316e+00
3.014047999999999838e+00	4.301091011935196384e+00
3.020000000000000018e+00	1.712905025532249326e+00
