1.199999999999999956e-01	-2.338870000000000116e-01
1.249780000000000058e-01	-5.190800000000000275e-02
1.305999999999999939e-01	1.308860000000000023e-01
1.367059999999999942e-01	3.098279999999999923e-01
1.431360000000000132e-01	4.802500000000000102e-01
1.497320000000000040e-01	6.374830000000000219e-01
1.563350000000000017e-01	7.768589999999999662e-01
1.627850000000000130e-01	8.937110000000000332e-01
1.689219999999999888e-01	9.833709999999999951e-01
1.745889999999999942e-01	1.041171000000000069e+00
1.796250000000000069e-01	1.062442000000000109e+00
1.839349999999999874e-01	1.045196000000000014e+00
1.877439999999999942e-01	1.001117999999999952e+00
1.913779999999999926e-01	9.462399999999999700e-01
1.951660000000000061e-01	8.965969999999999773e-01
1.994340000000000002e-01	8.682239999999999958e-01
2.044499999999999929e-01	8.744079999999999631e-01
2.101250000000000062e-01	9.125820000000000043e-01
2.162479999999999958e-01	9.745009999999999506e-01
2.226049999999999973e-01	1.051914000000000016e+00
2.289819999999999911e-01	1.136568000000000023e+00
2.351930000000000132e-01	1.220436999999999994e+00
2.412249999999999950e-01	1.296958000000000055e+00
2.471349999999999936e-01	1.360158999999999896e+00
2.529799999999999827e-01	1.404069000000000011e+00
2.588170000000000193e-01	1.422717000000000009e+00
2.646970000000000156e-01	1.411936999999999998e+00
2.706259999999999777e-01	1.380975999999999981e+00
2.765880000000000005e-01	1.345131999999999994e+00
2.825679999999999858e-01	1.319730999999999987e+00
2.885510000000000019e-01	1.320098999999999911e+00
2.945229999999999793e-01	1.359361999999999959e+00
3.004809999999999981e-01	1.431982000000000088e+00
3.064310000000000089e-01	1.523007000000000000e+00
3.123750000000000138e-01	1.617412999999999990e+00
3.183190000000000186e-01	1.700177000000000049e+00
3.242650000000000254e-01	1.757894999999999985e+00
3.302149999999999808e-01	1.792920999999999987e+00
3.361680000000000224e-01	1.816481999999999930e+00
3.421210000000000084e-01	1.839906999999999959e+00
3.480759999999999965e-01	1.874521000000000104e+00
3.540289999999999826e-01	1.930865000000000054e+00
3.599809999999999954e-01	2.010661999999999949e+00
3.659330000000000083e-01	2.110094000000000136e+00
3.718839999999999923e-01	2.225260000000000016e+00
3.778360000000000052e-01	2.352257999999999960e+00
3.837869999999999893e-01	2.487010999999999861e+00
3.897390000000000021e-01	2.623167000000000026e+00
3.956910000000000149e-01	2.752781999999999840e+00
4.016429999999999723e-01	2.867878999999999845e+00
4.075949999999999851e-01	2.960481000000000140e+00
4.135469999999999979e-01	3.023334000000000188e+00
4.194979999999999820e-01	3.060169999999999835e+00
4.254499999999999948e-01	3.083267999999999898e+00
4.314009999999999789e-01	3.105131000000000085e+00
4.373540000000000205e-01	3.138262999999999803e+00
4.433079999999999798e-01	3.194668000000000063e+00
4.492619999999999947e-01	3.277372000000000174e+00
4.552160000000000095e-01	3.381635000000000169e+00
4.611680000000000224e-01	3.502461999999999964e+00
4.671170000000000044e-01	3.634856999999999783e+00
4.730619999999999825e-01	3.773805999999999994e+00
4.790059999999999873e-01	3.913856000000000002e+00
4.849510000000000209e-01	4.049138000000000126e+00
4.909020000000000050e-01	4.173765000000000391e+00
4.968629999999999991e-01	4.281851999999999769e+00
5.028390000000000359e-01	4.367901999999999951e+00
5.088230000000000253e-01	4.436582999999999721e+00
5.148009999999999531e-01	4.503419000000000061e+00
5.207570000000000254e-01	4.584463000000000399e+00
5.266750000000000043e-01	4.695768000000000164e+00
5.325410000000000421e-01	4.852960000000000385e+00
5.383719999999999617e-01	5.057973999999999748e+00
5.442249999999999588e-01	5.296494000000000035e+00
5.501580000000000359e-01	5.553258999999999723e+00
5.562289999999999734e-01	5.813009000000000093e+00
5.624930000000000208e-01	6.060630999999999879e+00
5.688929999999999820e-01	6.287012999999999963e+00
5.752220000000000111e-01	6.490963999999999956e+00
5.812610000000000277e-01	6.671834999999999738e+00
5.867949999999999555e-01	6.828973999999999656e+00
5.916080000000000227e-01	6.961802999999999741e+00
5.957040000000000113e-01	7.073402999999999885e+00
5.993990000000000151e-01	7.172232000000000163e+00
6.030370000000000452e-01	7.267177000000000220e+00
6.069609999999999728e-01	7.367123999999999562e+00
6.115110000000000268e-01	7.480889000000000344e+00
6.168270000000000142e-01	7.612199999999999633e+00
6.227219999999999978e-01	7.756465000000000387e+00
6.289789999999999548e-01	7.908320999999999934e+00
6.353790000000000271e-01	8.062405999999999295e+00
6.417070000000000274e-01	8.213381000000000043e+00
6.478369999999999962e-01	8.358000000000000540e+00
6.538089999999999735e-01	8.496850000000000236e+00
6.596819999999999906e-01	8.630921000000000731e+00
6.655140000000000500e-01	8.761205999999999605e+00
6.713630000000000431e-01	8.888688000000000144e+00
6.772660000000000347e-01	9.013054000000000343e+00
6.832110000000000127e-01	9.131354999999999222e+00
6.891829999999999901e-01	9.240318000000000254e+00
6.951669999999999794e-01	9.336671000000000831e+00
7.011469999999999647e-01	9.417151999999999745e+00
7.071119999999999628e-01	9.481066000000000216e+00
7.130670000000000064e-01	9.533578999999999581e+00
7.190130000000000132e-01	9.580667999999999296e+00
7.249569999999999625e-01	9.628310000000000812e+00
7.309010000000000229e-01	9.682482000000000255e+00
7.368489999999999762e-01	9.748614999999999142e+00
7.428000000000000158e-01	9.830745000000000289e+00
7.487530000000000019e-01	9.932688000000000628e+00
7.547080000000000455e-01	1.005826000000000064e+01
7.606619999999999493e-01	1.021127599999999980e+01
7.666140000000000176e-01	1.039480999999999966e+01
7.725670000000000037e-01	1.060980499999999971e+01
7.785180000000000433e-01	1.085682300000000033e+01
7.844689999999999719e-01	1.113642600000000016e+01
7.904210000000000402e-01	1.144917500000000032e+01
7.963729999999999976e-01	1.179165300000000016e+01
8.023249999999999549e-01	1.214755800000000008e+01
8.082770000000000232e-01	1.249798599999999915e+01
8.142289999999999806e-01	1.282403000000000048e+01
8.201800000000000201e-01	1.310678599999999960e+01
8.261319999999999775e-01	1.333097300000000018e+01
8.320830000000000171e-01	1.349455700000000036e+01
8.380349999999999744e-01	1.359852700000000070e+01
8.439870000000000427e-01	1.364386999999999972e+01
8.499400000000000288e-01	1.363157499999999978e+01
8.558940000000000436e-01	1.356298499999999940e+01
8.618479999999999475e-01	1.344091300000000011e+01
8.678010000000000446e-01	1.326854900000000015e+01
8.737519999999999731e-01	1.304908200000000029e+01
8.797000000000000375e-01	1.278570299999999982e+01
8.856439999999999868e-01	1.248306499999999986e+01
8.915870000000000184e-01	1.215264600000000073e+01
8.975349999999999717e-01	1.180790400000000062e+01
9.034900000000000153e-01	1.146229899999999979e+01
9.094569999999999599e-01	1.112928899999999999e+01
9.154379999999999740e-01	1.082102199999999925e+01
9.214210000000000456e-01	1.054274500000000003e+01
9.273909999999999654e-01	1.029744099999999918e+01
9.333329999999999682e-01	1.008809199999999962e+01
9.392300000000000093e-01	9.917681999999999221e+00
9.450749999999999984e-01	9.787857000000000696e+00
9.509090000000000042e-01	9.692304000000000030e+00
9.567890000000000006e-01	9.621776000000000550e+00
9.627750000000000474e-01	9.567021999999999693e+00
9.689229999999999787e-01	9.518789999999999196e+00
9.752680000000000238e-01	9.468747999999999720e+00
9.816639999999999810e-01	9.414773000000000280e+00
9.878930000000000211e-01	9.357314000000000576e+00
9.937399999999999567e-01	9.296824000000000865e+00
9.989850000000000119e-01	9.233758999999999162e+00
1.003457999999999961e+00	9.168990000000000862e+00
1.007338000000000067e+00	9.106571000000000637e+00
1.010966000000000031e+00	9.052034000000000802e+00
1.014685999999999977e+00	9.010918000000000205e+00
1.018841000000000108e+00	8.988763000000000503e+00
1.023735000000000062e+00	8.990406999999999371e+00
1.029328999999999938e+00	9.014518999999999949e+00
1.035408000000000106e+00	9.056568999999999647e+00
1.041754000000000069e+00	9.112004000000000659e+00
1.048148999999999997e+00	9.176266000000000034e+00
1.054391999999999996e+00	9.245267999999999375e+00
1.060446000000000000e+00	9.319610000000000838e+00
1.066368999999999900e+00	9.402613000000000554e+00
1.072216999999999976e+00	9.497626999999999597e+00
1.078049000000000035e+00	9.608005999999999602e+00
1.083920999999999912e+00	9.736375999999999920e+00
1.089842999999999895e+00	9.876941999999999666e+00
1.095801999999999943e+00	1.001847500000000046e+01
1.101780999999999899e+00	1.014965600000000023e+01
1.107765000000000111e+00	1.025916400000000017e+01
1.113739999999999952e+00	1.033721700000000077e+01
1.119699999999999918e+00	1.039480200000000032e+01
1.125650000000000039e+00	1.045782600000000073e+01
1.131594999999999906e+00	1.055252199999999974e+01
1.137537999999999938e+00	1.070512300000000039e+01
1.143483999999999945e+00	1.094003700000000023e+01
1.149432999999999927e+00	1.125275899999999929e+01
1.155386000000000024e+00	1.161568800000000046e+01
1.161338999999999899e+00	1.200057900000000011e+01
1.167294000000000054e+00	1.237918299999999938e+01
1.173246999999999929e+00	1.272411199999999987e+01
1.179200000000000026e+00	1.302403299999999930e+01
1.185151999999999983e+00	1.328187499999999943e+01
1.191103000000000023e+00	1.350106199999999923e+01
1.197054000000000062e+00	1.368501999999999974e+01
1.203006000000000020e+00	1.383762199999999964e+01
1.208957999999999977e+00	1.397284699999999980e+01
1.214909999999999934e+00	1.411464600000000047e+01
1.220861999999999892e+00	1.428739200000000054e+01
1.226814000000000071e+00	1.451545999999999914e+01
1.232765000000000111e+00	1.482261899999999955e+01
1.238717000000000068e+00	1.521615099999999998e+01
1.244668000000000108e+00	1.568525499999999973e+01
1.250620000000000065e+00	1.621820699999999960e+01
1.256572000000000022e+00	1.680328499999999892e+01
1.262526000000000037e+00	1.742857499999999860e+01
1.268480000000000052e+00	1.807582100000000125e+01
1.274434000000000067e+00	1.871903000000000006e+01
1.280386000000000024e+00	1.933174199999999843e+01
1.286335999999999924e+00	1.988749599999999873e+01
1.292281999999999931e+00	2.036037200000000169e+01
1.298224999999999962e+00	2.074767999999999901e+01
1.304170000000000051e+00	2.107821500000000015e+01
1.310119999999999951e+00	2.138301600000000136e+01
1.316079999999999917e+00	2.169312100000000143e+01
1.322052999999999923e+00	2.203928600000000060e+01
1.328036999999999912e+00	2.243657299999999921e+01
1.334017000000000008e+00	2.287636099999999928e+01
1.339976000000000056e+00	2.334806599999999932e+01
1.345900000000000096e+00	2.384110300000000038e+01
1.351774000000000031e+00	2.434494899999999973e+01
1.357607000000000008e+00	2.485377499999999884e+01
1.363453000000000026e+00	2.536963400000000135e+01
1.369372000000000034e+00	2.589533899999999988e+01
1.375421999999999922e+00	2.643370000000000175e+01
1.381658999999999970e+00	2.698752500000000154e+01
1.388052000000000064e+00	2.755926900000000046e+01
1.394403000000000059e+00	2.815071999999999974e+01
1.400492999999999988e+00	2.876359300000000019e+01
1.406104999999999938e+00	2.939960500000000110e+01
1.411021999999999998e+00	3.006041600000000003e+01
1.415195999999999898e+00	3.073900499999999880e+01
1.418924000000000074e+00	3.141014099999999942e+01
1.422549999999999981e+00	3.204629800000000017e+01
1.426417000000000046e+00	3.261995399999999989e+01
1.430868000000000029e+00	3.310362700000000302e+01
1.436091000000000006e+00	3.348214099999999860e+01
1.441923000000000066e+00	3.376920599999999695e+01
1.448144000000000098e+00	3.398267400000000293e+01
1.454538000000000109e+00	3.414039600000000263e+01
1.460887000000000047e+00	3.426021899999999931e+01
1.467041999999999957e+00	3.435744300000000351e+01
1.473030999999999979e+00	3.444065700000000163e+01
1.478914000000000062e+00	3.451735599999999948e+01
1.484749000000000096e+00	3.459503500000000287e+01
1.490591999999999917e+00	3.468118599999999674e+01
1.496488000000000040e+00	3.477756899999999973e+01
1.502428000000000097e+00	3.486896500000000287e+01
1.508397999999999906e+00	3.493702700000000050e+01
1.514380999999999977e+00	3.496340599999999910e+01
1.520361999999999991e+00	3.492975700000000217e+01
1.526329999999999965e+00	3.482823400000000191e+01
1.532284999999999897e+00	3.468603800000000348e+01
1.538232999999999961e+00	3.453767100000000312e+01
1.544175999999999993e+00	3.441763499999999709e+01
1.550119999999999942e+00	3.436043200000000297e+01
1.556068000000000007e+00	3.439279799999999909e+01
1.562019000000000046e+00	3.451223600000000147e+01
1.567971999999999921e+00	3.470936700000000030e+01
1.573925999999999936e+00	3.497481499999999954e+01
1.579879999999999951e+00	3.529920200000000108e+01
1.585833000000000048e+00	3.567403999999999797e+01
1.591785000000000005e+00	3.609461499999999745e+01
1.597736999999999963e+00	3.655721799999999888e+01
1.603688000000000002e+00	3.705813799999999958e+01
1.609639000000000042e+00	3.759366500000000144e+01
1.615590999999999999e+00	3.815241699999999980e+01
1.621542999999999957e+00	3.868618099999999771e+01
1.627494999999999914e+00	3.913571199999999806e+01
1.633447000000000093e+00	3.944176000000000215e+01
1.639399000000000051e+00	3.954507799999999662e+01
1.645350000000000090e+00	3.939528399999999664e+01
1.651302000000000048e+00	3.899010499999999979e+01
1.657253000000000087e+00	3.834350700000000245e+01
1.663205000000000044e+00	3.746946700000000163e+01
1.669157999999999920e+00	3.638196500000000100e+01
1.675111999999999934e+00	3.510347699999999804e+01
1.681065999999999949e+00	3.370868899999999968e+01
1.687019000000000046e+00	3.229210499999999939e+01
1.692971000000000004e+00	3.094826400000000177e+01
1.698919000000000068e+00	2.977170800000000028e+01
1.704863000000000017e+00	2.884579199999999943e+01
1.710806999999999967e+00	2.817588100000000040e+01
1.716752999999999973e+00	2.773412700000000086e+01
1.722706999999999988e+00	2.749255799999999894e+01
1.728671999999999986e+00	2.742320399999999836e+01
1.734652000000000083e+00	2.749667200000000022e+01
1.740636000000000072e+00	2.767228300000000019e+01
1.746609000000000078e+00	2.790397899999999964e+01
1.752555000000000085e+00	2.814566400000000002e+01
1.758458000000000077e+00	2.835124700000000075e+01
1.764308999999999905e+00	2.847727899999999934e+01
1.770140999999999964e+00	2.850431800000000138e+01
1.776011999999999924e+00	2.842572499999999991e+01
1.781979999999999897e+00	2.823497700000000066e+01
1.788105000000000055e+00	2.792555099999999868e+01
1.794426999999999994e+00	2.749340000000000117e+01
1.800829000000000013e+00	2.696029499999999857e+01
1.807091999999999921e+00	2.636336500000000171e+01
1.813002000000000002e+00	2.573994100000000174e+01
1.818338000000000010e+00	2.512735699999999994e+01
1.822912000000000088e+00	2.456076799999999949e+01
1.826850000000000085e+00	2.404910100000000028e+01
1.830492000000000008e+00	2.358389400000000080e+01
1.834179999999999922e+00	2.315637699999999910e+01
1.838259000000000087e+00	2.275777799999999829e+01
1.843048000000000020e+00	2.238115600000000072e+01
1.848562000000000038e+00	2.204530600000000007e+01
1.854589999999999961e+00	2.178800199999999876e+01
1.860913000000000039e+00	2.164746399999999937e+01
1.867313999999999918e+00	2.166190999999999889e+01
1.873583999999999916e+00	2.186717600000000061e+01
1.879660000000000108e+00	2.225980500000000006e+01
1.885596000000000050e+00	2.280409699999999873e+01
1.891450999999999993e+00	2.346340299999999957e+01
1.897281999999999913e+00	2.420107099999999889e+01
1.903146999999999922e+00	2.498091300000000103e+01
1.909062999999999954e+00	2.577577300000000093e+01
1.915018000000000109e+00	2.656673699999999982e+01
1.920995999999999926e+00	2.733518899999999974e+01
1.926979999999999915e+00	2.806251699999999971e+01
1.932955999999999896e+00	2.873094800000000149e+01
1.938917999999999919e+00	2.934252000000000038e+01
1.944868999999999959e+00	2.991935000000000144e+01
1.950814000000000048e+00	3.048444699999999941e+01
1.956757999999999997e+00	3.106082100000000068e+01
1.962703000000000086e+00	3.167051899999999875e+01
1.968652000000000069e+00	3.230798099999999806e+01
1.974604000000000026e+00	3.293655600000000305e+01
1.980558000000000041e+00	3.351793500000000137e+01
1.986512000000000056e+00	3.401380900000000196e+01
1.992466000000000070e+00	3.438715200000000038e+01
1.998418000000000028e+00	3.464694200000000279e+01
2.004370000000000207e+00	3.485973299999999853e+01
2.010321999999999942e+00	3.509571700000000050e+01
2.016272999999999982e+00	3.542508399999999824e+01
2.022224000000000022e+00	3.591707300000000203e+01
2.028176000000000201e+00	3.659738600000000019e+01
2.034127999999999936e+00	3.743111900000000247e+01
2.040080000000000116e+00	3.837888000000000233e+01
2.046031999999999851e+00	3.940127900000000238e+01
2.051984000000000030e+00	4.046217099999999789e+01
2.057935000000000070e+00	4.172019800000000345e+01
2.063886999999999805e+00	4.363591600000000170e+01
2.069837999999999845e+00	4.669585800000000120e+01
2.075791000000000164e+00	5.138655200000000178e+01
2.081744000000000039e+00	5.818570100000000167e+01
2.087698000000000054e+00	6.684730100000000164e+01
2.093652000000000069e+00	7.587495599999999740e+01
2.099604999999999944e+00	8.364812999999999477e+01
2.105554999999999843e+00	8.854628700000000663e+01
2.111501000000000072e+00	8.895793700000000115e+01
2.117445000000000022e+00	8.433924100000000124e+01
2.123388999999999971e+00	7.620556999999999448e+01
2.129338000000000175e+00	6.630689900000000137e+01
2.135295999999999861e+00	5.639320299999999975e+01
2.141268000000000171e+00	4.821067299999999989e+01
2.147250999999999799e+00	4.281466000000000349e+01
2.153232000000000035e+00	3.977052499999999924e+01
2.159196000000000115e+00	3.844975000000000165e+01
2.165125000000000188e+00	3.822381699999999682e+01
2.171006000000000213e+00	3.846487499999999926e+01
2.176841000000000026e+00	3.875406799999999663e+01
2.182682999999999929e+00	3.917756399999999672e+01
2.188588999999999896e+00	3.989629800000000159e+01
2.194618000000000180e+00	4.107120299999999702e+01
2.200828000000000007e+00	4.286301300000000225e+01
2.207209999999999894e+00	4.530431699999999751e+01
2.213579000000000185e+00	4.808007800000000032e+01
2.219714999999999883e+00	5.081688100000000219e+01
2.225403000000000020e+00	5.314130999999999716e+01
2.230423000000000044e+00	5.468001699999999943e+01
2.234681000000000139e+00	5.517737699999999990e+01
2.238447999999999993e+00	5.473701299999999748e+01
2.242068000000000172e+00	5.353083000000000169e+01
2.245884000000000214e+00	5.173073600000000027e+01
2.250237999999999960e+00	4.950863999999999976e+01
2.255365999999999982e+00	4.707575500000000090e+01
2.261130000000000084e+00	4.477844300000000288e+01
2.267313000000000134e+00	4.299209900000000317e+01
2.273696000000000161e+00	4.209212000000000131e+01
2.280063999999999869e+00	4.245389999999999731e+01
2.286243999999999943e+00	4.427778699999999645e+01
2.292251999999999956e+00	4.708483799999999775e+01
2.298146000000000022e+00	5.023135500000000064e+01
2.303983000000000114e+00	5.307364199999999954e+01
2.309822000000000042e+00	5.496800100000000100e+01
2.315710999999999853e+00	5.541165600000000069e+01
2.321645999999999876e+00	5.451918400000000275e+01
2.327612999999999932e+00	5.257417499999999677e+01
2.333594999999999864e+00	4.986021999999999821e+01
2.339576999999999796e+00	4.666091399999999823e+01
2.345546999999999827e+00	4.327745000000000175e+01
2.351503999999999817e+00	4.009810999999999837e+01
2.357451999999999881e+00	3.753806600000000060e+01
2.363395999999999830e+00	3.601249899999999826e+01
2.369339000000000084e+00	3.593658700000000294e+01
2.375286000000000008e+00	3.757482799999999656e+01
2.381237000000000048e+00	4.034854700000000349e+01
2.387189999999999923e+00	4.338594299999999748e+01
2.393143999999999938e+00	4.581492300000000029e+01
2.399097999999999953e+00	4.676339200000000318e+01
2.405050999999999828e+00	4.550467700000000093e+01
2.411004000000000147e+00	4.223405799999999743e+01
2.416955999999999882e+00	3.750700100000000248e+01
2.422906999999999922e+00	3.187979999999999947e+01
2.428857999999999961e+00	2.590875000000000128e+01
2.434809000000000001e+00	2.022388099999999866e+01
2.440760000000000041e+00	1.598625799999999941e+01
2.446712000000000220e+00	1.458961500000000022e+01
2.452663999999999955e+00	1.742867700000000042e+01
2.458616999999999830e+00	2.589816499999999877e+01
2.464570999999999845e+00	4.098816800000000171e+01
2.470524999999999860e+00	6.036720900000000256e+01
2.476478000000000179e+00	8.007487799999999822e+01
2.482429999999999914e+00	9.613955099999999732e+01
2.488377999999999979e+00	1.045896039999999942e+02
2.494323000000000068e+00	1.019638489999999962e+02
2.500265999999999877e+00	8.959741699999999298e+01
2.506212000000000106e+00	7.145339400000000296e+01
2.512164999999999981e+00	5.152178399999999669e+01
2.518129000000000062e+00	3.379258899999999954e+01
2.524108000000000018e+00	2.195321399999999912e+01
2.530091999999999786e+00	1.641927099999999839e+01
2.536067000000000071e+00	1.560673000000000066e+01
2.542015999999999831e+00	1.790289299999999884e+01
2.547924000000000078e+00	2.169506000000000157e+01
2.553779000000000021e+00	2.543903399999999948e+01
2.559610000000000163e+00	2.844830800000000082e+01
2.565475000000000172e+00	3.062031299999999945e+01
2.571432000000000162e+00	3.186368500000000026e+01
2.577539999999999942e+00	3.208706200000000308e+01
2.583845999999999865e+00	3.121508199999999889e+01
2.590249000000000024e+00	2.940619299999999825e+01
2.596534000000000120e+00	2.699597999999999942e+01
2.602485000000000159e+00	2.432442199999999843e+01
2.607883000000000173e+00	2.173149799999999843e+01
2.612527000000000044e+00	1.954661199999999965e+01
2.616509000000000196e+00	1.791721300000000028e+01
2.620163999999999938e+00	1.683747200000000177e+01
2.623834000000000000e+00	1.629677200000000070e+01
2.627863000000000060e+00	1.628449499999999972e+01
2.632579999999999920e+00	1.678753700000000038e+01
2.638037000000000187e+00	1.774184899999999843e+01
2.644026000000000209e+00	1.903568699999999936e+01
2.650332000000000132e+00	2.055546899999999866e+01
2.656734000000000151e+00	2.218761599999999845e+01
2.663022999999999918e+00	2.381810700000000125e+01
2.669115000000000126e+00	2.532206000000000046e+01
2.675060999999999911e+00	2.656329799999999963e+01
2.680919999999999970e+00	2.740511300000000006e+01
2.686751000000000111e+00	2.771079800000000048e+01
2.692610999999999866e+00	2.734726099999999960e+01
2.698523999999999923e+00	2.629099400000000131e+01
2.704476000000000102e+00	2.464517999999999986e+01
2.710452000000000083e+00	2.252005899999999983e+01
2.716435999999999851e+00	2.002587300000000070e+01
2.722412999999999972e+00	1.727091300000000018e+01
2.728375999999999912e+00	1.428952400000000011e+01
2.734328000000000092e+00	1.102100000000000080e+01
2.740273999999999877e+00	7.398385000000000211e+00
2.746217000000000130e+00	3.354724000000000039e+00
2.752162000000000219e+00	-1.172082000000000068e+00
2.758110999999999979e+00	-6.007429000000000130e+00
2.764063000000000159e+00	-1.063823900000000044e+01
2.770016000000000034e+00	-1.452540399999999998e+01
2.775971000000000188e+00	-1.712981699999999918e+01
2.781924000000000063e+00	-1.791839900000000085e+01
2.787876999999999938e+00	-1.674764599999999959e+01
2.793829000000000118e+00	-1.409443399999999968e+01
2.799780999999999853e+00	-1.049098200000000070e+01
2.805731999999999893e+00	-6.469509999999999650e+00
2.811682999999999932e+00	-2.560115999999999836e+00
2.817635000000000112e+00	8.967950000000000088e-01
2.823586999999999847e+00	3.897647000000000084e+00
2.829539000000000026e+00	6.473493000000000386e+00
2.835491000000000206e+00	8.655383999999999745e+00
2.841442999999999941e+00	1.047430800000000062e+01
2.847395000000000120e+00	1.195264399999999938e+01
2.853346999999999856e+00	1.309570000000000078e+01
2.859299000000000035e+00	1.390677100000000088e+01
2.865251000000000214e+00	1.438915700000000086e+01
2.871201999999999810e+00	1.454656100000000052e+01
2.877153999999999989e+00	1.446723599999999976e+01
2.883106000000000169e+00	1.442699400000000054e+01
2.889057999999999904e+00	1.472686599999999935e+01
2.895010000000000083e+00	1.566788099999999950e+01
2.900961999999999819e+00	1.755023200000000116e+01
2.906913999999999998e+00	2.036711899999999886e+01
2.912866000000000177e+00	2.334830099999999931e+01
2.918817999999999913e+00	2.560686400000000162e+01
2.924770000000000092e+00	2.625589300000000037e+01
2.930721000000000132e+00	2.440907699999999991e+01
2.936672999999999867e+00	1.965552200000000127e+01
2.942625000000000046e+00	1.291229300000000002e+01
2.948576999999999781e+00	5.326529999999999987e+00
2.954528999999999961e+00	-1.954628000000000032e+00
2.960481000000000140e+00	-7.784178999999999959e+00
2.966432999999999875e+00	-1.134049599999999991e+01
2.972385000000000055e+00	-1.282483299999999993e+01
2.978336999999999790e+00	-1.263893299999999975e+01
2.984288999999999970e+00	-1.118453500000000034e+01
2.990240000000000009e+00	-8.863381000000000398e+00
2.996192000000000188e+00	-6.077213000000000420e+00
3.002143999999999924e+00	-3.227771000000000168e+00
3.008096000000000103e+00	-7.167959999999999887e-01
3.014047999999999838e+00	1.053970000000000073e+00
3.020000000000000018e+00	1.682785999999999893e+00
