1.199999999999999956e-01	4.160627980058650977e+00
1.249780000000000058e-01	4.518237762882905351e+00
1.305999999999999939e-01	4.859243980421381615e+00
1.367059999999999942e-01	4.223369361608960482e+00
1.431360000000000132e-01	4.567088415588593797e+00
1.497320000000000040e-01	4.195015938688029244e+00
1.563350000000000017e-01	3.676501929771001542e+00
1.627850000000000130e-01	3.754004149163756576e+00
1.689219999999999888e-01	3.863610453667262412e+00
1.745889999999999942e-01	3.780092702982152719e+00
1.796250000000000069e-01	3.585198705601112312e+00
1.839349999999999874e-01	3.759380025852454121e+00
1.877439999999999942e-01	4.041892567340729769e+00
1.913779999999999926e-01	4.375949335424547115e+00
1.951660000000000061e-01	4.870378853359222049e+00
1.994340000000000002e-01	4.744558788517537984e+00
2.044499999999999929e-01	4.783308614993323715e+00
2.101250000000000062e-01	4.347397939663116162e+00
2.162479999999999958e-01	4.793808800861347308e+00
2.226049999999999973e-01	4.567068475683051076e+00
2.289819999999999911e-01	4.426680932962645088e+00
2.351930000000000132e-01	4.196262644508096606e+00
2.412249999999999950e-01	4.255948420317071879e+00
2.471349999999999936e-01	4.917581537909970102e+00
2.529799999999999827e-01	4.783409797681578368e+00
2.588170000000000193e-01	4.808671096148436241e+00
2.646970000000000156e-01	4.845033694848333461e+00
2.706259999999999777e-01	4.998389670430316123e+00
2.765880000000000005e-01	5.121066706496860022e+00
2.825679999999999858e-01	5.003989667993773871e+00
2.885510000000000019e-01	4.874795926926635659e+00
2.945229999999999793e-01	5.079336412817837321e+00
3.004809999999999981e-01	4.828533834553859982e+00
3.064310000000000089e-01	5.301422690783131664e+00
3.123750000000000138e-01	5.538160584033777312e+00
3.183190000000000186e-01	5.014296879996660294e+00
3.242650000000000254e-01	5.601541789675228422e+00
3.302149999999999808e-01	4.984334658286744713e+00
3.361680000000000224e-01	5.070330424985726836e+00
3.421210000000000084e-01	4.898760146549852479e+00
3.480759999999999965e-01	4.451935020829865586e+00
3.540289999999999826e-01	4.593670925897352930e+00
3.599809999999999954e-01	4.308440019832844747e+00
3.659330000000000083e-01	4.073029802814331468e+00
3.718839999999999923e-01	4.321872676028671201e+00
3.778360000000000052e-01	4.164938113167965028e+00
3.837869999999999893e-01	4.749435132580804186e+00
3.897390000000000021e-01	4.769793540452750058e+00
3.956910000000000149e-01	4.767187789998484249e+00
4.016429999999999723e-01	4.983907492129214134e+00
4.075949999999999851e-01	5.148175180160405873e+00
4.135469999999999979e-01	5.061992338792814294e+00
4.194979999999999820e-01	5.665832694713476059e+00
4.254499999999999948e-01	5.903216561538155993e+00
4.314009999999999789e-01	5.690798005097406076e+00
4.373540000000000205e-01	5.779295695821502044e+00
4.433079999999999798e-01	5.828351467266029040e+00
4.492619999999999947e-01	5.790473843914083041e+00
4.552160000000000095e-01	5.406027776686063824e+00
4.611680000000000224e-01	5.428139089850667176e+00
4.671170000000000044e-01	5.280620309168989834e+00
4.730619999999999825e-01	4.863698348571236174e+00
4.790059999999999873e-01	5.123588854631768719e+00
4.849510000000000209e-01	5.352432411023497316e+00
4.909020000000000050e-01	5.474935534007715709e+00
4.968629999999999991e-01	5.521587956079377690e+00
5.028390000000000359e-01	6.151292675395295007e+00
5.088230000000000253e-01	6.100298381791643187e+00
5.148009999999999531e-01	6.021627739254202361e+00
5.207570000000000254e-01	6.003326752411912715e+00
5.266750000000000043e-01	5.920566447784264774e+00
5.325410000000000421e-01	6.052963031823582973e+00
5.383719999999999617e-01	5.484310150255957694e+00
5.442249999999999588e-01	5.385768703010191061e+00
5.501580000000000359e-01	5.586913951491487396e+00
5.562289999999999734e-01	5.852837822839823900e+00
5.624930000000000208e-01	5.660436282863965829e+00
5.688929999999999820e-01	5.963180234653184364e+00
5.752220000000000111e-01	6.342550535390525823e+00
5.812610000000000277e-01	6.395545794752950819e+00
5.867949999999999555e-01	6.506214278922179517e+00
5.916080000000000227e-01	7.128668417374097288e+00
5.957040000000000113e-01	6.749582383645413408e+00
5.993990000000000151e-01	7.137043668765725712e+00
6.030370000000000452e-01	7.254347344186561131e+00
6.069609999999999728e-01	7.186286821174292960e+00
6.115110000000000268e-01	7.854998187956853783e+00
6.168270000000000142e-01	7.887188923766247584e+00
6.227219999999999978e-01	8.229534729303704665e+00
6.289789999999999548e-01	8.773239125630549751e+00
6.353790000000000271e-01	8.493185695581050965e+00
6.417070000000000274e-01	8.389853670304113109e+00
6.478369999999999962e-01	8.228832643821856863e+00
6.538089999999999735e-01	7.670204246115093660e+00
6.596819999999999906e-01	7.445298165986888428e+00
6.655140000000000500e-01	7.654106104577184766e+00
6.713630000000000431e-01	7.143757309891546114e+00
6.772660000000000347e-01	7.077379037452890209e+00
6.832110000000000127e-01	7.318802355327323816e+00
6.891829999999999901e-01	7.830194301010822144e+00
6.951669999999999794e-01	7.712177324853935367e+00
7.011469999999999647e-01	7.790034158890978055e+00
7.071119999999999628e-01	7.686285629074509629e+00
7.130670000000000064e-01	7.712204740369255518e+00
7.190130000000000132e-01	7.829659487705565191e+00
7.249569999999999625e-01	7.696254749867922129e+00
7.309010000000000229e-01	7.736394166519212412e+00
7.368489999999999762e-01	7.863176011118109265e+00
7.428000000000000158e-01	8.226666753795175424e+00
7.487530000000000019e-01	8.267870059209423417e+00
7.547080000000000455e-01	8.685047565309567119e+00
7.606619999999999493e-01	9.159899063886255632e+00
7.666140000000000176e-01	9.091708906480818086e+00
7.725670000000000037e-01	9.260834439302664478e+00
7.785180000000000433e-01	9.621091554185333905e+00
7.844689999999999719e-01	8.988916346946759006e+00
7.904210000000000402e-01	9.185180514838242161e+00
7.963729999999999976e-01	8.939652453029768964e+00
8.023249999999999549e-01	8.804694065265207925e+00
8.082770000000000232e-01	8.552482848573585983e+00
8.142289999999999806e-01	8.698287970783038503e+00
8.201800000000000201e-01	8.541737030553436583e+00
8.261319999999999775e-01	8.963301100552556022e+00
8.320830000000000171e-01	9.104779442411231827e+00
8.380349999999999744e-01	9.441002931508474916e+00
8.439870000000000427e-01	9.525392946924329252e+00
8.499400000000000288e-01	9.809416269122104737e+00
8.558940000000000436e-01	1.005757821757865678e+01
8.618479999999999475e-01	9.702791044274183818e+00
8.678010000000000446e-01	9.885087779622399040e+00
8.737519999999999731e-01	9.404246425259781716e+00
8.797000000000000375e-01	9.535871198478753641e+00
8.856439999999999868e-01	8.622623622890843720e+00
8.915870000000000184e-01	8.254286425700250618e+00
8.975349999999999717e-01	7.646993853736053559e+00
9.034900000000000153e-01	7.900076090810362217e+00
9.094569999999999599e-01	7.706273792176662418e+00
9.154379999999999740e-01	7.648731160523407624e+00
9.214210000000000456e-01	7.248007541127051034e+00
9.273909999999999654e-01	7.355057016576583173e+00
9.333329999999999682e-01	6.948747889177457004e+00
9.392300000000000093e-01	6.722295604606689068e+00
9.450749999999999984e-01	6.909798506189622991e+00
9.509090000000000042e-01	6.921847765716814038e+00
9.567890000000000006e-01	6.966464120675421867e+00
9.627750000000000474e-01	7.160998466178894795e+00
9.689229999999999787e-01	7.007534080111377683e+00
9.752680000000000238e-01	6.934417752719290284e+00
9.816639999999999810e-01	6.799752505244404333e+00
9.878930000000000211e-01	6.844543838587427764e+00
9.937399999999999567e-01	7.063273712786672931e+00
9.989850000000000119e-01	7.068030289440767611e+00
1.003457999999999961e+00	6.793109170045100953e+00
1.007338000000000067e+00	6.953148798531294972e+00
1.010966000000000031e+00	7.213680900362466453e+00
1.014685999999999977e+00	7.079081589557879362e+00
1.018841000000000108e+00	6.905827874546256240e+00
1.023735000000000062e+00	7.319621847513215762e+00
1.029328999999999938e+00	7.210532528859930679e+00
1.035408000000000106e+00	7.638929067285450181e+00
1.041754000000000069e+00	7.631102772929912348e+00
1.048148999999999997e+00	7.189418064663743557e+00
1.054391999999999996e+00	7.187864967115007886e+00
1.060446000000000000e+00	7.169263278331565736e+00
1.066368999999999900e+00	7.468685402456751277e+00
1.072216999999999976e+00	7.646918537972297258e+00
1.078049000000000035e+00	7.256166026291166915e+00
1.083920999999999912e+00	7.489657858949705371e+00
1.089842999999999895e+00	7.113097297018242671e+00
1.095801999999999943e+00	7.598092680624149331e+00
1.101780999999999899e+00	7.325820463299508312e+00
1.107765000000000111e+00	7.733532514410385694e+00
1.113739999999999952e+00	7.412493201050711633e+00
1.119699999999999918e+00	7.642532615204659763e+00
1.125650000000000039e+00	7.587017869186887253e+00
1.131594999999999906e+00	7.739655721920235543e+00
1.137537999999999938e+00	8.099514390782546869e+00
1.143483999999999945e+00	8.458610192856731658e+00
1.149432999999999927e+00	8.302334050814682342e+00
1.155386000000000024e+00	8.523340432792531729e+00
1.161338999999999899e+00	8.602524458522136541e+00
1.167294000000000054e+00	8.889899722701095186e+00
1.173246999999999929e+00	9.010194988598552612e+00
1.179200000000000026e+00	8.565305337226750027e+00
1.185151999999999983e+00	8.858446587884944989e+00
1.191103000000000023e+00	8.291148174584762387e+00
1.197054000000000062e+00	8.253939149834025102e+00
1.203006000000000020e+00	8.272934233557826644e+00
1.208957999999999977e+00	8.031529069028977119e+00
1.214909999999999934e+00	8.256696366799893383e+00
1.220861999999999892e+00	8.376241118228927363e+00
1.226814000000000071e+00	8.244841441794628523e+00
1.232765000000000111e+00	8.135158679983616636e+00
1.238717000000000068e+00	8.733042259548239983e+00
1.244668000000000108e+00	8.885637140434777592e+00
1.250620000000000065e+00	9.231856525789201129e+00
1.256572000000000022e+00	9.471521775889645056e+00
1.262526000000000037e+00	1.022910356780661800e+01
1.268480000000000052e+00	1.036862592821707629e+01
1.274434000000000067e+00	1.088068967278985788e+01
1.280386000000000024e+00	1.103754366737657655e+01
1.286335999999999924e+00	1.174956284555081432e+01
1.292281999999999931e+00	1.160099518755101755e+01
1.298224999999999962e+00	1.179290241555466601e+01
1.304170000000000051e+00	1.212364126546772702e+01
1.310119999999999951e+00	1.201873714760296608e+01
1.316079999999999917e+00	1.213046956635135132e+01
1.322052999999999923e+00	1.197046361144347415e+01
1.328036999999999912e+00	1.168966254045235509e+01
1.334017000000000008e+00	1.129351708481795313e+01
1.339976000000000056e+00	1.132475231523423709e+01
1.345900000000000096e+00	1.198991590114853345e+01
1.351774000000000031e+00	1.166425135269503777e+01
1.357607000000000008e+00	1.214728097845357802e+01
1.363453000000000026e+00	1.226585378177341212e+01
1.369372000000000034e+00	1.288698045328553121e+01
1.375421999999999922e+00	1.326011820222891124e+01
1.381658999999999970e+00	1.382324990680723076e+01
1.388052000000000064e+00	1.416434392640340079e+01
1.394403000000000059e+00	1.468926735792694060e+01
1.400492999999999988e+00	1.481943380030653046e+01
1.406104999999999938e+00	1.527563347685569362e+01
1.411021999999999998e+00	1.521851835951403054e+01
1.415195999999999898e+00	1.544135510944785317e+01
1.418924000000000074e+00	1.566035376436163951e+01
1.422549999999999981e+00	1.611054371141907282e+01
1.426417000000000046e+00	1.599065195670321948e+01
1.430868000000000029e+00	1.608012861602060184e+01
1.436091000000000006e+00	1.615305002584192451e+01
1.441923000000000066e+00	1.655167592941741006e+01
1.448144000000000098e+00	1.639082364524652036e+01
1.454538000000000109e+00	1.667055941301635968e+01
1.460887000000000047e+00	1.615792714019699261e+01
1.467041999999999957e+00	1.673516205167812387e+01
1.473030999999999979e+00	1.703750049337871886e+01
1.478914000000000062e+00	1.696406163437460890e+01
1.484749000000000096e+00	1.685383527567536532e+01
1.490591999999999917e+00	1.730056625344593968e+01
1.496488000000000040e+00	1.700487357061278360e+01
1.502428000000000097e+00	1.693384141176773738e+01
1.508397999999999906e+00	1.729625663672369384e+01
1.514380999999999977e+00	1.743389599823312608e+01
1.520361999999999991e+00	1.659009944567782924e+01
1.526329999999999965e+00	1.652726399399874424e+01
1.532284999999999897e+00	1.630376967585056747e+01
1.538232999999999961e+00	1.610030563009246762e+01
1.544175999999999993e+00	1.585633981630332023e+01
1.550119999999999942e+00	1.573440072849646931e+01
1.556068000000000007e+00	1.598408019000858538e+01
1.562019000000000046e+00	1.593591902977428276e+01
1.567971999999999921e+00	1.586565606971662667e+01
1.573925999999999936e+00	1.562637910820701315e+01
1.579879999999999951e+00	1.632511956242194628e+01
1.585833000000000048e+00	1.595730278103078703e+01
1.591785000000000005e+00	1.568091487814791840e+01
1.597736999999999963e+00	1.534469377616744801e+01
1.603688000000000002e+00	1.540416789188210522e+01
1.609639000000000042e+00	1.527879664266023063e+01
1.615590999999999999e+00	1.561633539205346644e+01
1.621542999999999957e+00	1.651535990751443350e+01
1.627494999999999914e+00	1.722502900359157252e+01
1.633447000000000093e+00	1.748704068864379835e+01
1.639399000000000051e+00	1.814806408413162231e+01
1.645350000000000090e+00	1.850839865938170448e+01
1.651302000000000048e+00	1.927459857789871833e+01
1.657253000000000087e+00	1.869226089072382635e+01
1.663205000000000044e+00	1.973437406556844920e+01
1.669157999999999920e+00	1.899699932675773795e+01
1.675111999999999934e+00	1.878259464951573676e+01
1.681065999999999949e+00	1.908834680681308171e+01
1.687019000000000046e+00	1.859241294115170717e+01
1.692971000000000004e+00	1.847039194456245781e+01
1.698919000000000068e+00	1.810879068078781629e+01
1.704863000000000017e+00	1.781931206244380661e+01
1.710806999999999967e+00	1.777012608800724891e+01
1.716752999999999973e+00	1.778134913681485330e+01
1.722706999999999988e+00	1.732638946100679078e+01
1.728671999999999986e+00	1.692408611501796045e+01
1.734652000000000083e+00	1.697749078325752237e+01
1.740636000000000072e+00	1.658234307977354760e+01
1.746609000000000078e+00	1.571205841187997621e+01
1.752555000000000085e+00	1.544902798307604641e+01
1.758458000000000077e+00	1.470240181933525037e+01
1.764308999999999905e+00	1.479336945380483748e+01
1.770140999999999964e+00	1.431865368985139497e+01
1.776011999999999924e+00	1.433870221080458762e+01
1.781979999999999897e+00	1.477514964897699734e+01
1.788105000000000055e+00	1.452020693243120242e+01
1.794426999999999994e+00	1.486320780532465591e+01
1.800829000000000013e+00	1.447472953669079665e+01
1.807091999999999921e+00	1.452297235860858038e+01
1.813002000000000002e+00	1.393859427564877329e+01
1.818338000000000010e+00	1.404137155730545317e+01
1.822912000000000088e+00	1.410888889169759608e+01
1.826850000000000085e+00	1.424146954099131257e+01
1.830492000000000008e+00	1.402969690369915767e+01
1.834179999999999922e+00	1.382702670070299256e+01
1.838259000000000087e+00	1.354271287346748842e+01
1.843048000000000020e+00	1.398403429539330212e+01
1.848562000000000038e+00	1.418172195583432860e+01
1.854589999999999961e+00	1.429302383716694003e+01
1.860913000000000039e+00	1.478580876796129218e+01
1.867313999999999918e+00	1.478594310835480741e+01
1.873583999999999916e+00	1.455421074246874014e+01
1.879660000000000108e+00	1.462326916391592846e+01
1.885596000000000050e+00	1.464615818693158111e+01
1.891450999999999993e+00	1.430976805032173260e+01
1.897281999999999913e+00	1.453492177011868414e+01
1.903146999999999922e+00	1.393731037850631616e+01
1.909062999999999954e+00	1.356869562930767259e+01
1.915018000000000109e+00	1.355298070152426781e+01
1.920995999999999926e+00	1.290823863922955184e+01
1.926979999999999915e+00	1.255042763939790440e+01
1.932955999999999896e+00	1.263942769131170429e+01
1.938917999999999919e+00	1.245254471844026867e+01
1.944868999999999959e+00	1.301502039529667343e+01
1.950814000000000048e+00	1.269503407527466621e+01
1.956757999999999997e+00	1.319657914587075531e+01
1.962703000000000086e+00	1.380426521583265043e+01
1.968652000000000069e+00	1.404831816865267236e+01
1.974604000000000026e+00	1.491873332093872406e+01
1.980558000000000041e+00	1.525794225516609970e+01
1.986512000000000056e+00	1.605912087267524413e+01
1.992466000000000070e+00	1.655332300636446519e+01
1.998418000000000028e+00	1.633170741073756815e+01
2.004370000000000207e+00	1.697891278834702788e+01
2.010321999999999942e+00	1.710842858446111947e+01
2.016272999999999982e+00	1.705706451254012990e+01
2.022224000000000022e+00	1.711723916738523243e+01
2.028176000000000201e+00	1.676192918456682435e+01
2.034127999999999936e+00	1.764904972001437855e+01
2.040080000000000116e+00	1.754605418868947098e+01
2.046031999999999851e+00	1.775231038129023631e+01
2.051984000000000030e+00	1.809841709877759897e+01
2.057935000000000070e+00	1.771056963743781054e+01
2.063886999999999805e+00	1.780224647664909909e+01
2.069837999999999845e+00	1.834607213294456685e+01
2.075791000000000164e+00	1.863306074526408551e+01
2.081744000000000039e+00	1.886734034013942107e+01
2.087698000000000054e+00	1.895100528982282384e+01
2.093652000000000069e+00	1.929592931185026572e+01
2.099604999999999944e+00	1.907676495814224182e+01
2.105554999999999843e+00	2.002259813396301169e+01
2.111501000000000072e+00	1.986213654463922751e+01
2.117445000000000022e+00	2.032221448052457546e+01
2.123388999999999971e+00	2.065827474372027339e+01
2.129338000000000175e+00	2.081670088145160591e+01
2.135295999999999861e+00	2.105073117441535402e+01
2.141268000000000171e+00	2.120849334984765022e+01
2.147250999999999799e+00	2.171045741436337551e+01
2.153232000000000035e+00	2.142553266855478000e+01
2.159196000000000115e+00	2.186524530078043327e+01
2.165125000000000188e+00	2.146706127780388940e+01
2.171006000000000213e+00	2.133085672261467280e+01
2.176841000000000026e+00	2.176795886816630343e+01
2.182682999999999929e+00	2.107551582510845734e+01
2.188588999999999896e+00	2.111583390438092067e+01
2.194618000000000180e+00	2.054153093523299844e+01
2.200828000000000007e+00	1.995950800281811865e+01
2.207209999999999894e+00	1.987152149244563049e+01
2.213579000000000185e+00	1.931661591475238993e+01
2.219714999999999883e+00	1.902232536878311464e+01
2.225403000000000020e+00	1.882437046591002172e+01
2.230423000000000044e+00	1.853873852910152209e+01
2.234681000000000139e+00	1.857523603753121932e+01
2.238447999999999993e+00	1.866688633438608491e+01
2.242068000000000172e+00	1.913608117547745735e+01
2.245884000000000214e+00	1.902868125929947141e+01
2.250237999999999960e+00	1.949807433669138135e+01
2.255365999999999982e+00	1.971615220165617544e+01
2.261130000000000084e+00	1.977684272061272708e+01
2.267313000000000134e+00	2.045077098343136512e+01
2.273696000000000161e+00	2.062068905123241436e+01
2.280063999999999869e+00	2.015620434585821741e+01
2.286243999999999943e+00	1.995402474056256281e+01
2.292251999999999956e+00	1.935779317315638792e+01
2.298146000000000022e+00	1.857864269014369896e+01
2.303983000000000114e+00	1.842515181705062943e+01
2.309822000000000042e+00	1.761809963055446815e+01
2.315710999999999853e+00	1.719098780576397445e+01
2.321645999999999876e+00	1.659890761321438291e+01
2.327612999999999932e+00	1.645630825050198709e+01
2.333594999999999864e+00	1.629428143182093791e+01
2.339576999999999796e+00	1.640720664659801997e+01
2.345546999999999827e+00	1.691306810097021085e+01
2.351503999999999817e+00	1.791732384249401733e+01
2.357451999999999881e+00	1.866244878442595478e+01
2.363395999999999830e+00	1.960109263413869130e+01
2.369339000000000084e+00	2.004094581606582537e+01
2.375286000000000008e+00	2.051347887822191751e+01
2.381237000000000048e+00	2.069181381857501023e+01
2.387189999999999923e+00	2.053247726041285048e+01
2.393143999999999938e+00	1.967883728748551775e+01
2.399097999999999953e+00	1.921855909450008326e+01
2.405050999999999828e+00	1.883728915015036165e+01
2.411004000000000147e+00	1.809263010599975985e+01
2.416955999999999882e+00	1.761666299752500464e+01
2.422906999999999922e+00	1.667031431973835964e+01
2.428857999999999961e+00	1.590872867144140379e+01
2.434809000000000001e+00	1.560497272194701779e+01
2.440760000000000041e+00	1.489825378699258707e+01
2.446712000000000220e+00	1.480399351363049476e+01
2.452663999999999955e+00	1.447403110550592764e+01
2.458616999999999830e+00	1.412501039145962167e+01
2.464570999999999845e+00	1.452502840797849260e+01
2.470524999999999860e+00	1.475565662259486821e+01
2.476478000000000179e+00	1.563518381576794880e+01
2.482429999999999914e+00	1.650960160430180323e+01
2.488377999999999979e+00	1.785933527661284970e+01
2.494323000000000068e+00	1.979547099717904857e+01
2.500265999999999877e+00	2.104118753334238434e+01
2.506212000000000106e+00	2.348133846170867400e+01
2.512164999999999981e+00	2.525110649941530383e+01
2.518129000000000062e+00	2.658077171538678485e+01
2.524108000000000018e+00	2.861522254949258581e+01
2.530091999999999786e+00	2.950840436706092262e+01
2.536067000000000071e+00	3.068902520140155232e+01
2.542015999999999831e+00	3.037404118513825679e+01
2.547924000000000078e+00	3.043617158846266690e+01
2.553779000000000021e+00	2.881646189816764547e+01
2.559610000000000163e+00	2.715674605489982341e+01
2.565475000000000172e+00	2.526600781716605582e+01
2.571432000000000162e+00	2.233599954554387068e+01
2.577539999999999942e+00	2.052439113394945380e+01
2.583845999999999865e+00	1.844737953320881374e+01
2.590249000000000024e+00	1.735796448840367745e+01
2.596534000000000120e+00	1.671477269574118907e+01
2.602485000000000159e+00	1.653388056660685734e+01
2.607883000000000173e+00	1.683300885006223879e+01
2.612527000000000044e+00	1.829049529159328813e+01
2.616509000000000196e+00	1.979107587550779002e+01
2.620163999999999938e+00	2.211065752205392343e+01
2.623834000000000000e+00	2.441702574757985289e+01
2.627863000000000060e+00	2.656798292704040776e+01
2.632579999999999920e+00	2.796213222312696800e+01
2.638037000000000187e+00	2.956533476109578018e+01
2.644026000000000209e+00	3.025546685303693906e+01
2.650332000000000132e+00	2.975785495037162320e+01
2.656734000000000151e+00	2.954614429817156562e+01
2.663022999999999918e+00	2.834085719262808212e+01
2.669115000000000126e+00	2.620897428080415281e+01
2.675060999999999911e+00	2.365121494358086096e+01
2.680919999999999970e+00	2.052084775300451369e+01
2.686751000000000111e+00	1.784781666534865252e+01
2.692610999999999866e+00	1.460494736691020989e+01
2.698523999999999923e+00	1.228888923318204718e+01
2.704476000000000102e+00	9.717591005710842111e+00
2.710452000000000083e+00	7.851964493102632225e+00
2.716435999999999851e+00	5.726176763553452176e+00
2.722412999999999972e+00	4.904716472690518358e+00
2.728375999999999912e+00	4.691190832282773115e+00
2.734328000000000092e+00	4.934211572221072650e+00
2.740273999999999877e+00	5.480670930390947326e+00
2.746217000000000130e+00	6.388539219203052788e+00
2.752162000000000219e+00	7.597994983083649068e+00
2.758110999999999979e+00	8.968785069211742567e+00
2.764063000000000159e+00	1.028587555042329527e+01
2.770016000000000034e+00	1.231846128812962071e+01
2.775971000000000188e+00	1.430790772390597532e+01
2.781924000000000063e+00	1.605388159739368348e+01
2.787876999999999938e+00	1.772643716094197686e+01
2.793829000000000118e+00	1.972604484691899174e+01
2.799780999999999853e+00	2.126485164304775921e+01
2.805731999999999893e+00	2.268207968629404547e+01
2.811682999999999932e+00	2.372261989742725419e+01
2.817635000000000112e+00	2.377190397057572824e+01
2.823586999999999847e+00	2.416751056666312181e+01
2.829539000000000026e+00	2.404812372904820350e+01
2.835491000000000206e+00	2.378327403768135184e+01
2.841442999999999941e+00	2.338803205710680189e+01
2.847395000000000120e+00	2.227883152286197799e+01
2.853346999999999856e+00	2.118354361579416434e+01
2.859299000000000035e+00	2.050105683872952511e+01
2.865251000000000214e+00	1.901954133557719118e+01
2.871201999999999810e+00	1.785656726408722506e+01
2.877153999999999989e+00	1.698517820128830991e+01
2.883106000000000169e+00	1.546254676071253442e+01
2.889057999999999904e+00	1.246037116896654773e+01
2.895010000000000083e+00	9.486838085968596346e+00
2.900961999999999819e+00	3.687993201816155864e+00
2.906913999999999998e+00	-3.033892707442516379e+00
2.912866000000000177e+00	-1.123852956038420103e+01
2.918817999999999913e+00	-1.942783592489484334e+01
2.924770000000000092e+00	-2.587284636111154512e+01
2.930721000000000132e+00	-3.008028406880331573e+01
2.936672999999999867e+00	-3.251451777596469839e+01
2.942625000000000046e+00	-3.208560000889032437e+01
2.948576999999999781e+00	-2.997533811691028305e+01
2.954528999999999961e+00	-2.671648887927344163e+01
2.960481000000000140e+00	-2.350475917373954360e+01
2.966432999999999875e+00	-2.001987186364842231e+01
2.972385000000000055e+00	-1.710909409398487568e+01
2.978336999999999790e+00	-1.354854972589124529e+01
2.984288999999999970e+00	-1.083419294306697545e+01
2.990240000000000009e+00	-7.782168068563467322e+00
2.996192000000000188e+00	-4.843669377947070309e+00
3.002143999999999924e+00	-1.033304844790118526e+00
3.008096000000000103e+00	2.526714496638397645e+00
3.014047999999999838e+00	6.214112881527009691e+00
3.020000000000000018e+00	1.008368123326254917e+01
