1.199999999999999956e-01	-7.655270470048500808e-01
1.249780000000000058e-01	-2.367181851560516970e-01
1.305999999999999939e-01	-2.760192054181239141e-01
1.367059999999999942e-01	1.565077683913232709e-01
1.431360000000000132e-01	6.869510953955075827e-01
1.497320000000000040e-01	5.861932474184778918e-01
1.563350000000000017e-01	1.345659310998717162e+00
1.627850000000000130e-01	1.517935668213413081e+00
1.689219999999999888e-01	1.682440094608923964e+00
1.745889999999999942e-01	2.149541914187294012e+00
1.796250000000000069e-01	2.355843307345552695e+00
1.839349999999999874e-01	2.538238522887185766e+00
1.877439999999999942e-01	2.285035212048863507e+00
1.913779999999999926e-01	2.350883559213816199e+00
1.951660000000000061e-01	2.037903443872986387e+00
1.994340000000000002e-01	1.948592134257792985e+00
2.044499999999999929e-01	2.048010311839309594e+00
2.101250000000000062e-01	2.237377998849833016e+00
2.162479999999999958e-01	2.274928840925629192e+00
2.226049999999999973e-01	1.964800952418562341e+00
2.289819999999999911e-01	1.788634868296117064e+00
2.351930000000000132e-01	2.028572809538388810e+00
2.412249999999999950e-01	2.116559881767198448e+00
2.471349999999999936e-01	2.071956916514203773e+00
2.529799999999999827e-01	1.926515131177851003e+00
2.588170000000000193e-01	1.999796518497408027e+00
2.646970000000000156e-01	2.404383275021632738e+00
2.706259999999999777e-01	2.435022202244044198e+00
2.765880000000000005e-01	2.695109404147999932e+00
2.825679999999999858e-01	2.657229779552118920e+00
2.885510000000000019e-01	3.253821905772637191e+00
2.945229999999999793e-01	2.630634403247693154e+00
3.004809999999999981e-01	2.727691514470447665e+00
3.064310000000000089e-01	2.799493285892918237e+00
3.123750000000000138e-01	2.695753487537743354e+00
3.183190000000000186e-01	2.831398106149141558e+00
3.242650000000000254e-01	2.887913007109728536e+00
3.302149999999999808e-01	3.022986204405301081e+00
3.361680000000000224e-01	3.243226048623550906e+00
3.421210000000000084e-01	3.312239307783720665e+00
3.480759999999999965e-01	3.180549435823939675e+00
3.540289999999999826e-01	3.576084381440415072e+00
3.599809999999999954e-01	3.757354736003607698e+00
3.659330000000000083e-01	3.572496677602752690e+00
3.718839999999999923e-01	3.455914843443272488e+00
3.778360000000000052e-01	3.636524999180950068e+00
3.837869999999999893e-01	4.059753797962495803e+00
3.897390000000000021e-01	4.014859961665274923e+00
3.956910000000000149e-01	4.268977450157801279e+00
4.016429999999999723e-01	3.926591269809422524e+00
4.075949999999999851e-01	4.279444007726444177e+00
4.135469999999999979e-01	3.954246347065867973e+00
4.194979999999999820e-01	4.177627486229236631e+00
4.254499999999999948e-01	4.777879211334820297e+00
4.314009999999999789e-01	5.018529667889984225e+00
4.373540000000000205e-01	5.419519462101175300e+00
4.433079999999999798e-01	5.386127693064775457e+00
4.492619999999999947e-01	5.193724976272589444e+00
4.552160000000000095e-01	5.870746097647045580e+00
4.611680000000000224e-01	5.837059086998538149e+00
4.671170000000000044e-01	6.120220846279784688e+00
4.730619999999999825e-01	6.009137001803693146e+00
4.790059999999999873e-01	6.536758199142573389e+00
4.849510000000000209e-01	6.474581639006366629e+00
4.909020000000000050e-01	6.948161932190206613e+00
4.968629999999999991e-01	7.009763523024442833e+00
5.028390000000000359e-01	7.119548846138983755e+00
5.088230000000000253e-01	7.194931931131675285e+00
5.148009999999999531e-01	7.254083201766566624e+00
5.207570000000000254e-01	7.114619460703163867e+00
5.266750000000000043e-01	7.342044573172004540e+00
5.325410000000000421e-01	7.813682070081129361e+00
5.383719999999999617e-01	7.849090822890107511e+00
5.442249999999999588e-01	8.527205791363412501e+00
5.501580000000000359e-01	8.655670877249843187e+00
5.562289999999999734e-01	8.921754802763201653e+00
5.624930000000000208e-01	9.475038881698322868e+00
5.688929999999999820e-01	9.550449284409181061e+00
5.752220000000000111e-01	9.709614857758738893e+00
5.812610000000000277e-01	9.416405164475664336e+00
5.867949999999999555e-01	1.013219481330801131e+01
5.916080000000000227e-01	1.056512027713194080e+01
5.957040000000000113e-01	1.054874506284842006e+01
5.993990000000000151e-01	1.135668619558570214e+01
6.030370000000000452e-01	1.154842463833156962e+01
6.069609999999999728e-01	1.222205909288320314e+01
6.115110000000000268e-01	1.262772992475444234e+01
6.168270000000000142e-01	1.294963787770169539e+01
6.227219999999999978e-01	1.272668220003605910e+01
6.289789999999999548e-01	1.323845526005048256e+01
6.353790000000000271e-01	1.293486890613337792e+01
6.417070000000000274e-01	1.378441158579119907e+01
6.478369999999999962e-01	1.312929001642207716e+01
6.538089999999999735e-01	1.352650347981984247e+01
6.596819999999999906e-01	1.345652808870653416e+01
6.655140000000000500e-01	1.393351228047667867e+01
6.713630000000000431e-01	1.396233372679182949e+01
6.772660000000000347e-01	1.399704482757480939e+01
6.832110000000000127e-01	1.379974914605162972e+01
6.891829999999999901e-01	1.365337604822526352e+01
6.951669999999999794e-01	1.387383734164778559e+01
7.011469999999999647e-01	1.436571388881626277e+01
7.071119999999999628e-01	1.432653039705368592e+01
7.130670000000000064e-01	1.394470562977002714e+01
7.190130000000000132e-01	1.390865346467079888e+01
7.249569999999999625e-01	1.424014279387502668e+01
7.309010000000000229e-01	1.431475542977554127e+01
7.368489999999999762e-01	1.443480377271579229e+01
7.428000000000000158e-01	1.417728596028810628e+01
7.487530000000000019e-01	1.499736435690491732e+01
7.547080000000000455e-01	1.502911596679174622e+01
7.606619999999999493e-01	1.525625690844826821e+01
7.666140000000000176e-01	1.525748710747132897e+01
7.725670000000000037e-01	1.581051489763052587e+01
7.785180000000000433e-01	1.544876097548141303e+01
7.844689999999999719e-01	1.618174812447344024e+01
7.904210000000000402e-01	1.602663951275295773e+01
7.963729999999999976e-01	1.656193156983252734e+01
8.023249999999999549e-01	1.677030147757258405e+01
8.082770000000000232e-01	1.712379305058402679e+01
8.142289999999999806e-01	1.698639576418310426e+01
8.201800000000000201e-01	1.762854721386487711e+01
8.261319999999999775e-01	1.776032826502045836e+01
8.320830000000000171e-01	1.798853717458883850e+01
8.380349999999999744e-01	1.829907116941320666e+01
8.439870000000000427e-01	1.826505200137621543e+01
8.499400000000000288e-01	1.829032188932528769e+01
8.558940000000000436e-01	1.822841275471565226e+01
8.618479999999999475e-01	1.786641959523946710e+01
8.678010000000000446e-01	1.778774659368101752e+01
8.737519999999999731e-01	1.792437856451593703e+01
8.797000000000000375e-01	1.781447354565624508e+01
8.856439999999999868e-01	1.702114805344801240e+01
8.915870000000000184e-01	1.654814801975362570e+01
8.975349999999999717e-01	1.569203026045013338e+01
9.034900000000000153e-01	1.575158363144610796e+01
9.094569999999999599e-01	1.526932877002992406e+01
9.154379999999999740e-01	1.455169912720918823e+01
9.214210000000000456e-01	1.420731924295670190e+01
9.273909999999999654e-01	1.422460806459832128e+01
9.333329999999999682e-01	1.370132340022153272e+01
9.392300000000000093e-01	1.351119583884172215e+01
9.450749999999999984e-01	1.368393137404770243e+01
9.509090000000000042e-01	1.331608123816794986e+01
9.567890000000000006e-01	1.307847774234130966e+01
9.627750000000000474e-01	1.281730106967596150e+01
9.689229999999999787e-01	1.254779624864458931e+01
9.752680000000000238e-01	1.294348191368844780e+01
9.816639999999999810e-01	1.279315575718434062e+01
9.878930000000000211e-01	1.249957245932037786e+01
9.937399999999999567e-01	1.259794934365656260e+01
9.989850000000000119e-01	1.300204287602890929e+01
1.003457999999999961e+00	1.238210393089330985e+01
1.007338000000000067e+00	1.281306943614706206e+01
1.010966000000000031e+00	1.294145154962920330e+01
1.014685999999999977e+00	1.324168245388753640e+01
1.018841000000000108e+00	1.316549437645798193e+01
1.023735000000000062e+00	1.313099595567205391e+01
1.029328999999999938e+00	1.356737902482360170e+01
1.035408000000000106e+00	1.357957221084823729e+01
1.041754000000000069e+00	1.340394216123076809e+01
1.048148999999999997e+00	1.380583932487171772e+01
1.054391999999999996e+00	1.416401995872874764e+01
1.060446000000000000e+00	1.399462263669770579e+01
1.066368999999999900e+00	1.429897853809816155e+01
1.072216999999999976e+00	1.449343911084022807e+01
1.078049000000000035e+00	1.441865920300439186e+01
1.083920999999999912e+00	1.425245685238953364e+01
1.089842999999999895e+00	1.458775777120675521e+01
1.095801999999999943e+00	1.481366663889865443e+01
1.101780999999999899e+00	1.467875750134686186e+01
1.107765000000000111e+00	1.505737475639155853e+01
1.113739999999999952e+00	1.459353698547405820e+01
1.119699999999999918e+00	1.559698632036442767e+01
1.125650000000000039e+00	1.574486481983523944e+01
1.131594999999999906e+00	1.565944100852698284e+01
1.137537999999999938e+00	1.619703290276084928e+01
1.143483999999999945e+00	1.664056681300974461e+01
1.149432999999999927e+00	1.667436440921902729e+01
1.155386000000000024e+00	1.737781226453635952e+01
1.161338999999999899e+00	1.788209769334094901e+01
1.167294000000000054e+00	1.788882953854421132e+01
1.173246999999999929e+00	1.819408829462798849e+01
1.179200000000000026e+00	1.877553946900301440e+01
1.185151999999999983e+00	1.895246320870669265e+01
1.191103000000000023e+00	1.945862022450786100e+01
1.197054000000000062e+00	1.956536548729112823e+01
1.203006000000000020e+00	1.996092486910086095e+01
1.208957999999999977e+00	2.074027332841190585e+01
1.214909999999999934e+00	2.099598029068025440e+01
1.220861999999999892e+00	2.151594531821124789e+01
1.226814000000000071e+00	2.182912925155540762e+01
1.232765000000000111e+00	2.260592751002853618e+01
1.238717000000000068e+00	2.268669869809860273e+01
1.244668000000000108e+00	2.334244463308791495e+01
1.250620000000000065e+00	2.344199679902415312e+01
1.256572000000000022e+00	2.433118955679831430e+01
1.262526000000000037e+00	2.460244307230070504e+01
1.268480000000000052e+00	2.506592960864418274e+01
1.274434000000000067e+00	2.639606425207599116e+01
1.280386000000000024e+00	2.682598758865213995e+01
1.286335999999999924e+00	2.752516382394261996e+01
1.292281999999999931e+00	2.790596163067068503e+01
1.298224999999999962e+00	2.862522660932610208e+01
1.304170000000000051e+00	2.962314526684096450e+01
1.310119999999999951e+00	3.053871483244794049e+01
1.316079999999999917e+00	3.120609389343615447e+01
1.322052999999999923e+00	3.213705243051430926e+01
1.328036999999999912e+00	3.277157470774044867e+01
1.334017000000000008e+00	3.364573503264381316e+01
1.339976000000000056e+00	3.457604320998484582e+01
1.345900000000000096e+00	3.546941859927632379e+01
1.351774000000000031e+00	3.616802939884951940e+01
1.357607000000000008e+00	3.709220422862198774e+01
1.363453000000000026e+00	3.731222467383942387e+01
1.369372000000000034e+00	3.879603979038592598e+01
1.375421999999999922e+00	3.910288544512201270e+01
1.381658999999999970e+00	3.982523720606272377e+01
1.388052000000000064e+00	4.080599380418505007e+01
1.394403000000000059e+00	4.142349050491888818e+01
1.400492999999999988e+00	4.205968446661395888e+01
1.406104999999999938e+00	4.231031941345484171e+01
1.411021999999999998e+00	4.317996139903144126e+01
1.415195999999999898e+00	4.363300934649728191e+01
1.418924000000000074e+00	4.381760974052642155e+01
1.422549999999999981e+00	4.440367876852823770e+01
1.426417000000000046e+00	4.470661947116269630e+01
1.430868000000000029e+00	4.492047431281991265e+01
1.436091000000000006e+00	4.528447472195393431e+01
1.441923000000000066e+00	4.576575258910814625e+01
1.448144000000000098e+00	4.600270142804686202e+01
1.454538000000000109e+00	4.655870685635134265e+01
1.460887000000000047e+00	4.644454223851390395e+01
1.467041999999999957e+00	4.673535201083015522e+01
1.473030999999999979e+00	4.727247894442638199e+01
1.478914000000000062e+00	4.720846519491051652e+01
1.484749000000000096e+00	4.707241687243081429e+01
1.490591999999999917e+00	4.737874752425103964e+01
1.496488000000000040e+00	4.739223786414213890e+01
1.502428000000000097e+00	4.720358629948893991e+01
1.508397999999999906e+00	4.726535081623935497e+01
1.514380999999999977e+00	4.701980420491530310e+01
1.520361999999999991e+00	4.700190136127579166e+01
1.526329999999999965e+00	4.705314154509376579e+01
1.532284999999999897e+00	4.705326080837526348e+01
1.538232999999999961e+00	4.684895164948801494e+01
1.544175999999999993e+00	4.703978049439227505e+01
1.550119999999999942e+00	4.718875447958529890e+01
1.556068000000000007e+00	4.748442191695879444e+01
1.562019000000000046e+00	4.803262803569671746e+01
1.567971999999999921e+00	4.864708019278047857e+01
1.573925999999999936e+00	4.901005231879963731e+01
1.579879999999999951e+00	5.023679620260726608e+01
1.585833000000000048e+00	5.116272097398907448e+01
1.591785000000000005e+00	5.246470042951735024e+01
1.597736999999999963e+00	5.349235809793353269e+01
1.603688000000000002e+00	5.467522954838187843e+01
1.609639000000000042e+00	5.588110276234169760e+01
1.615590999999999999e+00	5.626511025298262325e+01
1.621542999999999957e+00	5.694714565779949567e+01
1.627494999999999914e+00	5.730886786926338772e+01
1.633447000000000093e+00	5.734625201051645149e+01
1.639399000000000051e+00	5.680173772839910384e+01
1.645350000000000090e+00	5.687879009339404490e+01
1.651302000000000048e+00	5.574052861449546725e+01
1.657253000000000087e+00	5.507645817467122384e+01
1.663205000000000044e+00	5.390176305600655127e+01
1.669157999999999920e+00	5.315554609636446770e+01
1.675111999999999934e+00	5.213243920446172552e+01
1.681065999999999949e+00	5.163272231532027945e+01
1.687019000000000046e+00	5.085309305302198624e+01
1.692971000000000004e+00	5.051002365079751399e+01
1.698919000000000068e+00	4.962315577491372665e+01
1.704863000000000017e+00	4.893302997045607583e+01
1.710806999999999967e+00	4.797968039065181500e+01
1.716752999999999973e+00	4.772710522569065716e+01
1.722706999999999988e+00	4.762352994815670826e+01
1.728671999999999986e+00	4.641482513634304041e+01
1.734652000000000083e+00	4.594836325634317120e+01
1.740636000000000072e+00	4.574390666826929674e+01
1.746609000000000078e+00	4.532441733978026832e+01
1.752555000000000085e+00	4.447913652127334672e+01
1.758458000000000077e+00	4.374883006556698462e+01
1.764308999999999905e+00	4.298537199649540952e+01
1.770140999999999964e+00	4.233161058840637736e+01
1.776011999999999924e+00	4.132290553498038577e+01
1.781979999999999897e+00	4.056778432230856879e+01
1.788105000000000055e+00	3.983634157822644539e+01
1.794426999999999994e+00	3.931763230499113604e+01
1.800829000000000013e+00	3.830821682567094655e+01
1.807091999999999921e+00	3.799369580105959443e+01
1.813002000000000002e+00	3.754562344962192100e+01
1.818338000000000010e+00	3.718592545174662689e+01
1.822912000000000088e+00	3.694485855388116846e+01
1.826850000000000085e+00	3.626285342996330030e+01
1.830492000000000008e+00	3.659513886054753584e+01
1.834179999999999922e+00	3.638088734241421918e+01
1.838259000000000087e+00	3.663211380461850553e+01
1.843048000000000020e+00	3.661275355440318435e+01
1.848562000000000038e+00	3.768592059550079654e+01
1.854589999999999961e+00	3.758593464876305035e+01
1.860913000000000039e+00	3.825534799664751517e+01
1.867313999999999918e+00	3.844933772847389264e+01
1.873583999999999916e+00	3.916316396500619845e+01
1.879660000000000108e+00	3.960497922345024335e+01
1.885596000000000050e+00	4.053801599450931548e+01
1.891450999999999993e+00	4.087449709184136992e+01
1.897281999999999913e+00	4.176843388165775650e+01
1.903146999999999922e+00	4.318263525051853691e+01
1.909062999999999954e+00	4.381560592569826440e+01
1.915018000000000109e+00	4.480267804768618589e+01
1.920995999999999926e+00	4.642767598580648070e+01
1.926979999999999915e+00	4.688709627219362375e+01
1.932955999999999896e+00	4.783076869560456146e+01
1.938917999999999919e+00	4.850975816165623655e+01
1.944868999999999959e+00	4.878398720915146214e+01
1.950814000000000048e+00	4.899688015332117175e+01
1.956757999999999997e+00	4.895635958082208816e+01
1.962703000000000086e+00	4.934910513541274923e+01
1.968652000000000069e+00	4.905805075728440556e+01
1.974604000000000026e+00	4.892960906948560762e+01
1.980558000000000041e+00	4.866209275153303793e+01
1.986512000000000056e+00	4.868253428627630797e+01
1.992466000000000070e+00	4.886197989017869503e+01
1.998418000000000028e+00	4.864885888071679432e+01
2.004370000000000207e+00	4.930860735022793051e+01
2.010321999999999942e+00	4.982874109620780700e+01
2.016272999999999982e+00	5.063043598631841036e+01
2.022224000000000022e+00	5.222412431065139060e+01
2.028176000000000201e+00	5.354214434073001883e+01
2.034127999999999936e+00	5.579600356948936479e+01
2.040080000000000116e+00	5.763257780872415736e+01
2.046031999999999851e+00	6.057884761343232327e+01
2.051984000000000030e+00	6.282525101278088897e+01
2.057935000000000070e+00	6.550507791679592628e+01
2.063886999999999805e+00	6.776318709826604447e+01
2.069837999999999845e+00	6.939779778127908116e+01
2.075791000000000164e+00	7.044500055310504649e+01
2.081744000000000039e+00	7.042060051426513212e+01
2.087698000000000054e+00	6.978867822481089433e+01
2.093652000000000069e+00	6.790883799559524903e+01
2.099604999999999944e+00	6.572509086332784989e+01
2.105554999999999843e+00	6.412455616989679186e+01
2.111501000000000072e+00	6.164319500878472979e+01
2.117445000000000022e+00	6.012248976264133660e+01
2.123388999999999971e+00	5.821956640104170333e+01
2.129338000000000175e+00	5.720849290285350008e+01
2.135295999999999861e+00	5.656898571394247455e+01
2.141268000000000171e+00	5.564681574724517787e+01
2.147250999999999799e+00	5.496596203327777630e+01
2.153232000000000035e+00	5.596313491741705803e+01
2.159196000000000115e+00	5.635402376007568392e+01
2.165125000000000188e+00	5.770102692455320437e+01
2.171006000000000213e+00	5.969692093275051548e+01
2.176841000000000026e+00	6.221533780698383964e+01
2.182682999999999929e+00	6.410756269250001083e+01
2.188588999999999896e+00	6.717370652916173412e+01
2.194618000000000180e+00	6.958330314127711347e+01
2.200828000000000007e+00	7.193682511316856676e+01
2.207209999999999894e+00	7.430995592122931725e+01
2.213579000000000185e+00	7.523888074197330411e+01
2.219714999999999883e+00	7.683369094037428226e+01
2.225403000000000020e+00	7.679583563259903656e+01
2.230423000000000044e+00	7.620608637685477049e+01
2.234681000000000139e+00	7.487569988696600376e+01
2.238447999999999993e+00	7.241198346691072629e+01
2.242068000000000172e+00	6.975173701915664992e+01
2.245884000000000214e+00	6.747115734127555697e+01
2.250237999999999960e+00	6.505640056191965925e+01
2.255365999999999982e+00	6.293928726919164518e+01
2.261130000000000084e+00	6.119404785656154644e+01
2.267313000000000134e+00	6.001645482388621389e+01
2.273696000000000161e+00	5.887637187286582474e+01
2.280063999999999869e+00	5.821982378726968932e+01
2.286243999999999943e+00	5.769728706145988184e+01
2.292251999999999956e+00	5.696006305805316572e+01
2.298146000000000022e+00	5.605507986800842701e+01
2.303983000000000114e+00	5.566087899368635306e+01
2.309822000000000042e+00	5.565585901996927021e+01
2.315710999999999853e+00	5.566116127007661873e+01
2.321645999999999876e+00	5.542953618734893695e+01
2.327612999999999932e+00	5.585283110515839411e+01
2.333594999999999864e+00	5.602637326736309120e+01
2.339576999999999796e+00	5.681723102556460958e+01
2.345546999999999827e+00	5.774570763050566313e+01
2.351503999999999817e+00	5.886882199647555325e+01
2.357451999999999881e+00	6.141037616334687499e+01
2.363395999999999830e+00	6.343566137479125899e+01
2.369339000000000084e+00	6.636267896336538286e+01
2.375286000000000008e+00	6.974374404564719043e+01
2.381237000000000048e+00	7.374771518634302936e+01
2.387189999999999923e+00	7.693394663180887960e+01
2.393143999999999938e+00	7.970246468293356656e+01
2.399097999999999953e+00	8.196384912623263119e+01
2.405050999999999828e+00	8.201285927405375276e+01
2.411004000000000147e+00	8.173391253760854624e+01
2.416955999999999882e+00	8.039279656178270272e+01
2.422906999999999922e+00	7.820020544663159967e+01
2.428857999999999961e+00	7.621500941730150203e+01
2.434809000000000001e+00	7.406301176511219353e+01
2.440760000000000041e+00	7.197083569118797186e+01
2.446712000000000220e+00	7.044594551198039767e+01
2.452663999999999955e+00	6.834146394175819239e+01
2.458616999999999830e+00	6.639873747130208415e+01
2.464570999999999845e+00	6.501882146046004607e+01
2.470524999999999860e+00	6.255645906599966821e+01
2.476478000000000179e+00	6.097222855313297174e+01
2.482429999999999914e+00	6.046797490291063326e+01
2.488377999999999979e+00	6.095397903749289981e+01
2.494323000000000068e+00	6.259476749684984753e+01
2.500265999999999877e+00	6.562427407565171222e+01
2.506212000000000106e+00	6.865658531849653912e+01
2.512164999999999981e+00	7.231596184089480062e+01
2.518129000000000062e+00	7.577288629617109450e+01
2.524108000000000018e+00	7.792122251438895830e+01
2.530091999999999786e+00	7.946203345882190661e+01
2.536067000000000071e+00	7.987865970098243906e+01
2.542015999999999831e+00	7.941222926500849155e+01
2.547924000000000078e+00	7.859782135353106014e+01
2.553779000000000021e+00	7.664543024463145571e+01
2.559610000000000163e+00	7.435603540972935832e+01
2.565475000000000172e+00	7.088900035361352536e+01
2.571432000000000162e+00	6.784390332948804314e+01
2.577539999999999942e+00	6.353535834160130946e+01
2.583845999999999865e+00	5.927706993100838417e+01
2.590249000000000024e+00	5.486627947091258051e+01
2.596534000000000120e+00	5.030915400587080200e+01
2.602485000000000159e+00	4.545791600893994655e+01
2.607883000000000173e+00	4.101168037492256246e+01
2.612527000000000044e+00	3.704112814232055939e+01
2.616509000000000196e+00	3.322127669541674067e+01
2.620163999999999938e+00	3.026025666528865798e+01
2.623834000000000000e+00	2.806171379954544776e+01
2.627863000000000060e+00	2.537606158262289924e+01
2.632579999999999920e+00	2.356516670266051960e+01
2.638037000000000187e+00	2.180210579579129870e+01
2.644026000000000209e+00	1.981695920074903938e+01
2.650332000000000132e+00	1.872279153777298077e+01
2.656734000000000151e+00	1.840337523807884068e+01
2.663022999999999918e+00	1.765269344845093613e+01
2.669115000000000126e+00	1.785502812207157675e+01
2.675060999999999911e+00	1.798600183232586147e+01
2.680919999999999970e+00	1.857889699968066566e+01
2.686751000000000111e+00	1.925976798969011483e+01
2.692610999999999866e+00	2.088653650300084763e+01
2.698523999999999923e+00	2.211240454641770725e+01
2.704476000000000102e+00	2.464926289202490040e+01
2.710452000000000083e+00	2.735674905318288808e+01
2.716435999999999851e+00	3.135751850827818998e+01
2.722412999999999972e+00	3.609788393240433635e+01
2.728375999999999912e+00	4.181051715238051969e+01
2.734328000000000092e+00	4.739556845370658777e+01
2.740273999999999877e+00	5.089175269511271438e+01
2.746217000000000130e+00	5.222355811619681276e+01
2.752162000000000219e+00	4.933890815892340953e+01
2.758110999999999979e+00	4.245724055670133623e+01
2.764063000000000159e+00	3.288921023735697702e+01
2.770016000000000034e+00	2.219091501333630845e+01
2.775971000000000188e+00	1.186092765532256443e+01
2.781924000000000063e+00	2.453610200774070549e+00
2.787876999999999938e+00	-3.447079860425777298e+00
2.793829000000000118e+00	-8.988254160179280916e+00
2.799780999999999853e+00	-1.227042186001218482e+01
2.805731999999999893e+00	-1.541518808302119581e+01
2.811682999999999932e+00	-1.794259544869323619e+01
2.817635000000000112e+00	-2.086087482495150880e+01
2.823586999999999847e+00	-2.286629230482710540e+01
2.829539000000000026e+00	-2.288465559728085097e+01
2.835491000000000206e+00	-2.166866413589987417e+01
2.841442999999999941e+00	-1.686300241309600523e+01
2.847395000000000120e+00	-8.671324801078041489e+00
2.853346999999999856e+00	9.397676859330428289e-01
2.859299000000000035e+00	1.026512285619183906e+01
2.865251000000000214e+00	1.907480914838203745e+01
2.871201999999999810e+00	2.462835672635834072e+01
2.877153999999999989e+00	2.661294805575054312e+01
2.883106000000000169e+00	2.600657890773176462e+01
2.889057999999999904e+00	2.324175917304056327e+01
2.895010000000000083e+00	1.894429676616777769e+01
2.900961999999999819e+00	1.529624072082286368e+01
2.906913999999999998e+00	1.223758780623517950e+01
2.912866000000000177e+00	1.011784072113721145e+01
2.918817999999999913e+00	8.754953033730163980e+00
2.924770000000000092e+00	8.440888787833726425e+00
2.930721000000000132e+00	9.107787135960228042e+00
2.936672999999999867e+00	1.033003872737122997e+01
2.942625000000000046e+00	1.330089781483692057e+01
2.948576999999999781e+00	1.630748762255491613e+01
2.954528999999999961e+00	1.990888402751465946e+01
2.960481000000000140e+00	2.430120562432559339e+01
2.966432999999999875e+00	2.871238328038204912e+01
2.972385000000000055e+00	3.283676834802925981e+01
2.978336999999999790e+00	3.636806327034545916e+01
2.984288999999999970e+00	3.939210188140853575e+01
2.990240000000000009e+00	4.091229027128471074e+01
2.996192000000000188e+00	4.098251656520008623e+01
3.002143999999999924e+00	3.852558506807740457e+01
3.008096000000000103e+00	3.487308447158401492e+01
3.014047999999999838e+00	2.881291300162759939e+01
3.020000000000000018e+00	1.827663883476408557e+01
