1.199999999999999956e-01	1.981989999999999919e+00
1.249780000000000058e-01	1.812556000000000056e+00
1.305999999999999939e-01	1.669979000000000102e+00
1.367059999999999942e-01	1.548265999999999920e+00
1.431360000000000132e-01	1.441422999999999899e+00
1.497320000000000040e-01	1.343458000000000041e+00
1.563350000000000017e-01	1.248377999999999988e+00
1.627850000000000130e-01	1.150187999999999988e+00
1.689219999999999888e-01	1.042896000000000045e+00
1.745889999999999942e-01	9.205090000000000217e-01
1.796250000000000069e-01	7.770329999999999737e-01
1.839349999999999874e-01	6.104859999999999731e-01
1.877439999999999942e-01	4.393489999999999895e-01
1.913779999999999926e-01	2.886099999999999777e-01
1.951660000000000061e-01	1.832610000000000072e-01
1.994340000000000002e-01	1.482950000000000101e-01
2.044499999999999929e-01	2.033320000000000127e-01
2.101250000000000062e-01	3.369840000000000058e-01
2.162479999999999958e-01	5.267650000000000388e-01
2.226049999999999973e-01	7.501740000000000075e-01
2.289819999999999911e-01	9.847080000000000277e-01
2.351930000000000132e-01	1.208636999999999961e+00
2.412249999999999950e-01	1.405264000000000069e+00
2.471349999999999936e-01	1.559919999999999973e+00
2.529799999999999827e-01	1.657937999999999912e+00
2.588170000000000193e-01	1.684652999999999956e+00
2.646970000000000156e-01	1.629111999999999894e+00
2.706259999999999777e-01	1.507957999999999910e+00
2.765880000000000005e-01	1.350278000000000089e+00
2.825679999999999858e-01	1.185218000000000105e+00
2.885510000000000019e-01	1.041924000000000072e+00
2.945229999999999793e-01	9.469699999999999784e-01
3.004809999999999981e-01	9.051040000000000196e-01
3.064310000000000089e-01	9.100660000000000416e-01
3.123750000000000138e-01	9.555120000000000280e-01
3.183190000000000186e-01	1.035098000000000074e+00
3.242650000000000254e-01	1.142350999999999894e+00
3.302149999999999808e-01	1.269532000000000105e+00
3.361680000000000224e-01	1.408192000000000110e+00
3.421210000000000084e-01	1.549871999999999916e+00
3.480759999999999965e-01	1.686115000000000030e+00
3.540289999999999826e-01	1.809244999999999992e+00
3.599809999999999954e-01	1.920368000000000075e+00
3.659330000000000083e-01	2.026102999999999987e+00
3.718839999999999923e-01	2.133151999999999937e+00
3.778360000000000052e-01	2.248219999999999885e+00
3.837869999999999893e-01	2.376831999999999834e+00
3.897390000000000021e-01	2.509205000000000130e+00
3.956910000000000149e-01	2.624845999999999790e+00
4.016429999999999723e-01	2.703043999999999780e+00
4.075949999999999851e-01	2.723088000000000175e+00
4.135469999999999979e-01	2.666682999999999915e+00
4.194979999999999820e-01	2.552293999999999841e+00
4.254499999999999948e-01	2.426985000000000170e+00
4.314009999999999789e-01	2.338570999999999955e+00
4.373540000000000205e-01	2.334870000000000001e+00
4.433079999999999798e-01	2.460748999999999853e+00
4.492619999999999947e-01	2.708112999999999992e+00
4.552160000000000095e-01	3.023060000000000080e+00
4.611680000000000224e-01	3.350173999999999985e+00
4.671170000000000044e-01	3.634041999999999994e+00
4.730619999999999825e-01	3.821455999999999964e+00
4.790059999999999873e-01	3.906518000000000157e+00
4.849510000000000209e-01	3.928806999999999938e+00
4.909020000000000050e-01	3.929736999999999814e+00
4.968629999999999991e-01	3.950727999999999795e+00
5.028390000000000359e-01	4.032096000000000124e+00
5.088230000000000253e-01	4.185604999999999798e+00
5.148009999999999531e-01	4.392520000000000202e+00
5.207570000000000254e-01	4.632619000000000042e+00
5.266750000000000043e-01	4.885678000000000409e+00
5.325410000000000421e-01	5.131752999999999787e+00
5.383719999999999617e-01	5.359863999999999962e+00
5.442249999999999588e-01	5.569669000000000203e+00
5.501580000000000359e-01	5.761447999999999681e+00
5.562289999999999734e-01	5.935476000000000418e+00
5.624930000000000208e-01	6.092172999999999838e+00
5.688929999999999820e-01	6.237600999999999729e+00
5.752220000000000111e-01	6.385273999999999894e+00
5.812610000000000277e-01	6.549217999999999762e+00
5.867949999999999555e-01	6.743458000000000396e+00
5.916080000000000227e-01	6.981678999999999746e+00
5.957040000000000113e-01	7.259917999999999871e+00
5.993990000000000151e-01	7.548288000000000331e+00
6.030370000000000452e-01	7.814832000000000001e+00
6.069609999999999728e-01	8.027590000000000003e+00
6.115110000000000268e-01	8.154994999999999550e+00
6.168270000000000142e-01	8.192669999999999675e+00
6.227219999999999978e-01	8.180723999999999663e+00
6.289789999999999548e-01	8.163380000000000081e+00
6.353790000000000271e-01	8.184863999999999251e+00
6.417070000000000274e-01	8.289096000000000686e+00
6.478369999999999962e-01	8.490389999999999660e+00
6.538089999999999735e-01	8.749026999999999887e+00
6.596819999999999906e-01	9.019536000000000442e+00
6.655140000000000500e-01	9.256444999999999368e+00
6.713630000000000431e-01	9.414452000000000709e+00
6.772660000000000347e-01	9.472462000000000160e+00
6.832110000000000127e-01	9.458747000000000682e+00
6.891829999999999901e-01	9.407595000000000596e+00
6.951669999999999794e-01	9.353291000000000466e+00
7.011469999999999647e-01	9.330066999999999666e+00
7.071119999999999628e-01	9.359208000000000638e+00
7.130670000000000064e-01	9.432446000000000552e+00
7.190130000000000132e-01	9.537413000000000807e+00
7.249569999999999625e-01	9.661739000000000743e+00
7.309010000000000229e-01	9.793063000000000073e+00
7.368489999999999762e-01	9.922822999999999283e+00
7.428000000000000158e-01	1.005218900000000026e+01
7.487530000000000019e-01	1.018385999999999925e+01
7.547080000000000455e-01	1.032053800000000088e+01
7.606619999999999493e-01	1.046492399999999989e+01
7.666140000000000176e-01	1.061916899999999941e+01
7.725670000000000037e-01	1.078384400000000021e+01
7.785180000000000433e-01	1.095923499999999962e+01
7.844689999999999719e-01	1.114562899999999956e+01
7.904210000000000402e-01	1.134331599999999973e+01
7.963729999999999976e-01	1.155547800000000080e+01
8.023249999999999549e-01	1.179467600000000083e+01
8.082770000000000232e-01	1.207536600000000071e+01
8.142289999999999806e-01	1.241200399999999959e+01
8.201800000000000201e-01	1.281904499999999913e+01
8.261319999999999775e-01	1.329592199999999913e+01
8.320830000000000171e-01	1.378718800000000044e+01
8.380349999999999744e-01	1.422487300000000054e+01
8.439870000000000427e-01	1.454100399999999915e+01
8.499400000000000288e-01	1.466760900000000056e+01
8.558940000000000436e-01	1.455932499999999941e+01
8.618479999999999475e-01	1.426399999999999935e+01
8.678010000000000446e-01	1.385350599999999943e+01
8.737519999999999731e-01	1.339971099999999993e+01
8.797000000000000375e-01	1.297448600000000063e+01
8.856439999999999868e-01	1.263370500000000085e+01
8.915870000000000184e-01	1.235877999999999943e+01
8.975349999999999717e-01	1.210946900000000070e+01
9.034900000000000153e-01	1.184552900000000086e+01
9.094569999999999599e-01	1.152671400000000013e+01
9.154379999999999740e-01	1.112353099999999984e+01
9.214210000000000456e-01	1.066303100000000015e+01
9.273909999999999654e-01	1.019079699999999988e+01
9.333329999999999682e-01	9.752423000000000286e+00
9.392300000000000093e-01	9.393501999999999796e+00
9.450749999999999984e-01	9.150826999999999600e+00
9.509090000000000042e-01	9.008775999999999229e+00
9.567890000000000006e-01	8.932408000000000570e+00
9.627750000000000474e-01	8.886751000000000289e+00
9.689229999999999787e-01	8.836833000000000382e+00
9.752680000000000238e-01	8.753045000000000186e+00
9.816639999999999810e-01	8.641994000000000398e+00
9.878930000000000211e-01	8.525277000000000882e+00
9.937399999999999567e-01	8.424538000000000082e+00
9.989850000000000119e-01	8.361423000000000272e+00
1.003457999999999961e+00	8.354960999999999416e+00
1.007338000000000067e+00	8.404092000000000340e+00
1.010966000000000031e+00	8.498442000000000718e+00
1.014685999999999977e+00	8.627584999999999837e+00
1.018841000000000108e+00	8.781095999999999790e+00
1.023735000000000062e+00	8.948831000000000202e+00
1.029328999999999938e+00	9.123143999999999920e+00
1.035408000000000106e+00	9.297675999999999163e+00
1.041754000000000069e+00	9.466082000000000107e+00
1.048148999999999997e+00	9.622016999999999598e+00
1.054391999999999996e+00	9.759907000000000110e+00
1.060446000000000000e+00	9.881949000000000538e+00
1.066368999999999900e+00	9.994837000000000415e+00
1.072216999999999976e+00	1.010532399999999953e+01
1.078049000000000035e+00	1.022015700000000038e+01
1.083920999999999912e+00	1.034503600000000034e+01
1.089842999999999895e+00	1.047341899999999981e+01
1.095801999999999943e+00	1.059086800000000039e+01
1.101780999999999899e+00	1.068281600000000076e+01
1.107765000000000111e+00	1.073469399999999929e+01
1.113739999999999952e+00	1.073366200000000070e+01
1.119699999999999918e+00	1.069025099999999995e+01
1.125650000000000039e+00	1.063177300000000081e+01
1.131594999999999906e+00	1.058591000000000015e+01
1.137537999999999938e+00	1.058034400000000019e+01
1.143483999999999945e+00	1.064152099999999912e+01
1.149432999999999927e+00	1.077635500000000057e+01
1.155386000000000024e+00	1.097614899999999949e+01
1.161338999999999899e+00	1.123177199999999942e+01
1.167294000000000054e+00	1.153409300000000037e+01
1.173246999999999929e+00	1.187410200000000060e+01
1.179200000000000026e+00	1.224507999999999974e+01
1.185151999999999983e+00	1.264234300000000033e+01
1.191103000000000023e+00	1.306127700000000047e+01
1.197054000000000062e+00	1.349726800000000004e+01
1.203006000000000020e+00	1.394584099999999971e+01
1.208957999999999977e+00	1.440566899999999961e+01
1.214909999999999934e+00	1.487852600000000081e+01
1.220861999999999892e+00	1.536631799999999970e+01
1.226814000000000071e+00	1.587095399999999934e+01
1.232765000000000111e+00	1.639409699999999859e+01
1.238717000000000068e+00	1.693078300000000169e+01
1.244668000000000108e+00	1.746877599999999831e+01
1.250620000000000065e+00	1.799547199999999947e+01
1.256572000000000022e+00	1.849826600000000099e+01
1.262526000000000037e+00	1.896459000000000117e+01
1.268480000000000052e+00	1.938321099999999930e+01
1.274434000000000067e+00	1.974452000000000140e+01
1.280386000000000024e+00	2.003900499999999951e+01
1.286335999999999924e+00	2.025715699999999941e+01
1.292281999999999931e+00	2.038992100000000107e+01
1.298224999999999962e+00	2.044780499999999890e+01
1.304170000000000051e+00	2.046783999999999892e+01
1.310119999999999951e+00	2.048894400000000005e+01
1.316079999999999917e+00	2.055003299999999911e+01
1.322052999999999923e+00	2.068978399999999951e+01
1.328036999999999912e+00	2.093328100000000092e+01
1.334017000000000008e+00	2.128510899999999850e+01
1.339976000000000056e+00	2.174815100000000001e+01
1.345900000000000096e+00	2.232529299999999850e+01
1.351774000000000031e+00	2.301911399999999830e+01
1.357607000000000008e+00	2.380913400000000024e+01
1.363453000000000026e+00	2.463611200000000068e+01
1.369372000000000034e+00	2.543708799999999925e+01
1.375421999999999922e+00	2.614910499999999871e+01
1.381658999999999970e+00	2.670956800000000086e+01
1.388052000000000064e+00	2.709489599999999854e+01
1.394403000000000059e+00	2.735469900000000010e+01
1.400492999999999988e+00	2.754664899999999861e+01
1.406104999999999938e+00	2.772841700000000031e+01
1.411021999999999998e+00	2.795750800000000069e+01
1.415195999999999898e+00	2.826435299999999984e+01
1.418924000000000074e+00	2.862261799999999923e+01
1.422549999999999981e+00	2.899881500000000045e+01
1.426417000000000046e+00	2.935945999999999856e+01
1.430868000000000029e+00	2.967111399999999932e+01
1.436091000000000006e+00	2.991299499999999867e+01
1.441923000000000066e+00	3.009403400000000062e+01
1.448144000000000098e+00	3.022742900000000077e+01
1.454538000000000109e+00	3.032637400000000127e+01
1.460887000000000047e+00	3.040405399999999858e+01
1.467041999999999957e+00	3.046800299999999950e+01
1.473030999999999979e+00	3.051086899999999957e+01
1.478914000000000062e+00	3.052287899999999965e+01
1.484749000000000096e+00	3.049425799999999853e+01
1.490591999999999917e+00	3.041523899999999969e+01
1.496488000000000040e+00	3.028811800000000076e+01
1.502428000000000097e+00	3.015091100000000068e+01
1.508397999999999906e+00	3.004822300000000013e+01
1.514380999999999977e+00	3.002465499999999921e+01
1.520361999999999991e+00	3.012480800000000158e+01
1.526329999999999965e+00	3.037837700000000041e+01
1.532284999999999897e+00	3.076531699999999958e+01
1.538232999999999961e+00	3.125521699999999825e+01
1.544175999999999993e+00	3.181766599999999912e+01
1.550119999999999942e+00	3.242225599999999730e+01
1.556068000000000007e+00	3.304154700000000133e+01
1.562019000000000046e+00	3.365929400000000271e+01
1.567971999999999921e+00	3.426188400000000200e+01
1.573925999999999936e+00	3.483570300000000231e+01
1.579879999999999951e+00	3.536713799999999708e+01
1.585833000000000048e+00	3.584068800000000010e+01
1.591785000000000005e+00	3.623282499999999828e+01
1.597736999999999963e+00	3.651788899999999671e+01
1.603688000000000002e+00	3.667022099999999796e+01
1.609639000000000042e+00	3.666416199999999748e+01
1.615590999999999999e+00	3.648308399999999807e+01
1.621542999999999957e+00	3.615371199999999874e+01
1.627494999999999914e+00	3.571576100000000054e+01
1.633447000000000093e+00	3.520895000000000152e+01
1.639399000000000051e+00	3.467299400000000276e+01
1.645350000000000090e+00	3.414363099999999918e+01
1.651302000000000048e+00	3.363499000000000194e+01
1.657253000000000087e+00	3.315391300000000285e+01
1.663205000000000044e+00	3.270723100000000017e+01
1.669157999999999920e+00	3.230178000000000083e+01
1.675111999999999934e+00	3.194390399999999985e+01
1.681065999999999949e+00	3.163694800000000029e+01
1.687019000000000046e+00	3.138311900000000065e+01
1.692971000000000004e+00	3.118461900000000142e+01
1.698919000000000068e+00	3.104365299999999905e+01
1.704863000000000017e+00	3.096149199999999979e+01
1.710806999999999967e+00	3.093290800000000118e+01
1.716752999999999973e+00	3.094990299999999905e+01
1.722706999999999988e+00	3.100447000000000131e+01
1.728671999999999986e+00	3.108859999999999957e+01
1.734652000000000083e+00	3.119131199999999993e+01
1.740636000000000072e+00	3.127799200000000113e+01
1.746609000000000078e+00	3.130276100000000028e+01
1.752555000000000085e+00	3.121966899999999967e+01
1.758458000000000077e+00	3.098276500000000055e+01
1.764308999999999905e+00	3.055383000000000138e+01
1.770140999999999964e+00	2.996481999999999957e+01
1.776011999999999924e+00	2.928510400000000047e+01
1.781979999999999897e+00	2.858439500000000066e+01
1.788105000000000055e+00	2.793241000000000085e+01
1.794426999999999994e+00	2.739301999999999992e+01
1.800829000000000013e+00	2.696912499999999824e+01
1.807091999999999921e+00	2.662736400000000003e+01
1.813002000000000002e+00	2.633389199999999875e+01
1.818338000000000010e+00	2.605486700000000155e+01
1.822912000000000088e+00	2.575918000000000063e+01
1.826850000000000085e+00	2.544872200000000007e+01
1.830492000000000008e+00	2.514725599999999872e+01
1.834179999999999922e+00	2.487893400000000099e+01
1.838259000000000087e+00	2.466790900000000164e+01
1.843048000000000020e+00	2.453655900000000045e+01
1.848562000000000038e+00	2.448231799999999936e+01
1.854589999999999961e+00	2.448422199999999904e+01
1.860913000000000039e+00	2.452087300000000170e+01
1.867313999999999918e+00	2.457087900000000147e+01
1.873583999999999916e+00	2.461300800000000066e+01
1.879660000000000108e+00	2.462872899999999987e+01
1.885596000000000050e+00	2.460173100000000090e+01
1.891450999999999993e+00	2.451576400000000078e+01
1.897281999999999913e+00	2.435458099999999959e+01
1.903146999999999922e+00	2.410395799999999866e+01
1.909062999999999954e+00	2.378932199999999852e+01
1.915018000000000109e+00	2.347225900000000109e+01
1.920995999999999926e+00	2.321567500000000095e+01
1.926979999999999915e+00	2.308247799999999827e+01
1.932955999999999896e+00	2.313348600000000133e+01
1.938917999999999919e+00	2.338029600000000130e+01
1.944868999999999959e+00	2.378463500000000153e+01
1.950814000000000048e+00	2.430600700000000103e+01
1.956757999999999997e+00	2.490391699999999986e+01
1.962703000000000086e+00	2.553842300000000165e+01
1.968652000000000069e+00	2.618554200000000165e+01
1.974604000000000026e+00	2.683925100000000086e+01
1.980558000000000041e+00	2.749448999999999899e+01
1.986512000000000056e+00	2.814619700000000080e+01
1.992466000000000070e+00	2.878995400000000160e+01
1.998418000000000028e+00	2.944447200000000109e+01
2.004370000000000207e+00	3.015740800000000021e+01
2.010321999999999942e+00	3.097824800000000067e+01
2.016272999999999982e+00	3.195647500000000107e+01
2.022224000000000022e+00	3.314169900000000268e+01
2.028176000000000201e+00	3.458923099999999806e+01
2.034127999999999936e+00	3.636231899999999939e+01
2.040080000000000116e+00	3.852479600000000204e+01
2.046031999999999851e+00	4.114049700000000342e+01
2.051984000000000030e+00	4.426962999999999937e+01
2.057935000000000070e+00	4.775474299999999772e+01
2.063886999999999805e+00	5.110101600000000133e+01
2.069837999999999845e+00	5.378460599999999658e+01
2.075791000000000164e+00	5.528167200000000037e+01
2.081744000000000039e+00	5.507308199999999943e+01
2.087698000000000054e+00	5.302597399999999794e+01
2.093652000000000069e+00	4.967485800000000040e+01
2.099604999999999944e+00	4.562050500000000142e+01
2.105554999999999843e+00	4.146368400000000065e+01
2.111501000000000072e+00	3.780318499999999915e+01
2.117445000000000022e+00	3.500418200000000013e+01
2.123388999999999971e+00	3.298126400000000302e+01
2.129338000000000175e+00	3.159768599999999950e+01
2.135295999999999861e+00	3.071670100000000048e+01
2.141268000000000171e+00	3.020193899999999942e+01
2.147250999999999799e+00	2.998518699999999981e+01
2.153232000000000035e+00	3.014523700000000161e+01
2.159196000000000115e+00	3.078001099999999823e+01
2.165125000000000188e+00	3.198742899999999878e+01
2.171006000000000213e+00	3.386513200000000268e+01
2.176841000000000026e+00	3.642277899999999846e+01
2.182682999999999929e+00	3.945743199999999717e+01
2.188588999999999896e+00	4.273467800000000238e+01
2.194618000000000180e+00	4.602010500000000093e+01
2.200828000000000007e+00	4.907933100000000337e+01
2.207209999999999894e+00	5.169844499999999954e+01
2.213579000000000185e+00	5.371906599999999798e+01
2.219714999999999883e+00	5.499213600000000213e+01
2.225403000000000020e+00	5.536859900000000323e+01
2.230423000000000044e+00	5.469946000000000197e+01
2.234681000000000139e+00	5.294383799999999951e+01
2.238447999999999993e+00	5.039076399999999722e+01
2.242068000000000172e+00	4.739197800000000171e+01
2.245884000000000214e+00	4.429922200000000032e+01
2.250237999999999960e+00	4.146422900000000311e+01
2.255365999999999982e+00	3.916622799999999671e+01
2.261130000000000084e+00	3.743510700000000213e+01
2.267313000000000134e+00	3.624719300000000288e+01
2.273696000000000161e+00	3.557881400000000127e+01
2.280063999999999869e+00	3.540629799999999960e+01
2.286243999999999943e+00	3.570427300000000059e+01
2.292251999999999956e+00	3.644077000000000055e+01
2.298146000000000022e+00	3.758222200000000157e+01
2.303983000000000114e+00	3.909505999999999659e+01
2.309822000000000042e+00	4.094571599999999734e+01
2.315710999999999853e+00	4.307985099999999790e+01
2.321645999999999876e+00	4.535213900000000109e+01
2.327612999999999932e+00	4.759234000000000009e+01
2.333594999999999864e+00	4.963021700000000180e+01
2.339576999999999796e+00	5.129552999999999940e+01
2.345546999999999827e+00	5.244059699999999680e+01
2.351503999999999817e+00	5.302934199999999976e+01
2.357451999999999881e+00	5.306014700000000062e+01
2.363395999999999830e+00	5.253140499999999946e+01
2.369339000000000084e+00	5.144150900000000348e+01
2.375286000000000008e+00	4.979227000000000203e+01
2.381237000000000048e+00	4.760463500000000181e+01
2.387189999999999923e+00	4.490619800000000339e+01
2.393143999999999938e+00	4.172456400000000087e+01
2.399097999999999953e+00	3.808733500000000305e+01
2.405050999999999828e+00	3.404686099999999982e+01
2.411004000000000147e+00	2.981237899999999996e+01
2.416955999999999882e+00	2.565441900000000075e+01
2.422906999999999922e+00	2.184365299999999976e+01
2.428857999999999961e+00	1.865075099999999964e+01
2.434809000000000001e+00	1.631430500000000094e+01
2.440760000000000041e+00	1.484188400000000030e+01
2.446712000000000220e+00	1.413983200000000018e+01
2.452663999999999955e+00	1.411406299999999980e+01
2.458616999999999830e+00	1.467049399999999970e+01
2.464570999999999845e+00	1.571416299999999922e+01
2.470524999999999860e+00	1.714291100000000156e+01
2.476478000000000179e+00	1.885105199999999925e+01
2.482429999999999914e+00	2.073287399999999892e+01
2.488377999999999979e+00	2.268266500000000008e+01
2.494323000000000068e+00	2.459669699999999892e+01
2.500265999999999877e+00	2.638986299999999829e+01
2.506212000000000106e+00	2.798725999999999914e+01
2.512164999999999981e+00	2.931409199999999871e+01
2.518129000000000062e+00	3.029555900000000079e+01
2.524108000000000018e+00	3.085783699999999996e+01
2.530091999999999786e+00	3.093759500000000173e+01
2.536067000000000071e+00	3.047792499999999905e+01
2.542015999999999831e+00	2.942200499999999863e+01
2.547924000000000078e+00	2.771301800000000171e+01
2.553779000000000021e+00	2.530396299999999954e+01
2.559610000000000163e+00	2.227076699999999931e+01
2.565475000000000172e+00	1.877305399999999835e+01
2.571432000000000162e+00	1.497205100000000044e+01
2.577539999999999942e+00	1.102898700000000076e+01
2.583845999999999865e+00	7.106456999999999802e+00
2.590249000000000024e+00	3.387019000000000002e+00
2.596534000000000120e+00	6.835800000000000209e-02
2.602485000000000159e+00	-2.651466999999999796e+00
2.607883000000000173e+00	-4.574397000000000268e+00
2.612527000000000044e+00	-5.513522000000000034e+00
2.616509000000000196e+00	-5.473775999999999975e+00
2.620163999999999938e+00	-4.621701999999999977e+00
2.623834000000000000e+00	-3.128890999999999867e+00
2.627863000000000060e+00	-1.166933999999999916e+00
2.632579999999999920e+00	1.086627999999999927e+00
2.638037000000000187e+00	3.332371999999999890e+00
2.644026000000000209e+00	5.156760000000000232e+00
2.650332000000000132e+00	6.141863999999999990e+00
2.656734000000000151e+00	5.869754999999999612e+00
2.663022999999999918e+00	3.941043000000000074e+00
2.669115000000000126e+00	4.147179999999999755e-01
2.675060999999999911e+00	-4.173375000000000057e+00
2.680919999999999970e+00	-9.265152999999999750e+00
2.686751000000000111e+00	-1.430253000000000085e+01
2.692610999999999866e+00	-1.873106100000000040e+01
2.698523999999999923e+00	-2.210668199999999928e+01
2.704476000000000102e+00	-2.411294200000000032e+01
2.710452000000000083e+00	-2.444049499999999853e+01
2.716435999999999851e+00	-2.277999700000000161e+01
2.722412999999999972e+00	-1.884115299999999849e+01
2.728375999999999912e+00	-1.305674400000000013e+01
2.734328000000000092e+00	-6.788929000000000435e+00
2.740273999999999877e+00	-1.460989000000000093e+00
2.746217000000000130e+00	1.503794000000000075e+00
2.752162000000000219e+00	7.062770000000000437e-01
2.758110999999999979e+00	-4.076348999999999556e+00
2.764063000000000159e+00	-1.138480299999999978e+01
2.770016000000000034e+00	-1.963043700000000058e+01
2.775971000000000188e+00	-2.722460600000000142e+01
2.781924000000000063e+00	-3.258963599999999872e+01
2.787876999999999938e+00	-3.485671599999999870e+01
2.793829000000000118e+00	-3.428586299999999909e+01
2.799780999999999853e+00	-3.123780199999999851e+01
2.805731999999999893e+00	-2.607325700000000168e+01
2.811682999999999932e+00	-1.915552699999999930e+01
2.817635000000000112e+00	-1.107776899999999998e+01
2.823586999999999847e+00	-2.841299999999999937e+00
2.829539000000000026e+00	4.510601999999999556e+00
2.835491000000000206e+00	9.934659999999999158e+00
2.841442999999999941e+00	1.239221200000000067e+01
2.847395000000000120e+00	1.144747699999999924e+01
2.853346999999999856e+00	7.860214000000000034e+00
2.859299000000000035e+00	2.531045999999999907e+00
2.865251000000000214e+00	-3.639403999999999861e+00
2.871201999999999810e+00	-9.751272000000000162e+00
2.877153999999999989e+00	-1.506138900000000014e+01
2.883106000000000169e+00	-1.917422200000000032e+01
2.889057999999999904e+00	-2.174097199999999930e+01
2.895010000000000083e+00	-2.241283900000000173e+01
2.900961999999999819e+00	-2.084184899999999985e+01
2.906913999999999998e+00	-1.698369900000000143e+01
2.912866000000000177e+00	-1.154925899999999928e+01
2.918817999999999913e+00	-5.364810000000000301e+00
2.924770000000000092e+00	7.433670000000000000e-01
2.930721000000000132e+00	5.949319000000000024e+00
2.936672999999999867e+00	9.684469999999999246e+00
2.942625000000000046e+00	1.209917899999999946e+01
2.948576999999999781e+00	1.346835599999999999e+01
2.954528999999999961e+00	1.406691299999999956e+01
2.960481000000000140e+00	1.416974500000000070e+01
2.966432999999999875e+00	1.400548900000000074e+01
2.972385000000000055e+00	1.365737299999999976e+01
2.978336999999999790e+00	1.318012500000000031e+01
2.984288999999999970e+00	1.262847499999999989e+01
2.990240000000000009e+00	1.205714799999999975e+01
2.996192000000000188e+00	1.152087399999999917e+01
3.002143999999999924e+00	1.107437999999999967e+01
3.008096000000000103e+00	1.077239499999999950e+01
3.014047999999999838e+00	1.066964600000000019e+01
3.020000000000000018e+00	1.082086100000000073e+01
