1.199999999999999956e-01	5.095520471506840288e+00
1.249780000000000058e-01	3.443302552290653296e+00
1.305999999999999939e-01	1.991255113198882487e+00
1.367059999999999942e-01	1.156220721695352838e+00
1.431360000000000132e-01	5.006607149828767866e-01
1.497320000000000040e-01	2.673676246915046573e-01
1.563350000000000017e-01	2.274321592768045741e-01
1.627850000000000130e-01	2.011202358580401195e-01
1.689219999999999888e-01	3.829351615641768958e-01
1.745889999999999942e-01	5.157982992416483281e-01
1.796250000000000069e-01	9.782516497762228092e-01
1.839349999999999874e-01	1.091825658870272608e+00
1.877439999999999942e-01	1.280718286268714756e+00
1.913779999999999926e-01	1.525823442075193714e+00
1.951660000000000061e-01	1.438940466492383718e+00
1.994340000000000002e-01	1.523565540223011272e+00
2.044499999999999929e-01	1.497945357054546234e+00
2.101250000000000062e-01	1.564052479505039228e+00
2.162479999999999958e-01	1.700508299943481294e+00
2.226049999999999973e-01	1.494905540274760636e+00
2.289819999999999911e-01	1.470173823149871328e+00
2.351930000000000132e-01	1.471182565840158274e+00
2.412249999999999950e-01	1.609041902371045385e+00
2.471349999999999936e-01	1.852472773484364010e+00
2.529799999999999827e-01	1.925950906680926833e+00
2.588170000000000193e-01	1.943604141874426983e+00
2.646970000000000156e-01	1.972218990790604920e+00
2.706259999999999777e-01	1.895024487379108669e+00
2.765880000000000005e-01	1.559267026913681464e+00
2.825679999999999858e-01	1.548122438970682913e+00
2.885510000000000019e-01	1.570134237377119435e+00
2.945229999999999793e-01	1.667016885026083806e+00
3.004809999999999981e-01	1.930574712127210546e+00
3.064310000000000089e-01	1.987565809814207274e+00
3.123750000000000138e-01	2.016643461336847132e+00
3.183190000000000186e-01	2.282191012156137955e+00
3.242650000000000254e-01	2.672005563160247288e+00
3.302149999999999808e-01	2.810840212082750256e+00
3.361680000000000224e-01	2.782246264838502903e+00
3.421210000000000084e-01	3.021185458164539650e+00
3.480759999999999965e-01	3.073458062778840372e+00
3.540289999999999826e-01	2.975459437781484251e+00
3.599809999999999954e-01	2.879058266867990934e+00
3.659330000000000083e-01	2.640462671340632284e+00
3.718839999999999923e-01	2.597252281305256094e+00
3.778360000000000052e-01	2.295172151602109523e+00
3.837869999999999893e-01	2.267252870669436593e+00
3.897390000000000021e-01	2.304165851021523270e+00
3.956910000000000149e-01	2.394132659627418391e+00
4.016429999999999723e-01	2.415140712499773912e+00
4.075949999999999851e-01	2.183747558025471491e+00
4.135469999999999979e-01	2.453263832650120602e+00
4.194979999999999820e-01	2.741726013629849135e+00
4.254499999999999948e-01	2.965642634742454042e+00
4.314009999999999789e-01	2.989973839197764605e+00
4.373540000000000205e-01	3.081906334817070103e+00
4.433079999999999798e-01	3.058024643971167134e+00
4.492619999999999947e-01	2.870405509130727673e+00
4.552160000000000095e-01	2.812518973479653184e+00
4.611680000000000224e-01	2.766560527002718928e+00
4.671170000000000044e-01	2.692116234066162850e+00
4.730619999999999825e-01	2.839091412761093558e+00
4.790059999999999873e-01	2.926404796312543244e+00
4.849510000000000209e-01	2.745103200920436137e+00
4.909020000000000050e-01	3.059362454479542137e+00
4.968629999999999991e-01	3.163573392607251122e+00
5.028390000000000359e-01	3.308763273464093491e+00
5.088230000000000253e-01	3.345518612500774314e+00
5.148009999999999531e-01	3.285490216336403257e+00
5.207570000000000254e-01	3.283979451587324405e+00
5.266750000000000043e-01	3.306203182401939333e+00
5.325410000000000421e-01	3.407780808877327150e+00
5.383719999999999617e-01	3.528528302127747374e+00
5.442249999999999588e-01	3.625412263318677386e+00
5.501580000000000359e-01	4.120677623350094798e+00
5.562289999999999734e-01	4.175656905469944391e+00
5.624930000000000208e-01	4.139003686701250295e+00
5.688929999999999820e-01	4.305364941713287763e+00
5.752220000000000111e-01	4.157645892986536751e+00
5.812610000000000277e-01	3.820787245974075930e+00
5.867949999999999555e-01	3.724103444629287107e+00
5.916080000000000227e-01	3.530030085372983351e+00
5.957040000000000113e-01	3.415457120637446220e+00
5.993990000000000151e-01	3.684830019190820316e+00
6.030370000000000452e-01	3.605481833434605932e+00
6.069609999999999728e-01	3.398804606941278728e+00
6.115110000000000268e-01	3.597104137498254861e+00
6.168270000000000142e-01	3.599688876205599630e+00
6.227219999999999978e-01	3.801894051814376230e+00
6.289789999999999548e-01	3.829194964146437119e+00
6.353790000000000271e-01	4.067020496877269409e+00
6.417070000000000274e-01	4.078023452362546486e+00
6.478369999999999962e-01	3.960004428831674694e+00
6.538089999999999735e-01	4.097265349054517003e+00
6.596819999999999906e-01	3.933971321670386878e+00
6.655140000000000500e-01	3.724543256689778481e+00
6.713630000000000431e-01	4.010162099399895652e+00
6.772660000000000347e-01	3.706138071844050419e+00
6.832110000000000127e-01	3.387086648569617164e+00
6.891829999999999901e-01	3.700005295277913664e+00
6.951669999999999794e-01	3.841673438022865650e+00
7.011469999999999647e-01	3.662747686254992363e+00
7.071119999999999628e-01	3.902895316707823969e+00
7.130670000000000064e-01	4.127784055121360041e+00
7.190130000000000132e-01	4.341622593893843529e+00
7.249569999999999625e-01	4.406536529644355049e+00
7.309010000000000229e-01	4.579810634115899504e+00
7.368489999999999762e-01	4.928162825136947589e+00
7.428000000000000158e-01	4.797421171202369550e+00
7.487530000000000019e-01	4.623500690702914362e+00
7.547080000000000455e-01	4.888140459808197669e+00
7.606619999999999493e-01	4.859575373332511106e+00
7.666140000000000176e-01	4.709175242669314976e+00
7.725670000000000037e-01	4.532509553027206373e+00
7.785180000000000433e-01	4.457909547058663158e+00
7.844689999999999719e-01	4.166721891236902842e+00
7.904210000000000402e-01	4.349617656186543613e+00
7.963729999999999976e-01	4.365843183887805345e+00
8.023249999999999549e-01	4.841377944769760688e+00
8.082770000000000232e-01	4.967883907385665765e+00
8.142289999999999806e-01	5.285762109741200199e+00
8.201800000000000201e-01	5.740792424227611157e+00
8.261319999999999775e-01	6.068393997300910669e+00
8.320830000000000171e-01	6.060059419114958601e+00
8.380349999999999744e-01	6.117719710061892080e+00
8.439870000000000427e-01	6.060242993843750980e+00
8.499400000000000288e-01	6.044753788450923260e+00
8.558940000000000436e-01	5.848870273304697776e+00
8.618479999999999475e-01	5.797392700063412896e+00
8.678010000000000446e-01	5.607844242711084171e+00
8.737519999999999731e-01	5.388877655736250993e+00
8.797000000000000375e-01	5.537768167212742121e+00
8.856439999999999868e-01	5.464572782498140491e+00
8.915870000000000184e-01	5.466387593232939324e+00
8.975349999999999717e-01	5.601229400554866622e+00
9.034900000000000153e-01	5.461709145376287822e+00
9.094569999999999599e-01	5.515968454042856628e+00
9.154379999999999740e-01	5.391534071835980768e+00
9.214210000000000456e-01	5.455166957158118279e+00
9.273909999999999654e-01	5.275216741230299711e+00
9.333329999999999682e-01	5.100018083319641349e+00
9.392300000000000093e-01	5.043776942240023153e+00
9.450749999999999984e-01	4.935653994330936989e+00
9.509090000000000042e-01	5.015364108034256141e+00
9.567890000000000006e-01	5.132473414952935187e+00
9.627750000000000474e-01	5.152476284613854318e+00
9.689229999999999787e-01	5.389444067339913325e+00
9.752680000000000238e-01	5.335366564263194000e+00
9.816639999999999810e-01	5.489048762539462167e+00
9.878930000000000211e-01	5.690310559879195651e+00
9.937399999999999567e-01	6.004945343006578895e+00
9.989850000000000119e-01	6.434216704590178360e+00
1.003457999999999961e+00	6.612459095519991337e+00
1.007338000000000067e+00	6.777700109257896344e+00
1.010966000000000031e+00	7.113279008405267057e+00
1.014685999999999977e+00	7.300756770538987084e+00
1.018841000000000108e+00	7.514390874102385709e+00
1.023735000000000062e+00	7.449308913909473695e+00
1.029328999999999938e+00	7.296293519171127784e+00
1.035408000000000106e+00	7.190289578440882678e+00
1.041754000000000069e+00	7.033791976264160972e+00
1.048148999999999997e+00	6.737243037986970329e+00
1.054391999999999996e+00	6.606123863695811060e+00
1.060446000000000000e+00	6.604082642372690160e+00
1.066368999999999900e+00	6.822662774403488228e+00
1.072216999999999976e+00	6.784968251314598575e+00
1.078049000000000035e+00	6.892626381275433367e+00
1.083920999999999912e+00	6.815351543382816679e+00
1.089842999999999895e+00	6.616827394202578816e+00
1.095801999999999943e+00	6.567957643470305307e+00
1.101780999999999899e+00	6.653116196221225742e+00
1.107765000000000111e+00	6.459042722087729338e+00
1.113739999999999952e+00	6.131681261815845829e+00
1.119699999999999918e+00	6.425266360004727950e+00
1.125650000000000039e+00	6.219090372414698642e+00
1.131594999999999906e+00	6.564795846450452999e+00
1.137537999999999938e+00	6.523950453654985715e+00
1.143483999999999945e+00	6.301982147834647385e+00
1.149432999999999927e+00	6.243707090050901520e+00
1.155386000000000024e+00	6.224208780852665157e+00
1.161338999999999899e+00	6.149579120580008329e+00
1.167294000000000054e+00	6.229774785332343079e+00
1.173246999999999929e+00	6.233083517986012900e+00
1.179200000000000026e+00	6.594873275875603902e+00
1.185151999999999983e+00	6.704031724308296525e+00
1.191103000000000023e+00	7.098875687695958447e+00
1.197054000000000062e+00	7.297276899339443901e+00
1.203006000000000020e+00	7.373367321752161807e+00
1.208957999999999977e+00	7.316446098681002042e+00
1.214909999999999934e+00	7.337180415328991678e+00
1.220861999999999892e+00	7.237272588969075215e+00
1.226814000000000071e+00	7.474746904644002932e+00
1.232765000000000111e+00	7.419989229447248924e+00
1.238717000000000068e+00	7.268212109595397763e+00
1.244668000000000108e+00	7.435868374165876205e+00
1.250620000000000065e+00	7.703059656967850444e+00
1.256572000000000022e+00	7.821861353591276433e+00
1.262526000000000037e+00	7.774495875171065329e+00
1.268480000000000052e+00	7.813612622105147842e+00
1.274434000000000067e+00	7.685538010353952565e+00
1.280386000000000024e+00	7.297537590695946541e+00
1.286335999999999924e+00	7.040361018203246779e+00
1.292281999999999931e+00	6.889497044152326666e+00
1.298224999999999962e+00	6.902578866342672370e+00
1.304170000000000051e+00	6.710090974197766123e+00
1.310119999999999951e+00	6.676265365113307482e+00
1.316079999999999917e+00	6.692976594448038163e+00
1.322052999999999923e+00	6.828069701104302780e+00
1.328036999999999912e+00	7.152182898022524604e+00
1.334017000000000008e+00	7.315708382755893524e+00
1.339976000000000056e+00	7.773571930046955458e+00
1.345900000000000096e+00	7.896681669574407536e+00
1.351774000000000031e+00	8.209916734290734652e+00
1.357607000000000008e+00	8.427693982604601786e+00
1.363453000000000026e+00	8.743586167347288551e+00
1.369372000000000034e+00	9.071880806140084630e+00
1.375421999999999922e+00	9.171739822573300671e+00
1.381658999999999970e+00	9.367610629946444334e+00
1.388052000000000064e+00	9.482760705909377918e+00
1.394403000000000059e+00	9.718072675179545428e+00
1.400492999999999988e+00	9.881236287818758512e+00
1.406104999999999938e+00	9.868485949618159836e+00
1.411021999999999998e+00	1.000291228208189054e+01
1.415195999999999898e+00	1.001391349082366666e+01
1.418924000000000074e+00	1.018999647343691350e+01
1.422549999999999981e+00	9.972395140596782781e+00
1.426417000000000046e+00	9.729025959568355475e+00
1.430868000000000029e+00	9.800921495482159074e+00
1.436091000000000006e+00	9.598435108393072568e+00
1.441923000000000066e+00	9.691307125438365588e+00
1.448144000000000098e+00	9.588610959258593525e+00
1.454538000000000109e+00	9.734618109444653555e+00
1.460887000000000047e+00	9.485887671382620567e+00
1.467041999999999957e+00	9.489052985127136353e+00
1.473030999999999979e+00	9.450655008902037579e+00
1.478914000000000062e+00	9.299019315840920896e+00
1.484749000000000096e+00	9.137782053299371654e+00
1.490591999999999917e+00	9.029333705548301836e+00
1.496488000000000040e+00	8.650718004062152744e+00
1.502428000000000097e+00	8.679049278982162718e+00
1.508397999999999906e+00	8.426784038067095750e+00
1.514380999999999977e+00	8.332245347077556374e+00
1.520361999999999991e+00	8.606638673778402193e+00
1.526329999999999965e+00	8.739366387203608255e+00
1.532284999999999897e+00	8.842309069001430544e+00
1.538232999999999961e+00	9.204848038807318389e+00
1.544175999999999993e+00	9.722844249333862265e+00
1.550119999999999942e+00	1.017862051629166942e+01
1.556068000000000007e+00	1.040983430754649852e+01
1.562019000000000046e+00	1.066659466890440910e+01
1.567971999999999921e+00	1.096828217497065161e+01
1.573925999999999936e+00	1.143369659106963709e+01
1.579879999999999951e+00	1.153260485417759185e+01
1.585833000000000048e+00	1.154461938487354189e+01
1.591785000000000005e+00	1.138519580882736904e+01
1.597736999999999963e+00	1.129730801970609910e+01
1.603688000000000002e+00	1.113481000295414880e+01
1.609639000000000042e+00	1.119821817489706817e+01
1.615590999999999999e+00	1.099360685161904172e+01
1.621542999999999957e+00	1.100022440753476083e+01
1.627494999999999914e+00	1.113897870426698766e+01
1.633447000000000093e+00	1.112778575626012945e+01
1.639399000000000051e+00	1.136824306796300910e+01
1.645350000000000090e+00	1.162373917411881052e+01
1.651302000000000048e+00	1.189953530214975608e+01
1.657253000000000087e+00	1.192418188496769105e+01
1.663205000000000044e+00	1.254321930399194152e+01
1.669157999999999920e+00	1.262851697415671559e+01
1.675111999999999934e+00	1.295071463654545596e+01
1.681065999999999949e+00	1.312463420493443422e+01
1.687019000000000046e+00	1.311682172193252072e+01
1.692971000000000004e+00	1.285720080398487930e+01
1.698919000000000068e+00	1.294427176303959648e+01
1.704863000000000017e+00	1.296358132939209717e+01
1.710806999999999967e+00	1.246888288993558369e+01
1.716752999999999973e+00	1.229287938202881314e+01
1.722706999999999988e+00	1.184183409760155392e+01
1.728671999999999986e+00	1.165896255249951530e+01
1.734652000000000083e+00	1.119214693570657815e+01
1.740636000000000072e+00	1.084782346342412751e+01
1.746609000000000078e+00	1.066219015957105398e+01
1.752555000000000085e+00	1.055455341953041781e+01
1.758458000000000077e+00	1.059795583134992825e+01
1.764308999999999905e+00	1.070814618429941767e+01
1.770140999999999964e+00	1.124125586677217470e+01
1.776011999999999924e+00	1.149279184151020239e+01
1.781979999999999897e+00	1.209459444328162547e+01
1.788105000000000055e+00	1.276989764774536340e+01
1.794426999999999994e+00	1.310183175696486479e+01
1.800829000000000013e+00	1.369627782641772207e+01
1.807091999999999921e+00	1.406842855839473394e+01
1.813002000000000002e+00	1.462082494550621803e+01
1.818338000000000010e+00	1.495245712258627790e+01
1.822912000000000088e+00	1.550421650285700537e+01
1.826850000000000085e+00	1.581964781339125459e+01
1.830492000000000008e+00	1.608907878949188230e+01
1.834179999999999922e+00	1.652738993076181373e+01
1.838259000000000087e+00	1.654864888521576560e+01
1.843048000000000020e+00	1.649051710456939901e+01
1.848562000000000038e+00	1.613757942709420590e+01
1.854589999999999961e+00	1.584060913628263378e+01
1.860913000000000039e+00	1.558040150653236999e+01
1.867313999999999918e+00	1.472342535011947717e+01
1.873583999999999916e+00	1.432230657403071739e+01
1.879660000000000108e+00	1.396236306188089316e+01
1.885596000000000050e+00	1.325027240968405629e+01
1.891450999999999993e+00	1.286790334160973792e+01
1.897281999999999913e+00	1.236519322067806748e+01
1.903146999999999922e+00	1.186412273787247251e+01
1.909062999999999954e+00	1.149105447815733783e+01
1.915018000000000109e+00	1.119235693375149587e+01
1.920995999999999926e+00	1.101761562224423052e+01
1.926979999999999915e+00	1.065368524859316857e+01
1.932955999999999896e+00	1.050733439918057321e+01
1.938917999999999919e+00	1.048049916646824897e+01
1.944868999999999959e+00	1.061417872537946394e+01
1.950814000000000048e+00	1.028109371183844800e+01
1.956757999999999997e+00	1.047354718194394252e+01
1.962703000000000086e+00	1.031043181306101530e+01
1.968652000000000069e+00	1.032354350276862753e+01
1.974604000000000026e+00	1.024149010978578822e+01
1.980558000000000041e+00	1.032673612094170679e+01
1.986512000000000056e+00	1.007280915495589824e+01
1.992466000000000070e+00	1.047682122726689080e+01
1.998418000000000028e+00	1.067836422194059764e+01
2.004370000000000207e+00	1.083016601126979417e+01
2.010321999999999942e+00	1.120245152135719913e+01
2.016272999999999982e+00	1.148664474839730154e+01
2.022224000000000022e+00	1.201929015135006651e+01
2.028176000000000201e+00	1.262602934691198797e+01
2.034127999999999936e+00	1.311672524808656526e+01
2.040080000000000116e+00	1.372742916643605149e+01
2.046031999999999851e+00	1.430545053454808624e+01
2.051984000000000030e+00	1.485184479490016152e+01
2.057935000000000070e+00	1.527412434334075186e+01
2.063886999999999805e+00	1.560759300553425888e+01
2.069837999999999845e+00	1.568942811151558914e+01
2.075791000000000164e+00	1.585367889007675224e+01
2.081744000000000039e+00	1.609955158168325084e+01
2.087698000000000054e+00	1.577692397643363442e+01
2.093652000000000069e+00	1.570064022259073866e+01
2.099604999999999944e+00	1.553720235001171446e+01
2.105554999999999843e+00	1.555922395426621563e+01
2.111501000000000072e+00	1.547701054574694801e+01
2.117445000000000022e+00	1.567047285554222924e+01
2.123388999999999971e+00	1.612666129584411578e+01
2.129338000000000175e+00	1.606464225187174577e+01
2.135295999999999861e+00	1.633594839711216551e+01
2.141268000000000171e+00	1.601555467767483876e+01
2.147250999999999799e+00	1.575291789816815502e+01
2.153232000000000035e+00	1.537015103176790731e+01
2.159196000000000115e+00	1.486078347083465268e+01
2.165125000000000188e+00	1.447367424617025655e+01
2.171006000000000213e+00	1.428795128568226680e+01
2.176841000000000026e+00	1.431166008046923643e+01
2.182682999999999929e+00	1.420186971715998148e+01
2.188588999999999896e+00	1.470307426525907601e+01
2.194618000000000180e+00	1.480004833328485248e+01
2.200828000000000007e+00	1.503423422081746175e+01
2.207209999999999894e+00	1.513001672177530210e+01
2.213579000000000185e+00	1.516491498054672782e+01
2.219714999999999883e+00	1.515986406767012795e+01
2.225403000000000020e+00	1.563502162476578583e+01
2.230423000000000044e+00	1.634561415227833336e+01
2.234681000000000139e+00	1.748031701888822553e+01
2.238447999999999993e+00	1.891223947110280079e+01
2.242068000000000172e+00	2.008876595402483645e+01
2.245884000000000214e+00	2.191368665523348724e+01
2.250237999999999960e+00	2.339659480264196389e+01
2.255365999999999982e+00	2.445943682217988169e+01
2.261130000000000084e+00	2.547429014360042743e+01
2.267313000000000134e+00	2.603831985231993329e+01
2.273696000000000161e+00	2.623845627395177260e+01
2.280063999999999869e+00	2.590473057497194276e+01
2.286243999999999943e+00	2.540533639297033375e+01
2.292251999999999956e+00	2.452016850964188066e+01
2.298146000000000022e+00	2.323588471969412339e+01
2.303983000000000114e+00	2.204283596385493382e+01
2.309822000000000042e+00	2.055671541205235187e+01
2.315710999999999853e+00	1.866346499917403889e+01
2.321645999999999876e+00	1.671835216538901392e+01
2.327612999999999932e+00	1.502783974418622037e+01
2.333594999999999864e+00	1.335896310672429621e+01
2.339576999999999796e+00	1.174801899649934001e+01
2.345546999999999827e+00	1.043648855211008630e+01
2.351503999999999817e+00	9.415398082996423668e+00
2.357451999999999881e+00	8.353962151766205935e+00
2.363395999999999830e+00	7.632179363391426996e+00
2.369339000000000084e+00	7.331221730805863146e+00
2.375286000000000008e+00	7.166968494151080726e+00
2.381237000000000048e+00	7.153981933062136811e+00
2.387189999999999923e+00	7.191271744047761594e+00
2.393143999999999938e+00	7.582341378549645405e+00
2.399097999999999953e+00	8.176805324307325762e+00
2.405050999999999828e+00	8.590855256578004528e+00
2.411004000000000147e+00	9.055732293673365518e+00
2.416955999999999882e+00	1.017713479341770721e+01
2.422906999999999922e+00	1.117271188121542203e+01
2.428857999999999961e+00	1.226675568142429640e+01
2.434809000000000001e+00	1.350921848964570415e+01
2.440760000000000041e+00	1.519214036899309228e+01
2.446712000000000220e+00	1.658257218650630804e+01
2.452663999999999955e+00	1.792556623891594825e+01
2.458616999999999830e+00	1.943327087180299273e+01
2.464570999999999845e+00	2.015569414697996464e+01
2.470524999999999860e+00	2.085529214211332416e+01
2.476478000000000179e+00	2.091937763439454656e+01
2.482429999999999914e+00	2.071024745981880955e+01
2.488377999999999979e+00	2.017570568746726423e+01
2.494323000000000068e+00	1.953844521006037027e+01
2.500265999999999877e+00	1.848380256126928955e+01
2.506212000000000106e+00	1.693527366777595589e+01
2.512164999999999981e+00	1.562033324512939103e+01
2.518129000000000062e+00	1.412376182886279885e+01
2.524108000000000018e+00	1.269769937684166017e+01
2.530091999999999786e+00	1.121602216131616458e+01
2.536067000000000071e+00	9.640025777549967145e+00
2.542015999999999831e+00	8.384277263232501554e+00
2.547924000000000078e+00	6.818962781779439375e+00
2.553779000000000021e+00	5.500245159352914470e+00
2.559610000000000163e+00	4.366976824317420736e+00
2.565475000000000172e+00	3.327284874968512884e+00
2.571432000000000162e+00	2.417205570410353666e+00
2.577539999999999942e+00	2.125657710057029970e+00
2.583845999999999865e+00	2.080372844371481733e+00
2.590249000000000024e+00	2.510528457609986663e+00
2.596534000000000120e+00	3.535161766234289793e+00
2.602485000000000159e+00	5.532349482773665450e+00
2.607883000000000173e+00	8.339827398925658386e+00
2.612527000000000044e+00	1.250915381939680948e+01
2.616509000000000196e+00	1.756540056113481540e+01
2.620163999999999938e+00	2.218101582227645707e+01
2.623834000000000000e+00	2.597722405338643625e+01
2.627863000000000060e+00	2.774999261834062736e+01
2.632579999999999920e+00	2.672746057369702299e+01
2.638037000000000187e+00	2.357130513151877338e+01
2.644026000000000209e+00	1.934141739136906679e+01
2.650332000000000132e+00	1.559500970545960641e+01
2.656734000000000151e+00	1.405676481515146747e+01
2.663022999999999918e+00	1.610389991625869044e+01
2.669115000000000126e+00	2.127911569366135325e+01
2.675060999999999911e+00	2.783187683866615458e+01
2.680919999999999970e+00	3.383264774092765492e+01
2.686751000000000111e+00	3.730922536292540315e+01
2.692610999999999866e+00	3.612804679431557275e+01
2.698523999999999923e+00	3.027612111240611981e+01
2.704476000000000102e+00	2.136755352401397090e+01
2.710452000000000083e+00	1.115804067291992041e+01
2.716435999999999851e+00	1.087753382558111825e+00
2.722412999999999972e+00	-6.469776384326991092e+00
2.728375999999999912e+00	-1.149433599029256747e+01
2.734328000000000092e+00	-1.356334749179011112e+01
2.740273999999999877e+00	-1.428119026872851194e+01
2.746217000000000130e+00	-1.414539361319327071e+01
2.752162000000000219e+00	-1.378002457775062695e+01
2.758110999999999979e+00	-1.387211126988313126e+01
2.764063000000000159e+00	-1.368440984794148285e+01
2.770016000000000034e+00	-1.397011491941847972e+01
2.775971000000000188e+00	-1.412134592600610006e+01
2.781924000000000063e+00	-1.393703764635167097e+01
2.787876999999999938e+00	-1.383018429300149066e+01
2.793829000000000118e+00	-1.338689518050874838e+01
2.799780999999999853e+00	-1.211397908604920559e+01
2.805731999999999893e+00	-1.076949419308093425e+01
2.811682999999999932e+00	-8.374696254769274262e+00
2.817635000000000112e+00	-5.649518379515729549e+00
2.823586999999999847e+00	-2.665768007980360288e+00
2.829539000000000026e+00	5.556224828718498987e-01
2.835491000000000206e+00	2.964290937698036199e+00
2.841442999999999941e+00	4.963381550279391874e+00
2.847395000000000120e+00	5.798459593714595961e+00
2.853346999999999856e+00	5.923241730750504530e+00
2.859299000000000035e+00	4.907534457528623939e+00
2.865251000000000214e+00	3.819598665875155064e+00
2.871201999999999810e+00	2.085378462032103197e+00
2.877153999999999989e+00	3.081431471051538362e-01
2.883106000000000169e+00	-1.303075805033880874e+00
2.889057999999999904e+00	-2.747545683285486540e+00
2.895010000000000083e+00	-3.364009363387587381e+00
2.900961999999999819e+00	-3.427048152960581184e+00
2.906913999999999998e+00	-2.941863501820431104e+00
2.912866000000000177e+00	-1.396427241616131409e+00
2.918817999999999913e+00	4.675175812437499384e-02
2.924770000000000092e+00	1.514307598791130083e+00
2.930721000000000132e+00	2.314214059413977065e+00
2.936672999999999867e+00	2.608136058085968045e+00
2.942625000000000046e+00	2.425297754570213016e+00
2.948576999999999781e+00	2.073080428791570728e+00
2.954528999999999961e+00	1.784672769630084366e+00
2.960481000000000140e+00	2.148511214195695906e+00
2.966432999999999875e+00	2.641412707041985719e+00
2.972385000000000055e+00	3.759108079655135271e+00
2.978336999999999790e+00	5.835030373031137252e+00
2.984288999999999970e+00	8.137992551751535686e+00
2.990240000000000009e+00	1.133556832194795305e+01
2.996192000000000188e+00	1.480913794155104668e+01
3.002143999999999924e+00	1.892876824819301262e+01
3.008096000000000103e+00	2.331046395614300337e+01
3.014047999999999838e+00	2.829506228457598382e+01
3.020000000000000018e+00	3.395308517254618863e+01
