1.199999999999999956e-01	2.152708834508411329e+00
1.249780000000000058e-01	2.546011181793404798e+00
1.305999999999999939e-01	2.463844658281753031e+00
1.367059999999999942e-01	2.242173882974988430e+00
1.431360000000000132e-01	2.522027958750518550e+00
1.497320000000000040e-01	2.436340352073769644e+00
1.563350000000000017e-01	2.572152245241010604e+00
1.627850000000000130e-01	2.399924600958364795e+00
1.689219999999999888e-01	2.044915112297018389e+00
1.745889999999999942e-01	1.737140902100898554e+00
1.796250000000000069e-01	2.218513515488578669e+00
1.839349999999999874e-01	1.783557938056751446e+00
1.877439999999999942e-01	1.843746051001776909e+00
1.913779999999999926e-01	1.093742230854956921e+00
1.951660000000000061e-01	1.219094466488065631e+00
1.994340000000000002e-01	1.635627162461160911e+00
2.044499999999999929e-01	1.351079981853256617e+00
2.101250000000000062e-01	1.608005634526396888e+00
2.162479999999999958e-01	1.602214057091763344e+00
2.226049999999999973e-01	1.579246473740703482e+00
2.289819999999999911e-01	1.607473206348182027e+00
2.351930000000000132e-01	1.759624853636389208e+00
2.412249999999999950e-01	1.706543616568039212e+00
2.471349999999999936e-01	2.134415038367245998e+00
2.529799999999999827e-01	2.588560047577600276e+00
2.588170000000000193e-01	2.521403701412332499e+00
2.646970000000000156e-01	2.475028637792864750e+00
2.706259999999999777e-01	2.160897412545542906e+00
2.765880000000000005e-01	1.816708578372074445e+00
2.825679999999999858e-01	1.611891527906523347e+00
2.885510000000000019e-01	1.563729637426062524e+00
2.945229999999999793e-01	1.649493123856769383e+00
3.004809999999999981e-01	1.652415933900523548e+00
3.064310000000000089e-01	1.722407249827026865e+00
3.123750000000000138e-01	2.072397531341292787e+00
3.183190000000000186e-01	2.302478721081196333e+00
3.242650000000000254e-01	2.272737554045207720e+00
3.302149999999999808e-01	2.086591381320319183e+00
3.361680000000000224e-01	2.430616589624770896e+00
3.421210000000000084e-01	2.657228348259415007e+00
3.480759999999999965e-01	2.644976493160319020e+00
3.540289999999999826e-01	2.607549986729075897e+00
3.599809999999999954e-01	2.568195863051476735e+00
3.659330000000000083e-01	2.672502508098874241e+00
3.718839999999999923e-01	2.808381845463910231e+00
3.778360000000000052e-01	2.895614058707427052e+00
3.837869999999999893e-01	2.977741422289780004e+00
3.897390000000000021e-01	2.994237635066179237e+00
3.956910000000000149e-01	3.303370436063058246e+00
4.016429999999999723e-01	3.202088466532581723e+00
4.075949999999999851e-01	3.401434760271647040e+00
4.135469999999999979e-01	3.617839371119989877e+00
4.194979999999999820e-01	3.364025707710103230e+00
4.254499999999999948e-01	3.633987953317482145e+00
4.314009999999999789e-01	3.495955105295985188e+00
4.373540000000000205e-01	3.396087953045650920e+00
4.433079999999999798e-01	3.768419616989000520e+00
4.492619999999999947e-01	3.822378476585563956e+00
4.552160000000000095e-01	3.938197515681010064e+00
4.611680000000000224e-01	4.074735013191206789e+00
4.671170000000000044e-01	3.679144730827590859e+00
4.730619999999999825e-01	3.803695206828662467e+00
4.790059999999999873e-01	3.462099136252030807e+00
4.849510000000000209e-01	3.819262556349578119e+00
4.909020000000000050e-01	4.201157856004379632e+00
4.968629999999999991e-01	3.726161321725911968e+00
5.028390000000000359e-01	4.052994777361083933e+00
5.088230000000000253e-01	3.562978807679244575e+00
5.148009999999999531e-01	3.517047291399532316e+00
5.207570000000000254e-01	3.704126440006067611e+00
5.266750000000000043e-01	3.540260778287211973e+00
5.325410000000000421e-01	3.422276349750772884e+00
5.383719999999999617e-01	3.049390678350750061e+00
5.442249999999999588e-01	3.521517908709720590e+00
5.501580000000000359e-01	3.767239375420493808e+00
5.562289999999999734e-01	4.633726952303089064e+00
5.624930000000000208e-01	4.359671901017705409e+00
5.688929999999999820e-01	4.093502218236393375e+00
5.752220000000000111e-01	3.987319696220361642e+00
5.812610000000000277e-01	3.815632861317554081e+00
5.867949999999999555e-01	3.937507600265630181e+00
5.916080000000000227e-01	4.175098362899935189e+00
5.957040000000000113e-01	4.658076917466032363e+00
5.993990000000000151e-01	5.004835283355675735e+00
6.030370000000000452e-01	4.974409046860396977e+00
6.069609999999999728e-01	5.446383044059751377e+00
6.115110000000000268e-01	4.772382443669013874e+00
6.168270000000000142e-01	4.935398885022970639e+00
6.227219999999999978e-01	4.208339725417327593e+00
6.289789999999999548e-01	3.803855909000776858e+00
6.353790000000000271e-01	3.387259170047975942e+00
6.417070000000000274e-01	3.025863801912332729e+00
6.478369999999999962e-01	3.267794416127442592e+00
6.538089999999999735e-01	3.331093891352274738e+00
6.596819999999999906e-01	3.685271119277324203e+00
6.655140000000000500e-01	4.190534975722684408e+00
6.713630000000000431e-01	4.453953727848272592e+00
6.772660000000000347e-01	4.580635020059438567e+00
6.832110000000000127e-01	5.156146569921925327e+00
6.891829999999999901e-01	5.180156252730450994e+00
6.951669999999999794e-01	4.815644779106714068e+00
7.011469999999999647e-01	4.805484650879327191e+00
7.071119999999999628e-01	4.991596941985100067e+00
7.130670000000000064e-01	4.900823479269966754e+00
7.190130000000000132e-01	4.820487739148591189e+00
7.249569999999999625e-01	4.916500528644306200e+00
7.309010000000000229e-01	4.862632789230275421e+00
7.368489999999999762e-01	5.360544680403998008e+00
7.428000000000000158e-01	5.531601658532578902e+00
7.487530000000000019e-01	6.480755886658545961e+00
7.547080000000000455e-01	6.156962333289439648e+00
7.606619999999999493e-01	6.681172695147457041e+00
7.666140000000000176e-01	5.982238926681989533e+00
7.725670000000000037e-01	5.627952891877529673e+00
7.785180000000000433e-01	5.137073223272713207e+00
7.844689999999999719e-01	4.556276658491234421e+00
7.904210000000000402e-01	3.937230384188336263e+00
7.963729999999999976e-01	3.939578401054543821e+00
8.023249999999999549e-01	4.260517818617294949e+00
8.082770000000000232e-01	3.978910290705675923e+00
8.142289999999999806e-01	4.358956995761736231e+00
8.201800000000000201e-01	4.891351952969816175e+00
8.261319999999999775e-01	4.988597878303012934e+00
8.320830000000000171e-01	4.926614392220010075e+00
8.380349999999999744e-01	5.686419317892100089e+00
8.439870000000000427e-01	5.646373493822502532e+00
8.499400000000000288e-01	5.818121916149541661e+00
8.558940000000000436e-01	5.821403026460980179e+00
8.618479999999999475e-01	5.518593865700853307e+00
8.678010000000000446e-01	6.080911094174322074e+00
8.737519999999999731e-01	5.798651253728203336e+00
8.797000000000000375e-01	5.891365233611688623e+00
8.856439999999999868e-01	6.137409987917184395e+00
8.915870000000000184e-01	5.669010441359115582e+00
8.975349999999999717e-01	5.955518044426605151e+00
9.034900000000000153e-01	5.946277955264377191e+00
9.094569999999999599e-01	5.597333227618968010e+00
9.154379999999999740e-01	5.600873597843120777e+00
9.214210000000000456e-01	5.980122712695219001e+00
9.273909999999999654e-01	6.016861782286795801e+00
9.333329999999999682e-01	6.407173017897703993e+00
9.392300000000000093e-01	6.141302780464036104e+00
9.450749999999999984e-01	6.770430291459804018e+00
9.509090000000000042e-01	7.140901823851011798e+00
9.567890000000000006e-01	7.310897699320665133e+00
9.627750000000000474e-01	7.951439902190482911e+00
9.689229999999999787e-01	7.964255022164674180e+00
9.752680000000000238e-01	7.644391767316641939e+00
9.816639999999999810e-01	7.367271855315620677e+00
9.878930000000000211e-01	6.738476047972772776e+00
9.937399999999999567e-01	6.956871731917487089e+00
9.989850000000000119e-01	6.651027355847628719e+00
1.003457999999999961e+00	6.408123440667102599e+00
1.007338000000000067e+00	5.951086758739834615e+00
1.010966000000000031e+00	6.076919734538158480e+00
1.014685999999999977e+00	6.026153750801890752e+00
1.018841000000000108e+00	6.138686793659842600e+00
1.023735000000000062e+00	6.427173711634940112e+00
1.029328999999999938e+00	6.157660910863325121e+00
1.035408000000000106e+00	6.434311922208164169e+00
1.041754000000000069e+00	6.653457563087761706e+00
1.048148999999999997e+00	6.539828167253543434e+00
1.054391999999999996e+00	6.771507702053556343e+00
1.060446000000000000e+00	6.867733227371453530e+00
1.066368999999999900e+00	7.371688411509140337e+00
1.072216999999999976e+00	7.248096148875216471e+00
1.078049000000000035e+00	7.251722291265884301e+00
1.083920999999999912e+00	7.904911335609424938e+00
1.089842999999999895e+00	7.230303965979099523e+00
1.095801999999999943e+00	7.665474029649096188e+00
1.101780999999999899e+00	7.515874984419510518e+00
1.107765000000000111e+00	7.643803594175177629e+00
1.113739999999999952e+00	7.518298078188677458e+00
1.119699999999999918e+00	7.789452650103890541e+00
1.125650000000000039e+00	7.764446940888319659e+00
1.131594999999999906e+00	7.814498009024291925e+00
1.137537999999999938e+00	7.409417587357546076e+00
1.143483999999999945e+00	7.730618753636499640e+00
1.149432999999999927e+00	7.800832401242036696e+00
1.155386000000000024e+00	7.515632028091332018e+00
1.161338999999999899e+00	7.235362630078438606e+00
1.167294000000000054e+00	7.461871678847101563e+00
1.173246999999999929e+00	7.336671407876735884e+00
1.179200000000000026e+00	7.565422828218200557e+00
1.185151999999999983e+00	7.763545085289965897e+00
1.191103000000000023e+00	7.142036283020660292e+00
1.197054000000000062e+00	7.495152820085198897e+00
1.203006000000000020e+00	7.183433054898118897e+00
1.208957999999999977e+00	6.818049364624776842e+00
1.214909999999999934e+00	6.691623967603925749e+00
1.220861999999999892e+00	6.463428375577096929e+00
1.226814000000000071e+00	6.694885788797687809e+00
1.232765000000000111e+00	6.420217235523418609e+00
1.238717000000000068e+00	6.559356910167140953e+00
1.244668000000000108e+00	6.786231993402962459e+00
1.250620000000000065e+00	7.157480058306298965e+00
1.256572000000000022e+00	6.980903246920787453e+00
1.262526000000000037e+00	7.161720441528484749e+00
1.268480000000000052e+00	6.985777882336368094e+00
1.274434000000000067e+00	7.159824608205592078e+00
1.280386000000000024e+00	7.467355231973064278e+00
1.286335999999999924e+00	7.039677497577059739e+00
1.292281999999999931e+00	7.536584952351621070e+00
1.298224999999999962e+00	8.004926369929961538e+00
1.304170000000000051e+00	8.392180162319588632e+00
1.310119999999999951e+00	8.850775025011804686e+00
1.316079999999999917e+00	9.514854837973173218e+00
1.322052999999999923e+00	9.310105933045134563e+00
1.328036999999999912e+00	9.281618270366255530e+00
1.334017000000000008e+00	9.234955559243523737e+00
1.339976000000000056e+00	8.829986761689749386e+00
1.345900000000000096e+00	8.811470496090693771e+00
1.351774000000000031e+00	8.529645831908595710e+00
1.357607000000000008e+00	8.589802817249053035e+00
1.363453000000000026e+00	7.777612966161151498e+00
1.369372000000000034e+00	7.976671584843769480e+00
1.375421999999999922e+00	7.632599774428317829e+00
1.381658999999999970e+00	8.032622994798794380e+00
1.388052000000000064e+00	8.086624534714625057e+00
1.394403000000000059e+00	8.891078533535967665e+00
1.400492999999999988e+00	9.155187456090498443e+00
1.406104999999999938e+00	9.583761985943537454e+00
1.411021999999999998e+00	1.018851136958489967e+01
1.415195999999999898e+00	1.079168763669817821e+01
1.418924000000000074e+00	1.138235442787250484e+01
1.422549999999999981e+00	1.213295082639700340e+01
1.426417000000000046e+00	1.170234927397312674e+01
1.430868000000000029e+00	1.211572546094807912e+01
1.436091000000000006e+00	1.161526283198158360e+01
1.441923000000000066e+00	1.087835161960645358e+01
1.448144000000000098e+00	1.022482841517886243e+01
1.454538000000000109e+00	9.407859148038898667e+00
1.460887000000000047e+00	8.934420519715729370e+00
1.467041999999999957e+00	8.883583142836945612e+00
1.473030999999999979e+00	8.497957656936167226e+00
1.478914000000000062e+00	8.551091126146284083e+00
1.484749000000000096e+00	8.289329849555731045e+00
1.490591999999999917e+00	8.406928907271094431e+00
1.496488000000000040e+00	8.121807273307611652e+00
1.502428000000000097e+00	7.083155746671907949e+00
1.508397999999999906e+00	6.813713934356060875e+00
1.514380999999999977e+00	6.402765342542172888e+00
1.520361999999999991e+00	7.205516123421741526e+00
1.526329999999999965e+00	7.133932305931509177e+00
1.532284999999999897e+00	8.001446053771772426e+00
1.538232999999999961e+00	8.952600791402744562e+00
1.544175999999999993e+00	1.010264817166718032e+01
1.550119999999999942e+00	1.107323057608939543e+01
1.556068000000000007e+00	1.252133427779142494e+01
1.562019000000000046e+00	1.295801058659388261e+01
1.567971999999999921e+00	1.410551214419380628e+01
1.573925999999999936e+00	1.433907593475325370e+01
1.579879999999999951e+00	1.418500712527358409e+01
1.585833000000000048e+00	1.465371009900837151e+01
1.591785000000000005e+00	1.416247232657318555e+01
1.597736999999999963e+00	1.408889943139642398e+01
1.603688000000000002e+00	1.361648601056627506e+01
1.609639000000000042e+00	1.320419326922958803e+01
1.615590999999999999e+00	1.311254339707815575e+01
1.621542999999999957e+00	1.298019481081007420e+01
1.627494999999999914e+00	1.257276297934822473e+01
1.633447000000000093e+00	1.272970409841637718e+01
1.639399000000000051e+00	1.155083628120198291e+01
1.645350000000000090e+00	1.145492166512183196e+01
1.651302000000000048e+00	1.075609239260655592e+01
1.657253000000000087e+00	1.011447903336179266e+01
1.663205000000000044e+00	9.463858278020188308e+00
1.669157999999999920e+00	9.653614455508275682e+00
1.675111999999999934e+00	9.851293322990336776e+00
1.681065999999999949e+00	1.080672345414713398e+01
1.687019000000000046e+00	1.190229775565525294e+01
1.692971000000000004e+00	1.273842367050614044e+01
1.698919000000000068e+00	1.389972442040360967e+01
1.704863000000000017e+00	1.422904473372691925e+01
1.710806999999999967e+00	1.517952675948902730e+01
1.716752999999999973e+00	1.587466497350573924e+01
1.722706999999999988e+00	1.631744881773869693e+01
1.728671999999999986e+00	1.633523682838768565e+01
1.734652000000000083e+00	1.685102677054571885e+01
1.740636000000000072e+00	1.678951438576707744e+01
1.746609000000000078e+00	1.705204137319313773e+01
1.752555000000000085e+00	1.715463406194210449e+01
1.758458000000000077e+00	1.682006720702533897e+01
1.764308999999999905e+00	1.654228058590559769e+01
1.770140999999999964e+00	1.625047186410762379e+01
1.776011999999999924e+00	1.620130466520386747e+01
1.781979999999999897e+00	1.606010240705171910e+01
1.788105000000000055e+00	1.537128890878373788e+01
1.794426999999999994e+00	1.563619865249563823e+01
1.800829000000000013e+00	1.557847748938627674e+01
1.807091999999999921e+00	1.555621300464418155e+01
1.813002000000000002e+00	1.602101271673278404e+01
1.818338000000000010e+00	1.602647298121850383e+01
1.822912000000000088e+00	1.581090264368046583e+01
1.826850000000000085e+00	1.658893644062985118e+01
1.830492000000000008e+00	1.605655201154807088e+01
1.834179999999999922e+00	1.632668421281502091e+01
1.838259000000000087e+00	1.661376532629019920e+01
1.843048000000000020e+00	1.724661453825497048e+01
1.848562000000000038e+00	1.766171326373449446e+01
1.854589999999999961e+00	1.810471542435731607e+01
1.860913000000000039e+00	1.822292456123557969e+01
1.867313999999999918e+00	1.812326396243807380e+01
1.873583999999999916e+00	1.879947479876153338e+01
1.879660000000000108e+00	1.915171241338579833e+01
1.885596000000000050e+00	1.890859993976417286e+01
1.891450999999999993e+00	1.954694272647250486e+01
1.897281999999999913e+00	1.935502784689747457e+01
1.903146999999999922e+00	1.924275134277494459e+01
1.909062999999999954e+00	1.875412651118626073e+01
1.915018000000000109e+00	1.735300358778556884e+01
1.920995999999999926e+00	1.614297049819397500e+01
1.926979999999999915e+00	1.487527551504496692e+01
1.932955999999999896e+00	1.312247761802792745e+01
1.938917999999999919e+00	1.097930770115864618e+01
1.944868999999999959e+00	8.989524790257599207e+00
1.950814000000000048e+00	7.529325205034011148e+00
1.956757999999999997e+00	5.729188116628700200e+00
1.962703000000000086e+00	4.906527220162370639e+00
1.968652000000000069e+00	4.475073997813574955e+00
1.974604000000000026e+00	4.251599913193962799e+00
1.980558000000000041e+00	4.403064350417690953e+00
1.986512000000000056e+00	4.926165157145353746e+00
1.992466000000000070e+00	5.872043412870928236e+00
1.998418000000000028e+00	6.812656292652177648e+00
2.004370000000000207e+00	7.927226984485367112e+00
2.010321999999999942e+00	9.144510566266031759e+00
2.016272999999999982e+00	1.063604730807344012e+01
2.022224000000000022e+00	1.193339434757208473e+01
2.028176000000000201e+00	1.286558190892848863e+01
2.034127999999999936e+00	1.420553676611280380e+01
2.040080000000000116e+00	1.599962870517157398e+01
2.046031999999999851e+00	1.717238137194899039e+01
2.051984000000000030e+00	1.805368062466763845e+01
2.057935000000000070e+00	1.873850962171602319e+01
2.063886999999999805e+00	1.888810035857296654e+01
2.069837999999999845e+00	1.837110484353617323e+01
2.075791000000000164e+00	1.833281886434924601e+01
2.081744000000000039e+00	1.750298659609811835e+01
2.087698000000000054e+00	1.711590334803064195e+01
2.093652000000000069e+00	1.513564752124380952e+01
2.099604999999999944e+00	1.434927143238698122e+01
2.105554999999999843e+00	1.315906249748373469e+01
2.111501000000000072e+00	1.229981550286315439e+01
2.117445000000000022e+00	1.178893330246234683e+01
2.123388999999999971e+00	1.155048566145082489e+01
2.129338000000000175e+00	1.162147194867682032e+01
2.135295999999999861e+00	1.186290976164963240e+01
2.141268000000000171e+00	1.257426830417657548e+01
2.147250999999999799e+00	1.307331029060790684e+01
2.153232000000000035e+00	1.388959548215909834e+01
2.159196000000000115e+00	1.433004432482707280e+01
2.165125000000000188e+00	1.544657970332056962e+01
2.171006000000000213e+00	1.584308971763571705e+01
2.176841000000000026e+00	1.643566935442314403e+01
2.182682999999999929e+00	1.673919900020037588e+01
2.188588999999999896e+00	1.662588882996739059e+01
2.194618000000000180e+00	1.647196690617199621e+01
2.200828000000000007e+00	1.569379765433892437e+01
2.207209999999999894e+00	1.439352748389776337e+01
2.213579000000000185e+00	1.350441863877250270e+01
2.219714999999999883e+00	1.181296973259190253e+01
2.225403000000000020e+00	1.016660575982228032e+01
2.230423000000000044e+00	9.528859574599113813e+00
2.234681000000000139e+00	8.537893676082568106e+00
2.238447999999999993e+00	8.080172736260205824e+00
2.242068000000000172e+00	8.082333730876271716e+00
2.245884000000000214e+00	8.663035897542323838e+00
2.250237999999999960e+00	9.505854524276374562e+00
2.255365999999999982e+00	1.050652988620991479e+01
2.261130000000000084e+00	1.242822103814311951e+01
2.267313000000000134e+00	1.463789101229586009e+01
2.273696000000000161e+00	1.666801093049941684e+01
2.280063999999999869e+00	1.891113824688773803e+01
2.286243999999999943e+00	2.089709347536579997e+01
2.292251999999999956e+00	2.378509758813108732e+01
2.298146000000000022e+00	2.864828623541779251e+01
2.303983000000000114e+00	3.542806178743709467e+01
2.309822000000000042e+00	4.658868160815645609e+01
2.315710999999999853e+00	6.081083860468285707e+01
2.321645999999999876e+00	7.703897691648570856e+01
2.327612999999999932e+00	9.169839379818625957e+01
2.333594999999999864e+00	1.021357661956783289e+02
2.339576999999999796e+00	1.046183957955658315e+02
2.345546999999999827e+00	9.771263785655342815e+01
2.351503999999999817e+00	8.272255642723189339e+01
2.357451999999999881e+00	6.427217247701835845e+01
2.363395999999999830e+00	4.480535825194888133e+01
2.369339000000000084e+00	2.779286909092134294e+01
2.375286000000000008e+00	1.642474415117261799e+01
2.381237000000000048e+00	1.049103859884000478e+01
2.387189999999999923e+00	7.907841896651082614e+00
2.393143999999999938e+00	7.732658917657395214e+00
2.399097999999999953e+00	8.004350342652889694e+00
2.405050999999999828e+00	7.817605868351328979e+00
2.411004000000000147e+00	7.088103647496735604e+00
2.416955999999999882e+00	5.284783729144050035e+00
2.422906999999999922e+00	4.515470830102658262e+00
2.428857999999999961e+00	3.136064575582538261e+00
2.434809000000000001e+00	2.386651927316323363e+00
2.440760000000000041e+00	2.167615741447198818e+00
2.446712000000000220e+00	2.668483678016815297e+00
2.452663999999999955e+00	3.431770510214023240e+00
2.458616999999999830e+00	4.604127922539761109e+00
2.464570999999999845e+00	5.422231305704836579e+00
2.470524999999999860e+00	7.174216638370566557e+00
2.476478000000000179e+00	8.526410020414184388e+00
2.482429999999999914e+00	1.042745666364952761e+01
2.488377999999999979e+00	1.290101201155054156e+01
2.494323000000000068e+00	1.580286715228273309e+01
2.500265999999999877e+00	1.909703755272943937e+01
2.506212000000000106e+00	2.223799408295810309e+01
2.512164999999999981e+00	2.469103626191233758e+01
2.518129000000000062e+00	2.600218444099808579e+01
2.524108000000000018e+00	2.664361069356434086e+01
2.530091999999999786e+00	2.559455459720690484e+01
2.536067000000000071e+00	2.368435123874661130e+01
2.542015999999999831e+00	2.077614520710080370e+01
2.547924000000000078e+00	1.797414166325786766e+01
2.553779000000000021e+00	1.439809005230323713e+01
2.559610000000000163e+00	1.030012625331957210e+01
2.565475000000000172e+00	7.478012874284607037e+00
2.571432000000000162e+00	4.877688921530371147e+00
2.577539999999999942e+00	3.622290407472105844e+00
2.583845999999999865e+00	3.596687842585688966e+00
2.590249000000000024e+00	4.987248217749438162e+00
2.596534000000000120e+00	6.580935340330402283e+00
2.602485000000000159e+00	8.515145955651458820e+00
2.607883000000000173e+00	1.075147748804564785e+01
2.612527000000000044e+00	1.193606488378908992e+01
2.616509000000000196e+00	1.304522187533368793e+01
2.620163999999999938e+00	1.237283380445072112e+01
2.623834000000000000e+00	1.061412044866594684e+01
2.627863000000000060e+00	7.753958618220785581e+00
2.632579999999999920e+00	2.345850029103628831e+00
2.638037000000000187e+00	-3.901997289364135924e+00
2.644026000000000209e+00	-1.056876658330898344e+01
2.650332000000000132e+00	-1.584026859664021103e+01
2.656734000000000151e+00	-1.859643622104168159e+01
2.663022999999999918e+00	-1.847397339343682532e+01
2.669115000000000126e+00	-1.445431833979811387e+01
2.675060999999999911e+00	-8.344388647644313650e+00
2.680919999999999970e+00	-1.331953359766630207e+00
2.686751000000000111e+00	5.148529670586937890e+00
2.692610999999999866e+00	1.038124344993937243e+01
2.698523999999999923e+00	1.337611295995723104e+01
2.704476000000000102e+00	1.480253057933412286e+01
2.710452000000000083e+00	1.454941691568706297e+01
2.716435999999999851e+00	1.350492892423719660e+01
2.722412999999999972e+00	1.266925302815143084e+01
2.728375999999999912e+00	1.153046628747914681e+01
2.734328000000000092e+00	9.912415685793986242e+00
2.740273999999999877e+00	7.311372904641135761e+00
2.746217000000000130e+00	3.167821413001163044e+00
2.752162000000000219e+00	-2.490328242271150128e+00
2.758110999999999979e+00	-8.803059336519117650e+00
2.764063000000000159e+00	-1.539338031495073267e+01
2.770016000000000034e+00	-2.080404098405794500e+01
2.775971000000000188e+00	-2.315867671849401077e+01
2.781924000000000063e+00	-2.275069079779859038e+01
2.787876999999999938e+00	-1.705963811653938578e+01
2.793829000000000118e+00	-1.100805340715799829e+01
2.799780999999999853e+00	-3.910260024306844162e+00
2.805731999999999893e+00	1.275106371974679353e+00
2.811682999999999932e+00	2.748208240062510743e+00
2.817635000000000112e+00	-1.191726515878840376e-01
2.823586999999999847e+00	-6.221590782031542588e+00
2.829539000000000026e+00	-1.294383308570391122e+01
2.835491000000000206e+00	-1.947832754319817639e+01
2.841442999999999941e+00	-2.360230873666288076e+01
2.847395000000000120e+00	-2.503221169660247014e+01
2.853346999999999856e+00	-2.288180195335024436e+01
2.859299000000000035e+00	-2.067451583349521371e+01
2.865251000000000214e+00	-1.818503195226502811e+01
2.871201999999999810e+00	-1.622143841021179611e+01
2.877153999999999989e+00	-1.648274821374057808e+01
2.883106000000000169e+00	-1.755862186630962896e+01
2.889057999999999904e+00	-1.833207634232902805e+01
2.895010000000000083e+00	-1.803731982600103478e+01
2.900961999999999819e+00	-1.619302629341287769e+01
2.906913999999999998e+00	-1.109682392538455709e+01
2.912866000000000177e+00	-5.373036836011024775e+00
2.918817999999999913e+00	8.243643691611781676e-01
2.924770000000000092e+00	6.179170000463471979e+00
2.930721000000000132e+00	9.682489269715269131e+00
2.936672999999999867e+00	9.936569844669893570e+00
2.942625000000000046e+00	7.539640525001506610e+00
2.948576999999999781e+00	3.590658882732194801e+00
2.954528999999999961e+00	-1.871984580398251552e+00
2.960481000000000140e+00	-8.723438800157515161e+00
2.966432999999999875e+00	-1.563685014643388982e+01
2.972385000000000055e+00	-2.205477802455432013e+01
2.978336999999999790e+00	-2.851775837325217466e+01
2.984288999999999970e+00	-3.452764355099390059e+01
2.990240000000000009e+00	-3.892917651475433161e+01
2.996192000000000188e+00	-4.242684838675471326e+01
3.002143999999999924e+00	-4.405433649374548821e+01
3.008096000000000103e+00	-4.329556542113265749e+01
3.014047999999999838e+00	-3.984231803825178275e+01
3.020000000000000018e+00	-3.404225935922035973e+01
