1.199999999999999956e-01	4.942977948263401089e+00
1.249780000000000058e-01	4.514038757945942670e+00
1.305999999999999939e-01	4.435029452461533239e+00
1.367059999999999942e-01	4.037584614281738205e+00
1.431360000000000132e-01	3.972261882719556159e+00
1.497320000000000040e-01	3.840915194056703452e+00
1.563350000000000017e-01	3.627709197126890661e+00
1.627850000000000130e-01	3.324758358060270425e+00
1.689219999999999888e-01	3.203069266941616533e+00
1.745889999999999942e-01	3.082639868082795331e+00
1.796250000000000069e-01	2.892585643850878796e+00
1.839349999999999874e-01	3.109475332751832077e+00
1.877439999999999942e-01	2.841142289301841206e+00
1.913779999999999926e-01	3.025210416573186123e+00
1.951660000000000061e-01	2.937934089840133822e+00
1.994340000000000002e-01	2.921686969682528723e+00
2.044499999999999929e-01	2.727810066103807163e+00
2.101250000000000062e-01	2.783653759046309517e+00
2.162479999999999958e-01	2.715838927226374544e+00
2.226049999999999973e-01	2.745982694159795123e+00
2.289819999999999911e-01	2.845787871308213202e+00
2.351930000000000132e-01	2.913793318301918678e+00
2.412249999999999950e-01	3.288357831756943295e+00
2.471349999999999936e-01	3.764525490083868497e+00
2.529799999999999827e-01	4.094359089999768386e+00
2.588170000000000193e-01	4.333836148328232163e+00
2.646970000000000156e-01	4.183570612356442453e+00
2.706259999999999777e-01	3.992030497260532496e+00
2.765880000000000005e-01	3.819038390877850020e+00
2.825679999999999858e-01	3.386076547900649381e+00
2.885510000000000019e-01	3.238622187503803929e+00
2.945229999999999793e-01	3.335582227936434219e+00
3.004809999999999981e-01	3.689727814001656725e+00
3.064310000000000089e-01	3.727911077942511753e+00
3.123750000000000138e-01	3.915987937578379263e+00
3.183190000000000186e-01	3.813963415661588918e+00
3.242650000000000254e-01	3.651905739650034732e+00
3.302149999999999808e-01	3.358177881363199724e+00
3.361680000000000224e-01	3.177647352328481389e+00
3.421210000000000084e-01	2.876434541600688455e+00
3.480759999999999965e-01	2.726416886871014800e+00
3.540289999999999826e-01	2.628311757303008367e+00
3.599809999999999954e-01	2.752305107370705439e+00
3.659330000000000083e-01	3.205201948075770524e+00
3.718839999999999923e-01	3.575894909723158044e+00
3.778360000000000052e-01	3.741324108255311476e+00
3.837869999999999893e-01	3.761453665859832984e+00
3.897390000000000021e-01	3.777795733617403950e+00
3.956910000000000149e-01	3.241379544199423535e+00
4.016429999999999723e-01	3.288438709992730136e+00
4.075949999999999851e-01	2.688010251323670108e+00
4.135469999999999979e-01	2.583678041696583882e+00
4.194979999999999820e-01	2.319430083167905554e+00
4.254499999999999948e-01	2.358904851937547065e+00
4.314009999999999789e-01	2.608973705136961474e+00
4.373540000000000205e-01	2.862836308297260768e+00
4.433079999999999798e-01	2.940677624620449127e+00
4.492619999999999947e-01	2.891581950556447289e+00
4.552160000000000095e-01	3.027106330564181658e+00
4.611680000000000224e-01	3.383271828329728947e+00
4.671170000000000044e-01	3.351140669644316894e+00
4.730619999999999825e-01	3.698329614570643464e+00
4.790059999999999873e-01	3.952329504751067368e+00
4.849510000000000209e-01	4.408159730810196741e+00
4.909020000000000050e-01	4.798544115603078808e+00
4.968629999999999991e-01	4.820016830837296595e+00
5.028390000000000359e-01	4.675713277366720710e+00
5.088230000000000253e-01	4.642423055882501259e+00
5.148009999999999531e-01	4.663745011021890541e+00
5.207570000000000254e-01	4.254690102477465707e+00
5.266750000000000043e-01	4.203454173317171971e+00
5.325410000000000421e-01	4.169364578113413877e+00
5.383719999999999617e-01	4.523799835025702265e+00
5.442249999999999588e-01	4.866987840011303135e+00
5.501580000000000359e-01	5.264566204835431584e+00
5.562289999999999734e-01	5.670145952608658391e+00
5.624930000000000208e-01	5.751190712913468062e+00
5.688929999999999820e-01	5.601132135796881073e+00
5.752220000000000111e-01	5.462555514405825541e+00
5.812610000000000277e-01	4.968999950641254770e+00
5.867949999999999555e-01	4.763469046915481897e+00
5.916080000000000227e-01	4.615417812821043242e+00
5.957040000000000113e-01	4.563338327996850907e+00
5.993990000000000151e-01	4.930179352549065364e+00
6.030370000000000452e-01	4.801559763154485516e+00
6.069609999999999728e-01	4.953763168854935728e+00
6.115110000000000268e-01	5.043921608306376037e+00
6.168270000000000142e-01	5.036625746535065673e+00
6.227219999999999978e-01	4.977602822661906679e+00
6.289789999999999548e-01	5.093080205076489619e+00
6.353790000000000271e-01	5.102359080664531810e+00
6.417070000000000274e-01	5.162549777798886907e+00
6.478369999999999962e-01	5.084749683723462255e+00
6.538089999999999735e-01	5.508588723980047064e+00
6.596819999999999906e-01	5.597084236716206362e+00
6.655140000000000500e-01	5.774587591398899988e+00
6.713630000000000431e-01	5.699939273436447351e+00
6.772660000000000347e-01	5.661302457946104205e+00
6.832110000000000127e-01	5.471479921148761250e+00
6.891829999999999901e-01	5.372600149296493655e+00
6.951669999999999794e-01	5.403535066297975753e+00
7.011469999999999647e-01	5.269606101710610169e+00
7.071119999999999628e-01	5.688222615809612748e+00
7.130670000000000064e-01	5.695512907387769275e+00
7.190130000000000132e-01	6.027346953891027148e+00
7.249569999999999625e-01	6.007754700928832570e+00
7.309010000000000229e-01	6.280835553326538978e+00
7.368489999999999762e-01	5.924570594324223727e+00
7.428000000000000158e-01	5.924247463614753961e+00
7.487530000000000019e-01	5.827160347068242707e+00
7.547080000000000455e-01	5.622721198123534769e+00
7.606619999999999493e-01	5.486982458774095406e+00
7.666140000000000176e-01	5.684395174563660724e+00
7.725670000000000037e-01	5.692979879977347224e+00
7.785180000000000433e-01	5.948620314756995597e+00
7.844689999999999719e-01	5.971660559967434168e+00
7.904210000000000402e-01	6.045565796213240084e+00
7.963729999999999976e-01	6.366967192209852300e+00
8.023249999999999549e-01	6.349270245462927065e+00
8.082770000000000232e-01	6.565758823719511916e+00
8.142289999999999806e-01	6.524987063911211749e+00
8.201800000000000201e-01	6.663604197537467577e+00
8.261319999999999775e-01	6.631361091752197012e+00
8.320830000000000171e-01	6.367406909881635713e+00
8.380349999999999744e-01	6.567909001798764912e+00
8.439870000000000427e-01	6.275973281276545634e+00
8.499400000000000288e-01	6.421054618003437575e+00
8.558940000000000436e-01	6.352607678326362084e+00
8.618479999999999475e-01	6.871319121031782551e+00
8.678010000000000446e-01	7.271643854214462799e+00
8.737519999999999731e-01	7.446656957375982877e+00
8.797000000000000375e-01	7.986574921706528052e+00
8.856439999999999868e-01	7.911888306173727514e+00
8.915870000000000184e-01	8.219501400571092020e+00
8.975349999999999717e-01	8.224641201687163061e+00
9.034900000000000153e-01	8.240877620748127796e+00
9.094569999999999599e-01	8.458701020972132056e+00
9.154379999999999740e-01	8.450874456842177196e+00
9.214210000000000456e-01	8.391422746252768405e+00
9.273909999999999654e-01	8.212115209001662919e+00
9.333329999999999682e-01	8.155281571694665388e+00
9.392300000000000093e-01	8.069139892992890140e+00
9.450749999999999984e-01	8.051857637438960325e+00
9.509090000000000042e-01	7.761036706402983931e+00
9.567890000000000006e-01	7.782329729161538090e+00
9.627750000000000474e-01	7.741219835557954454e+00
9.689229999999999787e-01	7.940833168143549337e+00
9.752680000000000238e-01	8.200451348075445068e+00
9.816639999999999810e-01	8.520950532445329628e+00
9.878930000000000211e-01	8.525108036975623804e+00
9.937399999999999567e-01	8.958024055237144623e+00
9.989850000000000119e-01	9.025846982323066925e+00
1.003457999999999961e+00	9.369572105790878069e+00
1.007338000000000067e+00	9.147888157983599555e+00
1.010966000000000031e+00	9.117766033110061841e+00
1.014685999999999977e+00	9.128847535280863568e+00
1.018841000000000108e+00	9.212021989311054426e+00
1.023735000000000062e+00	8.873712530747040361e+00
1.029328999999999938e+00	8.834166346612084553e+00
1.035408000000000106e+00	8.537705918102259872e+00
1.041754000000000069e+00	8.427217643920785761e+00
1.048148999999999997e+00	8.498186916836118598e+00
1.054391999999999996e+00	8.996503877042064445e+00
1.060446000000000000e+00	9.309405044356422465e+00
1.066368999999999900e+00	9.495979610855689756e+00
1.072216999999999976e+00	9.845103549950035671e+00
1.078049000000000035e+00	1.001201157919497398e+01
1.083920999999999912e+00	9.836607534334463665e+00
1.089842999999999895e+00	9.487221263897884782e+00
1.095801999999999943e+00	8.879845416980209905e+00
1.101780999999999899e+00	8.477200629717716041e+00
1.107765000000000111e+00	8.362173213126231630e+00
1.113739999999999952e+00	8.027378563479899753e+00
1.119699999999999918e+00	8.169257681910677249e+00
1.125650000000000039e+00	8.009133686630706350e+00
1.131594999999999906e+00	8.264140802129556818e+00
1.137537999999999938e+00	8.429242875753859110e+00
1.143483999999999945e+00	8.449583209621696511e+00
1.149432999999999927e+00	8.527588695545414765e+00
1.155386000000000024e+00	8.041441962108335062e+00
1.161338999999999899e+00	8.003015227655499331e+00
1.167294000000000054e+00	7.781919248511074194e+00
1.173246999999999929e+00	7.510037128947029572e+00
1.179200000000000026e+00	7.264945086088407500e+00
1.185151999999999983e+00	7.114651450318308257e+00
1.191103000000000023e+00	6.996009072884008084e+00
1.197054000000000062e+00	6.874071029470732341e+00
1.203006000000000020e+00	7.118824152808151950e+00
1.208957999999999977e+00	7.287291960367709542e+00
1.214909999999999934e+00	7.289094668406822741e+00
1.220861999999999892e+00	7.750064455643389749e+00
1.226814000000000071e+00	8.120038881082919602e+00
1.232765000000000111e+00	8.663724715799174803e+00
1.238717000000000068e+00	9.097847268851730007e+00
1.244668000000000108e+00	9.469987521160586397e+00
1.250620000000000065e+00	1.000901290784673670e+01
1.256572000000000022e+00	1.054725881960566269e+01
1.262526000000000037e+00	1.091916514303502872e+01
1.268480000000000052e+00	1.100031910148895165e+01
1.274434000000000067e+00	1.121595068941005557e+01
1.280386000000000024e+00	1.124865856352242588e+01
1.286335999999999924e+00	1.094192855781113849e+01
1.292281999999999931e+00	1.086384563001522707e+01
1.298224999999999962e+00	1.044853983420620835e+01
1.304170000000000051e+00	9.970443689310338087e+00
1.310119999999999951e+00	9.732651357231853595e+00
1.316079999999999917e+00	9.605411146212825102e+00
1.322052999999999923e+00	9.795852572628547250e+00
1.328036999999999912e+00	1.011905604168982009e+01
1.334017000000000008e+00	1.100521573780641127e+01
1.339976000000000056e+00	1.160602527185733202e+01
1.345900000000000096e+00	1.191807064922664239e+01
1.351774000000000031e+00	1.246877719393140893e+01
1.357607000000000008e+00	1.266842187469171854e+01
1.363453000000000026e+00	1.275888884061018658e+01
1.369372000000000034e+00	1.267135293071662794e+01
1.375421999999999922e+00	1.263211736446170264e+01
1.381658999999999970e+00	1.263377774157756406e+01
1.388052000000000064e+00	1.292249327221702870e+01
1.394403000000000059e+00	1.324508835753924707e+01
1.400492999999999988e+00	1.365910062791642865e+01
1.406104999999999938e+00	1.385694394957713982e+01
1.411021999999999998e+00	1.398678644932484971e+01
1.415195999999999898e+00	1.380532282485110684e+01
1.418924000000000074e+00	1.361679981938713802e+01
1.422549999999999981e+00	1.312872092885670838e+01
1.426417000000000046e+00	1.282131380504971041e+01
1.430868000000000029e+00	1.249837900488621223e+01
1.436091000000000006e+00	1.247401104141054695e+01
1.441923000000000066e+00	1.276391216683312813e+01
1.448144000000000098e+00	1.276696260838000185e+01
1.454538000000000109e+00	1.303150659258898614e+01
1.460887000000000047e+00	1.339640283954383371e+01
1.467041999999999957e+00	1.361356561864299941e+01
1.473030999999999979e+00	1.395565285993216520e+01
1.478914000000000062e+00	1.432686688780267481e+01
1.484749000000000096e+00	1.457872249747234505e+01
1.490591999999999917e+00	1.448724072618986014e+01
1.496488000000000040e+00	1.454974797647702367e+01
1.502428000000000097e+00	1.433102324873187960e+01
1.508397999999999906e+00	1.410642450754657773e+01
1.514380999999999977e+00	1.374805136509905701e+01
1.520361999999999991e+00	1.350050720004628602e+01
1.526329999999999965e+00	1.352477879232915114e+01
1.532284999999999897e+00	1.340014350987586589e+01
1.538232999999999961e+00	1.336577792565324607e+01
1.544175999999999993e+00	1.353607468704619343e+01
1.550119999999999942e+00	1.332858863493428103e+01
1.556068000000000007e+00	1.345581350356143879e+01
1.562019000000000046e+00	1.357429690413746748e+01
1.567971999999999921e+00	1.352704824482858115e+01
1.573925999999999936e+00	1.349485623339228191e+01
1.579879999999999951e+00	1.389490842091053047e+01
1.585833000000000048e+00	1.430189405222174237e+01
1.591785000000000005e+00	1.488340831621755100e+01
1.597736999999999963e+00	1.519991880281486551e+01
1.603688000000000002e+00	1.583271731651589853e+01
1.609639000000000042e+00	1.586403811121497398e+01
1.615590999999999999e+00	1.568117139525441495e+01
1.621542999999999957e+00	1.539562505110392721e+01
1.627494999999999914e+00	1.484758700260324815e+01
1.633447000000000093e+00	1.448853324510370300e+01
1.639399000000000051e+00	1.433309254771595143e+01
1.645350000000000090e+00	1.455894378307798220e+01
1.651302000000000048e+00	1.493619646855603023e+01
1.657253000000000087e+00	1.529918254151989565e+01
1.663205000000000044e+00	1.579884377007962470e+01
1.669157999999999920e+00	1.619832947662670364e+01
1.675111999999999934e+00	1.625992996664932377e+01
1.681065999999999949e+00	1.615503246057989983e+01
1.687019000000000046e+00	1.613984563947000339e+01
1.692971000000000004e+00	1.601078136008196040e+01
1.698919000000000068e+00	1.630655351149718157e+01
1.704863000000000017e+00	1.638435889247661237e+01
1.710806999999999967e+00	1.683879910054058016e+01
1.716752999999999973e+00	1.713832243150102741e+01
1.722706999999999988e+00	1.743395994324031051e+01
1.728671999999999986e+00	1.782853659838458071e+01
1.734652000000000083e+00	1.801208987797188499e+01
1.740636000000000072e+00	1.814868552849607042e+01
1.746609000000000078e+00	1.799021626693333076e+01
1.752555000000000085e+00	1.793149729682491866e+01
1.758458000000000077e+00	1.776179757840512963e+01
1.764308999999999905e+00	1.738114017769921915e+01
1.770140999999999964e+00	1.709633541241291610e+01
1.776011999999999924e+00	1.682062984426529439e+01
1.781979999999999897e+00	1.678448251185253781e+01
1.788105000000000055e+00	1.656180443975212668e+01
1.794426999999999994e+00	1.636773639802818536e+01
1.800829000000000013e+00	1.645704509794534331e+01
1.807091999999999921e+00	1.611860442149461647e+01
1.813002000000000002e+00	1.636908720819965524e+01
1.818338000000000010e+00	1.659600225424558673e+01
1.822912000000000088e+00	1.692469575569944595e+01
1.826850000000000085e+00	1.729770610981987033e+01
1.830492000000000008e+00	1.776520328893019496e+01
1.834179999999999922e+00	1.820963699529754720e+01
1.838259000000000087e+00	1.828446850587867445e+01
1.843048000000000020e+00	1.817519613398314249e+01
1.848562000000000038e+00	1.781481611296863932e+01
1.854589999999999961e+00	1.769213330921550309e+01
1.860913000000000039e+00	1.719174883617114347e+01
1.867313999999999918e+00	1.704454953723466559e+01
1.873583999999999916e+00	1.697723930878411380e+01
1.879660000000000108e+00	1.703064906617613161e+01
1.885596000000000050e+00	1.718526501171594845e+01
1.891450999999999993e+00	1.758276571642973707e+01
1.897281999999999913e+00	1.756894947731092671e+01
1.903146999999999922e+00	1.745660183862361592e+01
1.909062999999999954e+00	1.704309617853426673e+01
1.915018000000000109e+00	1.701749407324871655e+01
1.920995999999999926e+00	1.643489035419672106e+01
1.926979999999999915e+00	1.644268643179064782e+01
1.932955999999999896e+00	1.637364741466736007e+01
1.938917999999999919e+00	1.630855232792793075e+01
1.944868999999999959e+00	1.618209597195989957e+01
1.950814000000000048e+00	1.653065710947517175e+01
1.956757999999999997e+00	1.665263762244168078e+01
1.962703000000000086e+00	1.667443054515764800e+01
1.968652000000000069e+00	1.730324143213724497e+01
1.974604000000000026e+00	1.725116504145388419e+01
1.980558000000000041e+00	1.750268546509957801e+01
1.986512000000000056e+00	1.755698236997970696e+01
1.992466000000000070e+00	1.748840469897969641e+01
1.998418000000000028e+00	1.766219706226745956e+01
2.004370000000000207e+00	1.775131733205767759e+01
2.010321999999999942e+00	1.764291652198816962e+01
2.016272999999999982e+00	1.746599439385007102e+01
2.022224000000000022e+00	1.750324716679120485e+01
2.028176000000000201e+00	1.774208188416954357e+01
2.034127999999999936e+00	1.768170889019265957e+01
2.040080000000000116e+00	1.779553082201137926e+01
2.046031999999999851e+00	1.774678711469506709e+01
2.051984000000000030e+00	1.773670011754846954e+01
2.057935000000000070e+00	1.760521990398873271e+01
2.063886999999999805e+00	1.760179713703366389e+01
2.069837999999999845e+00	1.767764056264934069e+01
2.075791000000000164e+00	1.780319158595349194e+01
2.081744000000000039e+00	1.760221492759576378e+01
2.087698000000000054e+00	1.755903011018147097e+01
2.093652000000000069e+00	1.755057049683188097e+01
2.099604999999999944e+00	1.746228247070010653e+01
2.105554999999999843e+00	1.748711778826967844e+01
2.111501000000000072e+00	1.751177784597557263e+01
2.117445000000000022e+00	1.732343199114806609e+01
2.123388999999999971e+00	1.757168449454757564e+01
2.129338000000000175e+00	1.734581228116709894e+01
2.135295999999999861e+00	1.752250786646296277e+01
2.141268000000000171e+00	1.752619621278405049e+01
2.147250999999999799e+00	1.710956810320957899e+01
2.153232000000000035e+00	1.714732254276239587e+01
2.159196000000000115e+00	1.720875392462291487e+01
2.165125000000000188e+00	1.718050859671756214e+01
2.171006000000000213e+00	1.725333303566115006e+01
2.176841000000000026e+00	1.744048834028460959e+01
2.182682999999999929e+00	1.781234329015218165e+01
2.188588999999999896e+00	1.831865217223603537e+01
2.194618000000000180e+00	1.853150743151937974e+01
2.200828000000000007e+00	1.901835779415996797e+01
2.207209999999999894e+00	1.928128047726135819e+01
2.213579000000000185e+00	1.935314331076432381e+01
2.219714999999999883e+00	1.943820268410492957e+01
2.225403000000000020e+00	1.944895722109989222e+01
2.230423000000000044e+00	1.898335266870815019e+01
2.234681000000000139e+00	1.863336324594652638e+01
2.238447999999999993e+00	1.799820986284898439e+01
2.242068000000000172e+00	1.763154778995871297e+01
2.245884000000000214e+00	1.726487697014742295e+01
2.250237999999999960e+00	1.717373851403839780e+01
2.255365999999999982e+00	1.718242803194191382e+01
2.261130000000000084e+00	1.746017155092217266e+01
2.267313000000000134e+00	1.769244545849507233e+01
2.273696000000000161e+00	1.824614133975665808e+01
2.280063999999999869e+00	1.839104880727130720e+01
2.286243999999999943e+00	1.888376674528734256e+01
2.292251999999999956e+00	1.908695975419282220e+01
2.298146000000000022e+00	1.927630474573624397e+01
2.303983000000000114e+00	1.925681648795979228e+01
2.309822000000000042e+00	1.977415604353290490e+01
2.315710999999999853e+00	1.998210467618018527e+01
2.321645999999999876e+00	2.026685335477226602e+01
2.327612999999999932e+00	2.070290857689142783e+01
2.333594999999999864e+00	2.072963788309958133e+01
2.339576999999999796e+00	2.082614951831257954e+01
2.345546999999999827e+00	2.036742582791262635e+01
2.351503999999999817e+00	2.019862744741415028e+01
2.357451999999999881e+00	1.965778296452232965e+01
2.363395999999999830e+00	1.892400592628303357e+01
2.369339000000000084e+00	1.828371790580262868e+01
2.375286000000000008e+00	1.770708057861960327e+01
2.381237000000000048e+00	1.715152945171165300e+01
2.387189999999999923e+00	1.667709013238049565e+01
2.393143999999999938e+00	1.626474550178658518e+01
2.399097999999999953e+00	1.615888185380597974e+01
2.405050999999999828e+00	1.646130661272909279e+01
2.411004000000000147e+00	1.632048771011500676e+01
2.416955999999999882e+00	1.635048562862745314e+01
2.422906999999999922e+00	1.675889424185359289e+01
2.428857999999999961e+00	1.742631291722265274e+01
2.434809000000000001e+00	1.781142264592722313e+01
2.440760000000000041e+00	1.850799212980646047e+01
2.446712000000000220e+00	1.888800455735276529e+01
2.452663999999999955e+00	1.948680197341676035e+01
2.458616999999999830e+00	1.989537374949533088e+01
2.464570999999999845e+00	2.079310744301183789e+01
2.470524999999999860e+00	2.113169889336109364e+01
2.476478000000000179e+00	2.146625839227558785e+01
2.482429999999999914e+00	2.147699659060358357e+01
2.488377999999999979e+00	2.152543283647115047e+01
2.494323000000000068e+00	2.107037530831027183e+01
2.500265999999999877e+00	2.063630950405370257e+01
2.506212000000000106e+00	2.003491007231380650e+01
2.512164999999999981e+00	1.965897444334665067e+01
2.518129000000000062e+00	1.924373165590851187e+01
2.524108000000000018e+00	1.905248287351223269e+01
2.530091999999999786e+00	1.928917488738543184e+01
2.536067000000000071e+00	1.982350159913803367e+01
2.542015999999999831e+00	2.001617551289686503e+01
2.547924000000000078e+00	1.990259251922368477e+01
2.553779000000000021e+00	1.981007247816243932e+01
2.559610000000000163e+00	1.927395128335014363e+01
2.565475000000000172e+00	1.856089668986975383e+01
2.571432000000000162e+00	1.827714719477313210e+01
2.577539999999999942e+00	1.812233064896500423e+01
2.583845999999999865e+00	1.852114552231975964e+01
2.590249000000000024e+00	1.930904909178333995e+01
2.596534000000000120e+00	2.002982680742774946e+01
2.602485000000000159e+00	2.084124397120477923e+01
2.607883000000000173e+00	2.091131406560389649e+01
2.612527000000000044e+00	2.047641993093778368e+01
2.616509000000000196e+00	1.933835430918149001e+01
2.620163999999999938e+00	1.775652886693085009e+01
2.623834000000000000e+00	1.587779038391620290e+01
2.627863000000000060e+00	1.454094849382692090e+01
2.632579999999999920e+00	1.348581913618378358e+01
2.638037000000000187e+00	1.254050374181720429e+01
2.644026000000000209e+00	1.221286685443316422e+01
2.650332000000000132e+00	1.235829994240507723e+01
2.656734000000000151e+00	1.311851123246424500e+01
2.663022999999999918e+00	1.391944161828740967e+01
2.669115000000000126e+00	1.516858051418201647e+01
2.675060999999999911e+00	1.660579281389751216e+01
2.680919999999999970e+00	1.818009972207138958e+01
2.686751000000000111e+00	1.952602611915436626e+01
2.692610999999999866e+00	2.070397737280118378e+01
2.698523999999999923e+00	2.179044367640807067e+01
2.704476000000000102e+00	2.232430481243055453e+01
2.710452000000000083e+00	2.249447797164426177e+01
2.716435999999999851e+00	2.182461439519880031e+01
2.722412999999999972e+00	2.082580793279928955e+01
2.728375999999999912e+00	1.945187821350842938e+01
2.734328000000000092e+00	1.759674617299687682e+01
2.740273999999999877e+00	1.537714416628316272e+01
2.746217000000000130e+00	1.343663859888773437e+01
2.752162000000000219e+00	1.220265186030054139e+01
2.758110999999999979e+00	1.097190110786105421e+01
2.764063000000000159e+00	1.047435630795946437e+01
2.770016000000000034e+00	9.862167315283361546e+00
2.775971000000000188e+00	9.705959064107167578e+00
2.781924000000000063e+00	9.441775872837247618e+00
2.787876999999999938e+00	9.489953246665900011e+00
2.793829000000000118e+00	9.881336918474953990e+00
2.799780999999999853e+00	1.106288286084426709e+01
2.805731999999999893e+00	1.311554432432865092e+01
2.811682999999999932e+00	1.653418923930325946e+01
2.817635000000000112e+00	2.121700247654301563e+01
2.823586999999999847e+00	2.648039957106576381e+01
2.829539000000000026e+00	3.137216126982049502e+01
2.835491000000000206e+00	3.509551910346031889e+01
2.841442999999999941e+00	3.705023635625618539e+01
2.847395000000000120e+00	3.669207963431344410e+01
2.853346999999999856e+00	3.481548951972124684e+01
2.859299000000000035e+00	3.162129922622829881e+01
2.865251000000000214e+00	2.774970390186631874e+01
2.871201999999999810e+00	2.392120342341928207e+01
2.877153999999999989e+00	2.064433558121005063e+01
2.883106000000000169e+00	1.813248583676598003e+01
2.889057999999999904e+00	1.637680919005465441e+01
2.895010000000000083e+00	1.576578013477416818e+01
2.900961999999999819e+00	1.652072156994055874e+01
2.906913999999999998e+00	1.845732937984654143e+01
2.912866000000000177e+00	2.163041066832353820e+01
2.918817999999999913e+00	2.465202270800461193e+01
2.924770000000000092e+00	2.757287178625464108e+01
2.930721000000000132e+00	2.951489193425003066e+01
2.936672999999999867e+00	3.012318703890776206e+01
2.942625000000000046e+00	2.983984343511240311e+01
2.948576999999999781e+00	2.914613108595835911e+01
2.954528999999999961e+00	2.833193976455929075e+01
2.960481000000000140e+00	2.789574671230905167e+01
2.966432999999999875e+00	2.791713833943050105e+01
2.972385000000000055e+00	2.815927418456691456e+01
2.978336999999999790e+00	2.860133489017048447e+01
2.984288999999999970e+00	2.833823452007233001e+01
2.990240000000000009e+00	2.689552144901568909e+01
2.996192000000000188e+00	2.428001164944295809e+01
3.002143999999999924e+00	1.996947088945506721e+01
3.008096000000000103e+00	1.330686587344303362e+01
3.014047999999999838e+00	3.763539932581222658e+00
3.020000000000000018e+00	-8.700389724480096731e+00
