1.199999999999999956e-01	7.609566904108511665e+00
1.249780000000000058e-01	5.764018906421337185e+00
1.305999999999999939e-01	3.737948279533667595e+00
1.367059999999999942e-01	2.268546291049130748e+00
1.431360000000000132e-01	2.295440872417567668e+00
1.497320000000000040e-01	1.872039908766268912e+00
1.563350000000000017e-01	9.302154811592855399e-01
1.627850000000000130e-01	1.220715293910637378e+00
1.689219999999999888e-01	1.007719627403592444e+00
1.745889999999999942e-01	5.925903792374175305e-01
1.796250000000000069e-01	9.981081556023201351e-01
1.839349999999999874e-01	1.455761299284207944e+00
1.877439999999999942e-01	9.148329043456141507e-01
1.913779999999999926e-01	1.085772127059825509e+00
1.951660000000000061e-01	2.132741158083077071e+00
1.994340000000000002e-01	2.071405451648208995e+00
2.044499999999999929e-01	2.868970363397415735e+00
2.101250000000000062e-01	3.182909732296048233e+00
2.162479999999999958e-01	2.995203784490360288e+00
2.226049999999999973e-01	4.086815191124095747e+00
2.289819999999999911e-01	3.844527272212406643e+00
2.351930000000000132e-01	3.561207875282872415e+00
2.412249999999999950e-01	2.826124607265795063e+00
2.471349999999999936e-01	2.457899378743697572e+00
2.529799999999999827e-01	1.990400256369595278e+00
2.588170000000000193e-01	1.578500408210022687e+00
2.646970000000000156e-01	8.224236814802802220e-01
2.706259999999999777e-01	1.741114854415182656e+00
2.765880000000000005e-01	1.878942237704071427e+00
2.825679999999999858e-01	2.022079152180144224e+00
2.885510000000000019e-01	1.334597103888067071e+00
2.945229999999999793e-01	2.667051987721378303e+00
3.004809999999999981e-01	2.016705841611542205e+00
3.064310000000000089e-01	2.121974960541677113e+00
3.123750000000000138e-01	2.495082523210622405e+00
3.183190000000000186e-01	1.638035104565801481e+00
3.242650000000000254e-01	2.829318043368997060e+00
3.302149999999999808e-01	3.325715824696207967e+00
3.361680000000000224e-01	2.696725432571896786e+00
3.421210000000000084e-01	2.905553661184872016e+00
3.480759999999999965e-01	2.786752162122511756e+00
3.540289999999999826e-01	3.310151000612307826e+00
3.599809999999999954e-01	3.349457134612634501e+00
3.659330000000000083e-01	2.403517624323588286e+00
3.718839999999999923e-01	2.502607184823894659e+00
3.778360000000000052e-01	2.936420858445047521e+00
3.837869999999999893e-01	2.972636526156831493e+00
3.897390000000000021e-01	2.948865065108097649e+00
3.956910000000000149e-01	2.880861795408858228e+00
4.016429999999999723e-01	3.109403357461705486e+00
4.075949999999999851e-01	2.644017764360082623e+00
4.135469999999999979e-01	2.709576309308322273e+00
4.194979999999999820e-01	1.487989894814078395e+00
4.254499999999999948e-01	2.333772912592895654e+00
4.314009999999999789e-01	2.310500031355349204e+00
4.373540000000000205e-01	2.966268310430563826e+00
4.433079999999999798e-01	2.566880948834551202e+00
4.492619999999999947e-01	3.004502328249583076e+00
4.552160000000000095e-01	3.456903898096799210e+00
4.611680000000000224e-01	4.229683933944646590e+00
4.671170000000000044e-01	3.419566653335817552e+00
4.730619999999999825e-01	3.041204956561034400e+00
4.790059999999999873e-01	4.020078129572427272e+00
4.849510000000000209e-01	4.007470790915382608e+00
4.909020000000000050e-01	3.072778838678843272e+00
4.968629999999999991e-01	3.117209982068459340e+00
5.028390000000000359e-01	2.959486220244255783e+00
5.088230000000000253e-01	3.598465981746005848e+00
5.148009999999999531e-01	4.091314702583896512e+00
5.207570000000000254e-01	4.194153560162964034e+00
5.266750000000000043e-01	5.320954823867399597e+00
5.325410000000000421e-01	3.773263174939724962e+00
5.383719999999999617e-01	4.209465185057092995e+00
5.442249999999999588e-01	4.144894243333046902e+00
5.501580000000000359e-01	3.284920558001360291e+00
5.562289999999999734e-01	3.422746500601721920e+00
5.624930000000000208e-01	3.948694525814674616e+00
5.688929999999999820e-01	3.129871437324752481e+00
5.752220000000000111e-01	4.126169546636427654e+00
5.812610000000000277e-01	3.784490332112830480e+00
5.867949999999999555e-01	4.153253121964591621e+00
5.916080000000000227e-01	4.070174994904018462e+00
5.957040000000000113e-01	3.530497592865251555e+00
5.993990000000000151e-01	4.066007505588453697e+00
6.030370000000000452e-01	3.493792009358246187e+00
6.069609999999999728e-01	3.335518395688570781e+00
6.115110000000000268e-01	3.916937381116440520e+00
6.168270000000000142e-01	4.182517664097391119e+00
6.227219999999999978e-01	4.254943621799335496e+00
6.289789999999999548e-01	3.787105157506448272e+00
6.353790000000000271e-01	5.429043599736901093e+00
6.417070000000000274e-01	5.699985504350129517e+00
6.478369999999999962e-01	5.788585347301101081e+00
6.538089999999999735e-01	4.767127304794612996e+00
6.596819999999999906e-01	4.724192368975735690e+00
6.655140000000000500e-01	5.152969830940242524e+00
6.713630000000000431e-01	5.043961090747959730e+00
6.772660000000000347e-01	5.750533862890740977e+00
6.832110000000000127e-01	4.810820282698026418e+00
6.891829999999999901e-01	5.532214329390177099e+00
6.951669999999999794e-01	6.365805757117943386e+00
7.011469999999999647e-01	6.040314860611723624e+00
7.071119999999999628e-01	5.966805773170736238e+00
7.130670000000000064e-01	6.244476497077489974e+00
7.190130000000000132e-01	5.846201809866302668e+00
7.249569999999999625e-01	5.799897965131308730e+00
7.309010000000000229e-01	6.463156072205292091e+00
7.368489999999999762e-01	6.374424389143594993e+00
7.428000000000000158e-01	5.262721938173180014e+00
7.487530000000000019e-01	5.444009839632747649e+00
7.547080000000000455e-01	4.810275422035425130e+00
7.606619999999999493e-01	4.984410635861413752e+00
7.666140000000000176e-01	5.035942976768544632e+00
7.725670000000000037e-01	4.551090316939053970e+00
7.785180000000000433e-01	5.066683325777495028e+00
7.844689999999999719e-01	5.580492825740951623e+00
7.904210000000000402e-01	5.244647632862072584e+00
7.963729999999999976e-01	5.417800458228990479e+00
8.023249999999999549e-01	5.042697615589076143e+00
8.082770000000000232e-01	4.161657664256292577e+00
8.142289999999999806e-01	5.612866808655653905e+00
8.201800000000000201e-01	4.716281308468456501e+00
8.261319999999999775e-01	5.143850935876705499e+00
8.320830000000000171e-01	6.154320232231270893e+00
8.380349999999999744e-01	5.839323951608337282e+00
8.439870000000000427e-01	6.046172461630641592e+00
8.499400000000000288e-01	5.179114102569811529e+00
8.558940000000000436e-01	6.073961684263664118e+00
8.618479999999999475e-01	5.668701111494147682e+00
8.678010000000000446e-01	6.019493473759265356e+00
8.737519999999999731e-01	5.691195877639113831e+00
8.797000000000000375e-01	5.902704412637049813e+00
8.856439999999999868e-01	5.877747677142751037e+00
8.915870000000000184e-01	6.122367741202694447e+00
8.975349999999999717e-01	6.640989194598974521e+00
9.034900000000000153e-01	6.179458069228972228e+00
9.094569999999999599e-01	6.948287858481267953e+00
9.154379999999999740e-01	7.114310752335224919e+00
9.214210000000000456e-01	6.719985361056100892e+00
9.273909999999999654e-01	6.474270109997882550e+00
9.333329999999999682e-01	6.255437924408030703e+00
9.392300000000000093e-01	6.026234962233767867e+00
9.450749999999999984e-01	6.111045690288023913e+00
9.509090000000000042e-01	5.636410972854386969e+00
9.567890000000000006e-01	5.739040779290665917e+00
9.627750000000000474e-01	5.438947792227635247e+00
9.689229999999999787e-01	5.554513483267450091e+00
9.752680000000000238e-01	5.153866917962418803e+00
9.816639999999999810e-01	5.445680876889019473e+00
9.878930000000000211e-01	5.446896967213817220e+00
9.937399999999999567e-01	6.666590170722333397e+00
9.989850000000000119e-01	6.313791208329834426e+00
1.003457999999999961e+00	6.449590497025003977e+00
1.007338000000000067e+00	7.072070476917471815e+00
1.010966000000000031e+00	7.994562196726454850e+00
1.014685999999999977e+00	7.295643569447880061e+00
1.018841000000000108e+00	7.816147103817637998e+00
1.023735000000000062e+00	7.387938339777007535e+00
1.029328999999999938e+00	7.977633173955627655e+00
1.035408000000000106e+00	7.214840460078590922e+00
1.041754000000000069e+00	6.961319778166979333e+00
1.048148999999999997e+00	7.064328276176803811e+00
1.054391999999999996e+00	7.941248259950552502e+00
1.060446000000000000e+00	7.429914368430574179e+00
1.066368999999999900e+00	6.595304770085728130e+00
1.072216999999999976e+00	7.312105435533553965e+00
1.078049000000000035e+00	7.636137919419924813e+00
1.083920999999999912e+00	7.431416845656008796e+00
1.089842999999999895e+00	7.559643983996599204e+00
1.095801999999999943e+00	7.319127993131944621e+00
1.101780999999999899e+00	7.006510720426774697e+00
1.107765000000000111e+00	6.741572844753182636e+00
1.113739999999999952e+00	7.278934991804268506e+00
1.119699999999999918e+00	6.912684377281862247e+00
1.125650000000000039e+00	7.307957117947695203e+00
1.131594999999999906e+00	8.049926201934709979e+00
1.137537999999999938e+00	8.185441335662643425e+00
1.143483999999999945e+00	8.705979711718429215e+00
1.149432999999999927e+00	7.830167942388894353e+00
1.155386000000000024e+00	7.043716028614282365e+00
1.161338999999999899e+00	7.387030032030614812e+00
1.167294000000000054e+00	7.214762804248614714e+00
1.173246999999999929e+00	7.366420764376198527e+00
1.179200000000000026e+00	6.797488214783162341e+00
1.185151999999999983e+00	6.664532461959811194e+00
1.191103000000000023e+00	6.761396413911455738e+00
1.197054000000000062e+00	7.489840988432709956e+00
1.203006000000000020e+00	7.631988308010205557e+00
1.208957999999999977e+00	7.054270095381832029e+00
1.214909999999999934e+00	6.947695261685093548e+00
1.220861999999999892e+00	7.349224142797707415e+00
1.226814000000000071e+00	6.857037422295834794e+00
1.232765000000000111e+00	6.580885070987099184e+00
1.238717000000000068e+00	7.250976982836006002e+00
1.244668000000000108e+00	6.693385165680960647e+00
1.250620000000000065e+00	7.925337013269109221e+00
1.256572000000000022e+00	7.592814568178758883e+00
1.262526000000000037e+00	7.941381483298664890e+00
1.268480000000000052e+00	8.126553841828293656e+00
1.274434000000000067e+00	8.361117609097153291e+00
1.280386000000000024e+00	7.997532195420828494e+00
1.286335999999999924e+00	8.278758367248851613e+00
1.292281999999999931e+00	8.032316398655675371e+00
1.298224999999999962e+00	7.711807294738708407e+00
1.304170000000000051e+00	8.392650327818786948e+00
1.310119999999999951e+00	8.065625189924871208e+00
1.316079999999999917e+00	8.104651078474292447e+00
1.322052999999999923e+00	7.818175937284486565e+00
1.328036999999999912e+00	8.960845674549513973e+00
1.334017000000000008e+00	9.200967305389092132e+00
1.339976000000000056e+00	8.498919250143389448e+00
1.345900000000000096e+00	8.127425836870752818e+00
1.351774000000000031e+00	8.384007375314570965e+00
1.357607000000000008e+00	8.487111767176164889e+00
1.363453000000000026e+00	9.206065274079701766e+00
1.369372000000000034e+00	9.404258837963000772e+00
1.375421999999999922e+00	9.514943713155954441e+00
1.381658999999999970e+00	9.710713428203508357e+00
1.388052000000000064e+00	1.012341436782311810e+01
1.394403000000000059e+00	9.795847031920274617e+00
1.400492999999999988e+00	1.002484543827832653e+01
1.406104999999999938e+00	9.734126054454115717e+00
1.411021999999999998e+00	1.081540338855480066e+01
1.415195999999999898e+00	1.080946945638101653e+01
1.418924000000000074e+00	1.078306144608856698e+01
1.422549999999999981e+00	1.108166670157709177e+01
1.426417000000000046e+00	1.207297248923293154e+01
1.430868000000000029e+00	1.084408436590466529e+01
1.436091000000000006e+00	1.061116163612573615e+01
1.441923000000000066e+00	1.123686023860584982e+01
1.448144000000000098e+00	1.064781749928230958e+01
1.454538000000000109e+00	1.061839008811631579e+01
1.460887000000000047e+00	8.908334330867214490e+00
1.467041999999999957e+00	9.643889713831311994e+00
1.473030999999999979e+00	1.030480501878995980e+01
1.478914000000000062e+00	9.887853867084219317e+00
1.484749000000000096e+00	9.131386337061627501e+00
1.490591999999999917e+00	9.128071801871275426e+00
1.496488000000000040e+00	1.014394314461370428e+01
1.502428000000000097e+00	9.500122366121733108e+00
1.508397999999999906e+00	9.616107635888164751e+00
1.514380999999999977e+00	9.052187982143845346e+00
1.520361999999999991e+00	9.760705699018270565e+00
1.526329999999999965e+00	1.060286757117683898e+01
1.532284999999999897e+00	1.114900372761171887e+01
1.538232999999999961e+00	1.077605000676635427e+01
1.544175999999999993e+00	1.117611534390108652e+01
1.550119999999999942e+00	1.192956280611822706e+01
1.556068000000000007e+00	1.140387731518951142e+01
1.562019000000000046e+00	1.218538388342216372e+01
1.567971999999999921e+00	1.192569804810960932e+01
1.573925999999999936e+00	1.068789449848559769e+01
1.579879999999999951e+00	1.113117348071319590e+01
1.585833000000000048e+00	1.057810793914969594e+01
1.591785000000000005e+00	1.102842910734487170e+01
1.597736999999999963e+00	1.218301915502315325e+01
1.603688000000000002e+00	1.231208134539907562e+01
1.609639000000000042e+00	1.211677712612188529e+01
1.615590999999999999e+00	1.257508738430453654e+01
1.621542999999999957e+00	1.225435778159638822e+01
1.627494999999999914e+00	1.345757001265922526e+01
1.633447000000000093e+00	1.368439906145586171e+01
1.639399000000000051e+00	1.377169492416073027e+01
1.645350000000000090e+00	1.357842028088307096e+01
1.651302000000000048e+00	1.392238646463965246e+01
1.657253000000000087e+00	1.378889238843326126e+01
1.663205000000000044e+00	1.355338420432189039e+01
1.669157999999999920e+00	1.407000265500277791e+01
1.675111999999999934e+00	1.401905448518223984e+01
1.681065999999999949e+00	1.439391005259686729e+01
1.687019000000000046e+00	1.513308329136702746e+01
1.692971000000000004e+00	1.422917998351857172e+01
1.698919000000000068e+00	1.507353926831867419e+01
1.704863000000000017e+00	1.469974357574819557e+01
1.710806999999999967e+00	1.461857411619520164e+01
1.716752999999999973e+00	1.481082467690302984e+01
1.722706999999999988e+00	1.416314192099943270e+01
1.728671999999999986e+00	1.406948439097546455e+01
1.734652000000000083e+00	1.373369603250907822e+01
1.740636000000000072e+00	1.332749821843765048e+01
1.746609000000000078e+00	1.304785528842754694e+01
1.752555000000000085e+00	1.272083666379776012e+01
1.758458000000000077e+00	1.308537172755164235e+01
1.764308999999999905e+00	1.155445855262592403e+01
1.770140999999999964e+00	1.280261314101057479e+01
1.776011999999999924e+00	1.207834319073393914e+01
1.781979999999999897e+00	1.268795391613435264e+01
1.788105000000000055e+00	1.223417188862214822e+01
1.794426999999999994e+00	1.335878689717256940e+01
1.800829000000000013e+00	1.290612196542038070e+01
1.807091999999999921e+00	1.411919186433115669e+01
1.813002000000000002e+00	1.359975207490402127e+01
1.818338000000000010e+00	1.435801778289243735e+01
1.822912000000000088e+00	1.467047481192882685e+01
1.826850000000000085e+00	1.574533208192016609e+01
1.830492000000000008e+00	1.569568087046154048e+01
1.834179999999999922e+00	1.589036531863960633e+01
1.838259000000000087e+00	1.594158400787523711e+01
1.843048000000000020e+00	1.610538787064839283e+01
1.848562000000000038e+00	1.532042252094346857e+01
1.854589999999999961e+00	1.688001696707352295e+01
1.860913000000000039e+00	1.623611851834798969e+01
1.867313999999999918e+00	1.646838196016491196e+01
1.873583999999999916e+00	1.538982481775679112e+01
1.879660000000000108e+00	1.482447479122600242e+01
1.885596000000000050e+00	1.443664323982574516e+01
1.891450999999999993e+00	1.364216016217388194e+01
1.897281999999999913e+00	1.340435924669855439e+01
1.903146999999999922e+00	1.243946224721015170e+01
1.909062999999999954e+00	1.237003293249348879e+01
1.915018000000000109e+00	1.222587193946716333e+01
1.920995999999999926e+00	1.156545277475556688e+01
1.926979999999999915e+00	1.276182057158815120e+01
1.932955999999999896e+00	1.234161029298420686e+01
1.938917999999999919e+00	1.264795687496174814e+01
1.944868999999999959e+00	1.147838446269305557e+01
1.950814000000000048e+00	1.114447398640663422e+01
1.956757999999999997e+00	1.083028805147729301e+01
1.962703000000000086e+00	1.049037674126079089e+01
1.968652000000000069e+00	1.036660931075840963e+01
1.974604000000000026e+00	1.008394465638127357e+01
1.980558000000000041e+00	1.099266439628574688e+01
1.986512000000000056e+00	1.106517488697040896e+01
1.992466000000000070e+00	1.094826416786003342e+01
1.998418000000000028e+00	1.195000723483230409e+01
2.004370000000000207e+00	1.243658828903797442e+01
2.010321999999999942e+00	1.314442920892739863e+01
2.016272999999999982e+00	1.266323826143056586e+01
2.022224000000000022e+00	1.283532214264655380e+01
2.028176000000000201e+00	1.360840755624064435e+01
2.034127999999999936e+00	1.408878480863590710e+01
2.040080000000000116e+00	1.340761494425428069e+01
2.046031999999999851e+00	1.476720949157000895e+01
2.051984000000000030e+00	1.433147948714717934e+01
2.057935000000000070e+00	1.517646117414890661e+01
2.063886999999999805e+00	1.495423238319844650e+01
2.069837999999999845e+00	1.563158369904010492e+01
2.075791000000000164e+00	1.601379622352593302e+01
2.081744000000000039e+00	1.570686715552900026e+01
2.087698000000000054e+00	1.639344896121395223e+01
2.093652000000000069e+00	1.643595551760787288e+01
2.099604999999999944e+00	1.670805372875060613e+01
2.105554999999999843e+00	1.573501511041391154e+01
2.111501000000000072e+00	1.449769591016069548e+01
2.117445000000000022e+00	1.580595485674654732e+01
2.123388999999999971e+00	1.479019698774271596e+01
2.129338000000000175e+00	1.520385526184991498e+01
2.135295999999999861e+00	1.512281611644847068e+01
2.141268000000000171e+00	1.517706641292174297e+01
2.147250999999999799e+00	1.506469520132515783e+01
2.153232000000000035e+00	1.464711203195615674e+01
2.159196000000000115e+00	1.446352451231950909e+01
2.165125000000000188e+00	1.397758241633466270e+01
2.171006000000000213e+00	1.380372022381034824e+01
2.176841000000000026e+00	1.394773383718321647e+01
2.182682999999999929e+00	1.426594496965781644e+01
2.188588999999999896e+00	1.503616785307228554e+01
2.194618000000000180e+00	1.439417914152740430e+01
2.200828000000000007e+00	1.439467705718766766e+01
2.207209999999999894e+00	1.450263401784993533e+01
2.213579000000000185e+00	1.434813017793561940e+01
2.219714999999999883e+00	1.550906459005568472e+01
2.225403000000000020e+00	1.605977758442748282e+01
2.230423000000000044e+00	1.698313647812249272e+01
2.234681000000000139e+00	1.835220252816130682e+01
2.238447999999999993e+00	1.993653634185526613e+01
2.242068000000000172e+00	2.131501650442826445e+01
2.245884000000000214e+00	2.270363007625038776e+01
2.250237999999999960e+00	2.415269397801638362e+01
2.255365999999999982e+00	2.526364634339649484e+01
2.261130000000000084e+00	2.591322446620318587e+01
2.267313000000000134e+00	2.679301019994355215e+01
2.273696000000000161e+00	2.623650632504656244e+01
2.280063999999999869e+00	2.611350996662568846e+01
2.286243999999999943e+00	2.572876431931953078e+01
2.292251999999999956e+00	2.413148078510889860e+01
2.298146000000000022e+00	2.413496809218478845e+01
2.303983000000000114e+00	2.196545546951162819e+01
2.309822000000000042e+00	2.014826587938657454e+01
2.315710999999999853e+00	2.026847953238764433e+01
2.321645999999999876e+00	1.803342149799463456e+01
2.327612999999999932e+00	1.637805292800069523e+01
2.333594999999999864e+00	1.512101579848899924e+01
2.339576999999999796e+00	1.500602478347688873e+01
2.345546999999999827e+00	1.320167068526407306e+01
2.351503999999999817e+00	1.197949132000501393e+01
2.357451999999999881e+00	1.153432206738107801e+01
2.363395999999999830e+00	1.168673982059737249e+01
2.369339000000000084e+00	1.085293706480979203e+01
2.375286000000000008e+00	1.023151285151431544e+01
2.381237000000000048e+00	9.407686759775961249e+00
2.387189999999999923e+00	1.123338989289538681e+01
2.393143999999999938e+00	9.987267898362890861e+00
2.399097999999999953e+00	1.025546463475315129e+01
2.405050999999999828e+00	9.838609479730749285e+00
2.411004000000000147e+00	1.047749805617666752e+01
2.416955999999999882e+00	1.043274863996952817e+01
2.422906999999999922e+00	1.093586195952607909e+01
2.428857999999999961e+00	1.170493047236117867e+01
2.434809000000000001e+00	1.325562269260692005e+01
2.440760000000000041e+00	1.355672713902365700e+01
2.446712000000000220e+00	1.502992321083340777e+01
2.452663999999999955e+00	1.652510817789058706e+01
2.458616999999999830e+00	1.827343586107143025e+01
2.464570999999999845e+00	1.829961698201472942e+01
2.470524999999999860e+00	2.067430123607467252e+01
2.476478000000000179e+00	2.020048541280287679e+01
2.482429999999999914e+00	1.940901797439862264e+01
2.488377999999999979e+00	1.955310153389298478e+01
2.494323000000000068e+00	1.930610510078431474e+01
2.500265999999999877e+00	1.871645957969938578e+01
2.506212000000000106e+00	1.673047487159804092e+01
2.512164999999999981e+00	1.580709263793756314e+01
2.518129000000000062e+00	1.448746222826235019e+01
2.524108000000000018e+00	1.225088267134638897e+01
2.530091999999999786e+00	1.012156893596765350e+01
2.536067000000000071e+00	6.830950143132521468e+00
2.542015999999999831e+00	4.772750487161560251e+00
2.547924000000000078e+00	2.142770792237046695e+00
2.553779000000000021e+00	-1.993858300725222799e-01
2.559610000000000163e+00	-4.694679332675375516e-01
2.565475000000000172e+00	-2.359747409164599130e+00
2.571432000000000162e+00	-2.967851964818003285e+00
2.577539999999999942e+00	-3.438841807058080402e+00
2.583845999999999865e+00	-2.871057265123715396e+00
2.590249000000000024e+00	-3.012318983734602718e+00
2.596534000000000120e+00	-1.573380990595739437e+00
2.602485000000000159e+00	1.269594778510166666e+00
2.607883000000000173e+00	4.443000399414644974e+00
2.612527000000000044e+00	7.869254393402712822e+00
2.616509000000000196e+00	1.349674466870755296e+01
2.620163999999999938e+00	1.748846337957369812e+01
2.623834000000000000e+00	2.137516654513125403e+01
2.627863000000000060e+00	2.157812742625627678e+01
2.632579999999999920e+00	1.825838976328789443e+01
2.638037000000000187e+00	1.242156456498410222e+01
2.644026000000000209e+00	5.672756531168483107e+00
2.650332000000000132e+00	-4.170847389359507162e-01
2.656734000000000151e+00	-3.337709279385768557e+00
2.663022999999999918e+00	-1.231592518088853838e+00
2.669115000000000126e+00	5.094977919491711305e+00
2.675060999999999911e+00	1.392763412795764211e+01
2.680919999999999970e+00	2.310736113732924935e+01
2.686751000000000111e+00	3.009642710128575516e+01
2.692610999999999866e+00	3.351929783465261892e+01
2.698523999999999923e+00	3.160589585180579064e+01
2.704476000000000102e+00	2.727520457378788521e+01
2.710452000000000083e+00	2.195468133566236446e+01
2.716435999999999851e+00	1.806410815027427574e+01
2.722412999999999972e+00	1.530512507086128871e+01
2.728375999999999912e+00	1.771774267223888089e+01
2.734328000000000092e+00	2.091181871619374277e+01
2.740273999999999877e+00	2.439153678225694932e+01
2.746217000000000130e+00	2.794088167701328729e+01
2.752162000000000219e+00	2.879262451347346286e+01
2.758110999999999979e+00	2.749909176099080099e+01
2.764063000000000159e+00	2.275614353975212012e+01
2.770016000000000034e+00	1.696492923202508862e+01
2.775971000000000188e+00	1.162402700461520233e+01
2.781924000000000063e+00	5.422791757973114635e+00
2.787876999999999938e+00	2.331500815333253374e-01
2.793829000000000118e+00	-3.726425229130000183e+00
2.799780999999999853e+00	-6.292052563415478694e+00
2.805731999999999893e+00	-7.804780459129926129e+00
2.811682999999999932e+00	-7.437265318086104138e+00
2.817635000000000112e+00	-5.515012688557632714e+00
2.823586999999999847e+00	-3.516842507474409629e+00
2.829539000000000026e+00	-1.746616207283602229e-02
2.835491000000000206e+00	1.923117032423155681e+00
2.841442999999999941e+00	3.805170720310294907e+00
2.847395000000000120e+00	5.497667253403093923e+00
2.853346999999999856e+00	5.695360440367396748e+00
2.859299000000000035e+00	5.294939276676811524e+00
2.865251000000000214e+00	4.268377813717227021e+00
2.871201999999999810e+00	4.383910342936927940e+00
2.877153999999999989e+00	4.370771244512417830e+00
2.883106000000000169e+00	4.983247846012282878e+00
2.889057999999999904e+00	4.595436215634553179e+00
2.895010000000000083e+00	6.280525533515485037e+00
2.900961999999999819e+00	5.679767558080203393e+00
2.906913999999999998e+00	5.927882958676996772e+00
2.912866000000000177e+00	5.953203096059716870e+00
2.918817999999999913e+00	6.381643258780790084e+00
2.924770000000000092e+00	6.032304265711207591e+00
2.930721000000000132e+00	7.185377943078776752e+00
2.936672999999999867e+00	7.495690044196608781e+00
2.942625000000000046e+00	7.269343321913782852e+00
2.948576999999999781e+00	7.447920058069987803e+00
2.954528999999999961e+00	6.825825444069102410e+00
2.960481000000000140e+00	6.257231557990517778e+00
2.966432999999999875e+00	3.692533628667903134e+00
2.972385000000000055e+00	5.254122406004539947e-01
2.978336999999999790e+00	-3.965045421035619189e+00
2.984288999999999970e+00	-6.552768454100260875e+00
2.990240000000000009e+00	-8.441944140389177065e+00
2.996192000000000188e+00	-1.073814367581880802e+01
3.002143999999999924e+00	-1.019567006065243753e+01
3.008096000000000103e+00	-9.068081837462232286e+00
3.014047999999999838e+00	-4.667470501738908872e+00
3.020000000000000018e+00	1.762353583524634226e+00
