1.199999999999999956e-01	5.113756000000000412e+00
1.249780000000000058e-01	3.659902999999999906e+00
1.305999999999999939e-01	2.505142000000000202e+00
1.367059999999999942e-01	1.619269999999999987e+00
1.431360000000000132e-01	9.720839999999999481e-01
1.497320000000000040e-01	5.333830000000000515e-01
1.563350000000000017e-01	2.729650000000000132e-01
1.627850000000000130e-01	1.606269999999999920e-01
1.689219999999999888e-01	1.661670000000000091e-01
1.745889999999999942e-01	2.593840000000000034e-01
1.796250000000000069e-01	4.100750000000000228e-01
1.839349999999999874e-01	5.905329999999999746e-01
1.877439999999999942e-01	7.857859999999999845e-01
1.913779999999999926e-01	9.849099999999999522e-01
1.951660000000000061e-01	1.176984000000000030e+00
1.994340000000000002e-01	1.351086000000000009e+00
2.044499999999999929e-01	1.497529000000000110e+00
2.101250000000000062e-01	1.613749000000000100e+00
2.162479999999999958e-01	1.699734000000000078e+00
2.226049999999999973e-01	1.755471000000000004e+00
2.289819999999999911e-01	1.780952000000000091e+00
2.351930000000000132e-01	1.776948999999999890e+00
2.412249999999999950e-01	1.749363999999999919e+00
2.471349999999999936e-01	1.706159999999999899e+00
2.529799999999999827e-01	1.655308000000000002e+00
2.588170000000000193e-01	1.604775000000000063e+00
2.646970000000000156e-01	1.562038000000000038e+00
2.706259999999999777e-01	1.530890000000000084e+00
2.765880000000000005e-01	1.513465999999999978e+00
2.825679999999999858e-01	1.511892999999999931e+00
2.885510000000000019e-01	1.528297999999999934e+00
2.945229999999999793e-01	1.564278000000000057e+00
3.004809999999999981e-01	1.616921999999999970e+00
3.064310000000000089e-01	1.681049000000000015e+00
3.123750000000000138e-01	1.751457999999999959e+00
3.183190000000000186e-01	1.822950000000000070e+00
3.242650000000000254e-01	1.890579000000000010e+00
3.302149999999999808e-01	1.951877000000000084e+00
3.361680000000000224e-01	2.005771999999999888e+00
3.421210000000000084e-01	2.051206999999999780e+00
3.480759999999999965e-01	2.087123000000000062e+00
3.540289999999999826e-01	2.112635000000000041e+00
3.599809999999999954e-01	2.128769000000000133e+00
3.659330000000000083e-01	2.137754999999999850e+00
3.718839999999999923e-01	2.141840999999999884e+00
3.778360000000000052e-01	2.143273000000000206e+00
3.837869999999999893e-01	2.144232000000000138e+00
3.897390000000000021e-01	2.146008999999999833e+00
3.956910000000000149e-01	2.149274999999999824e+00
4.016429999999999723e-01	2.154689999999999994e+00
4.075949999999999851e-01	2.162910999999999806e+00
4.135469999999999979e-01	2.174589000000000105e+00
4.194979999999999820e-01	2.190262999999999849e+00
4.254499999999999948e-01	2.210380999999999929e+00
4.314009999999999789e-01	2.235392000000000046e+00
4.373540000000000205e-01	2.265740999999999783e+00
4.433079999999999798e-01	2.301858000000000182e+00
4.492619999999999947e-01	2.343812999999999924e+00
4.552160000000000095e-01	2.391372000000000053e+00
4.611680000000000224e-01	2.444288999999999934e+00
4.671170000000000044e-01	2.502318999999999960e+00
4.730619999999999825e-01	2.565163000000000082e+00
4.790059999999999873e-01	2.631381999999999888e+00
4.849510000000000209e-01	2.698439000000000032e+00
4.909020000000000050e-01	2.763752000000000209e+00
4.968629999999999991e-01	2.824740999999999946e+00
5.028390000000000359e-01	2.878871000000000180e+00
5.088230000000000253e-01	2.924773000000000067e+00
5.148009999999999531e-01	2.962327000000000155e+00
5.207570000000000254e-01	2.991476000000000024e+00
5.266750000000000043e-01	3.012160999999999866e+00
5.325410000000000421e-01	3.024372000000000060e+00
5.383719999999999617e-01	3.029681000000000068e+00
5.442249999999999588e-01	3.031534000000000173e+00
5.501580000000000359e-01	3.033488000000000184e+00
5.562289999999999734e-01	3.039099000000000217e+00
5.624930000000000208e-01	3.051884999999999959e+00
5.688929999999999820e-01	3.073865000000000069e+00
5.752220000000000111e-01	3.105080000000000062e+00
5.812610000000000277e-01	3.145433000000000145e+00
5.867949999999999555e-01	3.194830000000000059e+00
5.916080000000000227e-01	3.253150999999999904e+00
5.957040000000000113e-01	3.319069999999999965e+00
5.993990000000000151e-01	3.389486000000000221e+00
6.030370000000000452e-01	3.461157000000000039e+00
6.069609999999999728e-01	3.530841999999999814e+00
6.115110000000000268e-01	3.595318999999999932e+00
6.168270000000000142e-01	3.652855999999999881e+00
6.227219999999999978e-01	3.704150999999999971e+00
6.289789999999999548e-01	3.750131999999999799e+00
6.353790000000000271e-01	3.791722000000000037e+00
6.417070000000000274e-01	3.829851999999999812e+00
6.478369999999999962e-01	3.865968000000000071e+00
6.538089999999999735e-01	3.902455999999999925e+00
6.596819999999999906e-01	3.941799000000000053e+00
6.655140000000000500e-01	3.986483999999999916e+00
6.713630000000000431e-01	4.038981999999999850e+00
6.772660000000000347e-01	4.099849999999999994e+00
6.832110000000000127e-01	4.165739000000000303e+00
6.891829999999999901e-01	4.232821999999999640e+00
6.951669999999999794e-01	4.297276000000000096e+00
7.011469999999999647e-01	4.355274999999999785e+00
7.071119999999999628e-01	4.403184000000000431e+00
7.130670000000000064e-01	4.437793000000000099e+00
7.190130000000000132e-01	4.455955000000000332e+00
7.249569999999999625e-01	4.454520999999999731e+00
7.309010000000000229e-01	4.430348000000000397e+00
7.368489999999999762e-01	4.382617999999999903e+00
7.428000000000000158e-01	4.316457999999999906e+00
7.487530000000000019e-01	4.237934000000000090e+00
7.547080000000000455e-01	4.153114999999999668e+00
7.606619999999999493e-01	4.068064999999999820e+00
7.666140000000000176e-01	3.988823000000000008e+00
7.725670000000000037e-01	3.921339000000000130e+00
7.785180000000000433e-01	3.871551000000000187e+00
7.844689999999999719e-01	3.845394999999999897e+00
7.904210000000000402e-01	3.848806999999999867e+00
7.963729999999999976e-01	3.885698999999999792e+00
8.023249999999999549e-01	3.953434999999999810e+00
8.082770000000000232e-01	4.048053000000000345e+00
8.142289999999999806e-01	4.165591000000000044e+00
8.201800000000000201e-01	4.302088000000000356e+00
8.261319999999999775e-01	4.453025000000000233e+00
8.320830000000000171e-01	4.611849999999999561e+00
8.380349999999999744e-01	4.771546999999999983e+00
8.439870000000000427e-01	4.925100999999999729e+00
8.499400000000000288e-01	5.065494000000000163e+00
8.558940000000000436e-01	5.186797000000000324e+00
8.618479999999999475e-01	5.287555000000000227e+00
8.678010000000000446e-01	5.367469999999999963e+00
8.737519999999999731e-01	5.426239999999999952e+00
8.797000000000000375e-01	5.463566000000000145e+00
8.856439999999999868e-01	5.479856999999999978e+00
8.915870000000000184e-01	5.478816000000000130e+00
8.975349999999999717e-01	5.465108999999999995e+00
9.034900000000000153e-01	5.443398000000000181e+00
9.094569999999999599e-01	5.418347999999999942e+00
9.154379999999999740e-01	5.394382000000000232e+00
9.214210000000000456e-01	5.374665000000000248e+00
9.273909999999999654e-01	5.361946999999999797e+00
9.333329999999999682e-01	5.358977999999999575e+00
9.392300000000000093e-01	5.368508000000000280e+00
9.450749999999999984e-01	5.392871000000000414e+00
9.509090000000000042e-01	5.431920999999999999e+00
9.567890000000000006e-01	5.484593000000000274e+00
9.627750000000000474e-01	5.549825000000000230e+00
9.689229999999999787e-01	5.626553000000000360e+00
9.752680000000000238e-01	5.713382000000000183e+00
9.816639999999999810e-01	5.806675000000000253e+00
9.878930000000000211e-01	5.901867000000000196e+00
9.937399999999999567e-01	5.994390000000000107e+00
9.989850000000000119e-01	6.079678000000000360e+00
1.003457999999999961e+00	6.153476999999999641e+00
1.007338000000000067e+00	6.213954000000000200e+00
1.010966000000000031e+00	6.260394999999999932e+00
1.014685999999999977e+00	6.292095999999999911e+00
1.018841000000000108e+00	6.308348999999999762e+00
1.023735000000000062e+00	6.308921999999999919e+00
1.029328999999999938e+00	6.297741000000000255e+00
1.035408000000000106e+00	6.280890999999999558e+00
1.041754000000000069e+00	6.264472999999999736e+00
1.048148999999999997e+00	6.254586999999999897e+00
1.054391999999999996e+00	6.257099000000000188e+00
1.060446000000000000e+00	6.275479999999999947e+00
1.066368999999999900e+00	6.311816000000000315e+00
1.072216999999999976e+00	6.368178000000000338e+00
1.078049000000000035e+00	6.446634999999999671e+00
1.083920999999999912e+00	6.548699000000000048e+00
1.089842999999999895e+00	6.669359000000000037e+00
1.095801999999999943e+00	6.799401999999999724e+00
1.101780999999999899e+00	6.929543999999999926e+00
1.107765000000000111e+00	7.050502999999999965e+00
1.113739999999999952e+00	7.153172999999999782e+00
1.119699999999999918e+00	7.230882000000000254e+00
1.125650000000000039e+00	7.278702000000000005e+00
1.131594999999999906e+00	7.291743000000000308e+00
1.137537999999999938e+00	7.265117000000000047e+00
1.143483999999999945e+00	7.194444999999999979e+00
1.149432999999999927e+00	7.083442999999999934e+00
1.155386000000000024e+00	6.942293000000000269e+00
1.161338999999999899e+00	6.781360000000000277e+00
1.167294000000000054e+00	6.611004999999999576e+00
1.173246999999999929e+00	6.441600000000000215e+00
1.179200000000000026e+00	6.283635000000000304e+00
1.185151999999999983e+00	6.147713999999999679e+00
1.191103000000000023e+00	6.044439999999999813e+00
1.197054000000000062e+00	5.984420000000000073e+00
1.203006000000000020e+00	5.977805000000000035e+00
1.208957999999999977e+00	6.024567000000000228e+00
1.214909999999999934e+00	6.114631000000000149e+00
1.220861999999999892e+00	6.237497000000000291e+00
1.226814000000000071e+00	6.382662999999999975e+00
1.232765000000000111e+00	6.539706999999999937e+00
1.238717000000000068e+00	6.700402000000000413e+00
1.244668000000000108e+00	6.858920000000000350e+00
1.250620000000000065e+00	7.009559000000000317e+00
1.256572000000000022e+00	7.146616999999999997e+00
1.262526000000000037e+00	7.264547999999999561e+00
1.268480000000000052e+00	7.363180999999999976e+00
1.274434000000000067e+00	7.448896000000000406e+00
1.280386000000000024e+00	7.528465999999999880e+00
1.286335999999999924e+00	7.608668999999999905e+00
1.292281999999999931e+00	7.696204999999999963e+00
1.298224999999999962e+00	7.794635999999999676e+00
1.304170000000000051e+00	7.903265000000000207e+00
1.310119999999999951e+00	8.021089999999999165e+00
1.316079999999999917e+00	8.147112999999999161e+00
1.322052999999999923e+00	8.280314999999999870e+00
1.328036999999999912e+00	8.418694999999999595e+00
1.334017000000000008e+00	8.558771999999999380e+00
1.339976000000000056e+00	8.696939999999999671e+00
1.345900000000000096e+00	8.829592999999999137e+00
1.351774000000000031e+00	8.953146000000000271e+00
1.357607000000000008e+00	9.065471999999999753e+00
1.363453000000000026e+00	9.166897999999999769e+00
1.369372000000000034e+00	9.257984000000000435e+00
1.375421999999999922e+00	9.339292999999999623e+00
1.381658999999999970e+00	9.411386999999999503e+00
1.388052000000000064e+00	9.474978999999999374e+00
1.394403000000000059e+00	9.531060999999999339e+00
1.400492999999999988e+00	9.580652999999999864e+00
1.406104999999999938e+00	9.624779000000000195e+00
1.411021999999999998e+00	9.664452999999999960e+00
1.415195999999999898e+00	9.699386000000000507e+00
1.418924000000000074e+00	9.726554999999999396e+00
1.422549999999999981e+00	9.742594000000000420e+00
1.426417000000000046e+00	9.744137000000000270e+00
1.430868000000000029e+00	9.727826000000000306e+00
1.436091000000000006e+00	9.692705000000000126e+00
1.441923000000000066e+00	9.643456999999999724e+00
1.448144000000000098e+00	9.585570999999999842e+00
1.454538000000000109e+00	9.524540000000000006e+00
1.460887000000000047e+00	9.465856999999999744e+00
1.467041999999999957e+00	9.416002000000000649e+00
1.473030999999999979e+00	9.384059000000000594e+00
1.478914000000000062e+00	9.379538999999999405e+00
1.484749000000000096e+00	9.411949999999999150e+00
1.490591999999999917e+00	9.490795999999999566e+00
1.496488000000000040e+00	9.620912999999999826e+00
1.502428000000000097e+00	9.793305000000000149e+00
1.508397999999999906e+00	9.996423999999999310e+00
1.514380999999999977e+00	1.021872199999999964e+01
1.520361999999999991e+00	1.044865199999999916e+01
1.526329999999999965e+00	1.067463700000000060e+01
1.532284999999999897e+00	1.088499700000000026e+01
1.538232999999999961e+00	1.106803099999999951e+01
1.544175999999999993e+00	1.121203799999999973e+01
1.550119999999999942e+00	1.130531799999999976e+01
1.556068000000000007e+00	1.134018599999999921e+01
1.562019000000000046e+00	1.132408299999999990e+01
1.567971999999999921e+00	1.126800599999999974e+01
1.573925999999999936e+00	1.118295299999999948e+01
1.579879999999999951e+00	1.107992199999999983e+01
1.585833000000000048e+00	1.096950999999999965e+01
1.591785000000000005e+00	1.086060200000000009e+01
1.597736999999999963e+00	1.076162799999999997e+01
1.603688000000000002e+00	1.068102099999999943e+01
1.609639000000000042e+00	1.062721200000000010e+01
1.615590999999999999e+00	1.060684600000000088e+01
1.621542999999999957e+00	1.061800200000000061e+01
1.627494999999999914e+00	1.065619200000000077e+01
1.633447000000000093e+00	1.071692600000000084e+01
1.639399000000000051e+00	1.079571400000000025e+01
1.645350000000000090e+00	1.088863899999999951e+01
1.651302000000000048e+00	1.099488900000000058e+01
1.657253000000000087e+00	1.111469999999999914e+01
1.663205000000000044e+00	1.124830799999999975e+01
1.669157999999999920e+00	1.139594999999999914e+01
1.675111999999999934e+00	1.155724499999999999e+01
1.681065999999999949e+00	1.172802100000000003e+01
1.687019000000000046e+00	1.190266800000000025e+01
1.692971000000000004e+00	1.207557199999999931e+01
1.698919000000000068e+00	1.224111899999999942e+01
1.704863000000000017e+00	1.239358099999999929e+01
1.710806999999999967e+00	1.252641500000000008e+01
1.716752999999999973e+00	1.263273399999999924e+01
1.722706999999999988e+00	1.270564800000000005e+01
1.728671999999999986e+00	1.273826999999999998e+01
1.734652000000000083e+00	1.272511300000000034e+01
1.740636000000000072e+00	1.267182099999999956e+01
1.746609000000000078e+00	1.258934799999999932e+01
1.752555000000000085e+00	1.248868200000000073e+01
1.758458000000000077e+00	1.238080800000000004e+01
1.764308999999999905e+00	1.227713600000000049e+01
1.770140999999999964e+00	1.219291300000000078e+01
1.776011999999999924e+00	1.214543100000000031e+01
1.781979999999999897e+00	1.215200199999999953e+01
1.788105000000000055e+00	1.222993800000000064e+01
1.794426999999999994e+00	1.239437500000000014e+01
1.800829000000000013e+00	1.263776299999999964e+01
1.807091999999999921e+00	1.293905600000000078e+01
1.813002000000000002e+00	1.327702999999999989e+01
1.818338000000000010e+00	1.363045900000000010e+01
1.822912000000000088e+00	1.397790700000000008e+01
1.826850000000000085e+00	1.429535500000000070e+01
1.830492000000000008e+00	1.455707600000000035e+01
1.834179999999999922e+00	1.473731399999999958e+01
1.838259000000000087e+00	1.481031100000000045e+01
1.843048000000000020e+00	1.475229399999999913e+01
1.848562000000000038e+00	1.456735800000000047e+01
1.854589999999999961e+00	1.428015800000000013e+01
1.860913000000000039e+00	1.391582799999999942e+01
1.867313999999999918e+00	1.349950199999999967e+01
1.873583999999999916e+00	1.305648500000000034e+01
1.879660000000000108e+00	1.261486799999999953e+01
1.885596000000000050e+00	1.220503300000000024e+01
1.891450999999999993e+00	1.185743100000000005e+01
1.897281999999999913e+00	1.160251000000000055e+01
1.903146999999999922e+00	1.146957800000000027e+01
1.909062999999999954e+00	1.146561499999999967e+01
1.915018000000000109e+00	1.157723400000000069e+01
1.920995999999999926e+00	1.179030299999999976e+01
1.926979999999999915e+00	1.209069200000000066e+01
1.932955999999999896e+00	1.246377700000000033e+01
1.938917999999999919e+00	1.288336900000000007e+01
1.944868999999999959e+00	1.331156000000000006e+01
1.950814000000000048e+00	1.370991800000000005e+01
1.956757999999999997e+00	1.404001200000000082e+01
1.962703000000000086e+00	1.426425899999999913e+01
1.968652000000000069e+00	1.436942499999999967e+01
1.974604000000000026e+00	1.436969500000000011e+01
1.980558000000000041e+00	1.428071599999999997e+01
1.986512000000000056e+00	1.411813700000000082e+01
1.992466000000000070e+00	1.389772299999999916e+01
1.998418000000000028e+00	1.363944000000000045e+01
2.004370000000000207e+00	1.336851000000000056e+01
2.010321999999999942e+00	1.311048800000000014e+01
2.016272999999999982e+00	1.289092899999999986e+01
2.022224000000000022e+00	1.273509100000000061e+01
2.028176000000000201e+00	1.265460400000000085e+01
2.034127999999999936e+00	1.264213299999999940e+01
2.040080000000000116e+00	1.268893699999999924e+01
2.046031999999999851e+00	1.278627700000000011e+01
2.051984000000000030e+00	1.292533000000000065e+01
2.057935000000000070e+00	1.309227199999999947e+01
2.063886999999999805e+00	1.326553499999999985e+01
2.069837999999999845e+00	1.342288199999999954e+01
2.075791000000000164e+00	1.354207599999999978e+01
2.081744000000000039e+00	1.360101099999999974e+01
2.087698000000000054e+00	1.358819399999999966e+01
2.093652000000000069e+00	1.351047100000000079e+01
2.099604999999999944e+00	1.337650999999999968e+01
2.105554999999999843e+00	1.319497699999999973e+01
2.111501000000000072e+00	1.297458800000000068e+01
2.117445000000000022e+00	1.272972299999999990e+01
2.123388999999999971e+00	1.248569099999999921e+01
2.129338000000000175e+00	1.226904299999999992e+01
2.135295999999999861e+00	1.210633200000000009e+01
2.141268000000000171e+00	1.202407700000000013e+01
2.147250999999999799e+00	1.204240099999999991e+01
2.153232000000000035e+00	1.216764399999999924e+01
2.159196000000000115e+00	1.240434899999999985e+01
2.165125000000000188e+00	1.275706100000000021e+01
2.171006000000000213e+00	1.323030600000000057e+01
2.176841000000000026e+00	1.382313100000000006e+01
2.182682999999999929e+00	1.452134299999999989e+01
2.188588999999999896e+00	1.530878799999999984e+01
2.194618000000000180e+00	1.616931200000000146e+01
2.200828000000000007e+00	1.708673999999999893e+01
2.207209999999999894e+00	1.803251600000000110e+01
2.213579000000000185e+00	1.894448600000000127e+01
2.219714999999999883e+00	1.975485400000000169e+01
2.225403000000000020e+00	2.039582499999999854e+01
2.230423000000000044e+00	2.079961399999999827e+01
2.234681000000000139e+00	2.091714999999999947e+01
2.238447999999999993e+00	2.075646899999999917e+01
2.242068000000000172e+00	2.033646399999999943e+01
2.245884000000000214e+00	1.967602499999999921e+01
2.250237999999999960e+00	1.879404600000000158e+01
2.255365999999999982e+00	1.771726100000000059e+01
2.261130000000000084e+00	1.649938200000000066e+01
2.267313000000000134e+00	1.519991399999999970e+01
2.273696000000000161e+00	1.387835899999999967e+01
2.280063999999999869e+00	1.259422400000000053e+01
2.286243999999999943e+00	1.139979300000000073e+01
2.292251999999999956e+00	1.031933100000000003e+01
2.298146000000000022e+00	9.370307999999999637e+00
2.303983000000000114e+00	8.570195000000000007e+00
2.309822000000000042e+00	7.936461000000000432e+00
2.315710999999999853e+00	7.482247000000000092e+00
2.321645999999999876e+00	7.201724999999999710e+00
2.327612999999999932e+00	7.083874999999999922e+00
2.333594999999999864e+00	7.117674000000000056e+00
2.339576999999999796e+00	7.292100999999999722e+00
2.345546999999999827e+00	7.595341000000000342e+00
2.351503999999999817e+00	8.011632999999999782e+00
2.357451999999999881e+00	8.524001999999999413e+00
2.363395999999999830e+00	9.115472999999999715e+00
2.369339000000000084e+00	9.769069000000000003e+00
2.375286000000000008e+00	1.046285400000000010e+01
2.381237000000000048e+00	1.114713599999999971e+01
2.387189999999999923e+00	1.176257099999999944e+01
2.393143999999999938e+00	1.224980799999999981e+01
2.399097999999999953e+00	1.254949399999999926e+01
2.405050999999999828e+00	1.261552200000000035e+01
2.411004000000000147e+00	1.248576199999999936e+01
2.416955999999999882e+00	1.223089200000000076e+01
2.422906999999999922e+00	1.192166399999999982e+01
2.428857999999999961e+00	1.162883099999999992e+01
2.434809000000000001e+00	1.141913899999999948e+01
2.440760000000000041e+00	1.133046900000000079e+01
2.446712000000000220e+00	1.138805900000000015e+01
2.452663999999999955e+00	1.161709199999999953e+01
2.458616999999999830e+00	1.204275100000000087e+01
2.464570999999999845e+00	1.268405500000000075e+01
2.470524999999999860e+00	1.350941699999999912e+01
2.476478000000000179e+00	1.446243600000000029e+01
2.482429999999999914e+00	1.548653799999999947e+01
2.488377999999999979e+00	1.652514899999999898e+01
2.494323000000000068e+00	1.752580499999999830e+01
2.500265999999999877e+00	1.847463799999999878e+01
2.506212000000000106e+00	1.937892899999999941e+01
2.512164999999999981e+00	2.024617800000000045e+01
2.518129000000000062e+00	2.108388100000000165e+01
2.524108000000000018e+00	2.189592400000000083e+01
2.530091999999999786e+00	2.264710799999999935e+01
2.536067000000000071e+00	2.327835200000000171e+01
2.542015999999999831e+00	2.373022900000000135e+01
2.547924000000000078e+00	2.394331499999999835e+01
2.553779000000000021e+00	2.385839800000000110e+01
2.559610000000000163e+00	2.341893100000000061e+01
2.565475000000000172e+00	2.257018199999999908e+01
2.571432000000000162e+00	2.125745399999999918e+01
2.577539999999999942e+00	1.942604899999999901e+01
2.583845999999999865e+00	1.702921999999999869e+01
2.590249000000000024e+00	1.413634899999999917e+01
2.596534000000000120e+00	1.090480400000000039e+01
2.602485000000000159e+00	7.494134999999999991e+00
2.607883000000000173e+00	4.063889999999999780e+00
2.612527000000000044e+00	7.684499999999999664e-01
2.616509000000000196e+00	-2.326721000000000039e+00
2.620163999999999938e+00	-5.231072000000000166e+00
2.623834000000000000e+00	-7.956387000000000320e+00
2.627863000000000060e+00	-1.051445200000000035e+01
2.632579999999999920e+00	-1.291089799999999954e+01
2.638037000000000187e+00	-1.502525699999999986e+01
2.644026000000000209e+00	-1.661900500000000136e+01
2.650332000000000132e+00	-1.744907200000000103e+01
2.656734000000000151e+00	-1.727238799999999941e+01
2.663022999999999918e+00	-1.586073500000000003e+01
2.669115000000000126e+00	-1.335302500000000059e+01
2.675060999999999911e+00	-1.027011300000000027e+01
2.680919999999999970e+00	-7.150660000000000238e+00
2.686751000000000111e+00	-4.533331999999999695e+00
2.692610999999999866e+00	-2.930722999999999967e+00
2.698523999999999923e+00	-2.064802999999999944e+00
2.704476000000000102e+00	-7.434939999999999882e-01
2.710452000000000083e+00	2.276196000000000108e+00
2.716435999999999851e+00	8.237259999999999138e+00
2.722412999999999972e+00	1.833940499999999929e+01
2.728375999999999912e+00	3.213914299999999713e+01
2.734328000000000092e+00	4.708097699999999719e+01
2.740273999999999877e+00	6.047050899999999984e+01
2.746217000000000130e+00	6.961333999999999378e+01
2.752162000000000219e+00	7.185727599999999882e+01
2.758110999999999979e+00	6.660684500000000696e+01
2.764063000000000159e+00	5.620758200000000215e+01
2.770016000000000034e+00	4.323120200000000324e+01
2.775971000000000188e+00	3.024941799999999859e+01
2.781924000000000063e+00	1.981367699999999843e+01
2.787876999999999938e+00	1.316593600000000031e+01
2.793829000000000118e+00	9.462856999999999630e+00
2.799780999999999853e+00	7.675066000000000166e+00
2.805731999999999893e+00	6.773188000000000208e+00
2.811682999999999932e+00	5.733348999999999585e+00
2.817635000000000112e+00	4.023043999999999620e+00
2.823586999999999847e+00	1.982274000000000092e+00
2.829539000000000026e+00	4.074599999999999750e-02
2.835491000000000206e+00	-1.371836999999999973e+00
2.841442999999999941e+00	-1.827131000000000061e+00
2.847395000000000120e+00	-1.074457999999999913e+00
2.853346999999999856e+00	7.845429999999999904e-01
2.859299000000000035e+00	3.606720000000000148e+00
2.865251000000000214e+00	7.248920000000000030e+00
2.871201999999999810e+00	1.156730400000000003e+01
2.877153999999999989e+00	1.627580499999999830e+01
2.883106000000000169e+00	2.077282800000000051e+01
2.889057999999999904e+00	2.441435699999999898e+01
2.895010000000000083e+00	2.655637799999999871e+01
2.900961999999999819e+00	2.655617499999999964e+01
2.906913999999999998e+00	2.424738599999999877e+01
2.912866000000000177e+00	2.064826899999999910e+01
2.918817999999999913e+00	1.695812600000000003e+01
2.924770000000000092e+00	1.437625599999999970e+01
2.930721000000000132e+00	1.410115200000000080e+01
2.936672999999999867e+00	1.669621100000000169e+01
2.942625000000000046e+00	2.095084299999999899e+01
2.948576999999999781e+00	2.534710600000000014e+01
2.954528999999999961e+00	2.836706399999999917e+01
2.960481000000000140e+00	2.849299699999999902e+01
2.966432999999999875e+00	2.473792800000000014e+01
2.972385000000000055e+00	1.778334999999999866e+01
2.978336999999999790e+00	8.637779999999999347e+00
2.984288999999999970e+00	-1.690263999999999989e+00
2.990240000000000009e+00	-1.219226600000000005e+01
2.996192000000000188e+00	-2.185970700000000022e+01
3.002143999999999924e+00	-2.968407099999999943e+01
3.008096000000000103e+00	-3.465683899999999795e+01
3.014047999999999838e+00	-3.576949499999999915e+01
3.020000000000000018e+00	-3.201352099999999723e+01
