1.199999999999999956e-01	5.401811301715869540e+00
1.249780000000000058e-01	5.207825734903095416e+00
1.305999999999999939e-01	4.076092416040642874e+00
1.367059999999999942e-01	3.734108600986925097e+00
1.431360000000000132e-01	4.211447437120662940e+00
1.497320000000000040e-01	2.986557909123169541e+00
1.563350000000000017e-01	3.449540818062907910e+00
1.627850000000000130e-01	3.089029179262172242e+00
1.689219999999999888e-01	2.833106129451200328e+00
1.745889999999999942e-01	3.262967838808835896e+00
1.796250000000000069e-01	2.057073237274359645e+00
1.839349999999999874e-01	2.615079029134748545e+00
1.877439999999999942e-01	2.387667084724155231e+00
1.913779999999999926e-01	1.937743280032043769e+00
1.951660000000000061e-01	1.722482533963554996e+00
1.994340000000000002e-01	1.942587134692546735e+00
2.044499999999999929e-01	2.087215228499724962e+00
2.101250000000000062e-01	1.804253779967936122e+00
2.162479999999999958e-01	2.459129798022434699e+00
2.226049999999999973e-01	2.253624395244038237e+00
2.289819999999999911e-01	2.964479960203834530e+00
2.351930000000000132e-01	3.466046736625027158e+00
2.412249999999999950e-01	3.690051816505648397e+00
2.471349999999999936e-01	3.576599851520152917e+00
2.529799999999999827e-01	3.755672891980527783e+00
2.588170000000000193e-01	4.472122398548867395e+00
2.646970000000000156e-01	3.712528240046709893e+00
2.706259999999999777e-01	4.331894042853868143e+00
2.765880000000000005e-01	3.426861868576994041e+00
2.825679999999999858e-01	3.282279718373719568e+00
2.885510000000000019e-01	2.217387906184770330e+00
2.945229999999999793e-01	3.342278038664451500e+00
3.004809999999999981e-01	2.892582162276245317e+00
3.064310000000000089e-01	2.802910839645566643e+00
3.123750000000000138e-01	3.249340972164510344e+00
3.183190000000000186e-01	2.747222207889713275e+00
3.242650000000000254e-01	3.247973829529177792e+00
3.302149999999999808e-01	2.672105614856521871e+00
3.361680000000000224e-01	2.159017645335655544e+00
3.421210000000000084e-01	1.632240361680473484e+00
3.480759999999999965e-01	2.596729538110099433e+00
3.540289999999999826e-01	2.661236435395660571e+00
3.599809999999999954e-01	2.967090793970090346e+00
3.659330000000000083e-01	2.358298665228004243e+00
3.718839999999999923e-01	2.896648380823301672e+00
3.778360000000000052e-01	3.801784048852489217e+00
3.837869999999999893e-01	3.266777985781266658e+00
3.897390000000000021e-01	3.805820126595408137e+00
3.956910000000000149e-01	4.376654041932599881e+00
4.016429999999999723e-01	4.587014552817175073e+00
4.075949999999999851e-01	4.370154673102288001e+00
4.135469999999999979e-01	4.558489271781660079e+00
4.194979999999999820e-01	3.916032664424694332e+00
4.254499999999999948e-01	3.357944186764262540e+00
4.314009999999999789e-01	3.613146083075776893e+00
4.373540000000000205e-01	3.910442007674811205e+00
4.433079999999999798e-01	3.644814174339683799e+00
4.492619999999999947e-01	3.719356133808813247e+00
4.552160000000000095e-01	4.095009915880473805e+00
4.611680000000000224e-01	4.518997747717703461e+00
4.671170000000000044e-01	6.281002936744403797e+00
4.730619999999999825e-01	6.274793747759204621e+00
4.790059999999999873e-01	6.311295405040596052e+00
4.849510000000000209e-01	5.466342279241791502e+00
4.909020000000000050e-01	4.747360367969108097e+00
4.968629999999999991e-01	4.421702648663076829e+00
5.028390000000000359e-01	4.340248820164229748e+00
5.088230000000000253e-01	5.388455180632880648e+00
5.148009999999999531e-01	4.101270967655806565e+00
5.207570000000000254e-01	4.791486224090216517e+00
5.266750000000000043e-01	5.084964740147486673e+00
5.325410000000000421e-01	5.411343637509993698e+00
5.383719999999999617e-01	5.862906463824559822e+00
5.442249999999999588e-01	6.333746722994002099e+00
5.501580000000000359e-01	4.997010694554686161e+00
5.562289999999999734e-01	5.316909441631180400e+00
5.624930000000000208e-01	4.907424691019236285e+00
5.688929999999999820e-01	5.577414077768561462e+00
5.752220000000000111e-01	5.162131731390010358e+00
5.812610000000000277e-01	5.098744063951029304e+00
5.867949999999999555e-01	5.908929113315171122e+00
5.916080000000000227e-01	5.151463099018672054e+00
5.957040000000000113e-01	4.802321443634702369e+00
5.993990000000000151e-01	6.010064338538795070e+00
6.030370000000000452e-01	5.976009887498973328e+00
6.069609999999999728e-01	6.770096800374081347e+00
6.115110000000000268e-01	7.229017222227422934e+00
6.168270000000000142e-01	6.639329758881346244e+00
6.227219999999999978e-01	6.863012565646720020e+00
6.289789999999999548e-01	6.875537256151392995e+00
6.353790000000000271e-01	5.869770406909876392e+00
6.417070000000000274e-01	5.931320674588241637e+00
6.478369999999999962e-01	6.188462220961847393e+00
6.538089999999999735e-01	6.413461263178183103e+00
6.596819999999999906e-01	7.317694236047990408e+00
6.655140000000000500e-01	6.975781557508826225e+00
6.713630000000000431e-01	6.879211748807220417e+00
6.772660000000000347e-01	6.339060629228995936e+00
6.832110000000000127e-01	6.747198381416135149e+00
6.891829999999999901e-01	6.463308951534041391e+00
6.951669999999999794e-01	6.485583532415930108e+00
7.011469999999999647e-01	6.496020043895876839e+00
7.071119999999999628e-01	6.114066303824989390e+00
7.130670000000000064e-01	6.473333623826173167e+00
7.190130000000000132e-01	6.310665593720695909e+00
7.249569999999999625e-01	6.982328325819948667e+00
7.309010000000000229e-01	6.076678429264219083e+00
7.368489999999999762e-01	5.742970836369062582e+00
7.428000000000000158e-01	5.479508927891914460e+00
7.487530000000000019e-01	5.630121867257106061e+00
7.547080000000000455e-01	5.422285441712072718e+00
7.606619999999999493e-01	5.666043654568111876e+00
7.666140000000000176e-01	6.135843377177303104e+00
7.725670000000000037e-01	6.613502842320714059e+00
7.785180000000000433e-01	7.564936427465179136e+00
7.844689999999999719e-01	7.227918787274769663e+00
7.904210000000000402e-01	7.763451704240163842e+00
7.963729999999999976e-01	7.786064315419627846e+00
8.023249999999999549e-01	7.426351742099078557e+00
8.082770000000000232e-01	8.151678194290335355e+00
8.142289999999999806e-01	7.875784442290508558e+00
8.201800000000000201e-01	8.042240239639173893e+00
8.261319999999999775e-01	7.251961009407258629e+00
8.320830000000000171e-01	7.446525912306784178e+00
8.380349999999999744e-01	7.423250069948661434e+00
8.439870000000000427e-01	7.304660687979073863e+00
8.499400000000000288e-01	7.492333676720152269e+00
8.558940000000000436e-01	6.375440088272053885e+00
8.618479999999999475e-01	7.165435769992169135e+00
8.678010000000000446e-01	7.631608709682815572e+00
8.737519999999999731e-01	6.885198722639078284e+00
8.797000000000000375e-01	7.891557017706321453e+00
8.856439999999999868e-01	8.747675379593333744e+00
8.915870000000000184e-01	7.254624568785720484e+00
8.975349999999999717e-01	9.495187568181265192e+00
9.034900000000000153e-01	1.004589180366687629e+01
9.094569999999999599e-01	9.130495623631675883e+00
9.154379999999999740e-01	8.753680544175189482e+00
9.214210000000000456e-01	8.240687097102576075e+00
9.273909999999999654e-01	8.482127935211167369e+00
9.333329999999999682e-01	8.514857716524417697e+00
9.392300000000000093e-01	8.624232496994547859e+00
9.450749999999999984e-01	8.059328055135637214e+00
9.509090000000000042e-01	8.561123403610164218e+00
9.567890000000000006e-01	9.224308972845335575e+00
9.627750000000000474e-01	9.286666206186461991e+00
9.689229999999999787e-01	9.291568435840018125e+00
9.752680000000000238e-01	1.010056778591089532e+01
9.816639999999999810e-01	9.878447982596609833e+00
9.878930000000000211e-01	1.001919781035162060e+01
9.937399999999999567e-01	9.974922798873409491e+00
9.989850000000000119e-01	9.839062576261870419e+00
1.003457999999999961e+00	9.508616793480268115e+00
1.007338000000000067e+00	1.026000251720973644e+01
1.010966000000000031e+00	9.396561000817651887e+00
1.014685999999999977e+00	1.011664276992160438e+01
1.018841000000000108e+00	1.024654103188291643e+01
1.023735000000000062e+00	9.557009662984487619e+00
1.029328999999999938e+00	1.061567510142878135e+01
1.035408000000000106e+00	8.918141985166171182e+00
1.041754000000000069e+00	8.795701427678716655e+00
1.048148999999999997e+00	8.434668378882069106e+00
1.054391999999999996e+00	9.929498656014988711e+00
1.060446000000000000e+00	9.096646254740464954e+00
1.066368999999999900e+00	9.382815003043527113e+00
1.072216999999999976e+00	8.927325355172575527e+00
1.078049000000000035e+00	9.735624857163962531e+00
1.083920999999999912e+00	9.751434296855512329e+00
1.089842999999999895e+00	1.033209416521913582e+01
1.095801999999999943e+00	9.430167415057285396e+00
1.101780999999999899e+00	9.557591503400388433e+00
1.107765000000000111e+00	9.372466359562025673e+00
1.113739999999999952e+00	9.257795427971061031e+00
1.119699999999999918e+00	9.654521243260527186e+00
1.125650000000000039e+00	9.881160861290057440e+00
1.131594999999999906e+00	9.017901654121756039e+00
1.137537999999999938e+00	9.747874188296522746e+00
1.143483999999999945e+00	9.865838864042986600e+00
1.149432999999999927e+00	9.378718208135863321e+00
1.155386000000000024e+00	8.793830789152107030e+00
1.161338999999999899e+00	8.468666804216125499e+00
1.167294000000000054e+00	8.435659425608873718e+00
1.173246999999999929e+00	8.597539014618165609e+00
1.179200000000000026e+00	9.263592635427849942e+00
1.185151999999999983e+00	8.576105664920856242e+00
1.191103000000000023e+00	8.875948227569784521e+00
1.197054000000000062e+00	1.001156565741613136e+01
1.203006000000000020e+00	9.889649425073278266e+00
1.208957999999999977e+00	1.062220431166832135e+01
1.214909999999999934e+00	1.038568956611495508e+01
1.220861999999999892e+00	1.041695968711279718e+01
1.226814000000000071e+00	1.041278709306887684e+01
1.232765000000000111e+00	9.613319797200805539e+00
1.238717000000000068e+00	1.057972070115382479e+01
1.244668000000000108e+00	1.068971888967621453e+01
1.250620000000000065e+00	1.063412386399974174e+01
1.256572000000000022e+00	9.039941866888975497e+00
1.262526000000000037e+00	9.819867332591758924e+00
1.268480000000000052e+00	9.315947643338748918e+00
1.274434000000000067e+00	9.324216549663878695e+00
1.280386000000000024e+00	8.962690232823391057e+00
1.286335999999999924e+00	8.796751833784512087e+00
1.292281999999999931e+00	8.947920091058286118e+00
1.298224999999999962e+00	9.115868823821076106e+00
1.304170000000000051e+00	1.020973251445388463e+01
1.310119999999999951e+00	1.092425711030357860e+01
1.316079999999999917e+00	1.066912481927744594e+01
1.322052999999999923e+00	1.170519017758992497e+01
1.328036999999999912e+00	1.142647113970787487e+01
1.334017000000000008e+00	1.143362774219670186e+01
1.339976000000000056e+00	1.046152857596374730e+01
1.345900000000000096e+00	1.064598449854720208e+01
1.351774000000000031e+00	1.070538324347567638e+01
1.357607000000000008e+00	1.131741240139080595e+01
1.363453000000000026e+00	1.204509105996124063e+01
1.369372000000000034e+00	1.158836460265273871e+01
1.375421999999999922e+00	1.365903054637705338e+01
1.381658999999999970e+00	1.353958493921373574e+01
1.388052000000000064e+00	1.355941417805646054e+01
1.394403000000000059e+00	1.322456346062604737e+01
1.400492999999999988e+00	1.177456092017371958e+01
1.406104999999999938e+00	1.164643187017738768e+01
1.411021999999999998e+00	1.128402238226105858e+01
1.415195999999999898e+00	1.259413943142497061e+01
1.418924000000000074e+00	1.269711211801327622e+01
1.422549999999999981e+00	1.362224796560222195e+01
1.426417000000000046e+00	1.420299103744173763e+01
1.430868000000000029e+00	1.442443929155745863e+01
1.436091000000000006e+00	1.451625006334034573e+01
1.441923000000000066e+00	1.389753850780635069e+01
1.448144000000000098e+00	1.337459221400823317e+01
1.454538000000000109e+00	1.326246751613908792e+01
1.460887000000000047e+00	1.313447194321911304e+01
1.467041999999999957e+00	1.289894778569266087e+01
1.473030999999999979e+00	1.310631176653016183e+01
1.478914000000000062e+00	1.381336820072451310e+01
1.484749000000000096e+00	1.345433074581125510e+01
1.490591999999999917e+00	1.420060725363451759e+01
1.496488000000000040e+00	1.373484459121008072e+01
1.502428000000000097e+00	1.316126707561848974e+01
1.508397999999999906e+00	1.344989826124621501e+01
1.514380999999999977e+00	1.313868815982923799e+01
1.520361999999999991e+00	1.232446693896593537e+01
1.526329999999999965e+00	1.297622829601837680e+01
1.532284999999999897e+00	1.286969449632644746e+01
1.538232999999999961e+00	1.350708800887910854e+01
1.544175999999999993e+00	1.409051178314792097e+01
1.550119999999999942e+00	1.411574784671764604e+01
1.556068000000000007e+00	1.440000671119909548e+01
1.562019000000000046e+00	1.465823599156056822e+01
1.567971999999999921e+00	1.437296369849918598e+01
1.573925999999999936e+00	1.334513901085948362e+01
1.579879999999999951e+00	1.305681377199446835e+01
1.585833000000000048e+00	1.315159632560493996e+01
1.591785000000000005e+00	1.347734930982289470e+01
1.597736999999999963e+00	1.422162591083219141e+01
1.603688000000000002e+00	1.467106340728551750e+01
1.609639000000000042e+00	1.531956845152874358e+01
1.615590999999999999e+00	1.581320034078342296e+01
1.621542999999999957e+00	1.612100716308456683e+01
1.627494999999999914e+00	1.509732448979252872e+01
1.633447000000000093e+00	1.558519072153361584e+01
1.639399000000000051e+00	1.576270061937925959e+01
1.645350000000000090e+00	1.574041899034913072e+01
1.651302000000000048e+00	1.489497085488696193e+01
1.657253000000000087e+00	1.567067657315713269e+01
1.663205000000000044e+00	1.600751750080358704e+01
1.669157999999999920e+00	1.580428441622846414e+01
1.675111999999999934e+00	1.563415938547326967e+01
1.681065999999999949e+00	1.676562614764030457e+01
1.687019000000000046e+00	1.687322872771516558e+01
1.692971000000000004e+00	1.693384946423481452e+01
1.698919000000000068e+00	1.781770240609625233e+01
1.704863000000000017e+00	1.775561101950899356e+01
1.710806999999999967e+00	1.836132376806949296e+01
1.716752999999999973e+00	1.729984587296800314e+01
1.722706999999999988e+00	1.667005182686863662e+01
1.728671999999999986e+00	1.678350071928506893e+01
1.734652000000000083e+00	1.640108437172881395e+01
1.740636000000000072e+00	1.664277608583844881e+01
1.746609000000000078e+00	1.546174034178548240e+01
1.752555000000000085e+00	1.622894347930208525e+01
1.758458000000000077e+00	1.629578506633115609e+01
1.764308999999999905e+00	1.729482305985417412e+01
1.770140999999999964e+00	1.712299642388618182e+01
1.776011999999999924e+00	1.720881814295556822e+01
1.781979999999999897e+00	1.735987924821959183e+01
1.788105000000000055e+00	1.789640945245833592e+01
1.794426999999999994e+00	1.774718788612775100e+01
1.800829000000000013e+00	1.834187992622645780e+01
1.807091999999999921e+00	1.854974312152318561e+01
1.813002000000000002e+00	1.862937286139206350e+01
1.818338000000000010e+00	1.850177795127694225e+01
1.822912000000000088e+00	1.806224043044316119e+01
1.826850000000000085e+00	1.720028338308269156e+01
1.830492000000000008e+00	1.727564057684456245e+01
1.834179999999999922e+00	1.638028211179867100e+01
1.838259000000000087e+00	1.623849476500573630e+01
1.843048000000000020e+00	1.573343324354929429e+01
1.848562000000000038e+00	1.580790224232360686e+01
1.854589999999999961e+00	1.665796119603536951e+01
1.860913000000000039e+00	1.692614672189227321e+01
1.867313999999999918e+00	1.758675053243234743e+01
1.873583999999999916e+00	1.755142185264711685e+01
1.879660000000000108e+00	1.744603412064151016e+01
1.885596000000000050e+00	1.765006259225420848e+01
1.891450999999999993e+00	1.729395905735694328e+01
1.897281999999999913e+00	1.672533119255527367e+01
1.903146999999999922e+00	1.708000392205358509e+01
1.909062999999999954e+00	1.797616877299153160e+01
1.915018000000000109e+00	1.829966558438674795e+01
1.920995999999999926e+00	1.836184174072375441e+01
1.926979999999999915e+00	1.924980452805688103e+01
1.932955999999999896e+00	1.963329296585714090e+01
1.938917999999999919e+00	1.946765442027524884e+01
1.944868999999999959e+00	1.944482747167727510e+01
1.950814000000000048e+00	1.939902792324584624e+01
1.956757999999999997e+00	2.029668986167039080e+01
1.962703000000000086e+00	1.918739086043673225e+01
1.968652000000000069e+00	1.925310769814866774e+01
1.974604000000000026e+00	1.894285646749558083e+01
1.980558000000000041e+00	1.913047761353771037e+01
1.986512000000000056e+00	1.847336025870553655e+01
1.992466000000000070e+00	1.812599433585643993e+01
1.998418000000000028e+00	1.733149341223922946e+01
2.004370000000000207e+00	1.687241519872364037e+01
2.010321999999999942e+00	1.696026074283438234e+01
2.016272999999999982e+00	1.603518699220126820e+01
2.022224000000000022e+00	1.630573527630480157e+01
2.028176000000000201e+00	1.738808821523192805e+01
2.034127999999999936e+00	1.765516387169757095e+01
2.040080000000000116e+00	1.795956318824572406e+01
2.046031999999999851e+00	1.884227626603961525e+01
2.051984000000000030e+00	1.897052715201949979e+01
2.057935000000000070e+00	1.818492762947059305e+01
2.063886999999999805e+00	1.827758571186262060e+01
2.069837999999999845e+00	1.839842268700058625e+01
2.075791000000000164e+00	1.905916026058547530e+01
2.081744000000000039e+00	1.709856550224149174e+01
2.087698000000000054e+00	1.738779437284092211e+01
2.093652000000000069e+00	1.685239452797392445e+01
2.099604999999999944e+00	1.714661990332934494e+01
2.105554999999999843e+00	1.703681593645575632e+01
2.111501000000000072e+00	1.646023008301007096e+01
2.117445000000000022e+00	1.683880791738327076e+01
2.123388999999999971e+00	1.738272168433933729e+01
2.129338000000000175e+00	1.623941057657766507e+01
2.135295999999999861e+00	1.752604886696212461e+01
2.141268000000000171e+00	1.745821695854107247e+01
2.147250999999999799e+00	1.795669954537694935e+01
2.153232000000000035e+00	1.796708160198326354e+01
2.159196000000000115e+00	1.775004812799074472e+01
2.165125000000000188e+00	1.783402213072474751e+01
2.171006000000000213e+00	1.812738639143431385e+01
2.176841000000000026e+00	1.788468395172814951e+01
2.182682999999999929e+00	1.815987704955626469e+01
2.188588999999999896e+00	1.822886947548261105e+01
2.194618000000000180e+00	1.895420631114275878e+01
2.200828000000000007e+00	1.950600948826713932e+01
2.207209999999999894e+00	1.938626967743490326e+01
2.213579000000000185e+00	1.851783976037377144e+01
2.219714999999999883e+00	1.890795147622141670e+01
2.225403000000000020e+00	1.812707561611039253e+01
2.230423000000000044e+00	1.716415020500290822e+01
2.234681000000000139e+00	1.695438005249648228e+01
2.238447999999999993e+00	1.605354576709699899e+01
2.242068000000000172e+00	1.670726606851283336e+01
2.245884000000000214e+00	1.553076324630719185e+01
2.250237999999999960e+00	1.572772462639506941e+01
2.255365999999999982e+00	1.540734170741966125e+01
2.261130000000000084e+00	1.613871476195651056e+01
2.267313000000000134e+00	1.684665775525017040e+01
2.273696000000000161e+00	1.833334485970222971e+01
2.280063999999999869e+00	1.801830769285273703e+01
2.286243999999999943e+00	1.756480953227714892e+01
2.292251999999999956e+00	1.798601203549681671e+01
2.298146000000000022e+00	1.733187901017497978e+01
2.303983000000000114e+00	1.778938342462304689e+01
2.309822000000000042e+00	1.747878909072245079e+01
2.315710999999999853e+00	1.742046558432230441e+01
2.321645999999999876e+00	1.760436372772914737e+01
2.327612999999999932e+00	1.822587584938827732e+01
2.333594999999999864e+00	1.869163048171891006e+01
2.339576999999999796e+00	1.963562334814349697e+01
2.345546999999999827e+00	1.966153678168646124e+01
2.351503999999999817e+00	1.993742712804046491e+01
2.357451999999999881e+00	1.916564817943087462e+01
2.363395999999999830e+00	1.850136540852582456e+01
2.369339000000000084e+00	1.707057233487756776e+01
2.375286000000000008e+00	1.748581566078069116e+01
2.381237000000000048e+00	1.658936681991708539e+01
2.387189999999999923e+00	1.649017629939583074e+01
2.393143999999999938e+00	1.538791914582173526e+01
2.399097999999999953e+00	1.546913566156815456e+01
2.405050999999999828e+00	1.549003923058107191e+01
2.411004000000000147e+00	1.555301031815113610e+01
2.416955999999999882e+00	1.670186595179640321e+01
2.422906999999999922e+00	1.639115715879456658e+01
2.428857999999999961e+00	1.651558773975412819e+01
2.434809000000000001e+00	1.760795180605772003e+01
2.440760000000000041e+00	1.865788986673927496e+01
2.446712000000000220e+00	1.762924476523251727e+01
2.452663999999999955e+00	1.933116527823584008e+01
2.458616999999999830e+00	1.963828532012065864e+01
2.464570999999999845e+00	1.915980474474202211e+01
2.470524999999999860e+00	1.926781716125070076e+01
2.476478000000000179e+00	1.855983719038898627e+01
2.482429999999999914e+00	1.817297594544951878e+01
2.488377999999999979e+00	1.830824797731386155e+01
2.494323000000000068e+00	1.820477876670256023e+01
2.500265999999999877e+00	1.825089401680665446e+01
2.506212000000000106e+00	1.841354043637203475e+01
2.512164999999999981e+00	1.936145361845595403e+01
2.518129000000000062e+00	1.961527208194148386e+01
2.524108000000000018e+00	1.903312670619531488e+01
2.530091999999999786e+00	1.910538270380155979e+01
2.536067000000000071e+00	1.968206047005356041e+01
2.542015999999999831e+00	2.024171166078128792e+01
2.547924000000000078e+00	2.026374449907024200e+01
2.553779000000000021e+00	2.041347757220489356e+01
2.559610000000000163e+00	2.050091252349903570e+01
2.565475000000000172e+00	2.172097229518852757e+01
2.571432000000000162e+00	2.043021987160449982e+01
2.577539999999999942e+00	2.134322174696349705e+01
2.583845999999999865e+00	2.093772919381217079e+01
2.590249000000000024e+00	2.151060872155882464e+01
2.596534000000000120e+00	2.021613906875496980e+01
2.602485000000000159e+00	1.955533005364105748e+01
2.607883000000000173e+00	1.901894827881561056e+01
2.612527000000000044e+00	1.942775089133671784e+01
2.616509000000000196e+00	1.797335435174944607e+01
2.620163999999999938e+00	1.747465032388386774e+01
2.623834000000000000e+00	1.733131536656436111e+01
2.627863000000000060e+00	1.780886534052574177e+01
2.632579999999999920e+00	1.810433878807849339e+01
2.638037000000000187e+00	1.946038380373793686e+01
2.644026000000000209e+00	2.120084003803300376e+01
2.650332000000000132e+00	2.310889009339390654e+01
2.656734000000000151e+00	2.662548830111592224e+01
2.663022999999999918e+00	3.169695992656750860e+01
2.669115000000000126e+00	3.587689697634601771e+01
2.675060999999999911e+00	4.112699067716687296e+01
2.680919999999999970e+00	4.588441824921095957e+01
2.686751000000000111e+00	4.758659304505262355e+01
2.692610999999999866e+00	4.869133185641775441e+01
2.698523999999999923e+00	4.587270436923912342e+01
2.704476000000000102e+00	4.319269681016815099e+01
2.710452000000000083e+00	3.749410570140690879e+01
2.716435999999999851e+00	3.226441075579732853e+01
2.722412999999999972e+00	2.780289892821663145e+01
2.728375999999999912e+00	2.377961628744572309e+01
2.734328000000000092e+00	2.049061992249943032e+01
2.740273999999999877e+00	1.845002689003625562e+01
2.746217000000000130e+00	1.576135587753769762e+01
2.752162000000000219e+00	1.462093283748983019e+01
2.758110999999999979e+00	1.338687635572936507e+01
2.764063000000000159e+00	1.303692247831503259e+01
2.770016000000000034e+00	1.186640220592915895e+01
2.775971000000000188e+00	1.221991392672992660e+01
2.781924000000000063e+00	1.294168249852894270e+01
2.787876999999999938e+00	1.483194365581642060e+01
2.793829000000000118e+00	1.584930819664378276e+01
2.799780999999999853e+00	1.879535602107565850e+01
2.805731999999999893e+00	2.245328301148011718e+01
2.811682999999999932e+00	2.571089752004377260e+01
2.817635000000000112e+00	2.982088151274628984e+01
2.823586999999999847e+00	3.521750548141881865e+01
2.829539000000000026e+00	3.821328276290111603e+01
2.835491000000000206e+00	4.093771164187059242e+01
2.841442999999999941e+00	4.153706808694980879e+01
2.847395000000000120e+00	3.950977188745191881e+01
2.853346999999999856e+00	3.607619665933447806e+01
2.859299000000000035e+00	3.190599093743756143e+01
2.865251000000000214e+00	2.857885452024850892e+01
2.871201999999999810e+00	2.449792388487260908e+01
2.877153999999999989e+00	2.311119959016324188e+01
2.883106000000000169e+00	2.153658329073771327e+01
2.889057999999999904e+00	2.133301687735650276e+01
2.895010000000000083e+00	2.138009036195429502e+01
2.900961999999999819e+00	2.077359502702934435e+01
2.906913999999999998e+00	1.988015663794825372e+01
2.912866000000000177e+00	1.887218828706079066e+01
2.918817999999999913e+00	1.733907564028066162e+01
2.924770000000000092e+00	1.595019160622864973e+01
2.930721000000000132e+00	1.662986217501525488e+01
2.936672999999999867e+00	1.505288509278900122e+01
2.942625000000000046e+00	1.541925457587465154e+01
2.948576999999999781e+00	1.650375823318626090e+01
2.954528999999999961e+00	1.629260573061672801e+01
2.960481000000000140e+00	1.686542365304450541e+01
2.966432999999999875e+00	1.758488439623291555e+01
2.972385000000000055e+00	1.790500978436473289e+01
2.978336999999999790e+00	1.715690967725440785e+01
2.984288999999999970e+00	1.623995693645942140e+01
2.990240000000000009e+00	1.657886878369352956e+01
2.996192000000000188e+00	1.536159056098617093e+01
3.002143999999999924e+00	1.413174541208525881e+01
3.008096000000000103e+00	1.284655288740387569e+01
3.014047999999999838e+00	1.032618647320975391e+01
3.020000000000000018e+00	8.053276192981522641e+00
