1.199999999999999956e-01	1.504637581301275784e+00
1.249780000000000058e-01	2.099526610872271881e+00
1.305999999999999939e-01	2.259060954488855355e+00
1.367059999999999942e-01	2.884783905568403028e+00
1.431360000000000132e-01	3.254232438614323097e+00
1.497320000000000040e-01	3.223915011614476356e+00
1.563350000000000017e-01	3.725295490919010355e+00
1.627850000000000130e-01	2.642821347440464042e+00
1.689219999999999888e-01	3.231204495150933109e+00
1.745889999999999942e-01	2.785455818480249146e+00
1.796250000000000069e-01	1.523084642374650688e+00
1.839349999999999874e-01	1.977923448797424655e+00
1.877439999999999942e-01	2.092839263982251730e+00
1.913779999999999926e-01	1.517494250679510603e+00
1.951660000000000061e-01	6.228522787166577146e-01
1.994340000000000002e-01	-2.154065888898015202e-01
2.044499999999999929e-01	9.951606631698117766e-01
2.101250000000000062e-01	4.184439176069159605e-01
2.162479999999999958e-01	1.167293462263404802e+00
2.226049999999999973e-01	1.949501929046190796e+00
2.289819999999999911e-01	8.682587976570280697e-01
2.351930000000000132e-01	2.120124510171109478e+00
2.412249999999999950e-01	1.843936555845282044e+00
2.471349999999999936e-01	3.126420609878483248e+00
2.529799999999999827e-01	3.594646422039057043e+00
2.588170000000000193e-01	3.779537666586346489e+00
2.646970000000000156e-01	4.105070237938298838e+00
2.706259999999999777e-01	3.101113447905971654e+00
2.765880000000000005e-01	2.849150511946928255e+00
2.825679999999999858e-01	2.187280460949173833e+00
2.885510000000000019e-01	1.962566578148617236e+00
2.945229999999999793e-01	2.602768762301169492e+00
3.004809999999999981e-01	2.379368887117023768e+00
3.064310000000000089e-01	1.991870986548268663e+00
3.123750000000000138e-01	1.503100813968136107e+00
3.183190000000000186e-01	1.912336139600889551e+00
3.242650000000000254e-01	1.870196512920335508e+00
3.302149999999999808e-01	2.501108679066300411e+00
3.361680000000000224e-01	1.525015686894455547e+00
3.421210000000000084e-01	2.253705809116323788e+00
3.480759999999999965e-01	1.481697723468965000e+00
3.540289999999999826e-01	2.304925130664136734e+00
3.599809999999999954e-01	2.414594271929357383e+00
3.659330000000000083e-01	2.579054262026520217e+00
3.718839999999999923e-01	3.508300702166261331e+00
3.778360000000000052e-01	3.748618126311751730e+00
3.837869999999999893e-01	3.644048469208129859e+00
3.897390000000000021e-01	3.891528915930334787e+00
3.956910000000000149e-01	3.353380575140623154e+00
4.016429999999999723e-01	3.380461583553128424e+00
4.075949999999999851e-01	2.966702540817262257e+00
4.135469999999999979e-01	3.286417112174782496e+00
4.194979999999999820e-01	3.472225225282574712e+00
4.254499999999999948e-01	3.329348023418945424e+00
4.314009999999999789e-01	3.287236673049889646e+00
4.373540000000000205e-01	4.027838703433779699e+00
4.433079999999999798e-01	4.365371025980659070e+00
4.492619999999999947e-01	4.216941037994448749e+00
4.552160000000000095e-01	4.408848150909944863e+00
4.611680000000000224e-01	3.804713135156520654e+00
4.671170000000000044e-01	3.704063888319301334e+00
4.730619999999999825e-01	4.266609487327016836e+00
4.790059999999999873e-01	3.851709470641031530e+00
4.849510000000000209e-01	3.389975638083480458e+00
4.909020000000000050e-01	3.217580299709471348e+00
4.968629999999999991e-01	3.581475957405125143e+00
5.028390000000000359e-01	2.770967305082337795e+00
5.088230000000000253e-01	3.580754255749896586e+00
5.148009999999999531e-01	3.822813246896981987e+00
5.207570000000000254e-01	4.364569229590525623e+00
5.266750000000000043e-01	4.358645649930203980e+00
5.325410000000000421e-01	5.017598001256732942e+00
5.383719999999999617e-01	3.496960345578792762e+00
5.442249999999999588e-01	3.895422636727941423e+00
5.501580000000000359e-01	4.295747871568428522e+00
5.562289999999999734e-01	3.981831250763047336e+00
5.624930000000000208e-01	4.031468178696095528e+00
5.688929999999999820e-01	4.424497785543437089e+00
5.752220000000000111e-01	4.480681615567225329e+00
5.812610000000000277e-01	5.175609445402611364e+00
5.867949999999999555e-01	5.336732781305316919e+00
5.916080000000000227e-01	5.567664342886630813e+00
5.957040000000000113e-01	4.390171276766944075e+00
5.993990000000000151e-01	4.451835163418061292e+00
6.030370000000000452e-01	4.966205510008098400e+00
6.069609999999999728e-01	4.820977822113492905e+00
6.115110000000000268e-01	3.925215761878072751e+00
6.168270000000000142e-01	4.204824112421247762e+00
6.227219999999999978e-01	4.928963456795847797e+00
6.289789999999999548e-01	4.343502419581782625e+00
6.353790000000000271e-01	4.056637047236920424e+00
6.417070000000000274e-01	3.922909860626665246e+00
6.478369999999999962e-01	4.060260522466061062e+00
6.538089999999999735e-01	3.970861848289153784e+00
6.596819999999999906e-01	4.918383855160715079e+00
6.655140000000000500e-01	4.643909688642042788e+00
6.713630000000000431e-01	4.597015389639131477e+00
6.772660000000000347e-01	4.631465845482445332e+00
6.832110000000000127e-01	4.604766828962321590e+00
6.891829999999999901e-01	5.062959015737305002e+00
6.951669999999999794e-01	4.347187356772131750e+00
7.011469999999999647e-01	4.589960553887451056e+00
7.071119999999999628e-01	5.351824477472359121e+00
7.130670000000000064e-01	3.933224908435037026e+00
7.190130000000000132e-01	5.159478159828325694e+00
7.249569999999999625e-01	5.302989176556534900e+00
7.309010000000000229e-01	5.114060854205815687e+00
7.368489999999999762e-01	5.583566833178198685e+00
7.428000000000000158e-01	5.187245055871363419e+00
7.487530000000000019e-01	5.541310846319280614e+00
7.547080000000000455e-01	4.641220839395002074e+00
7.606619999999999493e-01	5.100639861652894957e+00
7.666140000000000176e-01	4.407335142497473157e+00
7.725670000000000037e-01	4.347154436142951717e+00
7.785180000000000433e-01	4.953447955606057995e+00
7.844689999999999719e-01	5.942490909708922686e+00
7.904210000000000402e-01	5.905223430570736731e+00
7.963729999999999976e-01	5.584587993918763260e+00
8.023249999999999549e-01	6.076064487065716335e+00
8.082770000000000232e-01	5.352437593747058742e+00
8.142289999999999806e-01	5.966005370040678990e+00
8.201800000000000201e-01	5.769584977103138890e+00
8.261319999999999775e-01	5.838950889691404633e+00
8.320830000000000171e-01	6.777806540336275276e+00
8.380349999999999744e-01	6.665790851514891813e+00
8.439870000000000427e-01	6.069250803120168847e+00
8.499400000000000288e-01	7.038275878163588573e+00
8.558940000000000436e-01	7.427295414857911560e+00
8.618479999999999475e-01	6.741837120381164006e+00
8.678010000000000446e-01	7.400371202811808935e+00
8.737519999999999731e-01	7.061978051910517529e+00
8.797000000000000375e-01	7.339001848727235711e+00
8.856439999999999868e-01	6.866151606141340125e+00
8.915870000000000184e-01	6.252796757708057207e+00
8.975349999999999717e-01	5.095462559107598821e+00
9.034900000000000153e-01	4.308644714194943326e+00
9.094569999999999599e-01	5.319215637503967642e+00
9.154379999999999740e-01	5.260602020325653605e+00
9.214210000000000456e-01	4.972157337519448994e+00
9.273909999999999654e-01	5.879974121259019526e+00
9.333329999999999682e-01	5.828840812520850179e+00
9.392300000000000093e-01	6.631087382929758967e+00
9.450749999999999984e-01	7.279883800034048669e+00
9.509090000000000042e-01	7.209184288824407538e+00
9.567890000000000006e-01	7.286141964570185259e+00
9.627750000000000474e-01	7.512129215708384322e+00
9.689229999999999787e-01	7.195023844313094941e+00
9.752680000000000238e-01	6.734304719197699463e+00
9.816639999999999810e-01	6.795952114597731963e+00
9.878930000000000211e-01	6.778862894177335896e+00
9.937399999999999567e-01	7.122491305641851511e+00
9.989850000000000119e-01	6.682545167266648711e+00
1.003457999999999961e+00	6.818095017256296408e+00
1.007338000000000067e+00	7.131286761473803359e+00
1.010966000000000031e+00	6.722800630758412943e+00
1.014685999999999977e+00	6.233640752377674232e+00
1.018841000000000108e+00	5.840567300527119698e+00
1.023735000000000062e+00	5.977180345070778777e+00
1.029328999999999938e+00	6.115381860954485660e+00
1.035408000000000106e+00	6.284677597203604194e+00
1.041754000000000069e+00	6.730918151700770125e+00
1.048148999999999997e+00	6.682004429651217770e+00
1.054391999999999996e+00	6.986025560114963895e+00
1.060446000000000000e+00	7.095249103588500361e+00
1.066368999999999900e+00	6.612731293243890640e+00
1.072216999999999976e+00	6.731334409710972189e+00
1.078049000000000035e+00	7.173299128621696497e+00
1.083920999999999912e+00	7.359989219779976111e+00
1.089842999999999895e+00	7.620509811544182277e+00
1.095801999999999943e+00	8.131223210660778022e+00
1.101780999999999899e+00	8.462172641348688629e+00
1.107765000000000111e+00	9.389892650984847933e+00
1.113739999999999952e+00	9.105458432084866160e+00
1.119699999999999918e+00	8.085213678096970114e+00
1.125650000000000039e+00	8.129186637590068543e+00
1.131594999999999906e+00	7.238576436934123670e+00
1.137537999999999938e+00	6.843837598908058872e+00
1.143483999999999945e+00	6.724411640782650856e+00
1.149432999999999927e+00	6.492643220618073308e+00
1.155386000000000024e+00	6.927524803426853950e+00
1.161338999999999899e+00	6.700012027551446536e+00
1.167294000000000054e+00	6.800295258347976990e+00
1.173246999999999929e+00	7.382036487653876655e+00
1.179200000000000026e+00	7.155881765284300755e+00
1.185151999999999983e+00	7.117563962512316600e+00
1.191103000000000023e+00	6.821116795060692795e+00
1.197054000000000062e+00	7.819862153361734514e+00
1.203006000000000020e+00	8.409311107674861674e+00
1.208957999999999977e+00	7.549125083903487798e+00
1.214909999999999934e+00	8.109038587861482128e+00
1.220861999999999892e+00	8.191576347464302188e+00
1.226814000000000071e+00	8.310380330746086841e+00
1.232765000000000111e+00	7.119368603719710364e+00
1.238717000000000068e+00	7.649739824381362574e+00
1.244668000000000108e+00	7.987292523128903809e+00
1.250620000000000065e+00	6.896521210560824677e+00
1.256572000000000022e+00	7.641425206133607873e+00
1.262526000000000037e+00	8.468568912580883179e+00
1.268480000000000052e+00	8.161546301046945118e+00
1.274434000000000067e+00	8.101396281931531718e+00
1.280386000000000024e+00	8.442360498393281176e+00
1.286335999999999924e+00	9.029597404152326590e+00
1.292281999999999931e+00	8.906888747341433543e+00
1.298224999999999962e+00	8.443125447653832438e+00
1.304170000000000051e+00	1.001186730910252543e+01
1.310119999999999951e+00	9.245595580966082139e+00
1.316079999999999917e+00	9.209837228185504543e+00
1.322052999999999923e+00	9.619477057372435524e+00
1.328036999999999912e+00	9.624932193210376852e+00
1.334017000000000008e+00	9.435384768203025629e+00
1.339976000000000056e+00	9.443022123484823283e+00
1.345900000000000096e+00	8.745898142880152548e+00
1.351774000000000031e+00	9.271329258063840228e+00
1.357607000000000008e+00	8.758764576321331319e+00
1.363453000000000026e+00	9.252055861276868853e+00
1.369372000000000034e+00	8.851599661728414503e+00
1.375421999999999922e+00	8.841059384819631717e+00
1.381658999999999970e+00	8.285346229748849822e+00
1.388052000000000064e+00	8.890250992305224642e+00
1.394403000000000059e+00	8.940582067622294460e+00
1.400492999999999988e+00	8.796388952045846921e+00
1.406104999999999938e+00	8.772867408650331100e+00
1.411021999999999998e+00	9.678475886024010322e+00
1.415195999999999898e+00	1.014260633421631219e+01
1.418924000000000074e+00	1.087001702741360454e+01
1.422549999999999981e+00	1.163336638443618654e+01
1.426417000000000046e+00	1.166995374847649636e+01
1.430868000000000029e+00	1.238909441383235333e+01
1.436091000000000006e+00	1.255664645818331948e+01
1.441923000000000066e+00	1.259489321598908518e+01
1.448144000000000098e+00	1.263363327560991323e+01
1.454538000000000109e+00	1.169695603442781540e+01
1.460887000000000047e+00	1.101433517265167694e+01
1.467041999999999957e+00	1.013302682849568370e+01
1.473030999999999979e+00	1.014585096699032540e+01
1.478914000000000062e+00	9.497059755249750879e+00
1.484749000000000096e+00	9.148085346630086434e+00
1.490591999999999917e+00	9.109017427719702908e+00
1.496488000000000040e+00	7.791986269729014758e+00
1.502428000000000097e+00	7.711347226313014502e+00
1.508397999999999906e+00	7.425407610320538865e+00
1.514380999999999977e+00	7.825784833134675544e+00
1.520361999999999991e+00	8.086270137148506620e+00
1.526329999999999965e+00	8.317897120789659482e+00
1.532284999999999897e+00	8.583672574083109907e+00
1.538232999999999961e+00	9.699226598387822307e+00
1.544175999999999993e+00	9.376973628793594528e+00
1.550119999999999942e+00	1.067733849071735186e+01
1.556068000000000007e+00	1.182461321488466588e+01
1.562019000000000046e+00	1.197855353775610254e+01
1.567971999999999921e+00	1.390397013045736152e+01
1.573925999999999936e+00	1.385194009277638294e+01
1.579879999999999951e+00	1.449408971710933614e+01
1.585833000000000048e+00	1.448690338581893577e+01
1.591785000000000005e+00	1.496797630403729151e+01
1.597736999999999963e+00	1.516090238291652881e+01
1.603688000000000002e+00	1.454427056393176620e+01
1.609639000000000042e+00	1.552744250740494181e+01
1.615590999999999999e+00	1.380107727978207421e+01
1.621542999999999957e+00	1.377466630994505614e+01
1.627494999999999914e+00	1.286804686971906087e+01
1.633447000000000093e+00	1.268729724410544790e+01
1.639399000000000051e+00	1.101700291259025732e+01
1.645350000000000090e+00	1.062970030774481955e+01
1.651302000000000048e+00	1.016885889318189840e+01
1.657253000000000087e+00	1.006563272401181841e+01
1.663205000000000044e+00	1.013483901571563806e+01
1.669157999999999920e+00	9.724983073808553868e+00
1.675111999999999934e+00	1.124794419986757354e+01
1.681065999999999949e+00	1.044220446951752734e+01
1.687019000000000046e+00	1.157130656276570591e+01
1.692971000000000004e+00	1.184374174303389715e+01
1.698919000000000068e+00	1.318012939096418279e+01
1.704863000000000017e+00	1.339386821903726954e+01
1.710806999999999967e+00	1.469128845234643421e+01
1.716752999999999973e+00	1.506112716066319024e+01
1.722706999999999988e+00	1.545623469308117315e+01
1.728671999999999986e+00	1.613385894285088185e+01
1.734652000000000083e+00	1.615607292882137003e+01
1.740636000000000072e+00	1.655151911161097189e+01
1.746609000000000078e+00	1.686469748724173456e+01
1.752555000000000085e+00	1.720286848137251923e+01
1.758458000000000077e+00	1.697117225293551712e+01
1.764308999999999905e+00	1.718481244001827690e+01
1.770140999999999964e+00	1.663368623093538545e+01
1.776011999999999924e+00	1.645369746938274957e+01
1.781979999999999897e+00	1.606873979541192909e+01
1.788105000000000055e+00	1.648110925016668560e+01
1.794426999999999994e+00	1.532121444061449722e+01
1.800829000000000013e+00	1.622058947167800724e+01
1.807091999999999921e+00	1.614649449275429305e+01
1.813002000000000002e+00	1.530860915979985393e+01
1.818338000000000010e+00	1.464430825674618042e+01
1.822912000000000088e+00	1.509510861909032897e+01
1.826850000000000085e+00	1.431809816685634829e+01
1.830492000000000008e+00	1.481116749288606549e+01
1.834179999999999922e+00	1.423541522561498773e+01
1.838259000000000087e+00	1.485242695609630914e+01
1.843048000000000020e+00	1.535059762099803571e+01
1.848562000000000038e+00	1.626591591866743514e+01
1.854589999999999961e+00	1.666602722108413204e+01
1.860913000000000039e+00	1.732850594659664978e+01
1.867313999999999918e+00	1.879815214611109653e+01
1.873583999999999916e+00	1.827854823174707732e+01
1.879660000000000108e+00	1.852623804474672298e+01
1.885596000000000050e+00	1.948312262034171027e+01
1.891450999999999993e+00	1.921270847295965822e+01
1.897281999999999913e+00	1.916338379534219172e+01
1.903146999999999922e+00	1.792869238355084960e+01
1.909062999999999954e+00	1.764714444256619075e+01
1.915018000000000109e+00	1.676507245677875702e+01
1.920995999999999926e+00	1.594510075269235827e+01
1.926979999999999915e+00	1.425453819005677047e+01
1.932955999999999896e+00	1.263040649964803031e+01
1.938917999999999919e+00	1.215473667517788670e+01
1.944868999999999959e+00	9.864254285487378482e+00
1.950814000000000048e+00	8.301719656648574031e+00
1.956757999999999997e+00	7.551973974594992534e+00
1.962703000000000086e+00	7.214771370426035446e+00
1.968652000000000069e+00	6.451418781937613645e+00
1.974604000000000026e+00	5.281077992667096765e+00
1.980558000000000041e+00	4.744118950977822102e+00
1.986512000000000056e+00	5.691485830890090192e+00
1.992466000000000070e+00	5.402795366131828203e+00
1.998418000000000028e+00	6.024860229574565906e+00
2.004370000000000207e+00	7.604384255385494562e+00
2.010321999999999942e+00	8.329681146322357677e+00
2.016272999999999982e+00	1.026172583081834944e+01
2.022224000000000022e+00	1.184621213866676115e+01
2.028176000000000201e+00	1.377308320867462932e+01
2.034127999999999936e+00	1.474970202059217073e+01
2.040080000000000116e+00	1.629995188917198590e+01
2.046031999999999851e+00	1.751227125183365274e+01
2.051984000000000030e+00	1.800428464336426160e+01
2.057935000000000070e+00	1.880531138343548037e+01
2.063886999999999805e+00	1.882918001725198209e+01
2.069837999999999845e+00	1.873585001363930047e+01
2.075791000000000164e+00	1.810163919826664625e+01
2.081744000000000039e+00	1.760396981227883018e+01
2.087698000000000054e+00	1.709780872615754177e+01
2.093652000000000069e+00	1.539992620634552623e+01
2.099604999999999944e+00	1.337609802925658542e+01
2.105554999999999843e+00	1.252219064726598319e+01
2.111501000000000072e+00	1.150647675744784237e+01
2.117445000000000022e+00	1.008404999876251473e+01
2.123388999999999971e+00	1.012553507095809202e+01
2.129338000000000175e+00	1.045247851441131637e+01
2.135295999999999861e+00	1.002304197771205629e+01
2.141268000000000171e+00	1.112710005439984862e+01
2.147250999999999799e+00	1.193045495772153330e+01
2.153232000000000035e+00	1.288449092113168071e+01
2.159196000000000115e+00	1.470912276793871420e+01
2.165125000000000188e+00	1.489736611801167498e+01
2.171006000000000213e+00	1.664785234775646572e+01
2.176841000000000026e+00	1.648223202711272606e+01
2.182682999999999929e+00	1.786634818923386803e+01
2.188588999999999896e+00	1.704906756969340265e+01
2.194618000000000180e+00	1.639514414480515470e+01
2.200828000000000007e+00	1.613652054381804035e+01
2.207209999999999894e+00	1.467381666038561505e+01
2.213579000000000185e+00	1.400543409256886918e+01
2.219714999999999883e+00	1.177926655810196799e+01
2.225403000000000020e+00	1.114030774482080233e+01
2.230423000000000044e+00	9.193845938472795964e+00
2.234681000000000139e+00	8.948535658174435525e+00
2.238447999999999993e+00	8.094267363338424559e+00
2.242068000000000172e+00	8.467845298360183293e+00
2.245884000000000214e+00	7.840901863351770196e+00
2.250237999999999960e+00	9.641472574428542330e+00
2.255365999999999982e+00	1.118071877922176682e+01
2.261130000000000084e+00	1.328723476866823106e+01
2.267313000000000134e+00	1.526819274611264987e+01
2.273696000000000161e+00	1.835158964050046393e+01
2.280063999999999869e+00	2.117010159225482013e+01
2.286243999999999943e+00	2.273475552865632565e+01
2.292251999999999956e+00	2.505668077742292255e+01
2.298146000000000022e+00	2.885929502648705025e+01
2.303983000000000114e+00	3.529509494978071871e+01
2.309822000000000042e+00	4.552847666330598742e+01
2.315710999999999853e+00	6.004185038640817851e+01
2.321645999999999876e+00	7.672580962899148460e+01
2.327612999999999932e+00	9.197058233388553106e+01
2.333594999999999864e+00	1.017310780405070147e+02
2.339576999999999796e+00	1.046227834058150563e+02
2.345546999999999827e+00	9.818618432999856793e+01
2.351503999999999817e+00	8.296322240563466721e+01
2.357451999999999881e+00	6.295671000557762653e+01
2.363395999999999830e+00	4.374861915695088754e+01
2.369339000000000084e+00	2.682565687757446327e+01
2.375286000000000008e+00	1.621562794591628176e+01
2.381237000000000048e+00	1.015064491329143337e+01
2.387189999999999923e+00	8.029300885539846888e+00
2.393143999999999938e+00	7.595172052407015428e+00
2.399097999999999953e+00	8.410920452959182114e+00
2.405050999999999828e+00	8.743375338098330118e+00
2.411004000000000147e+00	7.606073999324984847e+00
2.416955999999999882e+00	6.100739532284488398e+00
2.422906999999999922e+00	4.325577070209549291e+00
2.428857999999999961e+00	3.602966076840538712e+00
2.434809000000000001e+00	2.803958054617939233e+00
2.440760000000000041e+00	3.319261775381278756e+00
2.446712000000000220e+00	2.268498946777318448e+00
2.452663999999999955e+00	3.809944757361645173e+00
2.458616999999999830e+00	4.877706694129105180e+00
2.464570999999999845e+00	5.732641585606593537e+00
2.470524999999999860e+00	7.648126977240058189e+00
2.476478000000000179e+00	9.002778956698074708e+00
2.482429999999999914e+00	1.092160774508230681e+01
2.488377999999999979e+00	1.372413881293784499e+01
2.494323000000000068e+00	1.626604893811273911e+01
2.500265999999999877e+00	2.030317683485109015e+01
2.506212000000000106e+00	2.253491246836060924e+01
2.512164999999999981e+00	2.530621048652965044e+01
2.518129000000000062e+00	2.611186880105555019e+01
2.524108000000000018e+00	2.645246276583183231e+01
2.530091999999999786e+00	2.610935768012590685e+01
2.536067000000000071e+00	2.422842344425072625e+01
2.542015999999999831e+00	2.119696839296984692e+01
2.547924000000000078e+00	1.720029943374426651e+01
2.553779000000000021e+00	1.457202040817171351e+01
2.559610000000000163e+00	1.148634379969322339e+01
2.565475000000000172e+00	8.000044098333090048e+00
2.571432000000000162e+00	6.703710865331538926e+00
2.577539999999999942e+00	4.479023436099883071e+00
2.583845999999999865e+00	4.769780656028331123e+00
2.590249000000000024e+00	4.611661209842096376e+00
2.596534000000000120e+00	6.441436588742583069e+00
2.602485000000000159e+00	8.099986170717667022e+00
2.607883000000000173e+00	9.356067219833084536e+00
2.612527000000000044e+00	9.903775775804238179e+00
2.616509000000000196e+00	1.153481124964840809e+01
2.620163999999999938e+00	1.149672980390169386e+01
2.623834000000000000e+00	8.907575132610059399e+00
2.627863000000000060e+00	7.013923639294364243e+00
2.632579999999999920e+00	1.455673715974092008e+00
2.638037000000000187e+00	-4.873456062762226537e+00
2.644026000000000209e+00	-1.111559545615607547e+01
2.650332000000000132e+00	-1.713537194975160105e+01
2.656734000000000151e+00	-1.982313450983800962e+01
2.663022999999999918e+00	-1.849505227506264404e+01
2.669115000000000126e+00	-1.609927891466981009e+01
2.675060999999999911e+00	-9.015099438881311045e+00
2.680919999999999970e+00	-2.158778050431687134e+00
2.686751000000000111e+00	4.879783766913210030e+00
2.692610999999999866e+00	9.554886613199361278e+00
2.698523999999999923e+00	1.341976692323648379e+01
2.704476000000000102e+00	1.445155222866325850e+01
2.710452000000000083e+00	1.438031691869749551e+01
2.716435999999999851e+00	1.339739286491072967e+01
2.722412999999999972e+00	1.242515909098424665e+01
2.728375999999999912e+00	1.140403804976661739e+01
2.734328000000000092e+00	9.671230793212224341e+00
2.740273999999999877e+00	6.804831538891028764e+00
2.746217000000000130e+00	3.796765699375145964e+00
2.752162000000000219e+00	-2.490191746340517653e+00
2.758110999999999979e+00	-8.517146452730179007e+00
2.764063000000000159e+00	-1.510215247508179459e+01
2.770016000000000034e+00	-2.045045738157741866e+01
2.775971000000000188e+00	-2.313757157036248202e+01
2.781924000000000063e+00	-2.290847504415581781e+01
2.787876999999999938e+00	-1.847387715131788255e+01
2.793829000000000118e+00	-1.121256018510023544e+01
2.799780999999999853e+00	-4.450041962760977299e+00
2.805731999999999893e+00	1.283270872426479414e+00
2.811682999999999932e+00	2.161777105428701162e+00
2.817635000000000112e+00	-8.706469980778894779e-01
2.823586999999999847e+00	-7.294570449921599753e+00
2.829539000000000026e+00	-1.451932102436783900e+01
2.835491000000000206e+00	-2.071258944700079851e+01
2.841442999999999941e+00	-2.562989968925570849e+01
2.847395000000000120e+00	-2.533112864959313981e+01
2.853346999999999856e+00	-2.373626777106419183e+01
2.859299000000000035e+00	-2.082254252857278232e+01
2.865251000000000214e+00	-1.675586161008064678e+01
2.871201999999999810e+00	-1.582949966784475926e+01
2.877153999999999989e+00	-1.562600531113166191e+01
2.883106000000000169e+00	-1.586458886016495562e+01
2.889057999999999904e+00	-1.748536826061722493e+01
2.895010000000000083e+00	-1.694630412684997367e+01
2.900961999999999819e+00	-1.403029867382941553e+01
2.906913999999999998e+00	-1.077917047927110161e+01
2.912866000000000177e+00	-4.744939011918609673e+00
2.918817999999999913e+00	4.317043337963654692e-01
2.924770000000000092e+00	5.902591308902676026e+00
2.930721000000000132e+00	8.385130074946378187e+00
2.936672999999999867e+00	8.597696618749790076e+00
2.942625000000000046e+00	6.052017093808748527e+00
2.948576999999999781e+00	2.795215495293798647e+00
2.954528999999999961e+00	-2.103117315730676395e+00
2.960481000000000140e+00	-8.807619032425483496e+00
2.966432999999999875e+00	-1.472140948979754072e+01
2.972385000000000055e+00	-2.285849433964595079e+01
2.978336999999999790e+00	-2.970281690073626990e+01
2.984288999999999970e+00	-3.455950042306604786e+01
2.990240000000000009e+00	-3.970546278636924598e+01
2.996192000000000188e+00	-4.340243061839640148e+01
3.002143999999999924e+00	-4.391822746956161438e+01
3.008096000000000103e+00	-4.373411017195645201e+01
3.014047999999999838e+00	-3.940900863624421646e+01
3.020000000000000018e+00	-3.153214088581321306e+01
