1.199999999999999956e-01	3.657175250051145632e+00
1.249780000000000058e-01	3.353158598636537313e+00
1.305999999999999939e-01	2.709631018969725247e+00
1.367059999999999942e-01	2.776402972018190862e+00
1.431360000000000132e-01	2.354324976273367565e+00
1.497320000000000040e-01	1.811664479068708866e+00
1.563350000000000017e-01	2.040302633725772363e+00
1.627850000000000130e-01	1.821094497422925063e+00
1.689219999999999888e-01	1.929974088034398516e+00
1.745889999999999942e-01	1.989566663237970268e+00
1.796250000000000069e-01	1.988979141074732615e+00
1.839349999999999874e-01	2.038266892490604221e+00
1.877439999999999942e-01	2.310269629838973326e+00
1.913779999999999926e-01	2.305618086858810756e+00
1.951660000000000061e-01	2.229630269700880962e+00
1.994340000000000002e-01	2.412098406945333284e+00
2.044499999999999929e-01	2.447880190241859211e+00
2.101250000000000062e-01	2.637091942576188508e+00
2.162479999999999958e-01	2.000780995512894123e+00
2.226049999999999973e-01	2.251184511738118399e+00
2.289819999999999911e-01	2.221352642474459849e+00
2.351930000000000132e-01	2.398543239361121682e+00
2.412249999999999950e-01	2.360080907571559194e+00
2.471349999999999936e-01	2.262246921707057545e+00
2.529799999999999827e-01	2.374480096708906807e+00
2.588170000000000193e-01	2.411275224287754870e+00
2.646970000000000156e-01	2.642497203578655807e+00
2.706259999999999777e-01	2.223586192448844479e+00
2.765880000000000005e-01	2.764421916575881877e+00
2.825679999999999858e-01	2.410354497700724519e+00
2.885510000000000019e-01	2.597716526202084708e+00
2.945229999999999793e-01	2.778923470163217946e+00
3.004809999999999981e-01	3.474432799412357387e+00
3.064310000000000089e-01	2.959924297790026415e+00
3.123750000000000138e-01	3.334811814953903664e+00
3.183190000000000186e-01	2.824091366376237477e+00
3.242650000000000254e-01	3.024122264446540420e+00
3.302149999999999808e-01	2.755632344897501973e+00
3.361680000000000224e-01	2.869079579699712390e+00
3.421210000000000084e-01	2.783371897820598129e+00
3.480759999999999965e-01	3.170424609545424932e+00
3.540289999999999826e-01	3.017699076419029680e+00
3.599809999999999954e-01	2.932365462615244667e+00
3.659330000000000083e-01	3.353595565397940792e+00
3.718839999999999923e-01	3.247801750036294788e+00
3.778360000000000052e-01	3.285003172676650429e+00
3.837869999999999893e-01	3.333446481997185629e+00
3.897390000000000021e-01	3.525033958481618601e+00
3.956910000000000149e-01	3.124745057571724605e+00
4.016429999999999723e-01	3.497910558699333539e+00
4.075949999999999851e-01	3.467705228432635067e+00
4.135469999999999979e-01	3.663481660593827627e+00
4.194979999999999820e-01	3.354777218492959179e+00
4.254499999999999948e-01	3.432908370386065666e+00
4.314009999999999789e-01	3.522231655050551691e+00
4.373540000000000205e-01	3.552251491477317558e+00
4.433079999999999798e-01	3.350977062822772634e+00
4.492619999999999947e-01	3.139946539148245286e+00
4.552160000000000095e-01	3.169400481373286116e+00
4.611680000000000224e-01	3.556726506148828459e+00
4.671170000000000044e-01	3.475598993494005473e+00
4.730619999999999825e-01	3.302280015570703053e+00
4.790059999999999873e-01	3.375483155104357813e+00
4.849510000000000209e-01	3.861404259274555884e+00
4.909020000000000050e-01	3.368968738762419868e+00
4.968629999999999991e-01	3.412439150193146808e+00
5.028390000000000359e-01	3.648899783890339865e+00
5.088230000000000253e-01	3.869766512093045119e+00
5.148009999999999531e-01	4.356249305703221886e+00
5.207570000000000254e-01	4.105333601820855272e+00
5.266750000000000043e-01	4.040778348464995950e+00
5.325410000000000421e-01	4.046944387788439457e+00
5.383719999999999617e-01	4.304133630662815513e+00
5.442249999999999588e-01	3.915487070292888117e+00
5.501580000000000359e-01	4.562254433441367496e+00
5.562289999999999734e-01	4.306061921628601574e+00
5.624930000000000208e-01	4.155546354314210156e+00
5.688929999999999820e-01	3.959826063039983524e+00
5.752220000000000111e-01	4.019182679872160158e+00
5.812610000000000277e-01	4.125513976215006373e+00
5.867949999999999555e-01	4.140336885558544289e+00
5.916080000000000227e-01	4.287643923432828075e+00
5.957040000000000113e-01	4.127110858714084785e+00
5.993990000000000151e-01	4.373497598532329000e+00
6.030370000000000452e-01	4.300769926182689495e+00
6.069609999999999728e-01	4.340273821246650066e+00
6.115110000000000268e-01	4.618788916802782474e+00
6.168270000000000142e-01	4.656597967641455504e+00
6.227219999999999978e-01	4.834455527742348657e+00
6.289789999999999548e-01	4.558897578267608885e+00
6.353790000000000271e-01	4.868063711865447729e+00
6.417070000000000274e-01	5.115671715846929146e+00
6.478369999999999962e-01	5.001915594002432464e+00
6.538089999999999735e-01	5.028106459768781455e+00
6.596819999999999906e-01	5.162762014661089083e+00
6.655140000000000500e-01	5.122092244955502416e+00
6.713630000000000431e-01	5.112374661112284002e+00
6.772660000000000347e-01	5.092269427884552613e+00
6.832110000000000127e-01	5.742343510526286998e+00
6.891829999999999901e-01	5.116646707800333260e+00
6.951669999999999794e-01	5.240205257622694290e+00
7.011469999999999647e-01	5.551075603817754889e+00
7.071119999999999628e-01	5.251879876494080612e+00
7.130670000000000064e-01	5.287847052410045379e+00
7.190130000000000132e-01	5.564497415890847343e+00
7.249569999999999625e-01	5.391925263155114223e+00
7.309010000000000229e-01	5.785289504720399378e+00
7.368489999999999762e-01	5.253890601482869016e+00
7.428000000000000158e-01	5.501923796380932430e+00
7.487530000000000019e-01	5.957097712058536665e+00
7.547080000000000455e-01	5.490295556997033088e+00
7.606619999999999493e-01	5.620076368966742564e+00
7.666140000000000176e-01	5.402869964356669996e+00
7.725670000000000037e-01	5.349279633780064103e+00
7.785180000000000433e-01	5.448127315675625582e+00
7.844689999999999719e-01	5.672269754196859637e+00
7.904210000000000402e-01	5.676131042818362005e+00
7.963729999999999976e-01	5.418964383465818102e+00
8.023249999999999549e-01	5.364960810175704253e+00
8.082770000000000232e-01	5.972572520442108512e+00
8.142289999999999806e-01	5.558533139753172314e+00
8.201800000000000201e-01	5.989906216382074433e+00
8.261319999999999775e-01	6.146331036066902342e+00
8.320830000000000171e-01	6.385412002732878456e+00
8.380349999999999744e-01	5.983996157033464769e+00
8.439870000000000427e-01	6.502737317501801506e+00
8.499400000000000288e-01	6.517323689027691991e+00
8.558940000000000436e-01	6.625400326920501293e+00
8.618479999999999475e-01	6.769918416320669152e+00
8.678010000000000446e-01	6.873940410269825385e+00
8.737519999999999731e-01	6.877528233393504387e+00
8.797000000000000375e-01	7.144365193857918683e+00
8.856439999999999868e-01	6.974609293921598230e+00
8.915870000000000184e-01	6.754182478462596784e+00
8.975349999999999717e-01	6.970629417503368508e+00
9.034900000000000153e-01	7.029269330736855892e+00
9.094569999999999599e-01	7.178974999748978902e+00
9.154379999999999740e-01	7.049859183717257949e+00
9.214210000000000456e-01	7.071860503950589738e+00
9.273909999999999654e-01	7.347478982216040677e+00
9.333329999999999682e-01	7.575639215178702202e+00
9.392300000000000093e-01	7.100644637304812434e+00
9.450749999999999984e-01	7.205088708767240391e+00
9.509090000000000042e-01	7.533288304927063805e+00
9.567890000000000006e-01	7.714230099523228468e+00
9.627750000000000474e-01	7.618313585235890528e+00
9.689229999999999787e-01	7.566919807835629008e+00
9.752680000000000238e-01	7.987365028513739418e+00
9.816639999999999810e-01	7.874691897185989831e+00
9.878930000000000211e-01	7.854061093923859538e+00
9.937399999999999567e-01	8.224893311903377580e+00
9.989850000000000119e-01	8.308590920856012474e+00
1.003457999999999961e+00	8.091122439797825194e+00
1.007338000000000067e+00	7.856670832298334517e+00
1.010966000000000031e+00	7.786620741669929124e+00
1.014685999999999977e+00	8.217829552971451790e+00
1.018841000000000108e+00	8.151142579105066233e+00
1.023735000000000062e+00	8.513780771570008454e+00
1.029328999999999938e+00	8.583737367575757560e+00
1.035408000000000106e+00	8.049254377972545171e+00
1.041754000000000069e+00	8.237299627918538647e+00
1.048148999999999997e+00	8.320906375778546860e+00
1.054391999999999996e+00	8.340668799180248172e+00
1.060446000000000000e+00	8.319413749952698112e+00
1.066368999999999900e+00	8.382428595552132933e+00
1.072216999999999976e+00	8.226662144226946083e+00
1.078049000000000035e+00	8.415424972940387605e+00
1.083920999999999912e+00	8.752295914645978669e+00
1.089842999999999895e+00	8.546444503505034263e+00
1.095801999999999943e+00	8.688884478213402929e+00
1.101780999999999899e+00	8.091119986561976063e+00
1.107765000000000111e+00	8.205144760052760944e+00
1.113739999999999952e+00	8.719771993335697857e+00
1.119699999999999918e+00	8.783219677446840734e+00
1.125650000000000039e+00	8.719385718195047374e+00
1.131594999999999906e+00	8.739967108317754807e+00
1.137537999999999938e+00	8.497421589720783430e+00
1.143483999999999945e+00	8.294639833975999466e+00
1.149432999999999927e+00	8.478579172233423833e+00
1.155386000000000024e+00	8.346950608960723272e+00
1.161338999999999899e+00	8.508253453907785868e+00
1.167294000000000054e+00	8.249942751411452946e+00
1.173246999999999929e+00	8.197708380594386668e+00
1.179200000000000026e+00	7.848413947178551453e+00
1.185151999999999983e+00	8.360627156692387985e+00
1.191103000000000023e+00	8.051463520296639587e+00
1.197054000000000062e+00	8.040614034033268354e+00
1.203006000000000020e+00	7.852803368558816999e+00
1.208957999999999977e+00	7.819816652657578970e+00
1.214909999999999934e+00	7.963587788904328058e+00
1.220861999999999892e+00	8.451804364065273134e+00
1.226814000000000071e+00	8.897158245335381466e+00
1.232765000000000111e+00	8.576039491409627402e+00
1.238717000000000068e+00	8.520470632188299476e+00
1.244668000000000108e+00	8.868334844661545091e+00
1.250620000000000065e+00	8.714746577408293504e+00
1.256572000000000022e+00	9.117821210328383330e+00
1.262526000000000037e+00	9.225620795094258142e+00
1.268480000000000052e+00	9.119505724031885308e+00
1.274434000000000067e+00	9.035846569051091848e+00
1.280386000000000024e+00	9.288585540997406298e+00
1.286335999999999924e+00	9.011126403412237806e+00
1.292281999999999931e+00	9.131201189311559219e+00
1.298224999999999962e+00	9.761494629350389474e+00
1.304170000000000051e+00	9.657075615916179245e+00
1.310119999999999951e+00	1.018555151112230561e+01
1.316079999999999917e+00	9.457772471448064877e+00
1.322052999999999923e+00	9.880168674606352397e+00
1.328036999999999912e+00	1.026384497673428875e+01
1.334017000000000008e+00	1.031163357448962259e+01
1.339976000000000056e+00	1.073423472839942328e+01
1.345900000000000096e+00	1.100024951244802018e+01
1.351774000000000031e+00	1.106128069336427444e+01
1.357607000000000008e+00	1.167526254796893603e+01
1.363453000000000026e+00	1.099091859621560019e+01
1.369372000000000034e+00	1.156540541442060821e+01
1.375421999999999922e+00	1.208079883321452463e+01
1.381658999999999970e+00	1.196425234649829150e+01
1.388052000000000064e+00	1.202426986337939496e+01
1.394403000000000059e+00	1.189063791871133446e+01
1.400492999999999988e+00	1.184139184474919126e+01
1.406104999999999938e+00	1.208412964170217130e+01
1.411021999999999998e+00	1.213348824553666283e+01
1.415195999999999898e+00	1.218146283314729494e+01
1.418924000000000074e+00	1.206097146532005659e+01
1.422549999999999981e+00	1.238224119981473237e+01
1.426417000000000046e+00	1.252081362488215710e+01
1.430868000000000029e+00	1.244301706382569606e+01
1.436091000000000006e+00	1.237386577354586770e+01
1.441923000000000066e+00	1.250937611339882594e+01
1.448144000000000098e+00	1.266082594404027795e+01
1.454538000000000109e+00	1.278081606990551933e+01
1.460887000000000047e+00	1.227907380822447081e+01
1.467041999999999957e+00	1.313738860291092436e+01
1.473030999999999979e+00	1.326029737605950309e+01
1.478914000000000062e+00	1.342510465548261323e+01
1.484749000000000096e+00	1.333478435845386834e+01
1.490591999999999917e+00	1.374827898779388491e+01
1.496488000000000040e+00	1.356531555990186888e+01
1.502428000000000097e+00	1.357970245163782330e+01
1.508397999999999906e+00	1.344774736166195694e+01
1.514380999999999977e+00	1.347052099831009997e+01
1.520361999999999991e+00	1.358967334939368499e+01
1.526329999999999965e+00	1.345573778214743754e+01
1.532284999999999897e+00	1.317386993482716662e+01
1.538232999999999961e+00	1.330096385980845675e+01
1.544175999999999993e+00	1.317601733688726107e+01
1.550119999999999942e+00	1.300057515860688540e+01
1.556068000000000007e+00	1.336031652531848835e+01
1.562019000000000046e+00	1.277676930442729208e+01
1.567971999999999921e+00	1.331389896536009765e+01
1.573925999999999936e+00	1.325573562024907126e+01
1.579879999999999951e+00	1.381986228532193195e+01
1.585833000000000048e+00	1.363894016766924189e+01
1.591785000000000005e+00	1.410345749502680057e+01
1.597736999999999963e+00	1.442779969281350283e+01
1.603688000000000002e+00	1.442466194468179630e+01
1.609639000000000042e+00	1.437636647967323711e+01
1.615590999999999999e+00	1.434640621357804235e+01
1.621542999999999957e+00	1.434914226220895905e+01
1.627494999999999914e+00	1.426219969713585911e+01
1.633447000000000093e+00	1.422653791887483621e+01
1.639399000000000051e+00	1.454213829963507365e+01
1.645350000000000090e+00	1.425083322416392662e+01
1.651302000000000048e+00	1.441390613300483636e+01
1.657253000000000087e+00	1.448997564759817003e+01
1.663205000000000044e+00	1.479538146100298590e+01
1.669157999999999920e+00	1.436396395289015970e+01
1.675111999999999934e+00	1.477924685289414342e+01
1.681065999999999949e+00	1.525413273918521639e+01
1.687019000000000046e+00	1.529047400064364481e+01
1.692971000000000004e+00	1.567504544430278557e+01
1.698919000000000068e+00	1.596430958411474066e+01
1.704863000000000017e+00	1.620598286366726981e+01
1.710806999999999967e+00	1.614573429398516780e+01
1.716752999999999973e+00	1.672273710367057475e+01
1.722706999999999988e+00	1.666960081740560895e+01
1.728671999999999986e+00	1.677872627568093122e+01
1.734652000000000083e+00	1.679886846048245630e+01
1.740636000000000072e+00	1.673635094375521604e+01
1.746609000000000078e+00	1.631637797398402512e+01
1.752555000000000085e+00	1.647352363388556284e+01
1.758458000000000077e+00	1.610241693016612174e+01
1.764308999999999905e+00	1.661396065403565103e+01
1.770140999999999964e+00	1.599035084861549905e+01
1.776011999999999924e+00	1.596738654282682113e+01
1.781979999999999897e+00	1.583509205524178221e+01
1.788105000000000055e+00	1.565753644387877230e+01
1.794426999999999994e+00	1.555768282250380885e+01
1.800829000000000013e+00	1.579639086857804031e+01
1.807091999999999921e+00	1.586475790664400165e+01
1.813002000000000002e+00	1.575985122921107084e+01
1.818338000000000010e+00	1.611747347289202992e+01
1.822912000000000088e+00	1.643694965300554145e+01
1.826850000000000085e+00	1.706352507518909434e+01
1.830492000000000008e+00	1.736974815599074873e+01
1.834179999999999922e+00	1.713582113553560760e+01
1.838259000000000087e+00	1.765059037666887676e+01
1.843048000000000020e+00	1.784503074191102101e+01
1.848562000000000038e+00	1.765029680409740820e+01
1.854589999999999961e+00	1.755574351561857682e+01
1.860913000000000039e+00	1.745285189948930338e+01
1.867313999999999918e+00	1.790000159399218305e+01
1.873583999999999916e+00	1.752990848534073720e+01
1.879660000000000108e+00	1.716588026528116018e+01
1.885596000000000050e+00	1.681678239366721073e+01
1.891450999999999993e+00	1.690047642034640774e+01
1.897281999999999913e+00	1.663116630066960511e+01
1.903146999999999922e+00	1.627818364330802225e+01
1.909062999999999954e+00	1.634267107475814740e+01
1.915018000000000109e+00	1.623675340215154250e+01
1.920995999999999926e+00	1.636379012281247469e+01
1.926979999999999915e+00	1.611942222846057859e+01
1.932955999999999896e+00	1.605948946290281043e+01
1.938917999999999919e+00	1.643641506322062185e+01
1.944868999999999959e+00	1.659766412815045555e+01
1.950814000000000048e+00	1.665609384546356253e+01
1.956757999999999997e+00	1.675336126359427524e+01
1.962703000000000086e+00	1.709596736225438107e+01
1.968652000000000069e+00	1.665283641334798403e+01
1.974604000000000026e+00	1.727130367570136471e+01
1.980558000000000041e+00	1.670228136962776944e+01
1.986512000000000056e+00	1.670024780944644149e+01
1.992466000000000070e+00	1.652535745774798315e+01
1.998418000000000028e+00	1.633937154042094164e+01
2.004370000000000207e+00	1.602315691905085515e+01
2.010321999999999942e+00	1.623304956529553067e+01
2.016272999999999982e+00	1.596513627960405479e+01
2.022224000000000022e+00	1.635959321878055306e+01
2.028176000000000201e+00	1.593489160157687934e+01
2.034127999999999936e+00	1.627152500009250602e+01
2.040080000000000116e+00	1.628353613347056594e+01
2.046031999999999851e+00	1.627881897311820580e+01
2.051984000000000030e+00	1.652451135776286861e+01
2.057935000000000070e+00	1.699630422319007650e+01
2.063886999999999805e+00	1.663973514025051159e+01
2.069837999999999845e+00	1.706450885290575314e+01
2.075791000000000164e+00	1.673293705782371532e+01
2.081744000000000039e+00	1.710399197457660492e+01
2.087698000000000054e+00	1.701669507103881429e+01
2.093652000000000069e+00	1.731799130989586644e+01
2.099604999999999944e+00	1.714018205204584078e+01
2.105554999999999843e+00	1.699059407975788005e+01
2.111501000000000072e+00	1.704050311769037052e+01
2.117445000000000022e+00	1.700093396100208309e+01
2.123388999999999971e+00	1.721937724137053038e+01
2.129338000000000175e+00	1.682286623167098938e+01
2.135295999999999861e+00	1.693845162809106242e+01
2.141268000000000171e+00	1.659266870772891167e+01
2.147250999999999799e+00	1.673027402539412023e+01
2.153232000000000035e+00	1.670456882627314243e+01
2.159196000000000115e+00	1.696999002363489950e+01
2.165125000000000188e+00	1.694088918661005394e+01
2.171006000000000213e+00	1.701607342263302058e+01
2.176841000000000026e+00	1.719589011377047072e+01
2.182682999999999929e+00	1.679912376394475970e+01
2.188588999999999896e+00	1.794356821521846967e+01
2.194618000000000180e+00	1.783266623531157791e+01
2.200828000000000007e+00	1.758449336824224218e+01
2.207209999999999894e+00	1.790605113712346252e+01
2.213579000000000185e+00	1.795128664123835804e+01
2.219714999999999883e+00	1.770054915344219637e+01
2.225403000000000020e+00	1.732178955971070167e+01
2.230423000000000044e+00	1.774133725576797005e+01
2.234681000000000139e+00	1.765704411241095428e+01
2.238447999999999993e+00	1.719621921550011123e+01
2.242068000000000172e+00	1.698347372034345426e+01
2.245884000000000214e+00	1.743433814854490294e+01
2.250237999999999960e+00	1.708712810184190189e+01
2.255365999999999982e+00	1.713850350430322678e+01
2.261130000000000084e+00	1.647437503208456278e+01
2.267313000000000134e+00	1.688339603336700634e+01
2.273696000000000161e+00	1.655296279349037292e+01
2.280063999999999869e+00	1.666289394764752174e+01
2.286243999999999943e+00	1.680850811463096051e+01
2.292251999999999956e+00	1.658674863888880679e+01
2.298146000000000022e+00	1.706175140996505846e+01
2.303983000000000114e+00	1.742310432988746172e+01
2.309822000000000042e+00	1.726903361361619105e+01
2.315710999999999853e+00	1.719520179411755478e+01
2.321645999999999876e+00	1.761214919731551731e+01
2.327612999999999932e+00	1.768045311154156707e+01
2.333594999999999864e+00	1.751632826232442852e+01
2.339576999999999796e+00	1.757809920694371186e+01
2.345546999999999827e+00	1.764605255245310289e+01
2.351503999999999817e+00	1.791644418040853992e+01
2.357451999999999881e+00	1.762426460263186101e+01
2.363395999999999830e+00	1.768817217111234186e+01
2.369339000000000084e+00	1.768828299289271300e+01
2.375286000000000008e+00	1.722055242480679738e+01
2.381237000000000048e+00	1.736968441329639035e+01
2.387189999999999923e+00	1.715302599387711169e+01
2.393143999999999938e+00	1.674630701725204673e+01
2.399097999999999953e+00	1.664654393546947020e+01
2.405050999999999828e+00	1.664726558575545212e+01
2.411004000000000147e+00	1.710395580444184205e+01
2.416955999999999882e+00	1.711497679566668140e+01
2.422906999999999922e+00	1.724904448773677856e+01
2.428857999999999961e+00	1.782645498889997882e+01
2.434809000000000001e+00	1.823726825392530415e+01
2.440760000000000041e+00	1.841046497210330912e+01
2.446712000000000220e+00	1.911130469053938086e+01
2.452663999999999955e+00	1.937699811922825432e+01
2.458616999999999830e+00	2.010123103880904338e+01
2.464570999999999845e+00	2.041456585879891605e+01
2.470524999999999860e+00	2.092610342074965502e+01
2.476478000000000179e+00	2.090486340405380972e+01
2.482429999999999914e+00	2.091009516743804042e+01
2.488377999999999979e+00	2.153360509262148170e+01
2.494323000000000068e+00	2.165474748414563066e+01
2.500265999999999877e+00	2.115424218745919660e+01
2.506212000000000106e+00	2.132083593270401067e+01
2.512164999999999981e+00	2.100078626109328894e+01
2.518129000000000062e+00	2.030602532315220898e+01
2.524108000000000018e+00	2.006705839732632057e+01
2.530091999999999786e+00	1.985393206342575212e+01
2.536067000000000071e+00	1.898495534393370932e+01
2.542015999999999831e+00	1.868999608008309465e+01
2.547924000000000078e+00	1.844518731686200752e+01
2.553779000000000021e+00	1.818829838759478434e+01
2.559610000000000163e+00	1.826417801971654242e+01
2.565475000000000172e+00	1.834169183412318205e+01
2.571432000000000162e+00	1.827201366651813785e+01
2.577539999999999942e+00	1.852802945268888379e+01
2.583845999999999865e+00	1.885109817979067159e+01
2.590249000000000024e+00	1.907985181710885669e+01
2.596534000000000120e+00	1.937095698364220553e+01
2.602485000000000159e+00	1.976584285269206731e+01
2.607883000000000173e+00	1.997845892340065177e+01
2.612527000000000044e+00	1.962082410308450520e+01
2.616509000000000196e+00	1.971852486018225648e+01
2.620163999999999938e+00	1.949266901303120036e+01
2.623834000000000000e+00	1.892301735046616074e+01
2.627863000000000060e+00	1.872213701253017959e+01
2.632579999999999920e+00	1.773583765880257346e+01
2.638037000000000187e+00	1.744940431396013736e+01
2.644026000000000209e+00	1.706969661807994854e+01
2.650332000000000132e+00	1.659808802897550351e+01
2.656734000000000151e+00	1.714152299727245321e+01
2.663022999999999918e+00	1.800432337939630045e+01
2.669115000000000126e+00	1.873725882700812306e+01
2.675060999999999911e+00	1.968613466586659655e+01
2.680919999999999970e+00	2.101420200476572120e+01
2.686751000000000111e+00	2.258530709481782495e+01
2.692610999999999866e+00	2.460533521901821530e+01
2.698523999999999923e+00	2.611820667384169070e+01
2.704476000000000102e+00	2.736391161802233896e+01
2.710452000000000083e+00	2.876346358338178177e+01
2.716435999999999851e+00	2.983003612965346463e+01
2.722412999999999972e+00	2.910172231706413370e+01
2.728375999999999912e+00	2.793830594419017288e+01
2.734328000000000092e+00	2.642736208907408724e+01
2.740273999999999877e+00	2.453655921666715400e+01
2.746217000000000130e+00	2.223989282637108644e+01
2.752162000000000219e+00	1.969540034962708930e+01
2.758110999999999979e+00	1.755745459337596870e+01
2.764063000000000159e+00	1.550607506432263705e+01
2.770016000000000034e+00	1.334847714605663249e+01
2.775971000000000188e+00	1.126131890168691285e+01
2.781924000000000063e+00	9.812989298948684436e+00
2.787876999999999938e+00	8.601206393880588053e+00
2.793829000000000118e+00	7.865621790426348348e+00
2.799780999999999853e+00	8.803401080779959642e+00
2.805731999999999893e+00	9.786672532890909437e+00
2.811682999999999932e+00	1.308527817479568967e+01
2.817635000000000112e+00	1.722104330396402005e+01
2.823586999999999847e+00	2.239505733783080288e+01
2.829539000000000026e+00	2.720102987604414935e+01
2.835491000000000206e+00	3.090099441174842099e+01
2.841442999999999941e+00	3.232339416933934473e+01
2.847395000000000120e+00	3.153445838128621403e+01
2.853346999999999856e+00	2.889029324504963725e+01
2.859299000000000035e+00	2.531696658573525482e+01
2.865251000000000214e+00	2.161770799741833216e+01
2.871201999999999810e+00	1.835348502796993131e+01
2.877153999999999989e+00	1.573076064136964547e+01
2.883106000000000169e+00	1.475628801612396934e+01
2.889057999999999904e+00	1.477176003988037323e+01
2.895010000000000083e+00	1.562081538809519898e+01
2.900961999999999819e+00	1.738764400654314457e+01
2.906913999999999998e+00	2.020616115839494142e+01
2.912866000000000177e+00	2.388302704416458511e+01
2.918817999999999913e+00	2.724143833909501922e+01
2.924770000000000092e+00	2.994713016268752526e+01
2.930721000000000132e+00	3.193999773184648916e+01
2.936672999999999867e+00	3.271034064602442015e+01
2.942625000000000046e+00	3.278767328317432828e+01
2.948576999999999781e+00	3.143831296370693096e+01
2.954528999999999961e+00	3.090424231413964762e+01
2.960481000000000140e+00	3.000891800065439341e+01
2.966432999999999875e+00	3.019691356089049350e+01
2.972385000000000055e+00	3.091036502494403848e+01
2.978336999999999790e+00	3.131638973898900957e+01
2.984288999999999970e+00	3.082004444551787969e+01
2.990240000000000009e+00	3.011785538664888762e+01
2.996192000000000188e+00	2.758470830021462561e+01
3.002143999999999924e+00	2.401343976147458648e+01
3.008096000000000103e+00	1.715330818730366147e+01
3.014047999999999838e+00	8.770000690615615824e+00
3.020000000000000018e+00	-2.884753817284340549e+00
