1.199999999999999956e-01	3.360284000000000049e+00
1.249780000000000058e-01	3.184502999999999862e+00
1.305999999999999939e-01	3.038445999999999980e+00
1.367059999999999942e-01	2.917590000000000128e+00
1.431360000000000132e-01	2.817416000000000142e+00
1.497320000000000040e-01	2.733403000000000027e+00
1.563350000000000017e-01	2.661030999999999924e+00
1.627850000000000130e-01	2.595778999999999836e+00
1.689219999999999888e-01	2.533126999999999907e+00
1.745889999999999942e-01	2.468554000000000137e+00
1.796250000000000069e-01	2.397539999999999782e+00
1.839349999999999874e-01	2.317982000000000209e+00
1.877439999999999942e-01	2.240110000000000046e+00
1.913779999999999926e-01	2.178078999999999876e+00
1.951660000000000061e-01	2.146042000000000005e+00
1.994340000000000002e-01	2.158157000000000103e+00
2.044499999999999929e-01	2.223583000000000087e+00
2.101250000000000062e-01	2.322652999999999857e+00
2.162479999999999958e-01	2.425377999999999812e+00
2.226049999999999973e-01	2.501757000000000009e+00
2.289819999999999911e-01	2.521787999999999919e+00
2.351930000000000132e-01	2.462438000000000127e+00
2.412249999999999950e-01	2.346270000000000078e+00
2.471349999999999936e-01	2.214185000000000070e+00
2.529799999999999827e-01	2.107132000000000005e+00
2.588170000000000193e-01	2.066059000000000090e+00
2.646970000000000156e-01	2.125129999999999963e+00
2.706259999999999777e-01	2.268013999999999974e+00
2.765880000000000005e-01	2.455621999999999971e+00
2.825679999999999858e-01	2.648754999999999971e+00
2.885510000000000019e-01	2.808213999999999988e+00
2.945229999999999793e-01	2.899073000000000011e+00
3.004809999999999981e-01	2.922668999999999961e+00
3.064310000000000089e-01	2.898627999999999982e+00
3.123750000000000138e-01	2.846715999999999802e+00
3.183190000000000186e-01	2.786697000000000202e+00
3.242650000000000254e-01	2.737219000000000069e+00
3.302149999999999808e-01	2.706062999999999885e+00
3.361680000000000224e-01	2.694888000000000172e+00
3.421210000000000084e-01	2.705287000000000219e+00
3.480759999999999965e-01	2.738849999999999785e+00
3.540289999999999826e-01	2.796340999999999966e+00
3.599809999999999954e-01	2.869250000000000078e+00
3.659330000000000083e-01	2.943239000000000161e+00
3.718839999999999923e-01	3.003883000000000081e+00
3.778360000000000052e-01	3.036756000000000011e+00
3.837869999999999893e-01	3.029456999999999844e+00
3.897390000000000021e-01	2.995934000000000097e+00
3.956910000000000149e-01	2.968563000000000063e+00
4.016429999999999723e-01	2.980093999999999799e+00
4.075949999999999851e-01	3.063279999999999781e+00
4.135469999999999979e-01	3.247533999999999921e+00
4.194979999999999820e-01	3.511499999999999844e+00
4.254499999999999948e-01	3.794322000000000195e+00
4.314009999999999789e-01	4.034101999999999855e+00
4.373540000000000205e-01	4.168942999999999621e+00
4.433079999999999798e-01	4.140861000000000125e+00
4.492619999999999947e-01	3.962105000000000210e+00
4.552160000000000095e-01	3.705671999999999855e+00
4.611680000000000224e-01	3.446565999999999796e+00
4.671170000000000044e-01	3.259787000000000212e+00
4.730619999999999825e-01	3.217340999999999784e+00
4.790059999999999873e-01	3.326976999999999851e+00
4.849510000000000209e-01	3.534682999999999797e+00
4.909020000000000050e-01	3.783945000000000114e+00
4.968629999999999991e-01	4.018251000000000239e+00
5.028390000000000359e-01	4.182656999999999847e+00
5.088230000000000253e-01	4.262959999999999638e+00
5.148009999999999531e-01	4.288471000000000366e+00
5.207570000000000254e-01	4.290625999999999607e+00
5.266750000000000043e-01	4.300862000000000407e+00
5.325410000000000421e-01	4.349829999999999863e+00
5.383719999999999617e-01	4.443103999999999942e+00
5.442249999999999588e-01	4.556480999999999781e+00
5.501580000000000359e-01	4.664031999999999734e+00
5.562289999999999734e-01	4.739823999999999593e+00
5.624930000000000208e-01	4.758436999999999806e+00
5.688929999999999820e-01	4.715055999999999692e+00
5.752220000000000111e-01	4.632060000000000066e+00
5.812610000000000277e-01	4.533688999999999858e+00
5.867949999999999555e-01	4.444183999999999912e+00
5.916080000000000227e-01	4.387611999999999846e+00
5.957040000000000113e-01	4.378925999999999874e+00
5.993990000000000151e-01	4.419694999999999929e+00
6.030370000000000452e-01	4.510418999999999734e+00
6.069609999999999728e-01	4.651600000000000179e+00
6.115110000000000268e-01	4.843581000000000358e+00
6.168270000000000142e-01	5.075727999999999795e+00
6.227219999999999978e-01	5.319455999999999740e+00
6.289789999999999548e-01	5.544514000000000387e+00
6.353790000000000271e-01	5.720653999999999684e+00
6.417070000000000274e-01	5.817832000000000114e+00
6.478369999999999962e-01	5.826050999999999647e+00
6.538089999999999735e-01	5.771897000000000055e+00
6.596819999999999906e-01	5.685851999999999684e+00
6.655140000000000500e-01	5.598397000000000290e+00
6.713630000000000431e-01	5.539916999999999980e+00
6.772660000000000347e-01	5.526773999999999631e+00
6.832110000000000127e-01	5.546744000000000341e+00
6.891829999999999901e-01	5.584116999999999997e+00
6.951669999999999794e-01	5.623185000000000322e+00
7.011469999999999647e-01	5.648265000000000313e+00
7.071119999999999628e-01	5.649833000000000105e+00
7.130670000000000064e-01	5.632418999999999620e+00
7.190130000000000132e-01	5.602503999999999706e+00
7.249569999999999625e-01	5.566569000000000322e+00
7.309010000000000229e-01	5.531090999999999980e+00
7.368489999999999762e-01	5.500312000000000090e+00
7.428000000000000158e-01	5.472752999999999979e+00
7.487530000000000019e-01	5.446034000000000042e+00
7.547080000000000455e-01	5.417773000000000394e+00
7.606619999999999493e-01	5.385594000000000214e+00
7.666140000000000176e-01	5.351744000000000057e+00
7.725670000000000037e-01	5.331763999999999726e+00
7.785180000000000433e-01	5.343574000000000268e+00
7.844689999999999719e-01	5.405090999999999646e+00
7.904210000000000402e-01	5.534229999999999983e+00
7.963729999999999976e-01	5.737055999999999933e+00
8.023249999999999549e-01	5.981245999999999619e+00
8.082770000000000232e-01	6.226725000000000065e+00
8.142289999999999806e-01	6.433415000000000106e+00
8.201800000000000201e-01	6.561238000000000348e+00
8.261319999999999775e-01	6.585575999999999652e+00
8.320830000000000171e-01	6.538286000000000264e+00
8.380349999999999744e-01	6.464108999999999661e+00
8.439870000000000427e-01	6.407791999999999710e+00
8.499400000000000288e-01	6.414076999999999806e+00
8.558940000000000436e-01	6.514577000000000062e+00
8.618479999999999475e-01	6.686752000000000251e+00
8.678010000000000446e-01	6.894110000000000404e+00
8.737519999999999731e-01	7.100158000000000413e+00
8.797000000000000375e-01	7.268403000000000169e+00
8.856439999999999868e-01	7.368337000000000359e+00
8.915870000000000184e-01	7.397312999999999583e+00
8.975349999999999717e-01	7.360783999999999772e+00
9.034900000000000153e-01	7.264204999999999579e+00
9.094569999999999599e-01	7.113031000000000326e+00
9.154379999999999740e-01	6.916774000000000200e+00
9.214210000000000456e-01	6.706286999999999665e+00
9.273909999999999654e-01	6.519420000000000215e+00
9.333329999999999682e-01	6.394025000000000070e+00
9.392300000000000093e-01	6.367955000000000254e+00
9.450749999999999984e-01	6.470326000000000022e+00
9.509090000000000042e-01	6.678232000000000390e+00
9.567890000000000006e-01	6.949588999999999572e+00
9.627750000000000474e-01	7.242286000000000001e+00
9.689229999999999787e-01	7.514207999999999998e+00
9.752680000000000238e-01	7.729224000000000316e+00
9.816639999999999810e-01	7.891600000000000392e+00
9.878930000000000211e-01	8.022318000000000282e+00
9.937399999999999567e-01	8.142417000000000016e+00
9.989850000000000119e-01	8.272933000000000092e+00
1.003457999999999961e+00	8.431145000000000778e+00
1.007338000000000067e+00	8.605456000000000216e+00
1.010966000000000031e+00	8.770875000000000199e+00
1.014685999999999977e+00	8.902340000000000586e+00
1.018841000000000108e+00	8.974790999999999741e+00
1.023735000000000062e+00	8.967620000000000147e+00
1.029328999999999938e+00	8.899333000000000382e+00
1.035408000000000106e+00	8.808711999999999875e+00
1.041754000000000069e+00	8.734712999999999283e+00
1.048148999999999997e+00	8.716290000000000759e+00
1.054391999999999996e+00	8.787390000000000256e+00
1.060446000000000000e+00	8.931516000000000233e+00
1.066368999999999900e+00	9.102971999999999397e+00
1.072216999999999976e+00	9.255710000000000548e+00
1.078049000000000035e+00	9.343678000000000594e+00
1.083920999999999912e+00	9.325124999999999886e+00
1.089842999999999895e+00	9.208252999999999133e+00
1.095801999999999943e+00	9.033497000000000554e+00
1.101780999999999899e+00	8.841827000000000325e+00
1.107765000000000111e+00	8.674215000000000231e+00
1.113739999999999952e+00	8.568766000000000105e+00
1.119699999999999918e+00	8.524888000000000687e+00
1.125650000000000039e+00	8.514191000000000287e+00
1.131594999999999906e+00	8.507673000000000485e+00
1.137537999999999938e+00	8.476336999999999122e+00
1.143483999999999945e+00	8.393459999999999255e+00
1.149432999999999927e+00	8.268371999999999389e+00
1.155386000000000024e+00	8.139208999999999250e+00
1.161338999999999899e+00	8.044911000000000811e+00
1.167294000000000054e+00	8.024416999999999689e+00
1.173246999999999929e+00	8.114243000000000094e+00
1.179200000000000026e+00	8.305472999999999217e+00
1.185151999999999983e+00	8.548838999999999189e+00
1.191103000000000023e+00	8.793672000000000821e+00
1.197054000000000062e+00	8.989302999999999599e+00
1.203006000000000020e+00	9.086961999999999762e+00
1.208957999999999977e+00	9.080602000000000729e+00
1.214909999999999934e+00	9.006332000000000448e+00
1.220861999999999892e+00	8.902053000000000438e+00
1.226814000000000071e+00	8.805664999999999409e+00
1.232765000000000111e+00	8.754191000000000500e+00
1.238717000000000068e+00	8.760704999999999742e+00
1.244668000000000108e+00	8.812011000000000038e+00
1.250620000000000065e+00	8.893572999999999951e+00
1.256572000000000022e+00	8.990857000000000099e+00
1.262526000000000037e+00	9.089529000000000636e+00
1.268480000000000052e+00	9.182133999999999574e+00
1.274434000000000067e+00	9.269596999999999198e+00
1.280386000000000024e+00	9.353350999999999971e+00
1.286335999999999924e+00	9.434831000000000856e+00
1.292281999999999931e+00	9.515546999999999755e+00
1.298224999999999962e+00	9.600293999999999883e+00
1.304170000000000051e+00	9.698327000000000808e+00
1.310119999999999951e+00	9.819214999999999804e+00
1.316079999999999917e+00	9.972528999999999755e+00
1.322052999999999923e+00	1.016765999999999970e+01
1.328036999999999912e+00	1.040403899999999915e+01
1.334017000000000008e+00	1.066606900000000024e+01
1.339976000000000056e+00	1.093690499999999943e+01
1.345900000000000096e+00	1.119970499999999980e+01
1.351774000000000031e+00	1.143768599999999935e+01
1.357607000000000008e+00	1.163875499999999974e+01
1.363453000000000026e+00	1.179870200000000047e+01
1.369372000000000034e+00	1.191406899999999958e+01
1.375421999999999922e+00	1.198140099999999997e+01
1.381658999999999970e+00	1.199733900000000020e+01
1.388052000000000064e+00	1.196898299999999971e+01
1.394403000000000059e+00	1.192304999999999993e+01
1.400492999999999988e+00	1.188841700000000046e+01
1.406104999999999938e+00	1.189396099999999912e+01
1.411021999999999998e+00	1.196842599999999912e+01
1.415195999999999898e+00	1.211850800000000028e+01
1.418924000000000074e+00	1.230467900000000014e+01
1.422549999999999981e+00	1.248158600000000007e+01
1.426417000000000046e+00	1.260387899999999917e+01
1.430868000000000029e+00	1.262631900000000051e+01
1.436091000000000006e+00	1.253358300000000014e+01
1.441923000000000066e+00	1.238060199999999966e+01
1.448144000000000098e+00	1.223238199999999942e+01
1.454538000000000109e+00	1.215392800000000051e+01
1.460887000000000047e+00	1.221017800000000086e+01
1.467041999999999957e+00	1.243087599999999959e+01
1.473030999999999979e+00	1.275303300000000029e+01
1.478914000000000062e+00	1.309856500000000068e+01
1.484749000000000096e+00	1.338939000000000057e+01
1.490591999999999917e+00	1.354744799999999927e+01
1.496488000000000040e+00	1.352727999999999930e+01
1.502428000000000097e+00	1.337999800000000050e+01
1.508397999999999906e+00	1.317451299999999925e+01
1.514380999999999977e+00	1.297973900000000036e+01
1.520361999999999991e+00	1.286458299999999966e+01
1.526329999999999965e+00	1.287675600000000031e+01
1.532284999999999897e+00	1.299322800000000022e+01
1.538232999999999961e+00	1.317622800000000005e+01
1.544175999999999993e+00	1.338798700000000075e+01
1.550119999999999942e+00	1.359073500000000045e+01
1.556068000000000007e+00	1.375343900000000019e+01
1.562019000000000046e+00	1.387042800000000042e+01
1.567971999999999921e+00	1.394200000000000017e+01
1.573925999999999936e+00	1.396845199999999920e+01
1.579879999999999951e+00	1.395008299999999934e+01
1.585833000000000048e+00	1.389123599999999925e+01
1.591785000000000005e+00	1.381344400000000050e+01
1.597736999999999963e+00	1.374281000000000041e+01
1.603688000000000002e+00	1.370543400000000034e+01
1.609639000000000042e+00	1.372741700000000087e+01
1.615590999999999999e+00	1.382569299999999934e+01
1.621542999999999957e+00	1.397319000000000067e+01
1.627494999999999914e+00	1.412965100000000085e+01
1.633447000000000093e+00	1.425481800000000021e+01
1.639399000000000051e+00	1.430843100000000057e+01
1.645350000000000090e+00	1.426302800000000026e+01
1.651302000000000048e+00	1.416057400000000044e+01
1.657253000000000087e+00	1.406647000000000070e+01
1.663205000000000044e+00	1.404613200000000006e+01
1.669157999999999920e+00	1.416497999999999990e+01
1.675111999999999934e+00	1.447270299999999921e+01
1.681065999999999949e+00	1.492236499999999921e+01
1.687019000000000046e+00	1.543035800000000002e+01
1.692971000000000004e+00	1.591300299999999979e+01
1.698919000000000068e+00	1.628662100000000024e+01
1.704863000000000017e+00	1.647913199999999989e+01
1.710806999999999967e+00	1.649933599999999956e+01
1.716752999999999973e+00	1.639047400000000110e+01
1.722706999999999988e+00	1.619591700000000145e+01
1.728671999999999986e+00	1.595903299999999980e+01
1.734652000000000083e+00	1.572127000000000052e+01
1.740636000000000072e+00	1.550879100000000044e+01
1.746609000000000078e+00	1.534047799999999917e+01
1.752555000000000085e+00	1.523516399999999926e+01
1.758458000000000077e+00	1.521168399999999998e+01
1.764308999999999905e+00	1.528579799999999977e+01
1.770140999999999964e+00	1.544535100000000050e+01
1.776011999999999924e+00	1.566330800000000067e+01
1.781979999999999897e+00	1.591249499999999983e+01
1.788105000000000055e+00	1.616573899999999853e+01
1.794426999999999994e+00	1.639702600000000032e+01
1.800829000000000013e+00	1.659245200000000153e+01
1.807091999999999921e+00	1.674531199999999842e+01
1.813002000000000002e+00	1.684899899999999917e+01
1.818338000000000010e+00	1.689690299999999823e+01
1.822912000000000088e+00	1.688349900000000048e+01
1.826850000000000085e+00	1.681630399999999881e+01
1.830492000000000008e+00	1.671148099999999914e+01
1.834179999999999922e+00	1.658534900000000079e+01
1.838259000000000087e+00	1.645422599999999846e+01
1.843048000000000020e+00	1.633380999999999972e+01
1.848562000000000038e+00	1.623108699999999871e+01
1.854589999999999961e+00	1.614660999999999902e+01
1.860913000000000039e+00	1.608078700000000083e+01
1.867313999999999918e+00	1.603402399999999872e+01
1.873583999999999916e+00	1.600677299999999903e+01
1.879660000000000108e+00	1.600025099999999867e+01
1.885596000000000050e+00	1.601630499999999913e+01
1.891450999999999993e+00	1.605679800000000057e+01
1.897281999999999913e+00	1.612359500000000168e+01
1.903146999999999922e+00	1.621820400000000006e+01
1.909062999999999954e+00	1.633513999999999911e+01
1.915018000000000109e+00	1.646254599999999968e+01
1.920995999999999926e+00	1.658833100000000016e+01
1.926979999999999915e+00	1.670040200000000041e+01
1.932955999999999896e+00	1.678676600000000008e+01
1.938917999999999919e+00	1.683769300000000158e+01
1.944868999999999959e+00	1.684575399999999945e+01
1.950814000000000048e+00	1.680362099999999970e+01
1.956757999999999997e+00	1.670396300000000167e+01
1.962703000000000086e+00	1.653998899999999850e+01
1.968652000000000069e+00	1.632028700000000043e+01
1.974604000000000026e+00	1.607076700000000002e+01
1.980558000000000041e+00	1.581826099999999968e+01
1.986512000000000056e+00	1.558960399999999957e+01
1.992466000000000070e+00	1.541128800000000076e+01
1.998418000000000028e+00	1.529762900000000059e+01
2.004370000000000207e+00	1.524769900000000078e+01
2.010321999999999942e+00	1.525960599999999978e+01
2.016272999999999982e+00	1.533145999999999987e+01
2.022224000000000022e+00	1.546105599999999924e+01
2.028176000000000201e+00	1.563182600000000022e+01
2.034127999999999936e+00	1.580720400000000048e+01
2.040080000000000116e+00	1.594914600000000071e+01
2.046031999999999851e+00	1.601960800000000162e+01
2.051984000000000030e+00	1.598108399999999918e+01
2.057935000000000070e+00	1.582842100000000052e+01
2.063886999999999805e+00	1.560661400000000043e+01
2.069837999999999845e+00	1.536496999999999957e+01
2.075791000000000164e+00	1.515279699999999963e+01
2.081744000000000039e+00	1.501905799999999935e+01
2.087698000000000054e+00	1.498447299999999949e+01
2.093652000000000069e+00	1.502096399999999932e+01
2.099604999999999944e+00	1.509560699999999933e+01
2.105554999999999843e+00	1.517548099999999955e+01
2.111501000000000072e+00	1.522780799999999957e+01
2.117445000000000022e+00	1.523714999999999975e+01
2.123388999999999971e+00	1.522150399999999948e+01
2.129338000000000175e+00	1.520267800000000058e+01
2.135295999999999861e+00	1.520247999999999955e+01
2.141268000000000171e+00	1.524266599999999983e+01
2.147250999999999799e+00	1.533568900000000035e+01
2.153232000000000035e+00	1.547393199999999958e+01
2.159196000000000115e+00	1.564716999999999913e+01
2.165125000000000188e+00	1.584517400000000009e+01
2.171006000000000213e+00	1.605771000000000015e+01
2.176841000000000026e+00	1.627217699999999923e+01
2.182682999999999929e+00	1.647024899999999903e+01
2.188588999999999896e+00	1.663275600000000054e+01
2.194618000000000180e+00	1.674052599999999913e+01
2.200828000000000007e+00	1.677440400000000054e+01
2.207209999999999894e+00	1.672565700000000177e+01
2.213579000000000185e+00	1.661382000000000048e+01
2.219714999999999883e+00	1.646317300000000117e+01
2.225403000000000020e+00	1.629799900000000079e+01
2.230423000000000044e+00	1.614257599999999826e+01
2.234681000000000139e+00	1.601506600000000091e+01
2.238447999999999993e+00	1.591495899999999963e+01
2.242068000000000172e+00	1.583819899999999947e+01
2.245884000000000214e+00	1.578072799999999987e+01
2.250237999999999960e+00	1.573848899999999951e+01
2.255365999999999982e+00	1.570835199999999965e+01
2.261130000000000084e+00	1.569037199999999999e+01
2.267313000000000134e+00	1.568528700000000065e+01
2.273696000000000161e+00	1.569383799999999951e+01
2.280063999999999869e+00	1.571676199999999923e+01
2.286243999999999943e+00	1.575205099999999980e+01
2.292251999999999956e+00	1.578702700000000014e+01
2.298146000000000022e+00	1.580642800000000037e+01
2.303983000000000114e+00	1.579499000000000031e+01
2.309822000000000042e+00	1.573744899999999980e+01
2.315710999999999853e+00	1.562479100000000010e+01
2.321645999999999876e+00	1.547537799999999919e+01
2.327612999999999932e+00	1.531506599999999985e+01
2.333594999999999864e+00	1.516971400000000081e+01
2.339576999999999796e+00	1.506517799999999951e+01
2.345546999999999827e+00	1.502383999999999986e+01
2.351503999999999817e+00	1.505089399999999955e+01
2.357451999999999881e+00	1.514622300000000088e+01
2.363395999999999830e+00	1.530971199999999932e+01
2.369339000000000084e+00	1.554124200000000044e+01
2.375286000000000008e+00	1.583920600000000078e+01
2.381237000000000048e+00	1.619365000000000165e+01
2.387189999999999923e+00	1.659172099999999972e+01
2.393143999999999938e+00	1.702055899999999866e+01
2.399097999999999953e+00	1.746730799999999917e+01
2.405050999999999828e+00	1.791686800000000090e+01
2.411004000000000147e+00	1.833992200000000139e+01
2.416955999999999882e+00	1.870159800000000061e+01
2.422906999999999922e+00	1.896701300000000145e+01
2.428857999999999961e+00	1.910128299999999868e+01
2.434809000000000001e+00	1.907442999999999955e+01
2.440760000000000041e+00	1.889180700000000002e+01
2.446712000000000220e+00	1.857424699999999973e+01
2.452663999999999955e+00	1.814264999999999972e+01
2.458616999999999830e+00	1.761791499999999999e+01
2.464570999999999845e+00	1.702343000000000117e+01
2.470524999999999860e+00	1.640302000000000149e+01
2.476478000000000179e+00	1.581053200000000025e+01
2.482429999999999914e+00	1.529988200000000020e+01
2.488377999999999979e+00	1.492498600000000053e+01
2.494323000000000068e+00	1.473491300000000059e+01
2.500265999999999877e+00	1.473319799999999979e+01
2.506212000000000106e+00	1.489842600000000061e+01
2.512164999999999981e+00	1.520892699999999920e+01
2.518129000000000062e+00	1.564302999999999955e+01
2.524108000000000018e+00	1.617925299999999922e+01
2.530091999999999786e+00	1.679815200000000175e+01
2.536067000000000071e+00	1.748152800000000084e+01
2.542015999999999831e+00	1.821119900000000058e+01
2.547924000000000078e+00	1.896898300000000148e+01
2.553779000000000021e+00	1.973485200000000006e+01
2.559610000000000163e+00	2.046563099999999835e+01
2.565475000000000172e+00	2.110238800000000126e+01
2.571432000000000162e+00	2.158589100000000016e+01
2.577539999999999942e+00	2.185690599999999861e+01
2.583845999999999865e+00	2.186178599999999861e+01
2.590249000000000024e+00	2.162851500000000016e+01
2.596534000000000120e+00	2.124691899999999833e+01
2.602485000000000159e+00	2.080835899999999938e+01
2.607883000000000173e+00	2.040419500000000141e+01
2.612527000000000044e+00	2.012458900000000028e+01
2.616509000000000196e+00	2.003909499999999966e+01
2.620163999999999938e+00	2.019990200000000158e+01
2.623834000000000000e+00	2.065865799999999908e+01
2.627863000000000060e+00	2.146701200000000043e+01
2.632579999999999920e+00	2.267333500000000157e+01
2.638037000000000187e+00	2.425891599999999926e+01
2.644026000000000209e+00	2.614223099999999889e+01
2.650332000000000132e+00	2.823934099999999958e+01
2.656734000000000151e+00	3.046630599999999944e+01
2.663022999999999918e+00	3.273532500000000312e+01
2.669115000000000126e+00	3.486317499999999825e+01
2.675060999999999911e+00	3.656736000000000075e+01
2.680919999999999970e+00	3.756075500000000034e+01
2.686751000000000111e+00	3.755623400000000345e+01
2.692610999999999866e+00	3.627703300000000297e+01
2.698523999999999923e+00	3.376056700000000177e+01
2.704476000000000102e+00	3.040748299999999915e+01
2.710452000000000083e+00	2.663866099999999904e+01
2.716435999999999851e+00	2.287498000000000076e+01
2.722412999999999972e+00	1.953520400000000024e+01
2.728375999999999912e+00	1.695783499999999933e+01
2.734328000000000092e+00	1.537820600000000049e+01
2.740273999999999877e+00	1.502486999999999995e+01
2.746217000000000130e+00	1.612637600000000049e+01
2.752162000000000219e+00	1.890133900000000011e+01
2.758110999999999979e+00	2.308417899999999889e+01
2.764063000000000159e+00	2.771694600000000008e+01
2.770016000000000034e+00	3.178844099999999884e+01
2.775971000000000188e+00	3.428746499999999742e+01
2.781924000000000063e+00	3.421454399999999652e+01
2.787876999999999938e+00	3.132766000000000162e+01
2.793829000000000118e+00	2.659101000000000070e+01
2.799780999999999853e+00	2.107640100000000061e+01
2.805731999999999893e+00	1.585563900000000004e+01
2.811682999999999932e+00	1.199478299999999997e+01
2.817635000000000112e+00	1.004640299999999975e+01
2.823586999999999847e+00	9.651284000000000418e+00
2.829539000000000026e+00	1.035646799999999956e+01
2.835491000000000206e+00	1.170900199999999991e+01
2.841442999999999941e+00	1.325720699999999930e+01
2.847395000000000120e+00	1.471645000000000003e+01
2.853346999999999856e+00	1.613335000000000008e+01
2.859299000000000035e+00	1.759355499999999850e+01
2.865251000000000214e+00	1.918271400000000071e+01
2.871201999999999810e+00	2.098614099999999993e+01
2.877153999999999989e+00	2.301994099999999932e+01
2.883106000000000169e+00	2.514667499999999833e+01
2.889057999999999904e+00	2.720826500000000081e+01
2.895010000000000083e+00	2.904663199999999890e+01
2.900961999999999819e+00	3.050375100000000117e+01
2.906913999999999998e+00	3.144094799999999879e+01
2.912866000000000177e+00	3.176768200000000064e+01
2.918817999999999913e+00	3.140076799999999935e+01
2.924770000000000092e+00	3.025701799999999864e+01
2.930721000000000132e+00	2.825339200000000162e+01
2.936672999999999867e+00	2.542055699999999874e+01
2.942625000000000046e+00	2.210680400000000034e+01
2.948576999999999781e+00	1.871545100000000161e+01
2.954528999999999961e+00	1.564981700000000053e+01
2.960481000000000140e+00	1.331316400000000044e+01
2.966432999999999875e+00	1.197163600000000017e+01
2.972385000000000055e+00	1.146033000000000079e+01
2.978336999999999790e+00	1.152985600000000055e+01
2.984288999999999970e+00	1.193082300000000018e+01
2.990240000000000009e+00	1.241384200000000071e+01
2.996192000000000188e+00	1.272952100000000009e+01
3.002143999999999924e+00	1.262847099999999934e+01
3.008096000000000103e+00	1.186130099999999921e+01
3.014047999999999838e+00	1.017862200000000072e+01
3.020000000000000018e+00	7.331042000000000058e+00
