1.199999999999999956e-01	-1.251374599437073964e+00
1.249780000000000058e-01	-5.054355197823809931e-01
1.305999999999999939e-01	5.340924335523133948e-02
1.367059999999999942e-01	9.203258365478896863e-01
1.431360000000000132e-01	8.629805035351303388e-01
1.497320000000000040e-01	9.567195018368185311e-01
1.563350000000000017e-01	5.151276764463061930e-01
1.627850000000000130e-01	2.006136593647537048e+00
1.689219999999999888e-01	1.709496759997995330e+00
1.745889999999999942e-01	1.283811786566443569e+00
1.796250000000000069e-01	1.629490436007543952e+00
1.839349999999999874e-01	1.355511989038271192e+00
1.877439999999999942e-01	1.343620798567069619e+00
1.913779999999999926e-01	6.685712687819553857e-01
1.951660000000000061e-01	1.018837752972205468e+00
1.994340000000000002e-01	8.865812545388512822e-01
2.044499999999999929e-01	8.452986836486274802e-01
2.101250000000000062e-01	1.061497220218985849e+00
2.162479999999999958e-01	1.218018205939079168e+00
2.226049999999999973e-01	1.859328246628213943e+00
2.289819999999999911e-01	1.441665514550605431e+00
2.351930000000000132e-01	1.193672653736479905e+00
2.412249999999999950e-01	1.605360102566183667e+00
2.471349999999999936e-01	2.707419672743487382e+00
2.529799999999999827e-01	2.956289110903133732e+00
2.588170000000000193e-01	2.251004551587676428e+00
2.646970000000000156e-01	2.275816711011931393e+00
2.706259999999999777e-01	3.014537629775931205e+00
2.765880000000000005e-01	2.070877115490858067e+00
2.825679999999999858e-01	2.221111129069487600e+00
2.885510000000000019e-01	1.664780812426453149e+00
2.945229999999999793e-01	2.092305434790604046e+00
3.004809999999999981e-01	1.146567062134732584e+00
3.064310000000000089e-01	1.541992799641476619e+00
3.123750000000000138e-01	2.118840865988055100e+00
3.183190000000000186e-01	2.583918047646684979e+00
3.242650000000000254e-01	2.173292307909447274e+00
3.302149999999999808e-01	1.396763238300125609e+00
3.361680000000000224e-01	2.153544712015782014e+00
3.421210000000000084e-01	2.505230290910930080e+00
3.480759999999999965e-01	2.455180091821664412e+00
3.540289999999999826e-01	2.895193827437102296e+00
3.599809999999999954e-01	2.983516713221088246e+00
3.659330000000000083e-01	2.181178237042724621e+00
3.718839999999999923e-01	2.930218941723632398e+00
3.778360000000000052e-01	3.393066212002423754e+00
3.837869999999999893e-01	2.908270902650360146e+00
3.897390000000000021e-01	3.161928391623912038e+00
3.956910000000000149e-01	1.693684849983045915e+00
4.016429999999999723e-01	2.558826833284139735e+00
4.075949999999999851e-01	2.224921741697457378e+00
4.135469999999999979e-01	2.386684802047415843e+00
4.194979999999999820e-01	2.894548638030010501e+00
4.254499999999999948e-01	3.417335711410374621e+00
4.314009999999999789e-01	3.191927454779744266e+00
4.373540000000000205e-01	3.007730767771213731e+00
4.433079999999999798e-01	2.838209803118903807e+00
4.492619999999999947e-01	2.804408387307081973e+00
4.552160000000000095e-01	2.438831043965186574e+00
4.611680000000000224e-01	2.456273186697419675e+00
4.671170000000000044e-01	2.621010235828875601e+00
4.730619999999999825e-01	2.457613289429227521e+00
4.790059999999999873e-01	2.383757197510536052e+00
4.849510000000000209e-01	2.597025121751341814e+00
4.909020000000000050e-01	3.608597707925872200e+00
4.968629999999999991e-01	3.471629875769018270e+00
5.028390000000000359e-01	2.804101377936807804e+00
5.088230000000000253e-01	3.734177852135192044e+00
5.148009999999999531e-01	3.354663024011196093e+00
5.207570000000000254e-01	4.215724373119062562e+00
5.266750000000000043e-01	3.698959588154847822e+00
5.325410000000000421e-01	3.731450758155663738e+00
5.383719999999999617e-01	4.731509173673682511e+00
5.442249999999999588e-01	4.141796574001519460e+00
5.501580000000000359e-01	4.121462116771389184e+00
5.562289999999999734e-01	3.427172733174086883e+00
5.624930000000000208e-01	4.224334231248513483e+00
5.688929999999999820e-01	4.258201781746326020e+00
5.752220000000000111e-01	3.852541769318075904e+00
5.812610000000000277e-01	3.889040022163865906e+00
5.867949999999999555e-01	5.315210160501532499e+00
5.916080000000000227e-01	3.738909154731850926e+00
5.957040000000000113e-01	4.321907850262567408e+00
5.993990000000000151e-01	4.134695800441046565e+00
6.030370000000000452e-01	4.106003099144974300e+00
6.069609999999999728e-01	5.020759854612828477e+00
6.115110000000000268e-01	4.424280834085365655e+00
6.168270000000000142e-01	4.644362824782716892e+00
6.227219999999999978e-01	4.141244167014542121e+00
6.289789999999999548e-01	4.829949892789503707e+00
6.353790000000000271e-01	4.478116714440095514e+00
6.417070000000000274e-01	4.700707205275033829e+00
6.478369999999999962e-01	4.765894630502717888e+00
6.538089999999999735e-01	4.420832323357382521e+00
6.596819999999999906e-01	3.494405100761009741e+00
6.655140000000000500e-01	3.777431762284231276e+00
6.713630000000000431e-01	4.069355402386988452e+00
6.772660000000000347e-01	4.198939674307139214e+00
6.832110000000000127e-01	4.565076433107360998e+00
6.891829999999999901e-01	4.394701375273052157e+00
6.951669999999999794e-01	4.259739195838661452e+00
7.011469999999999647e-01	4.055428124989238547e+00
7.071119999999999628e-01	4.684615195074291805e+00
7.130670000000000064e-01	4.508984333286164770e+00
7.190130000000000132e-01	4.763136311234332787e+00
7.249569999999999625e-01	5.560233547227722894e+00
7.309010000000000229e-01	5.533881241399730477e+00
7.368489999999999762e-01	4.818541594255840721e+00
7.428000000000000158e-01	4.117232230913263180e+00
7.487530000000000019e-01	4.459140070463125660e+00
7.547080000000000455e-01	5.022321229563142531e+00
7.606619999999999493e-01	3.864616816283250600e+00
7.666140000000000176e-01	5.129588764937503598e+00
7.725670000000000037e-01	4.630494641508360765e+00
7.785180000000000433e-01	4.352814260744007235e+00
7.844689999999999719e-01	5.099633320762198885e+00
7.904210000000000402e-01	4.800589110543510785e+00
7.963729999999999976e-01	4.719053443473361753e+00
8.023249999999999549e-01	3.949052002516896476e+00
8.082770000000000232e-01	5.597806507991027303e+00
8.142289999999999806e-01	5.324718867230856745e+00
8.201800000000000201e-01	5.373223993701322421e+00
8.261319999999999775e-01	5.731143215939670910e+00
8.320830000000000171e-01	5.341003145170954980e+00
8.380349999999999744e-01	5.177246953394600837e+00
8.439870000000000427e-01	5.213006307618396562e+00
8.499400000000000288e-01	5.508454125832271231e+00
8.558940000000000436e-01	5.445937638508949519e+00
8.618479999999999475e-01	5.334907278427964528e+00
8.678010000000000446e-01	5.600652891590852889e+00
8.737519999999999731e-01	7.029853510047860965e+00
8.797000000000000375e-01	6.342055298210932612e+00
8.856439999999999868e-01	6.373725653553339754e+00
8.915870000000000184e-01	6.501269724833002250e+00
8.975349999999999717e-01	5.922112130571608013e+00
9.034900000000000153e-01	5.440146660877893225e+00
9.094569999999999599e-01	6.453788351572232074e+00
9.154379999999999740e-01	6.789455048925372438e+00
9.214210000000000456e-01	6.961910949172795071e+00
9.273909999999999654e-01	5.897122907810248726e+00
9.333329999999999682e-01	6.786938604643786732e+00
9.392300000000000093e-01	6.314800193906835446e+00
9.450749999999999984e-01	6.008080608572707426e+00
9.509090000000000042e-01	6.604611270877812856e+00
9.567890000000000006e-01	6.091227956792166331e+00
9.627750000000000474e-01	6.253658681340425574e+00
9.689229999999999787e-01	6.872198787892385141e+00
9.752680000000000238e-01	6.077667604811485269e+00
9.816639999999999810e-01	6.786184641668803863e+00
9.878930000000000211e-01	6.351664472530895722e+00
9.937399999999999567e-01	6.141065876470157114e+00
9.989850000000000119e-01	6.161293274581587376e+00
1.003457999999999961e+00	5.969971440559289633e+00
1.007338000000000067e+00	6.541059590082926256e+00
1.010966000000000031e+00	5.900094592857723086e+00
1.014685999999999977e+00	5.920158733138405793e+00
1.018841000000000108e+00	6.577907564899491355e+00
1.023735000000000062e+00	6.366738799767787782e+00
1.029328999999999938e+00	6.341653458097984419e+00
1.035408000000000106e+00	6.135496444174025399e+00
1.041754000000000069e+00	6.104496329756916140e+00
1.048148999999999997e+00	6.258826075904543096e+00
1.054391999999999996e+00	6.020130569445639068e+00
1.060446000000000000e+00	6.729638927910791324e+00
1.066368999999999900e+00	6.495743735873296565e+00
1.072216999999999976e+00	7.531282601085378836e+00
1.078049000000000035e+00	6.866316360315681600e+00
1.083920999999999912e+00	6.954597171505820796e+00
1.089842999999999895e+00	6.943465556844256703e+00
1.095801999999999943e+00	6.754632464989390961e+00
1.101780999999999899e+00	7.746679374446836519e+00
1.107765000000000111e+00	6.979347152908879082e+00
1.113739999999999952e+00	7.773982143487200958e+00
1.119699999999999918e+00	7.377270794124613396e+00
1.125650000000000039e+00	7.532361072078533226e+00
1.131594999999999906e+00	7.780932760053010711e+00
1.137537999999999938e+00	7.204704950338535419e+00
1.143483999999999945e+00	8.179855520848972716e+00
1.149432999999999927e+00	8.354037618418622912e+00
1.155386000000000024e+00	8.197132381924864930e+00
1.161338999999999899e+00	8.175303289967153830e+00
1.167294000000000054e+00	8.161832116029797746e+00
1.173246999999999929e+00	8.088893973227396117e+00
1.179200000000000026e+00	7.947910381959649051e+00
1.185151999999999983e+00	8.402358233580628166e+00
1.191103000000000023e+00	7.515869253927572657e+00
1.197054000000000062e+00	7.470039452795663060e+00
1.203006000000000020e+00	7.682360531274736282e+00
1.208957999999999977e+00	7.739410878111696590e+00
1.214909999999999934e+00	7.691650393869049473e+00
1.220861999999999892e+00	6.776712763882141388e+00
1.226814000000000071e+00	7.402110097941383415e+00
1.232765000000000111e+00	7.533277815234690422e+00
1.238717000000000068e+00	6.218619670826086576e+00
1.244668000000000108e+00	6.881263349947603025e+00
1.250620000000000065e+00	7.122013808841273885e+00
1.256572000000000022e+00	7.127559771403567446e+00
1.262526000000000037e+00	6.898877790990800563e+00
1.268480000000000052e+00	7.247747006791198210e+00
1.274434000000000067e+00	8.000233254630257917e+00
1.280386000000000024e+00	7.117564263552099035e+00
1.286335999999999924e+00	8.403026778324614199e+00
1.292281999999999931e+00	8.291858968362211257e+00
1.298224999999999962e+00	9.070719907931168891e+00
1.304170000000000051e+00	9.915799831790195640e+00
1.310119999999999951e+00	1.057075997323717331e+01
1.316079999999999917e+00	1.126248414807250775e+01
1.322052999999999923e+00	1.106119228771196461e+01
1.328036999999999912e+00	1.074071793077707682e+01
1.334017000000000008e+00	1.088673862667304704e+01
1.339976000000000056e+00	1.073160182230106940e+01
1.345900000000000096e+00	1.092258967444255724e+01
1.351774000000000031e+00	1.042182440923198783e+01
1.357607000000000008e+00	1.030757243660298528e+01
1.363453000000000026e+00	9.560043747389981306e+00
1.369372000000000034e+00	9.378392664904968257e+00
1.375421999999999922e+00	9.182767667300874237e+00
1.381658999999999970e+00	9.175377434424225598e+00
1.388052000000000064e+00	9.775443664652463838e+00
1.394403000000000059e+00	7.829141398181332256e+00
1.400492999999999988e+00	8.903915589344670423e+00
1.406104999999999938e+00	8.872997347199801155e+00
1.411021999999999998e+00	8.081059213218253490e+00
1.415195999999999898e+00	8.919689818026229844e+00
1.418924000000000074e+00	8.434365071575795625e+00
1.422549999999999981e+00	8.886554563420245856e+00
1.426417000000000046e+00	1.108640972664212931e+01
1.430868000000000029e+00	9.964473475085997123e+00
1.436091000000000006e+00	1.053158389468564238e+01
1.441923000000000066e+00	1.173557265797733784e+01
1.448144000000000098e+00	1.205706061589051004e+01
1.454538000000000109e+00	1.247437604017820689e+01
1.460887000000000047e+00	1.356645102726573526e+01
1.467041999999999957e+00	1.278049283666722857e+01
1.473030999999999979e+00	1.392393482767561252e+01
1.478914000000000062e+00	1.380480770155570802e+01
1.484749000000000096e+00	1.368350772416469141e+01
1.490591999999999917e+00	1.312728617870912551e+01
1.496488000000000040e+00	1.314241643451715547e+01
1.502428000000000097e+00	1.236126165488730244e+01
1.508397999999999906e+00	1.211284377500496845e+01
1.514380999999999977e+00	1.120081590102141789e+01
1.520361999999999991e+00	1.122810108088227388e+01
1.526329999999999965e+00	1.209676949067599416e+01
1.532284999999999897e+00	1.134169407913872085e+01
1.538232999999999961e+00	1.237670491511013005e+01
1.544175999999999993e+00	1.245792209256524785e+01
1.550119999999999942e+00	1.215535847303301509e+01
1.556068000000000007e+00	1.309788040763147876e+01
1.562019000000000046e+00	1.233619440936378275e+01
1.567971999999999921e+00	1.130492654782971407e+01
1.573925999999999936e+00	1.208136429455949035e+01
1.579879999999999951e+00	1.127307848752117891e+01
1.585833000000000048e+00	1.142198623706410920e+01
1.591785000000000005e+00	1.087410586135517576e+01
1.597736999999999963e+00	1.112847735301176577e+01
1.603688000000000002e+00	1.169340594453438520e+01
1.609639000000000042e+00	1.204906580702887986e+01
1.615590999999999999e+00	1.066437547287976884e+01
1.621542999999999957e+00	1.110672265575002804e+01
1.627494999999999914e+00	1.162892212399800407e+01
1.633447000000000093e+00	1.189729904179654341e+01
1.639399000000000051e+00	1.158553658065749836e+01
1.645350000000000090e+00	1.209493519387738658e+01
1.651302000000000048e+00	1.194123685265829060e+01
1.657253000000000087e+00	1.187239055810089283e+01
1.663205000000000044e+00	1.261774790173538641e+01
1.669157999999999920e+00	1.221149847484824669e+01
1.675111999999999934e+00	1.285830241591433243e+01
1.681065999999999949e+00	1.297289331742458351e+01
1.687019000000000046e+00	1.397753591178395460e+01
1.692971000000000004e+00	1.427827007987026775e+01
1.698919000000000068e+00	1.349985514383179108e+01
1.704863000000000017e+00	1.456110875107470903e+01
1.710806999999999967e+00	1.378586577563144644e+01
1.716752999999999973e+00	1.416514574525426617e+01
1.722706999999999988e+00	1.491465754432210211e+01
1.728671999999999986e+00	1.482285901259761118e+01
1.734652000000000083e+00	1.533464291272029989e+01
1.740636000000000072e+00	1.466485952067425735e+01
1.746609000000000078e+00	1.500000276809305610e+01
1.752555000000000085e+00	1.443197003428350911e+01
1.758458000000000077e+00	1.401228112597403630e+01
1.764308999999999905e+00	1.426648153819166609e+01
1.770140999999999964e+00	1.323749796772211340e+01
1.776011999999999924e+00	1.256880649521507998e+01
1.781979999999999897e+00	1.162107896806867657e+01
1.788105000000000055e+00	1.181259435333330643e+01
1.794426999999999994e+00	1.114591298902061567e+01
1.800829000000000013e+00	1.106519745762586382e+01
1.807091999999999921e+00	1.034417591458379349e+01
1.813002000000000002e+00	1.179492294509048378e+01
1.818338000000000010e+00	1.091003637422694084e+01
1.822912000000000088e+00	1.176034812352873260e+01
1.826850000000000085e+00	1.227679803581775708e+01
1.830492000000000008e+00	1.235380132529735953e+01
1.834179999999999922e+00	1.277426900129326270e+01
1.838259000000000087e+00	1.377548436227585960e+01
1.843048000000000020e+00	1.426378877841708537e+01
1.848562000000000038e+00	1.527464179636048769e+01
1.854589999999999961e+00	1.474260625286260407e+01
1.860913000000000039e+00	1.561476927514813262e+01
1.867313999999999918e+00	1.601151944966277441e+01
1.873583999999999916e+00	1.555919374218063211e+01
1.879660000000000108e+00	1.610262741789495067e+01
1.885596000000000050e+00	1.601542788605051371e+01
1.891450999999999993e+00	1.608917904054925785e+01
1.897281999999999913e+00	1.637285119862154303e+01
1.903146999999999922e+00	1.562987382707344253e+01
1.909062999999999954e+00	1.676582597130037300e+01
1.915018000000000109e+00	1.588013940123082612e+01
1.920995999999999926e+00	1.585387616289116508e+01
1.926979999999999915e+00	1.627247290831208204e+01
1.932955999999999896e+00	1.690529119786785017e+01
1.938917999999999919e+00	1.637911202080129414e+01
1.944868999999999959e+00	1.697811524543485007e+01
1.950814000000000048e+00	1.698360633009714604e+01
1.956757999999999997e+00	1.769086801892677130e+01
1.962703000000000086e+00	1.756755285977460090e+01
1.968652000000000069e+00	1.820981032798505694e+01
1.974604000000000026e+00	1.681084803862953692e+01
1.980558000000000041e+00	1.713970307275308613e+01
1.986512000000000056e+00	1.651925034569534745e+01
1.992466000000000070e+00	1.610314753272088240e+01
1.998418000000000028e+00	1.592330761625470714e+01
2.004370000000000207e+00	1.526213747406726107e+01
2.010321999999999942e+00	1.452014866537675530e+01
2.016272999999999982e+00	1.356908554450684079e+01
2.022224000000000022e+00	1.405303955027950025e+01
2.028176000000000201e+00	1.298079320999163500e+01
2.034127999999999936e+00	1.208649945534640224e+01
2.040080000000000116e+00	1.255631925686135197e+01
2.046031999999999851e+00	1.142572194221960835e+01
2.051984000000000030e+00	1.251782745590268320e+01
2.057935000000000070e+00	1.232698204498993810e+01
2.063886999999999805e+00	1.297382163677826483e+01
2.069837999999999845e+00	1.324440306028606784e+01
2.075791000000000164e+00	1.291596210139877954e+01
2.081744000000000039e+00	1.365239490567751091e+01
2.087698000000000054e+00	1.362311349905115421e+01
2.093652000000000069e+00	1.300513721730640704e+01
2.099604999999999944e+00	1.305713043186552902e+01
2.105554999999999843e+00	1.314021297634125318e+01
2.111501000000000072e+00	1.247884156551070056e+01
2.117445000000000022e+00	1.245702778009417244e+01
2.123388999999999971e+00	1.263373742971221070e+01
2.129338000000000175e+00	1.203077863382504553e+01
2.135295999999999861e+00	1.095113920492238080e+01
2.141268000000000171e+00	1.088114333298410052e+01
2.147250999999999799e+00	1.113751242958814203e+01
2.153232000000000035e+00	9.865907590133545568e+00
2.159196000000000115e+00	1.028952663311591564e+01
2.165125000000000188e+00	1.018333461870747136e+01
2.171006000000000213e+00	9.467739647515188040e+00
2.176841000000000026e+00	1.011836946560006112e+01
2.182682999999999929e+00	1.059259098720648495e+01
2.188588999999999896e+00	1.100205979581257942e+01
2.194618000000000180e+00	1.163980895555761919e+01
2.200828000000000007e+00	1.261311490807350388e+01
2.207209999999999894e+00	1.232790353681549433e+01
2.213579000000000185e+00	1.273208992814186225e+01
2.219714999999999883e+00	1.328312539351239430e+01
2.225403000000000020e+00	1.306350120146082183e+01
2.230423000000000044e+00	1.317269312942456594e+01
2.234681000000000139e+00	1.279525614928203403e+01
2.238447999999999993e+00	1.203047020954764079e+01
2.242068000000000172e+00	1.067916285995390702e+01
2.245884000000000214e+00	9.302188222345327162e+00
2.250237999999999960e+00	9.362500174798285002e+00
2.255365999999999982e+00	9.076689571558311798e+00
2.261130000000000084e+00	8.432997004909084993e+00
2.267313000000000134e+00	8.565621245661493077e+00
2.273696000000000161e+00	8.356544440914403182e+00
2.280063999999999869e+00	8.425711359596265382e+00
2.286243999999999943e+00	8.456435009185311102e+00
2.292251999999999956e+00	8.932420432769689000e+00
2.298146000000000022e+00	9.851085471052055453e+00
2.303983000000000114e+00	9.794422928967914999e+00
2.309822000000000042e+00	1.078219046860152197e+01
2.315710999999999853e+00	1.035298670785445374e+01
2.321645999999999876e+00	1.198304501479353057e+01
2.327612999999999932e+00	1.181480291998559551e+01
2.333594999999999864e+00	1.274254241066713256e+01
2.339576999999999796e+00	1.331101135110860234e+01
2.345546999999999827e+00	1.355667728444656639e+01
2.351503999999999817e+00	1.570705436075899541e+01
2.357451999999999881e+00	1.664713544620914121e+01
2.363395999999999830e+00	1.788946586054130705e+01
2.369339000000000084e+00	1.971358836040697327e+01
2.375286000000000008e+00	2.099743834671148690e+01
2.381237000000000048e+00	2.300283492631842464e+01
2.387189999999999923e+00	2.426270649368262156e+01
2.393143999999999938e+00	2.615970324527552648e+01
2.399097999999999953e+00	2.691435793643494989e+01
2.405050999999999828e+00	2.661260876597572178e+01
2.411004000000000147e+00	2.443779130371114405e+01
2.416955999999999882e+00	2.321117314041460489e+01
2.422906999999999922e+00	2.168544502864655854e+01
2.428857999999999961e+00	1.938631619314089249e+01
2.434809000000000001e+00	1.768555482826187841e+01
2.440760000000000041e+00	1.605860226357475540e+01
2.446712000000000220e+00	1.381627035326000197e+01
2.452663999999999955e+00	1.267887490015457175e+01
2.458616999999999830e+00	1.176988706037180599e+01
2.464570999999999845e+00	1.009156329612604530e+01
2.470524999999999860e+00	8.378379276261805231e+00
2.476478000000000179e+00	7.797249162503757880e+00
2.482429999999999914e+00	6.857431047447996697e+00
2.488377999999999979e+00	6.522492069614881594e+00
2.494323000000000068e+00	6.641012120999476132e+00
2.500265999999999877e+00	6.037786248371865838e+00
2.506212000000000106e+00	6.307631550363213435e+00
2.512164999999999981e+00	7.253500960736945835e+00
2.518129000000000062e+00	7.629414461503497336e+00
2.524108000000000018e+00	9.577451527674769594e+00
2.530091999999999786e+00	1.011172553801212537e+01
2.536067000000000071e+00	1.138354733428700172e+01
2.542015999999999831e+00	1.208414670745128383e+01
2.547924000000000078e+00	1.279664868668746891e+01
2.553779000000000021e+00	1.378359293111229888e+01
2.559610000000000163e+00	1.362174866337325341e+01
2.565475000000000172e+00	1.352052622789219605e+01
2.571432000000000162e+00	1.294089640137625707e+01
2.577539999999999942e+00	1.187818290007133726e+01
2.583845999999999865e+00	9.207951486462114588e+00
2.590249000000000024e+00	8.694573116390941436e+00
2.596534000000000120e+00	7.991877732379371935e+00
2.602485000000000159e+00	6.120104450788072192e+00
2.607883000000000173e+00	5.392632056855253708e+00
2.612527000000000044e+00	3.545613591253744534e+00
2.616509000000000196e+00	3.101069854023060568e+00
2.620163999999999938e+00	3.225624380135396319e+00
2.623834000000000000e+00	4.750317625999612048e+00
2.627863000000000060e+00	6.230884574745803484e+00
2.632579999999999920e+00	8.418517015442185780e+00
2.638037000000000187e+00	1.160772302289975499e+01
2.644026000000000209e+00	1.416132842056888208e+01
2.650332000000000132e+00	1.781666542250225405e+01
2.656734000000000151e+00	1.996056270313820491e+01
2.663022999999999918e+00	2.033938393419500201e+01
2.669115000000000126e+00	1.932402060820123069e+01
2.675060999999999911e+00	1.706641000584573931e+01
2.680919999999999970e+00	1.599834156151022135e+01
2.686751000000000111e+00	1.423254359703524052e+01
2.692610999999999866e+00	1.490190047806386531e+01
2.698523999999999923e+00	1.642021511544090373e+01
2.704476000000000102e+00	1.899353684684546550e+01
2.710452000000000083e+00	2.160643326539210918e+01
2.716435999999999851e+00	2.301959312208997943e+01
2.722412999999999972e+00	2.258093075208747535e+01
2.728375999999999912e+00	1.990071796607253063e+01
2.734328000000000092e+00	1.528232571116208049e+01
2.740273999999999877e+00	1.035487020251742507e+01
2.746217000000000130e+00	4.814108890775691485e+00
2.752162000000000219e+00	-6.099628397754353060e-01
2.758110999999999979e+00	-6.178912530969849826e+00
2.764063000000000159e+00	-1.069319369843584511e+01
2.770016000000000034e+00	-1.716826514450667673e+01
2.775971000000000188e+00	-2.189876364710902124e+01
2.781924000000000063e+00	-2.753046013905199274e+01
2.787876999999999938e+00	-3.439783594485550822e+01
2.793829000000000118e+00	-4.035986851368354422e+01
2.799780999999999853e+00	-4.494540130587333948e+01
2.805731999999999893e+00	-4.651235628538872646e+01
2.811682999999999932e+00	-4.510011041859170433e+01
2.817635000000000112e+00	-3.997680928210893114e+01
2.823586999999999847e+00	-3.316305328558920706e+01
2.829539000000000026e+00	-2.644082086573890678e+01
2.835491000000000206e+00	-1.886189481947655011e+01
2.841442999999999941e+00	-1.448416987775035736e+01
2.847395000000000120e+00	-1.162911549684725721e+01
2.853346999999999856e+00	-1.346096092239823960e+01
2.859299000000000035e+00	-1.628362206508468901e+01
2.865251000000000214e+00	-1.961338811111852110e+01
2.871201999999999810e+00	-2.185180843972682752e+01
2.877153999999999989e+00	-2.535431557117859214e+01
2.883106000000000169e+00	-2.712775531871717050e+01
2.889057999999999904e+00	-2.817186353146275479e+01
2.895010000000000083e+00	-2.683028397063197801e+01
2.900961999999999819e+00	-2.319283163002466353e+01
2.906913999999999998e+00	-1.748831828619898943e+01
2.912866000000000177e+00	-1.139908015901821514e+01
2.918817999999999913e+00	-4.526274872885400313e+00
2.924770000000000092e+00	7.360639205709956778e-01
2.930721000000000132e+00	3.744217293563949500e+00
2.936672999999999867e+00	3.313016884261729356e+00
2.942625000000000046e+00	8.928057180418853545e-01
2.948576999999999781e+00	-2.449488075676303112e+00
2.954528999999999961e+00	-7.498950929958668077e+00
2.960481000000000140e+00	-1.110344011401531539e+01
2.966432999999999875e+00	-1.270140060402693649e+01
2.972385000000000055e+00	-1.471394414547649099e+01
2.978336999999999790e+00	-1.356067464998264960e+01
2.984288999999999970e+00	-1.203649484069558540e+01
2.990240000000000009e+00	-9.753861257928379658e+00
2.996192000000000188e+00	-6.542029487055461168e+00
3.002143999999999924e+00	-2.188058562593219847e+00
3.008096000000000103e+00	2.956507618952942451e+00
3.014047999999999838e+00	9.302961424595727280e+00
3.020000000000000018e+00	1.573879223521502091e+01
