1.199999999999999956e-01	3.048510531476572805e+00
1.249780000000000058e-01	3.183889833097952149e+00
1.305999999999999939e-01	2.659931878422042928e+00
1.367059999999999942e-01	2.692323000371692920e+00
1.431360000000000132e-01	2.743926309299023814e+00
1.497320000000000040e-01	2.207454713836098481e+00
1.563350000000000017e-01	2.034526136190463408e+00
1.627850000000000130e-01	1.744090309129157967e+00
1.689219999999999888e-01	2.170933276072915419e+00
1.745889999999999942e-01	1.457219768298032125e+00
1.796250000000000069e-01	1.792955374942362123e+00
1.839349999999999874e-01	1.682102787886510686e+00
1.877439999999999942e-01	1.576725715523404014e+00
1.913779999999999926e-01	1.731935536373789386e+00
1.951660000000000061e-01	2.767848397796822013e+00
1.994340000000000002e-01	2.268073919305736208e+00
2.044499999999999929e-01	1.558133977471256815e+00
2.101250000000000062e-01	2.497973887650234648e+00
2.162479999999999958e-01	2.446686220245869237e+00
2.226049999999999973e-01	2.275278199247416477e+00
2.289819999999999911e-01	2.833353437435323308e+00
2.351930000000000132e-01	2.179880771532677564e+00
2.412249999999999950e-01	2.793516241285716628e+00
2.471349999999999936e-01	2.490825855931182886e+00
2.529799999999999827e-01	2.445811939338921270e+00
2.588170000000000193e-01	2.603168067848193878e+00
2.646970000000000156e-01	2.984751905877367051e+00
2.706259999999999777e-01	1.942053835089484481e+00
2.765880000000000005e-01	2.294733481621290316e+00
2.825679999999999858e-01	3.142237632773381861e+00
2.885510000000000019e-01	2.382257290922862758e+00
2.945229999999999793e-01	2.323250569440105551e+00
3.004809999999999981e-01	2.333420462050117550e+00
3.064310000000000089e-01	2.770631479131482777e+00
3.123750000000000138e-01	3.127809187846493977e+00
3.183190000000000186e-01	3.383955876624763270e+00
3.242650000000000254e-01	3.709103976912331291e+00
3.302149999999999808e-01	3.283136882551574320e+00
3.361680000000000224e-01	3.265278490222363494e+00
3.421210000000000084e-01	3.396262608902420599e+00
3.480759999999999965e-01	2.872363786970108634e+00
3.540289999999999826e-01	3.361374606995118697e+00
3.599809999999999954e-01	3.581602790542889103e+00
3.659330000000000083e-01	3.322487573372140179e+00
3.718839999999999923e-01	3.646591620548342849e+00
3.778360000000000052e-01	3.512353343005933937e+00
3.837869999999999893e-01	3.379045299373339528e+00
3.897390000000000021e-01	3.247483694909532037e+00
3.956910000000000149e-01	3.345550665845475002e+00
4.016429999999999723e-01	3.470181433991183617e+00
4.075949999999999851e-01	3.604842734046264319e+00
4.135469999999999979e-01	3.103155248027420932e+00
4.194979999999999820e-01	3.484416833834091953e+00
4.254499999999999948e-01	3.464353338459060794e+00
4.314009999999999789e-01	3.291498120265836214e+00
4.373540000000000205e-01	3.098665244036379551e+00
4.433079999999999798e-01	3.172540511407318853e+00
4.492619999999999947e-01	3.402140953753335140e+00
4.552160000000000095e-01	3.440074262047284837e+00
4.611680000000000224e-01	3.668091422749768959e+00
4.671170000000000044e-01	3.391534759570877355e+00
4.730619999999999825e-01	3.997979536586459659e+00
4.790059999999999873e-01	3.815323831233632834e+00
4.849510000000000209e-01	3.718767592348517503e+00
4.909020000000000050e-01	3.806672447487810196e+00
4.968629999999999991e-01	4.442945483880850865e+00
5.028390000000000359e-01	4.501543809757491132e+00
5.088230000000000253e-01	3.991847757312800837e+00
5.148009999999999531e-01	4.484231488745784588e+00
5.207570000000000254e-01	4.357885725564779378e+00
5.266750000000000043e-01	4.503261849711421405e+00
5.325410000000000421e-01	4.088750437964361772e+00
5.383719999999999617e-01	4.242007743707130629e+00
5.442249999999999588e-01	4.141438558044378659e+00
5.501580000000000359e-01	4.119117288369510632e+00
5.562289999999999734e-01	4.322099498816742269e+00
5.624930000000000208e-01	4.499032564077653618e+00
5.688929999999999820e-01	4.389606145391013570e+00
5.752220000000000111e-01	3.683673741407953450e+00
5.812610000000000277e-01	4.581973837424913043e+00
5.867949999999999555e-01	4.759811983924221224e+00
5.916080000000000227e-01	3.919016874411815010e+00
5.957040000000000113e-01	4.476943369435106845e+00
5.993990000000000151e-01	4.201840076780792188e+00
6.030370000000000452e-01	4.740148314833435350e+00
6.069609999999999728e-01	5.113395113753623988e+00
6.115110000000000268e-01	4.656125981255586410e+00
6.168270000000000142e-01	4.765540194485460290e+00
6.227219999999999978e-01	4.237801499918556480e+00
6.289789999999999548e-01	5.106923017329637382e+00
6.353790000000000271e-01	4.692939690164061872e+00
6.417070000000000274e-01	5.128401327069597393e+00
6.478369999999999962e-01	5.440714772847441871e+00
6.538089999999999735e-01	4.647235658824370397e+00
6.596819999999999906e-01	5.523662812709428493e+00
6.655140000000000500e-01	5.590788654306056316e+00
6.713630000000000431e-01	5.155008962349661772e+00
6.772660000000000347e-01	5.163652718899903959e+00
6.832110000000000127e-01	5.424367644056879101e+00
6.891829999999999901e-01	5.264953328269958099e+00
6.951669999999999794e-01	5.126988269941139542e+00
7.011469999999999647e-01	5.383619195604107510e+00
7.071119999999999628e-01	5.143694476268382054e+00
7.130670000000000064e-01	5.530793645943786530e+00
7.190130000000000132e-01	6.005132104737306520e+00
7.249569999999999625e-01	5.431635425314298438e+00
7.309010000000000229e-01	5.016105145738970705e+00
7.368489999999999762e-01	5.744133108705629098e+00
7.428000000000000158e-01	5.410616281833344310e+00
7.487530000000000019e-01	4.926509368683906764e+00
7.547080000000000455e-01	4.718432566779738657e+00
7.606619999999999493e-01	5.559719449373466738e+00
7.666140000000000176e-01	5.698019236758171679e+00
7.725670000000000037e-01	5.527558301676132935e+00
7.785180000000000433e-01	5.112233327917303782e+00
7.844689999999999719e-01	5.522604159553267777e+00
7.904210000000000402e-01	5.659063293780421944e+00
7.963729999999999976e-01	5.248635308472995753e+00
8.023249999999999549e-01	5.771017548483191817e+00
8.082770000000000232e-01	5.611670524701883878e+00
8.142289999999999806e-01	5.672696498136778231e+00
8.201800000000000201e-01	5.752858220745532769e+00
8.261319999999999775e-01	6.094750593312181941e+00
8.320830000000000171e-01	6.389839139801115842e+00
8.380349999999999744e-01	6.434153955093742105e+00
8.439870000000000427e-01	6.452033938501537946e+00
8.499400000000000288e-01	6.373268369907559183e+00
8.558940000000000436e-01	6.856634832492842335e+00
8.618479999999999475e-01	6.733609927035254294e+00
8.678010000000000446e-01	6.989471676704949843e+00
8.737519999999999731e-01	7.768154715757320083e+00
8.797000000000000375e-01	6.983337068578512330e+00
8.856439999999999868e-01	7.338282636733191033e+00
8.915870000000000184e-01	6.982818624810763097e+00
8.975349999999999717e-01	7.060661969180295650e+00
9.034900000000000153e-01	6.909870585207788629e+00
9.094569999999999599e-01	7.056294433118235787e+00
9.154379999999999740e-01	6.878796109442094853e+00
9.214210000000000456e-01	7.407233285974551329e+00
9.273909999999999654e-01	6.646848543297095624e+00
9.333329999999999682e-01	7.005561103711057669e+00
9.392300000000000093e-01	6.513979279603429262e+00
9.450749999999999984e-01	7.030554217823927310e+00
9.509090000000000042e-01	7.208247161417157933e+00
9.567890000000000006e-01	7.144710587841572647e+00
9.627750000000000474e-01	7.457019160105360811e+00
9.689229999999999787e-01	7.548388504515996189e+00
9.752680000000000238e-01	7.752100129364479564e+00
9.816639999999999810e-01	7.289822770207958769e+00
9.878930000000000211e-01	8.096393437939877202e+00
9.937399999999999567e-01	7.717863113231248740e+00
9.989850000000000119e-01	7.610490118818634464e+00
1.003457999999999961e+00	7.968243784127460927e+00
1.007338000000000067e+00	8.241539382459460938e+00
1.010966000000000031e+00	7.582707093169791079e+00
1.014685999999999977e+00	7.568254170777406920e+00
1.018841000000000108e+00	7.699732224771497435e+00
1.023735000000000062e+00	8.863492986620322256e+00
1.029328999999999938e+00	8.118027913743308233e+00
1.035408000000000106e+00	8.058512451601270499e+00
1.041754000000000069e+00	8.120683290110688901e+00
1.048148999999999997e+00	8.162957542035750080e+00
1.054391999999999996e+00	7.997195892732488431e+00
1.060446000000000000e+00	8.224925264187911367e+00
1.066368999999999900e+00	8.368199190400073206e+00
1.072216999999999976e+00	8.675314112502027442e+00
1.078049000000000035e+00	9.201420285654094755e+00
1.083920999999999912e+00	8.681740950301415793e+00
1.089842999999999895e+00	8.494606490871587923e+00
1.095801999999999943e+00	8.864578878350382496e+00
1.101780999999999899e+00	8.171220916544182700e+00
1.107765000000000111e+00	8.694683881013236970e+00
1.113739999999999952e+00	8.113186195254277422e+00
1.119699999999999918e+00	8.712056294350331243e+00
1.125650000000000039e+00	8.412754545227677738e+00
1.131594999999999906e+00	8.326768500355868241e+00
1.137537999999999938e+00	9.224372156081313889e+00
1.143483999999999945e+00	8.420790344201090960e+00
1.149432999999999927e+00	8.611553158614183801e+00
1.155386000000000024e+00	8.169442593689870691e+00
1.161338999999999899e+00	8.565637993734208422e+00
1.167294000000000054e+00	8.591386165163495292e+00
1.173246999999999929e+00	8.286017309381023210e+00
1.179200000000000026e+00	8.516138480017060530e+00
1.185151999999999983e+00	8.718159757742812488e+00
1.191103000000000023e+00	8.377851109977635602e+00
1.197054000000000062e+00	8.797713756053290979e+00
1.203006000000000020e+00	7.979452968404125102e+00
1.208957999999999977e+00	8.906012984361309393e+00
1.214909999999999934e+00	8.786181015974303676e+00
1.220861999999999892e+00	8.534057918090059758e+00
1.226814000000000071e+00	9.009271962122582522e+00
1.232765000000000111e+00	8.682857137910122702e+00
1.238717000000000068e+00	8.849028945585274641e+00
1.244668000000000108e+00	8.232849236038523699e+00
1.250620000000000065e+00	9.097010775416489281e+00
1.256572000000000022e+00	9.553389218432633001e+00
1.262526000000000037e+00	9.215968971977444468e+00
1.268480000000000052e+00	8.947882888093278808e+00
1.274434000000000067e+00	9.109795925264174699e+00
1.280386000000000024e+00	8.418467437774886264e+00
1.286335999999999924e+00	9.036130588645502115e+00
1.292281999999999931e+00	9.651769522463579776e+00
1.298224999999999962e+00	9.032794859278192590e+00
1.304170000000000051e+00	9.827029044728856633e+00
1.310119999999999951e+00	9.644627234950650774e+00
1.316079999999999917e+00	9.594463405398022005e+00
1.322052999999999923e+00	1.032749052565975845e+01
1.328036999999999912e+00	1.017491749137356649e+01
1.334017000000000008e+00	1.049874017549047878e+01
1.339976000000000056e+00	1.058763928356194484e+01
1.345900000000000096e+00	1.092025735692781119e+01
1.351774000000000031e+00	1.164947539365866547e+01
1.357607000000000008e+00	1.098332394331597683e+01
1.363453000000000026e+00	1.088312122728647680e+01
1.369372000000000034e+00	1.114550694875964965e+01
1.375421999999999922e+00	1.135383978313478082e+01
1.381658999999999970e+00	1.161583532468180913e+01
1.388052000000000064e+00	1.141645919729487169e+01
1.394403000000000059e+00	1.146766820420907962e+01
1.400492999999999988e+00	1.122415331371199976e+01
1.406104999999999938e+00	1.192041945233138556e+01
1.411021999999999998e+00	1.175444779489595959e+01
1.415195999999999898e+00	1.163867305012824360e+01
1.418924000000000074e+00	1.150095135166757565e+01
1.422549999999999981e+00	1.238645249599339060e+01
1.426417000000000046e+00	1.167109916991651630e+01
1.430868000000000029e+00	1.240106483030793783e+01
1.436091000000000006e+00	1.227687028359501475e+01
1.441923000000000066e+00	1.257175885110920710e+01
1.448144000000000098e+00	1.249352294168673083e+01
1.454538000000000109e+00	1.227176104640959586e+01
1.460887000000000047e+00	1.246878146811294030e+01
1.467041999999999957e+00	1.306635802676427005e+01
1.473030999999999979e+00	1.298739549575522112e+01
1.478914000000000062e+00	1.265478374552857765e+01
1.484749000000000096e+00	1.277916024405305251e+01
1.490591999999999917e+00	1.321274831687704499e+01
1.496488000000000040e+00	1.329052506071625572e+01
1.502428000000000097e+00	1.296979744399202339e+01
1.508397999999999906e+00	1.348012562741974030e+01
1.514380999999999977e+00	1.296319768903095415e+01
1.520361999999999991e+00	1.275173132919389829e+01
1.526329999999999965e+00	1.295313756728322119e+01
1.532284999999999897e+00	1.210073740972441136e+01
1.538232999999999961e+00	1.282568881329759947e+01
1.544175999999999993e+00	1.294923771007008639e+01
1.550119999999999942e+00	1.305237294802966908e+01
1.556068000000000007e+00	1.315460290100644514e+01
1.562019000000000046e+00	1.259399847557749297e+01
1.567971999999999921e+00	1.354909439127038695e+01
1.573925999999999936e+00	1.314759690446751605e+01
1.579879999999999951e+00	1.362427923217008718e+01
1.585833000000000048e+00	1.357342487635512462e+01
1.591785000000000005e+00	1.314989504987436852e+01
1.597736999999999963e+00	1.362995766368230122e+01
1.603688000000000002e+00	1.328694474666975367e+01
1.609639000000000042e+00	1.371535829525705630e+01
1.615590999999999999e+00	1.359627101252572245e+01
1.621542999999999957e+00	1.395065498897640133e+01
1.627494999999999914e+00	1.329383477318741669e+01
1.633447000000000093e+00	1.468496759833693233e+01
1.639399000000000051e+00	1.427789521926987248e+01
1.645350000000000090e+00	1.418760845866068365e+01
1.651302000000000048e+00	1.467282412079029719e+01
1.657253000000000087e+00	1.554939520672481024e+01
1.663205000000000044e+00	1.521180613568894735e+01
1.669157999999999920e+00	1.570359644797455445e+01
1.675111999999999934e+00	1.530659025081628677e+01
1.681065999999999949e+00	1.585190509837335426e+01
1.687019000000000046e+00	1.604168506210104539e+01
1.692971000000000004e+00	1.601574518380629897e+01
1.698919000000000068e+00	1.652925409024492254e+01
1.704863000000000017e+00	1.608936255724340114e+01
1.710806999999999967e+00	1.643719523412313066e+01
1.716752999999999973e+00	1.646980958470230050e+01
1.722706999999999988e+00	1.620288940009056233e+01
1.728671999999999986e+00	1.579159116823841558e+01
1.734652000000000083e+00	1.582177401256275395e+01
1.740636000000000072e+00	1.626377253602120732e+01
1.746609000000000078e+00	1.571461350635773435e+01
1.752555000000000085e+00	1.518623348232704551e+01
1.758458000000000077e+00	1.535637716167029510e+01
1.764308999999999905e+00	1.519361628493427041e+01
1.770140999999999964e+00	1.587187268008715257e+01
1.776011999999999924e+00	1.525457826400113603e+01
1.781979999999999897e+00	1.545085685328121095e+01
1.788105000000000055e+00	1.618599661560395830e+01
1.794426999999999994e+00	1.611831758110407975e+01
1.800829000000000013e+00	1.632009151559967108e+01
1.807091999999999921e+00	1.626509542034517963e+01
1.813002000000000002e+00	1.654497479305766916e+01
1.818338000000000010e+00	1.649058752140928163e+01
1.822912000000000088e+00	1.625431188962235751e+01
1.826850000000000085e+00	1.705250774688794024e+01
1.830492000000000008e+00	1.648457251161951120e+01
1.834179999999999922e+00	1.610786805291218116e+01
1.838259000000000087e+00	1.687087000590068442e+01
1.843048000000000020e+00	1.631584384746752292e+01
1.848562000000000038e+00	1.628326417492510814e+01
1.854589999999999961e+00	1.641477568573894885e+01
1.860913000000000039e+00	1.613410768239133120e+01
1.867313999999999918e+00	1.659429395428736242e+01
1.873583999999999916e+00	1.636017543452271994e+01
1.879660000000000108e+00	1.690395861774750230e+01
1.885596000000000050e+00	1.627766684172119938e+01
1.891450999999999993e+00	1.655198882347532674e+01
1.897281999999999913e+00	1.740874098954182259e+01
1.903146999999999922e+00	1.682885467022879666e+01
1.909062999999999954e+00	1.735112973927936508e+01
1.915018000000000109e+00	1.769676367190486843e+01
1.920995999999999926e+00	1.719777561481382477e+01
1.926979999999999915e+00	1.835505219269041532e+01
1.932955999999999896e+00	1.774111447013409304e+01
1.938917999999999919e+00	1.739718770772558187e+01
1.944868999999999959e+00	1.758478002023449704e+01
1.950814000000000048e+00	1.767283095906840273e+01
1.956757999999999997e+00	1.766881678657435728e+01
1.962703000000000086e+00	1.722685983159055212e+01
1.968652000000000069e+00	1.704829643771579839e+01
1.974604000000000026e+00	1.636857605897906964e+01
1.980558000000000041e+00	1.660193904632052764e+01
1.986512000000000056e+00	1.639242002115147656e+01
1.992466000000000070e+00	1.612131318499627497e+01
1.998418000000000028e+00	1.650744554725138613e+01
2.004370000000000207e+00	1.599690731196746718e+01
2.010321999999999942e+00	1.718190851363120686e+01
2.016272999999999982e+00	1.681665038871102169e+01
2.022224000000000022e+00	1.708573574050710420e+01
2.028176000000000201e+00	1.761764792148371228e+01
2.034127999999999936e+00	1.717271706431243672e+01
2.040080000000000116e+00	1.784328472126277632e+01
2.046031999999999851e+00	1.702747386548359287e+01
2.051984000000000030e+00	1.767343361958195658e+01
2.057935000000000070e+00	1.761788125454682330e+01
2.063886999999999805e+00	1.775249413706389490e+01
2.069837999999999845e+00	1.699038789060568888e+01
2.075791000000000164e+00	1.688332278211573723e+01
2.081744000000000039e+00	1.638389923918939317e+01
2.087698000000000054e+00	1.591871916580775448e+01
2.093652000000000069e+00	1.606031123868952548e+01
2.099604999999999944e+00	1.599648231616081517e+01
2.105554999999999843e+00	1.567744828602089591e+01
2.111501000000000072e+00	1.526803374654640422e+01
2.117445000000000022e+00	1.537941935052084297e+01
2.123388999999999971e+00	1.535526535279533888e+01
2.129338000000000175e+00	1.536621686480090609e+01
2.135295999999999861e+00	1.540017068819564372e+01
2.141268000000000171e+00	1.639640180023248206e+01
2.147250999999999799e+00	1.699321301982216426e+01
2.153232000000000035e+00	1.704512863888173868e+01
2.159196000000000115e+00	1.657903258010982128e+01
2.165125000000000188e+00	1.752732759273121133e+01
2.171006000000000213e+00	1.819837498593734182e+01
2.176841000000000026e+00	1.820724219036089053e+01
2.182682999999999929e+00	1.911963497338573958e+01
2.188588999999999896e+00	1.915567210302451073e+01
2.194618000000000180e+00	1.911233628769578274e+01
2.200828000000000007e+00	1.891390250601744327e+01
2.207209999999999894e+00	1.882397506632486284e+01
2.213579000000000185e+00	1.822185914449390509e+01
2.219714999999999883e+00	1.854041820942343222e+01
2.225403000000000020e+00	1.766604182869512485e+01
2.230423000000000044e+00	1.753529891116088280e+01
2.234681000000000139e+00	1.694469514534910815e+01
2.238447999999999993e+00	1.702654175845108853e+01
2.242068000000000172e+00	1.566976858495977432e+01
2.245884000000000214e+00	1.552329497604373643e+01
2.250237999999999960e+00	1.579479440917875444e+01
2.255365999999999982e+00	1.581930060398140370e+01
2.261130000000000084e+00	1.601653630051801969e+01
2.267313000000000134e+00	1.557423863456884838e+01
2.273696000000000161e+00	1.628200367659546899e+01
2.280063999999999869e+00	1.664253140195921432e+01
2.286243999999999943e+00	1.643655324358105219e+01
2.292251999999999956e+00	1.673528530965952399e+01
2.298146000000000022e+00	1.766342862478158793e+01
2.303983000000000114e+00	1.767263183781771474e+01
2.309822000000000042e+00	1.767011555037612069e+01
2.315710999999999853e+00	1.823460628808988560e+01
2.321645999999999876e+00	1.771981540008082234e+01
2.327612999999999932e+00	1.761881275430724969e+01
2.333594999999999864e+00	1.843409578627708001e+01
2.339576999999999796e+00	1.832476792124776566e+01
2.345546999999999827e+00	1.765979752647299961e+01
2.351503999999999817e+00	1.707629616355478319e+01
2.357451999999999881e+00	1.676713423313986695e+01
2.363395999999999830e+00	1.594960805218049593e+01
2.369339000000000084e+00	1.564982507668024603e+01
2.375286000000000008e+00	1.585950656410743242e+01
2.381237000000000048e+00	1.546723870623962327e+01
2.387189999999999923e+00	1.517752645346947205e+01
2.393143999999999938e+00	1.520327649925120994e+01
2.399097999999999953e+00	1.517291168644827160e+01
2.405050999999999828e+00	1.513242501232267401e+01
2.411004000000000147e+00	1.558210087856238601e+01
2.416955999999999882e+00	1.620623031581465412e+01
2.422906999999999922e+00	1.666552388234009285e+01
2.428857999999999961e+00	1.636303711181196263e+01
2.434809000000000001e+00	1.718893107723446789e+01
2.440760000000000041e+00	1.797055636584461524e+01
2.446712000000000220e+00	1.777732106686151781e+01
2.452663999999999955e+00	1.807356004461841792e+01
2.458616999999999830e+00	1.796010169721515126e+01
2.464570999999999845e+00	1.807569861295355906e+01
2.470524999999999860e+00	1.797911833886184141e+01
2.476478000000000179e+00	1.802785937815441031e+01
2.482429999999999914e+00	1.718523187765469018e+01
2.488377999999999979e+00	1.760189837570133164e+01
2.494323000000000068e+00	1.784280183279196663e+01
2.500265999999999877e+00	1.721409790134009299e+01
2.506212000000000106e+00	1.738056813274843293e+01
2.512164999999999981e+00	1.754358635102127550e+01
2.518129000000000062e+00	1.706551193509019981e+01
2.524108000000000018e+00	1.765715067404281413e+01
2.530091999999999786e+00	1.828897048094305688e+01
2.536067000000000071e+00	1.880469502651375180e+01
2.542015999999999831e+00	1.872047986381887696e+01
2.547924000000000078e+00	1.939615801711636678e+01
2.553779000000000021e+00	2.011744981536206112e+01
2.559610000000000163e+00	2.040554430832376553e+01
2.565475000000000172e+00	2.111061948851187609e+01
2.571432000000000162e+00	2.017932438308179499e+01
2.577539999999999942e+00	2.066865709869827938e+01
2.583845999999999865e+00	2.144070012587033958e+01
2.590249000000000024e+00	2.015360647666868843e+01
2.596534000000000120e+00	1.977795782049025775e+01
2.602485000000000159e+00	1.869657689157280700e+01
2.607883000000000173e+00	1.893607712756802641e+01
2.612527000000000044e+00	1.774662293114407063e+01
2.616509000000000196e+00	1.746895022016382626e+01
2.620163999999999938e+00	1.661690725449961548e+01
2.623834000000000000e+00	1.634583221568418665e+01
2.627863000000000060e+00	1.684552306619973550e+01
2.632579999999999920e+00	1.729131679072774830e+01
2.638037000000000187e+00	1.845440294477727150e+01
2.644026000000000209e+00	2.077024056439289268e+01
2.650332000000000132e+00	2.256219293563292894e+01
2.656734000000000151e+00	2.651064948439930191e+01
2.663022999999999918e+00	3.082729834954123049e+01
2.669115000000000126e+00	3.573295239770664722e+01
2.675060999999999911e+00	4.132690507065406393e+01
2.680919999999999970e+00	4.595864596069976926e+01
2.686751000000000111e+00	4.800713677910640342e+01
2.692610999999999866e+00	4.845235925208704941e+01
2.698523999999999923e+00	4.601799436931967335e+01
2.704476000000000102e+00	4.187222909992195241e+01
2.710452000000000083e+00	3.665687722109715452e+01
2.716435999999999851e+00	3.140796045295286731e+01
2.722412999999999972e+00	2.675300951102981273e+01
2.728375999999999912e+00	2.264703669157971788e+01
2.734328000000000092e+00	2.044504841123568184e+01
2.740273999999999877e+00	1.759077068896725393e+01
2.746217000000000130e+00	1.520437154712292660e+01
2.752162000000000219e+00	1.467535873984351724e+01
2.758110999999999979e+00	1.296389521183813898e+01
2.764063000000000159e+00	1.161780284438634681e+01
2.770016000000000034e+00	1.116472990459758563e+01
2.775971000000000188e+00	1.133829067148905878e+01
2.781924000000000063e+00	1.196459340732708121e+01
2.787876999999999938e+00	1.309246428062332690e+01
2.793829000000000118e+00	1.599188365369379738e+01
2.799780999999999853e+00	1.764676978863640500e+01
2.805731999999999893e+00	2.104831233212122754e+01
2.811682999999999932e+00	2.512927250367249599e+01
2.817635000000000112e+00	3.024683575393942903e+01
2.823586999999999847e+00	3.434012020691496758e+01
2.829539000000000026e+00	3.817358095412750885e+01
2.835491000000000206e+00	4.036924358670433577e+01
2.841442999999999941e+00	4.075008712368929764e+01
2.847395000000000120e+00	3.958683968687821420e+01
2.853346999999999856e+00	3.545267806245003328e+01
2.859299000000000035e+00	3.148453083361566840e+01
2.865251000000000214e+00	2.817686691105356900e+01
2.871201999999999810e+00	2.454135996059228120e+01
2.877153999999999989e+00	2.316135812314239928e+01
2.883106000000000169e+00	2.204841383999443138e+01
2.889057999999999904e+00	2.167318205159741140e+01
2.895010000000000083e+00	2.126713046852437117e+01
2.900961999999999819e+00	2.115460508388439465e+01
2.906913999999999998e+00	1.988807897388397095e+01
2.912866000000000177e+00	1.876441429728174626e+01
2.918817999999999913e+00	1.804329386095337640e+01
2.924770000000000092e+00	1.645566256093793100e+01
2.930721000000000132e+00	1.530567098831076933e+01
2.936672999999999867e+00	1.498176605116023730e+01
2.942625000000000046e+00	1.435340917465108390e+01
2.948576999999999781e+00	1.498695798864804019e+01
2.954528999999999961e+00	1.544215999859861732e+01
2.960481000000000140e+00	1.483973825541418989e+01
2.966432999999999875e+00	1.570342211061202242e+01
2.972385000000000055e+00	1.653100961271426428e+01
2.978336999999999790e+00	1.576695534978860813e+01
2.984288999999999970e+00	1.603584536790135218e+01
2.990240000000000009e+00	1.528766417459299731e+01
2.996192000000000188e+00	1.487378152979185408e+01
3.002143999999999924e+00	1.353257723909740307e+01
3.008096000000000103e+00	1.262215560500918698e+01
3.014047999999999838e+00	1.108199526883530162e+01
3.020000000000000018e+00	9.439480881375652999e+00
