1.199999999999999956e-01	3.739527652386753331e+00
1.249780000000000058e-01	3.570374783922841466e+00
1.305999999999999939e-01	3.988555442992715250e+00
1.367059999999999942e-01	3.460034970031380386e+00
1.431360000000000132e-01	4.326281083469474709e+00
1.497320000000000040e-01	3.436072959577531893e+00
1.563350000000000017e-01	3.176703554658657058e+00
1.627850000000000130e-01	3.075873634811397306e+00
1.689219999999999888e-01	3.336918238983619833e+00
1.745889999999999942e-01	2.319066754019471599e+00
1.796250000000000069e-01	2.423518052136238943e+00
1.839349999999999874e-01	2.186962662876814623e+00
1.877439999999999942e-01	1.462498176735655742e+00
1.913779999999999926e-01	1.537168981989191163e+00
1.951660000000000061e-01	9.678694880042516546e-01
1.994340000000000002e-01	1.178131415438567586e+00
2.044499999999999929e-01	1.458254378906322479e+00
2.101250000000000062e-01	8.355035621927610068e-01
2.162479999999999958e-01	9.695933678756384344e-01
2.226049999999999973e-01	1.660997711159555301e+00
2.289819999999999911e-01	5.268159537929247849e-01
2.351930000000000132e-01	2.530380229954809490e+00
2.412249999999999950e-01	6.660801828498699173e-01
2.471349999999999936e-01	1.368813186518148761e+00
2.529799999999999827e-01	1.646603162634923567e+00
2.588170000000000193e-01	1.843142409397637405e+00
2.646970000000000156e-01	2.083655962729096700e+00
2.706259999999999777e-01	2.168709753406873553e+00
2.765880000000000005e-01	2.007753961874846560e+00
2.825679999999999858e-01	1.334371984102267650e+00
2.885510000000000019e-01	2.329215943663140109e+00
2.945229999999999793e-01	1.825431450450822668e+00
3.004809999999999981e-01	2.259625621089563996e+00
3.064310000000000089e-01	2.243923809480078191e+00
3.123750000000000138e-01	1.627612601580921137e+00
3.183190000000000186e-01	1.992181318207432383e+00
3.242650000000000254e-01	1.987810682958299768e+00
3.302149999999999808e-01	1.609232130920620563e+00
3.361680000000000224e-01	1.156686700744335772e+00
3.421210000000000084e-01	1.390027065059419975e+00
3.480759999999999965e-01	1.706043713557290342e+00
3.540289999999999826e-01	2.118370600773426204e+00
3.599809999999999954e-01	3.060077095700641348e+00
3.659330000000000083e-01	1.987922340631880669e+00
3.718839999999999923e-01	2.109065622816332031e+00
3.778360000000000052e-01	2.063126170905999590e+00
3.837869999999999893e-01	2.218395843762573705e+00
3.897390000000000021e-01	2.333379417195346583e+00
3.956910000000000149e-01	2.980977017792735495e+00
4.016429999999999723e-01	3.698436457984076053e+00
4.075949999999999851e-01	2.917211637827494375e+00
4.135469999999999979e-01	2.520881116633507002e+00
4.194979999999999820e-01	2.125867929553701074e+00
4.254499999999999948e-01	2.509592676227651697e+00
4.314009999999999789e-01	2.446361648613263551e+00
4.373540000000000205e-01	1.860798287022757735e+00
4.433079999999999798e-01	2.599233210077632972e+00
4.492619999999999947e-01	3.282933025264646698e+00
4.552160000000000095e-01	2.633332418358071081e+00
4.611680000000000224e-01	2.604325202008139772e+00
4.671170000000000044e-01	2.579297543261812375e+00
4.730619999999999825e-01	3.056206542544602112e+00
4.790059999999999873e-01	2.203407447243781903e+00
4.849510000000000209e-01	2.931562648990092779e+00
4.909020000000000050e-01	3.076134513712492691e+00
4.968629999999999991e-01	2.873692710951699425e+00
5.028390000000000359e-01	2.660992262705974110e+00
5.088230000000000253e-01	2.533636412399610016e+00
5.148009999999999531e-01	2.809835717789611387e+00
5.207570000000000254e-01	2.802967901302116704e+00
5.266750000000000043e-01	2.780047153056553810e+00
5.325410000000000421e-01	3.060608112668399272e+00
5.383719999999999617e-01	3.394287959772308128e+00
5.442249999999999588e-01	3.513365093196573419e+00
5.501580000000000359e-01	3.635029690606939479e+00
5.562289999999999734e-01	3.029187085219144038e+00
5.624930000000000208e-01	3.725611651980108352e+00
5.688929999999999820e-01	3.424342029546635136e+00
5.752220000000000111e-01	3.786886352951173151e+00
5.812610000000000277e-01	3.915361426232724096e+00
5.867949999999999555e-01	3.442837980451892044e+00
5.916080000000000227e-01	3.712007482724108520e+00
5.957040000000000113e-01	3.719131381623203225e+00
5.993990000000000151e-01	4.073802517877950891e+00
6.030370000000000452e-01	3.360291738935314854e+00
6.069609999999999728e-01	4.022649413507169314e+00
6.115110000000000268e-01	3.485519826844261537e+00
6.168270000000000142e-01	3.937220170555154830e+00
6.227219999999999978e-01	4.449617356023152226e+00
6.289789999999999548e-01	4.342952617348081468e+00
6.353790000000000271e-01	3.660659532785197623e+00
6.417070000000000274e-01	4.137949285500487129e+00
6.478369999999999962e-01	3.744331343332585327e+00
6.538089999999999735e-01	4.384887627009677047e+00
6.596819999999999906e-01	3.830957147107974858e+00
6.655140000000000500e-01	4.495242753792108914e+00
6.713630000000000431e-01	3.167805599683663154e+00
6.772660000000000347e-01	3.606148024244016259e+00
6.832110000000000127e-01	4.012108349586620548e+00
6.891829999999999901e-01	4.210591337001464041e+00
6.951669999999999794e-01	3.632616296992885019e+00
7.011469999999999647e-01	4.007894514431678878e+00
7.071119999999999628e-01	4.388600043350296964e+00
7.130670000000000064e-01	3.762280445942638885e+00
7.190130000000000132e-01	3.572159454976917559e+00
7.249569999999999625e-01	3.550133938739381545e+00
7.309010000000000229e-01	3.970378783408453849e+00
7.368489999999999762e-01	3.724714801072552817e+00
7.428000000000000158e-01	4.630889799636788595e+00
7.487530000000000019e-01	4.572243403421936137e+00
7.547080000000000455e-01	4.368797920556985126e+00
7.606619999999999493e-01	4.206778124747041936e+00
7.666140000000000176e-01	4.859859769478578784e+00
7.725670000000000037e-01	4.782892901225210380e+00
7.785180000000000433e-01	5.076073495024376214e+00
7.844689999999999719e-01	5.344880700480034719e+00
7.904210000000000402e-01	4.878063166341846113e+00
7.963729999999999976e-01	4.881076065272956122e+00
8.023249999999999549e-01	4.339808662045117948e+00
8.082770000000000232e-01	4.943323230791848211e+00
8.142289999999999806e-01	5.112330102598302339e+00
8.201800000000000201e-01	5.936968955111513679e+00
8.261319999999999775e-01	5.406466035271785486e+00
8.320830000000000171e-01	4.905871105234278495e+00
8.380349999999999744e-01	5.693607335668456670e+00
8.439870000000000427e-01	5.865516451593229874e+00
8.499400000000000288e-01	5.221044004128184035e+00
8.558940000000000436e-01	5.385271820423888300e+00
8.618479999999999475e-01	5.716764107064657097e+00
8.678010000000000446e-01	5.788561111103367018e+00
8.737519999999999731e-01	5.593171145192784799e+00
8.797000000000000375e-01	5.427029242501546946e+00
8.856439999999999868e-01	5.805711808808760921e+00
8.915870000000000184e-01	6.307703482087923419e+00
8.975349999999999717e-01	5.551197430097256635e+00
9.034900000000000153e-01	6.290816301091569862e+00
9.094569999999999599e-01	5.944722540957181778e+00
9.154379999999999740e-01	6.475693203976376822e+00
9.214210000000000456e-01	5.473071851845769054e+00
9.273909999999999654e-01	6.058855506265429902e+00
9.333329999999999682e-01	6.132336930638705219e+00
9.392300000000000093e-01	7.248936618742533255e+00
9.450749999999999984e-01	5.465630342072214098e+00
9.509090000000000042e-01	5.587504764388628864e+00
9.567890000000000006e-01	6.878536602788477339e+00
9.627750000000000474e-01	6.219574442487481036e+00
9.689229999999999787e-01	5.903565174709976660e+00
9.752680000000000238e-01	6.227411317947866287e+00
9.816639999999999810e-01	6.460785750236402336e+00
9.878930000000000211e-01	6.023993275294633243e+00
9.937399999999999567e-01	5.669447813112969747e+00
9.989850000000000119e-01	6.057169633911914985e+00
1.003457999999999961e+00	5.882661765802692067e+00
1.007338000000000067e+00	6.304631648526223486e+00
1.010966000000000031e+00	5.937582038975138587e+00
1.014685999999999977e+00	6.472725524150888532e+00
1.018841000000000108e+00	5.429195963312371198e+00
1.023735000000000062e+00	5.713957319761613363e+00
1.029328999999999938e+00	6.237241806175569003e+00
1.035408000000000106e+00	5.204572664200378007e+00
1.041754000000000069e+00	6.282419101658854643e+00
1.048148999999999997e+00	5.093013903258134967e+00
1.054391999999999996e+00	5.469020663134117832e+00
1.060446000000000000e+00	5.722811431494296386e+00
1.066368999999999900e+00	5.753944713660281707e+00
1.072216999999999976e+00	5.984853434634160863e+00
1.078049000000000035e+00	6.164896911030352200e+00
1.083920999999999912e+00	6.724145429484062575e+00
1.089842999999999895e+00	6.304103446833389413e+00
1.095801999999999943e+00	6.980232719195960556e+00
1.101780999999999899e+00	6.860458297770915870e+00
1.107765000000000111e+00	7.723293597904264729e+00
1.113739999999999952e+00	6.578840889151327254e+00
1.119699999999999918e+00	6.918003648199913869e+00
1.125650000000000039e+00	6.454336058110859753e+00
1.131594999999999906e+00	6.986772422689359274e+00
1.137537999999999938e+00	6.242450090540673457e+00
1.143483999999999945e+00	6.564222232803104795e+00
1.149432999999999927e+00	7.099099778149419393e+00
1.155386000000000024e+00	6.525194751073144062e+00
1.161338999999999899e+00	6.696924155221960717e+00
1.167294000000000054e+00	7.225249407926668255e+00
1.173246999999999929e+00	5.762279474767138865e+00
1.179200000000000026e+00	6.114001350069377949e+00
1.185151999999999983e+00	5.999258712841121444e+00
1.191103000000000023e+00	7.423541266732372357e+00
1.197054000000000062e+00	7.329280961215037138e+00
1.203006000000000020e+00	7.085264883029731564e+00
1.208957999999999977e+00	8.138681040533302991e+00
1.214909999999999934e+00	7.222575551460475474e+00
1.220861999999999892e+00	7.740331489221541794e+00
1.226814000000000071e+00	7.323139818464728279e+00
1.232765000000000111e+00	8.205391261132042757e+00
1.238717000000000068e+00	8.852101487089987231e+00
1.244668000000000108e+00	7.971305941709716514e+00
1.250620000000000065e+00	8.002788239860601394e+00
1.256572000000000022e+00	7.228254349891936492e+00
1.262526000000000037e+00	7.138378739649766658e+00
1.268480000000000052e+00	8.392036445706942516e+00
1.274434000000000067e+00	7.834503759551174618e+00
1.280386000000000024e+00	7.945688003868673022e+00
1.286335999999999924e+00	8.107800662336112296e+00
1.292281999999999931e+00	8.418088316532292836e+00
1.298224999999999962e+00	9.086249704108020353e+00
1.304170000000000051e+00	8.575880647938776136e+00
1.310119999999999951e+00	9.181998693453628846e+00
1.316079999999999917e+00	9.482791634130043334e+00
1.322052999999999923e+00	9.952390265006220815e+00
1.328036999999999912e+00	8.444726969278258721e+00
1.334017000000000008e+00	9.426990635482804137e+00
1.339976000000000056e+00	9.263992558568901359e+00
1.345900000000000096e+00	9.242786672021836125e+00
1.351774000000000031e+00	8.640285540389966101e+00
1.357607000000000008e+00	9.245785790382221592e+00
1.363453000000000026e+00	9.021125508035749974e+00
1.369372000000000034e+00	8.976651744068513850e+00
1.375421999999999922e+00	8.698497091019987693e+00
1.381658999999999970e+00	8.956490495788502315e+00
1.388052000000000064e+00	9.491702005627367100e+00
1.394403000000000059e+00	8.889202185366391618e+00
1.400492999999999988e+00	8.637993848825390231e+00
1.406104999999999938e+00	9.497659045109823950e+00
1.411021999999999998e+00	1.116737477531684242e+01
1.415195999999999898e+00	1.040300086784252542e+01
1.418924000000000074e+00	1.054629732629516603e+01
1.422549999999999981e+00	1.030535335650058393e+01
1.426417000000000046e+00	1.127278125910481243e+01
1.430868000000000029e+00	1.196673799254716464e+01
1.436091000000000006e+00	1.175815665981202152e+01
1.441923000000000066e+00	1.131657135927500235e+01
1.448144000000000098e+00	1.166557314270368018e+01
1.454538000000000109e+00	1.169725327979506346e+01
1.460887000000000047e+00	1.101466920615733613e+01
1.467041999999999957e+00	1.061603493829066203e+01
1.473030999999999979e+00	1.014450901318945242e+01
1.478914000000000062e+00	1.013830842262623833e+01
1.484749000000000096e+00	8.123471089081011343e+00
1.490591999999999917e+00	8.003921394929273347e+00
1.496488000000000040e+00	8.956451219375717088e+00
1.502428000000000097e+00	7.494933745329674935e+00
1.508397999999999906e+00	7.898852414739188532e+00
1.514380999999999977e+00	7.433662300657007727e+00
1.520361999999999991e+00	8.601492746070103834e+00
1.526329999999999965e+00	7.646616747574122464e+00
1.532284999999999897e+00	8.672902088079494476e+00
1.538232999999999961e+00	8.600530554702849884e+00
1.544175999999999993e+00	9.196907783081408994e+00
1.550119999999999942e+00	9.665296935910436815e+00
1.556068000000000007e+00	1.089175068063192953e+01
1.562019000000000046e+00	1.131062682401409525e+01
1.567971999999999921e+00	1.211156542642759959e+01
1.573925999999999936e+00	1.239647989766057989e+01
1.579879999999999951e+00	1.280293370337025571e+01
1.585833000000000048e+00	1.303944354037415287e+01
1.591785000000000005e+00	1.422542021592515837e+01
1.597736999999999963e+00	1.356971815376571833e+01
1.603688000000000002e+00	1.275745575898848827e+01
1.609639000000000042e+00	1.191999066860588208e+01
1.615590999999999999e+00	1.125025938120692537e+01
1.621542999999999957e+00	1.137262512541128423e+01
1.627494999999999914e+00	9.168925934701020353e+00
1.633447000000000093e+00	9.391170759164811699e+00
1.639399000000000051e+00	8.406034575820010346e+00
1.645350000000000090e+00	7.701231694820576124e+00
1.651302000000000048e+00	7.038569616490351954e+00
1.657253000000000087e+00	6.429339533745749513e+00
1.663205000000000044e+00	6.266013245145069632e+00
1.669157999999999920e+00	7.248622046645881056e+00
1.675111999999999934e+00	6.306684257005743532e+00
1.681065999999999949e+00	7.383590629584388942e+00
1.687019000000000046e+00	7.490191286209021193e+00
1.692971000000000004e+00	8.480362490879757686e+00
1.698919000000000068e+00	9.524245885346843465e+00
1.704863000000000017e+00	1.039464428372646587e+01
1.710806999999999967e+00	1.124161986045785966e+01
1.716752999999999973e+00	1.284328294755797373e+01
1.722706999999999988e+00	1.337309901456146122e+01
1.728671999999999986e+00	1.354025347502459731e+01
1.734652000000000083e+00	1.356197342781385373e+01
1.740636000000000072e+00	1.431498408461319727e+01
1.746609000000000078e+00	1.405685507536018264e+01
1.752555000000000085e+00	1.440465942088018991e+01
1.758458000000000077e+00	1.434948854495471338e+01
1.764308999999999905e+00	1.394379138766762161e+01
1.770140999999999964e+00	1.376361796296890816e+01
1.776011999999999924e+00	1.387614358438356099e+01
1.781979999999999897e+00	1.378145999374770270e+01
1.788105000000000055e+00	1.295146410933371861e+01
1.794426999999999994e+00	1.324010059956809293e+01
1.800829000000000013e+00	1.289460427489029115e+01
1.807091999999999921e+00	1.237891350390549938e+01
1.813002000000000002e+00	1.239055877951835605e+01
1.818338000000000010e+00	1.216468586193546919e+01
1.822912000000000088e+00	1.299584813987411103e+01
1.826850000000000085e+00	1.196332851634338823e+01
1.830492000000000008e+00	1.217256729312178187e+01
1.834179999999999922e+00	1.135091658129116965e+01
1.838259000000000087e+00	1.143779135611469755e+01
1.843048000000000020e+00	1.149229670294423400e+01
1.848562000000000038e+00	1.124691032121352130e+01
1.854589999999999961e+00	1.075349142901671406e+01
1.860913000000000039e+00	1.063624137056086205e+01
1.867313999999999918e+00	1.094341610895102690e+01
1.873583999999999916e+00	9.988197482105748648e+00
1.879660000000000108e+00	9.936737137209199489e+00
1.885596000000000050e+00	9.934626422233980847e+00
1.891450999999999993e+00	9.289223937251266605e+00
1.897281999999999913e+00	9.870703927795187127e+00
1.903146999999999922e+00	1.001688105460548073e+01
1.909062999999999954e+00	1.003773060288675190e+01
1.915018000000000109e+00	9.765937570720369720e+00
1.920995999999999926e+00	1.060194274070696885e+01
1.926979999999999915e+00	1.046371936230132782e+01
1.932955999999999896e+00	1.039355822281740771e+01
1.938917999999999919e+00	1.007495783908062492e+01
1.944868999999999959e+00	1.045692890468951042e+01
1.950814000000000048e+00	1.044474000408842684e+01
1.956757999999999997e+00	1.009471443776190469e+01
1.962703000000000086e+00	1.030501016850961271e+01
1.968652000000000069e+00	1.080219993990496263e+01
1.974604000000000026e+00	1.052663904775438297e+01
1.980558000000000041e+00	9.824551143731973468e+00
1.986512000000000056e+00	1.037012875345881469e+01
1.992466000000000070e+00	1.125939025639513069e+01
1.998418000000000028e+00	1.103075367288313302e+01
2.004370000000000207e+00	1.120536597966298764e+01
2.010321999999999942e+00	1.205370061103743851e+01
2.016272999999999982e+00	1.285211736965105445e+01
2.022224000000000022e+00	1.348712810464252598e+01
2.028176000000000201e+00	1.410488062813219656e+01
2.034127999999999936e+00	1.490246020385282755e+01
2.040080000000000116e+00	1.515478261641829505e+01
2.046031999999999851e+00	1.605467799784044658e+01
2.051984000000000030e+00	1.698147733151344241e+01
2.057935000000000070e+00	1.550890044815871605e+01
2.063886999999999805e+00	1.542590562078489747e+01
2.069837999999999845e+00	1.520209867771112044e+01
2.075791000000000164e+00	1.421599093434855554e+01
2.081744000000000039e+00	1.447378722457905731e+01
2.087698000000000054e+00	1.367251117542241801e+01
2.093652000000000069e+00	1.291480386418384541e+01
2.099604999999999944e+00	1.083778364091534208e+01
2.105554999999999843e+00	1.086636874765060590e+01
2.111501000000000072e+00	9.929071237276662742e+00
2.117445000000000022e+00	9.485763543266202191e+00
2.123388999999999971e+00	9.021588283524453189e+00
2.129338000000000175e+00	8.959495164983787063e+00
2.135295999999999861e+00	8.911453488511103416e+00
2.141268000000000171e+00	8.735826610775101031e+00
2.147250999999999799e+00	9.152850807163387614e+00
2.153232000000000035e+00	9.778034295671954368e+00
2.159196000000000115e+00	1.059458129772412427e+01
2.165125000000000188e+00	1.107380135122453346e+01
2.171006000000000213e+00	1.193027134843370263e+01
2.176841000000000026e+00	1.272113732757254034e+01
2.182682999999999929e+00	1.358952439593392647e+01
2.188588999999999896e+00	1.517916272169726888e+01
2.194618000000000180e+00	1.595391582369739680e+01
2.200828000000000007e+00	1.570510232721822241e+01
2.207209999999999894e+00	1.769651189823224158e+01
2.213579000000000185e+00	1.896367596493754704e+01
2.219714999999999883e+00	1.917153465519893274e+01
2.225403000000000020e+00	2.093479795243275277e+01
2.230423000000000044e+00	2.041524895191395572e+01
2.234681000000000139e+00	2.178161538242517992e+01
2.238447999999999993e+00	2.143124284758257048e+01
2.242068000000000172e+00	2.168993080942588492e+01
2.245884000000000214e+00	2.158909774059057085e+01
2.250237999999999960e+00	2.124884237731878400e+01
2.255365999999999982e+00	2.078204136184624318e+01
2.261130000000000084e+00	2.097419187943169661e+01
2.267313000000000134e+00	2.129157944837916716e+01
2.273696000000000161e+00	1.983184924261015425e+01
2.280063999999999869e+00	1.973909245984440375e+01
2.286243999999999943e+00	2.024245581235206615e+01
2.292251999999999956e+00	2.007584825353761815e+01
2.298146000000000022e+00	1.872312821823022944e+01
2.303983000000000114e+00	1.798229777392485573e+01
2.309822000000000042e+00	1.738751606077409306e+01
2.315710999999999853e+00	1.644489072282491549e+01
2.321645999999999876e+00	1.574795825051374187e+01
2.327612999999999932e+00	1.550998696978180647e+01
2.333594999999999864e+00	1.512767593316334569e+01
2.339576999999999796e+00	1.402507282582975101e+01
2.345546999999999827e+00	1.368597106526272533e+01
2.351503999999999817e+00	1.314945999106006980e+01
2.357451999999999881e+00	1.342623475252790044e+01
2.363395999999999830e+00	1.228923157053749371e+01
2.369339000000000084e+00	1.267245460717691685e+01
2.375286000000000008e+00	1.215347319192107278e+01
2.381237000000000048e+00	1.161297327098175458e+01
2.387189999999999923e+00	1.201786544906152088e+01
2.393143999999999938e+00	1.270640515584393526e+01
2.399097999999999953e+00	1.281636468501256942e+01
2.405050999999999828e+00	1.330697597786459241e+01
2.411004000000000147e+00	1.308890082356137441e+01
2.416955999999999882e+00	1.346594216480073491e+01
2.422906999999999922e+00	1.388791370417344240e+01
2.428857999999999961e+00	1.470273437541549910e+01
2.434809000000000001e+00	1.517515297981092104e+01
2.440760000000000041e+00	1.550420919646005125e+01
2.446712000000000220e+00	1.693542719341906633e+01
2.452663999999999955e+00	1.679770465201464091e+01
2.458616999999999830e+00	1.756911966699229311e+01
2.464570999999999845e+00	1.791296134462314527e+01
2.470524999999999860e+00	1.768188409799189387e+01
2.476478000000000179e+00	1.775826870639811972e+01
2.482429999999999914e+00	1.864234737390903973e+01
2.488377999999999979e+00	1.879526103408568716e+01
2.494323000000000068e+00	1.802724992884473210e+01
2.500265999999999877e+00	1.813942936309803500e+01
2.506212000000000106e+00	1.878207322396273327e+01
2.512164999999999981e+00	1.891620977803745518e+01
2.518129000000000062e+00	1.944069960977693157e+01
2.524108000000000018e+00	2.031948354963207137e+01
2.530091999999999786e+00	2.241635230389554323e+01
2.536067000000000071e+00	2.252370005073354875e+01
2.542015999999999831e+00	2.398241628269778758e+01
2.547924000000000078e+00	2.401780380266443871e+01
2.553779000000000021e+00	2.375024722696623414e+01
2.559610000000000163e+00	2.281711680742050774e+01
2.565475000000000172e+00	2.074701151893830797e+01
2.571432000000000162e+00	1.951172887673455136e+01
2.577539999999999942e+00	1.843973631840292171e+01
2.583845999999999865e+00	1.808968742113052031e+01
2.590249000000000024e+00	1.922422966691691215e+01
2.596534000000000120e+00	1.933623825733156920e+01
2.602485000000000159e+00	2.045798305944212103e+01
2.607883000000000173e+00	2.063095296139424661e+01
2.612527000000000044e+00	2.126885609711114711e+01
2.616509000000000196e+00	2.129198490575684488e+01
2.620163999999999938e+00	1.902798643499361475e+01
2.623834000000000000e+00	1.741143133372192153e+01
2.627863000000000060e+00	1.380243193453313566e+01
2.632579999999999920e+00	8.839184675072711883e+00
2.638037000000000187e+00	1.817386963018685186e+00
2.644026000000000209e+00	-4.284902378867448292e+00
2.650332000000000132e+00	-9.336689447174729040e+00
2.656734000000000151e+00	-1.285653412207035728e+01
2.663022999999999918e+00	-1.210210911841123860e+01
2.669115000000000126e+00	-8.382643681533494373e+00
2.675060999999999911e+00	-3.745438540013274586e+00
2.680919999999999970e+00	2.065283730134777063e+00
2.686751000000000111e+00	9.296418213335376990e+00
2.692610999999999866e+00	1.374269024037969977e+01
2.698523999999999923e+00	1.507883444447957544e+01
2.704476000000000102e+00	1.686502822537823931e+01
2.710452000000000083e+00	1.819844085020775637e+01
2.716435999999999851e+00	1.864632017299818401e+01
2.722412999999999972e+00	1.938230875607520076e+01
2.728375999999999912e+00	2.151647173716407480e+01
2.734328000000000092e+00	2.317138361594291496e+01
2.740273999999999877e+00	2.357758961217502502e+01
2.746217000000000130e+00	2.301663962085138238e+01
2.752162000000000219e+00	1.968448800030681767e+01
2.758110999999999979e+00	1.392204076089901932e+01
2.764063000000000159e+00	6.938337159144878363e+00
2.770016000000000034e+00	4.026781227887096248e-01
2.775971000000000188e+00	-6.430346732143854993e+00
2.781924000000000063e+00	-9.075637795765596039e+00
2.787876999999999938e+00	-9.309138098208203260e+00
2.793829000000000118e+00	-7.420024691232067759e+00
2.799780999999999853e+00	-4.765903156849615740e+00
2.805731999999999893e+00	-1.126072204486433526e+00
2.811682999999999932e+00	-1.057256713014330662e-01
2.817635000000000112e+00	-6.735029606462262786e-01
2.823586999999999847e+00	-2.181922760117065430e+00
2.829539000000000026e+00	-4.669442400008113836e+00
2.835491000000000206e+00	-6.327684101155921503e+00
2.841442999999999941e+00	-7.508075743841805760e+00
2.847395000000000120e+00	-6.853281138741333933e+00
2.853346999999999856e+00	-7.087327208789949040e+00
2.859299000000000035e+00	-6.257621039288732590e+00
2.865251000000000214e+00	-5.524941324211560811e+00
2.871201999999999810e+00	-7.240033574438447417e+00
2.877153999999999989e+00	-8.026537860364026500e+00
2.883106000000000169e+00	-1.029366281651001636e+01
2.889057999999999904e+00	-1.410748839113069231e+01
2.895010000000000083e+00	-1.678700778443534603e+01
2.900961999999999819e+00	-1.980816849111829114e+01
2.906913999999999998e+00	-2.257820356521146721e+01
2.912866000000000177e+00	-2.322581465399545309e+01
2.918817999999999913e+00	-2.542485095755360902e+01
2.924770000000000092e+00	-2.403314593098274443e+01
2.930721000000000132e+00	-2.238157892495395274e+01
2.936672999999999867e+00	-1.722195683215132078e+01
2.942625000000000046e+00	-1.272075156154523690e+01
2.948576999999999781e+00	-7.602229798983191955e+00
2.954528999999999961e+00	-3.203270786897006062e+00
2.960481000000000140e+00	-3.646677415267911559e-01
2.966432999999999875e+00	1.256496298354556895e-01
2.972385000000000055e+00	-2.042110339953595588e+00
2.978336999999999790e+00	-3.846544392039487281e+00
2.984288999999999970e+00	-6.418397147482143517e+00
2.990240000000000009e+00	-9.957937277322699288e+00
2.996192000000000188e+00	-1.200444841232849313e+01
3.002143999999999924e+00	-1.236132958694346051e+01
3.008096000000000103e+00	-1.112368209868317592e+01
3.014047999999999838e+00	-8.079305551987136624e+00
3.020000000000000018e+00	-1.371341850251688310e+00
