1.199999999999999956e-01	2.441692999999999891e+00
1.249780000000000058e-01	1.294812999999999992e+00
1.305999999999999939e-01	4.522809999999999886e-01
1.367059999999999942e-01	-1.206969999999999987e-01
1.431360000000000132e-01	-4.589170000000000194e-01
1.497320000000000040e-01	-5.971750000000000114e-01
1.563350000000000017e-01	-5.702660000000000506e-01
1.627850000000000130e-01	-4.129860000000000197e-01
1.689219999999999888e-01	-1.601289999999999936e-01
1.745889999999999942e-01	1.535070000000000046e-01
1.796250000000000069e-01	4.931289999999999840e-01
1.839349999999999874e-01	8.271530000000000271e-01
1.877439999999999942e-01	1.140384999999999982e+00
1.913779999999999926e-01	1.422844999999999915e+00
1.951660000000000061e-01	1.664555000000000007e+00
1.994340000000000002e-01	1.855539000000000049e+00
2.044499999999999929e-01	1.987354000000000065e+00
2.101250000000000062e-01	2.060439999999999827e+00
2.162479999999999958e-01	2.078409999999999869e+00
2.226049999999999973e-01	2.044884999999999842e+00
2.289819999999999911e-01	1.963483000000000089e+00
2.351930000000000132e-01	1.839636000000000049e+00
2.412249999999999950e-01	1.690646000000000093e+00
2.471349999999999936e-01	1.538583999999999952e+00
2.529799999999999827e-01	1.405534000000000061e+00
2.588170000000000193e-01	1.313582999999999945e+00
2.646970000000000156e-01	1.281617999999999924e+00
2.706259999999999777e-01	1.304758000000000084e+00
2.765880000000000005e-01	1.367404000000000064e+00
2.825679999999999858e-01	1.453905000000000003e+00
2.885510000000000019e-01	1.548612000000000100e+00
2.945229999999999793e-01	1.637391999999999959e+00
3.004809999999999981e-01	1.718995000000000051e+00
3.064310000000000089e-01	1.798667000000000016e+00
3.123750000000000138e-01	1.881704000000000043e+00
3.183190000000000186e-01	1.973402000000000100e+00
3.242650000000000254e-01	2.078101999999999894e+00
3.302149999999999808e-01	2.190849000000000046e+00
3.361680000000000224e-01	2.301454000000000111e+00
3.421210000000000084e-01	2.399671000000000110e+00
3.480759999999999965e-01	2.475251000000000090e+00
3.540289999999999826e-01	2.518764000000000003e+00
3.599809999999999954e-01	2.529926999999999815e+00
3.659330000000000083e-01	2.514205000000000023e+00
3.718839999999999923e-01	2.477149999999999963e+00
3.778360000000000052e-01	2.424316000000000138e+00
3.837869999999999893e-01	2.361355999999999788e+00
3.897390000000000021e-01	2.295258000000000020e+00
3.956910000000000149e-01	2.233941000000000177e+00
4.016429999999999723e-01	2.185343000000000035e+00
4.075949999999999851e-01	2.157401999999999820e+00
4.135469999999999979e-01	2.157500000000000195e+00
4.194979999999999820e-01	2.184572999999999876e+00
4.254499999999999948e-01	2.230983999999999856e+00
4.314009999999999789e-01	2.288921000000000205e+00
4.373540000000000205e-01	2.350575000000000081e+00
4.433079999999999798e-01	2.408399999999999874e+00
4.492619999999999947e-01	2.459604000000000124e+00
4.552160000000000095e-01	2.505507000000000151e+00
4.611680000000000224e-01	2.547562999999999800e+00
4.671170000000000044e-01	2.587225999999999804e+00
4.730619999999999825e-01	2.625996000000000219e+00
4.790059999999999873e-01	2.666309000000000040e+00
4.849510000000000209e-01	2.711504999999999832e+00
4.909020000000000050e-01	2.764959999999999862e+00
4.968629999999999991e-01	2.830048999999999815e+00
5.028390000000000359e-01	2.909915999999999947e+00
5.088230000000000253e-01	3.001656999999999798e+00
5.148009999999999531e-01	3.095912000000000219e+00
5.207570000000000254e-01	3.183005000000000084e+00
5.266750000000000043e-01	3.253260000000000041e+00
5.325410000000000421e-01	3.297223999999999933e+00
5.383719999999999617e-01	3.312596000000000096e+00
5.442249999999999588e-01	3.305563999999999947e+00
5.501580000000000359e-01	3.282808999999999866e+00
5.562289999999999734e-01	3.251011999999999791e+00
5.624930000000000208e-01	3.216814999999999980e+00
5.688929999999999820e-01	3.185255999999999865e+00
5.752220000000000111e-01	3.159257000000000204e+00
5.812610000000000277e-01	3.141595000000000137e+00
5.867949999999999555e-01	3.135047000000000139e+00
5.916080000000000227e-01	3.142357000000000067e+00
5.957040000000000113e-01	3.164590000000000014e+00
5.993990000000000151e-01	3.200337000000000209e+00
6.030370000000000452e-01	3.247993999999999826e+00
6.069609999999999728e-01	3.305956000000000117e+00
6.115110000000000268e-01	3.372615000000000141e+00
6.168270000000000142e-01	3.446013999999999911e+00
6.227219999999999978e-01	3.523630999999999958e+00
6.289789999999999548e-01	3.602894000000000041e+00
6.353790000000000271e-01	3.681226999999999805e+00
6.417070000000000274e-01	3.756081000000000003e+00
6.478369999999999962e-01	3.827158999999999978e+00
6.538089999999999735e-01	3.898277000000000214e+00
6.596819999999999906e-01	3.973691000000000084e+00
6.655140000000000500e-01	4.057656999999999847e+00
6.713630000000000431e-01	4.154397999999999591e+00
6.772660000000000347e-01	4.263716999999999757e+00
6.832110000000000127e-01	4.376401999999999681e+00
6.891829999999999901e-01	4.482141000000000375e+00
6.951669999999999794e-01	4.570622000000000185e+00
7.011469999999999647e-01	4.631550999999999974e+00
7.071119999999999628e-01	4.659048000000000300e+00
7.130670000000000064e-01	4.657299000000000078e+00
7.190130000000000132e-01	4.631889000000000145e+00
7.249569999999999625e-01	4.588404999999999845e+00
7.309010000000000229e-01	4.532428000000000345e+00
7.368489999999999762e-01	4.469108000000000303e+00
7.428000000000000158e-01	4.402473999999999776e+00
7.487530000000000019e-01	4.336377999999999844e+00
7.547080000000000455e-01	4.274675000000000225e+00
7.606619999999999493e-01	4.221218999999999610e+00
7.666140000000000176e-01	4.180142000000000024e+00
7.725670000000000037e-01	4.156385000000000218e+00
7.785180000000000433e-01	4.155031000000000141e+00
7.844689999999999719e-01	4.181165000000000020e+00
7.904210000000000402e-01	4.239868999999999666e+00
7.963729999999999976e-01	4.332980000000000054e+00
8.023249999999999549e-01	4.451817000000000135e+00
8.082770000000000232e-01	4.585577999999999932e+00
8.142289999999999806e-01	4.723457999999999934e+00
8.201800000000000201e-01	4.854651999999999745e+00
8.261319999999999775e-01	4.969781000000000226e+00
8.320830000000000171e-01	5.064658999999999800e+00
8.380349999999999744e-01	5.136288000000000409e+00
8.439870000000000427e-01	5.181670000000000442e+00
8.499400000000000288e-01	5.197807000000000066e+00
8.558940000000000436e-01	5.184242000000000239e+00
8.618479999999999475e-01	5.150998999999999661e+00
8.678010000000000446e-01	5.110800000000000232e+00
8.737519999999999731e-01	5.076367000000000296e+00
8.797000000000000375e-01	5.060425000000000395e+00
8.856439999999999868e-01	5.072384999999999700e+00
8.915870000000000184e-01	5.106250000000000178e+00
8.975349999999999717e-01	5.151540999999999926e+00
9.034900000000000153e-01	5.197778999999999705e+00
9.094569999999999599e-01	5.234484000000000137e+00
9.154379999999999740e-01	5.253893999999999842e+00
9.214210000000000456e-01	5.262535999999999881e+00
9.273909999999999654e-01	5.271620000000000417e+00
9.333329999999999682e-01	5.292360000000000397e+00
9.392300000000000093e-01	5.335969000000000406e+00
9.450749999999999984e-01	5.410791999999999824e+00
9.509090000000000042e-01	5.508092999999999684e+00
9.567890000000000006e-01	5.612840000000000273e+00
9.627750000000000474e-01	5.709990999999999595e+00
9.689229999999999787e-01	5.784505000000000230e+00
9.752680000000000238e-01	5.824137999999999593e+00
9.816639999999999810e-01	5.835548000000000179e+00
9.878930000000000211e-01	5.833215000000000039e+00
9.937399999999999567e-01	5.831646000000000107e+00
9.989850000000000119e-01	5.845345000000000013e+00
1.003457999999999961e+00	5.886985000000000134e+00
1.007338000000000067e+00	5.955157999999999952e+00
1.010966000000000031e+00	6.041923999999999850e+00
1.014685999999999977e+00	6.139310000000000045e+00
1.018841000000000108e+00	6.239339000000000190e+00
1.023735000000000062e+00	6.334471999999999881e+00
1.029328999999999938e+00	6.420976999999999713e+00
1.035408000000000106e+00	6.497097000000000122e+00
1.041754000000000069e+00	6.561088999999999949e+00
1.048148999999999997e+00	6.611213000000000228e+00
1.054391999999999996e+00	6.646084000000000103e+00
1.060446000000000000e+00	6.667887000000000342e+00
1.066368999999999900e+00	6.680876999999999732e+00
1.072216999999999976e+00	6.689332000000000278e+00
1.078049000000000035e+00	6.697531999999999819e+00
1.083920999999999912e+00	6.709228000000000414e+00
1.089842999999999895e+00	6.722044000000000352e+00
1.095801999999999943e+00	6.729649000000000214e+00
1.101780999999999899e+00	6.725647000000000375e+00
1.107765000000000111e+00	6.703640000000000043e+00
1.113739999999999952e+00	6.658026000000000444e+00
1.119699999999999918e+00	6.593936000000000242e+00
1.125650000000000039e+00	6.524206000000000394e+00
1.131594999999999906e+00	6.461844000000000143e+00
1.137537999999999938e+00	6.419856000000000229e+00
1.143483999999999945e+00	6.410499999999999865e+00
1.149432999999999927e+00	6.434173000000000364e+00
1.155386000000000024e+00	6.481792000000000442e+00
1.161338999999999899e+00	6.544013999999999776e+00
1.167294000000000054e+00	6.611491000000000007e+00
1.173246999999999929e+00	6.675207999999999586e+00
1.179200000000000026e+00	6.732342000000000048e+00
1.185151999999999983e+00	6.785562999999999789e+00
1.191103000000000023e+00	6.837736999999999732e+00
1.197054000000000062e+00	6.891726000000000241e+00
1.203006000000000020e+00	6.950186000000000419e+00
1.208957999999999977e+00	7.011064000000000185e+00
1.214909999999999934e+00	7.067662000000000333e+00
1.220861999999999892e+00	7.113087000000000160e+00
1.226814000000000071e+00	7.140443999999999569e+00
1.232765000000000111e+00	7.143024999999999736e+00
1.238717000000000068e+00	7.119220999999999577e+00
1.244668000000000108e+00	7.073012000000000299e+00
1.250620000000000065e+00	7.008665999999999840e+00
1.256572000000000022e+00	6.930448000000000164e+00
1.262526000000000037e+00	6.842717999999999634e+00
1.268480000000000052e+00	6.752953999999999901e+00
1.274434000000000067e+00	6.672438999999999787e+00
1.280386000000000024e+00	6.612683999999999784e+00
1.286335999999999924e+00	6.585204000000000057e+00
1.292281999999999931e+00	6.601389000000000173e+00
1.298224999999999962e+00	6.667506999999999628e+00
1.304170000000000051e+00	6.782872000000000234e+00
1.310119999999999951e+00	6.946303000000000338e+00
1.316079999999999917e+00	7.156621999999999595e+00
1.322052999999999923e+00	7.412519999999999776e+00
1.328036999999999912e+00	7.705519999999999925e+00
1.334017000000000008e+00	8.016330999999999207e+00
1.339976000000000056e+00	8.324761999999999773e+00
1.345900000000000096e+00	8.610625999999999891e+00
1.351774000000000031e+00	8.853892000000000095e+00
1.357607000000000008e+00	9.046554000000000428e+00
1.363453000000000026e+00	9.200815999999999661e+00
1.369372000000000034e+00	9.330823000000000533e+00
1.375421999999999922e+00	9.450716999999999146e+00
1.381658999999999970e+00	9.574572999999999112e+00
1.388052000000000064e+00	9.709281999999999968e+00
1.394403000000000059e+00	9.848252000000000450e+00
1.400492999999999988e+00	9.983404000000000167e+00
1.406104999999999938e+00	1.010666100000000078e+01
1.411021999999999998e+00	1.020996500000000040e+01
1.415195999999999898e+00	1.028812199999999955e+01
1.418924000000000074e+00	1.034195599999999970e+01
1.422549999999999981e+00	1.037304600000000043e+01
1.426417000000000046e+00	1.038297000000000025e+01
1.430868000000000029e+00	1.037330500000000022e+01
1.436091000000000006e+00	1.034435399999999916e+01
1.441923000000000066e+00	1.029344000000000037e+01
1.448144000000000098e+00	1.021745800000000060e+01
1.454538000000000109e+00	1.011330199999999913e+01
1.460887000000000047e+00	9.977874999999999162e+00
1.467041999999999957e+00	9.811113000000000639e+00
1.473030999999999979e+00	9.620962000000000458e+00
1.478914000000000062e+00	9.416669999999999874e+00
1.484749000000000096e+00	9.207482999999999862e+00
1.490591999999999917e+00	9.002651000000000181e+00
1.496488000000000040e+00	8.814085000000000392e+00
1.502428000000000097e+00	8.661573999999999884e+00
1.508397999999999906e+00	8.566361999999999810e+00
1.514380999999999977e+00	8.549694999999999823e+00
1.520361999999999991e+00	8.632811000000000234e+00
1.526329999999999965e+00	8.826326999999999146e+00
1.532284999999999897e+00	9.105387000000000342e+00
1.538232999999999961e+00	9.437744999999999607e+00
1.544175999999999993e+00	9.791157999999999362e+00
1.550119999999999942e+00	1.013338000000000072e+01
1.556068000000000007e+00	1.043846399999999974e+01
1.562019000000000046e+00	1.070416799999999924e+01
1.567971999999999921e+00	1.093383000000000038e+01
1.573925999999999936e+00	1.113078600000000051e+01
1.579879999999999951e+00	1.129837400000000081e+01
1.585833000000000048e+00	1.143829500000000010e+01
1.591785000000000005e+00	1.154531000000000063e+01
1.597736999999999963e+00	1.161233099999999929e+01
1.603688000000000002e+00	1.163227299999999964e+01
1.609639000000000042e+00	1.159804800000000036e+01
1.615590999999999999e+00	1.150816099999999942e+01
1.621542999999999957e+00	1.138794299999999993e+01
1.627494999999999914e+00	1.127076600000000006e+01
1.633447000000000093e+00	1.119000199999999978e+01
1.639399000000000051e+00	1.117902400000000007e+01
1.645350000000000090e+00	1.126443100000000008e+01
1.651302000000000048e+00	1.143608200000000075e+01
1.657253000000000087e+00	1.167143000000000086e+01
1.663205000000000044e+00	1.194792200000000015e+01
1.669157999999999920e+00	1.224300200000000061e+01
1.675111999999999934e+00	1.253461399999999948e+01
1.681065999999999949e+00	1.280375899999999945e+01
1.687019000000000046e+00	1.303260200000000069e+01
1.692971000000000004e+00	1.320330900000000085e+01
1.698919000000000068e+00	1.329804599999999937e+01
1.704863000000000017e+00	1.330270100000000078e+01
1.710806999999999967e+00	1.322912799999999933e+01
1.716752999999999973e+00	1.310023799999999916e+01
1.722706999999999988e+00	1.293898300000000035e+01
1.728671999999999986e+00	1.276831499999999942e+01
1.734652000000000083e+00	1.260953899999999983e+01
1.740636000000000072e+00	1.247089700000000079e+01
1.746609000000000078e+00	1.235439900000000080e+01
1.752555000000000085e+00	1.226201599999999914e+01
1.758458000000000077e+00	1.219572100000000070e+01
1.764308999999999905e+00	1.215785799999999917e+01
1.770140999999999964e+00	1.215415699999999966e+01
1.776011999999999924e+00	1.219215299999999935e+01
1.781979999999999897e+00	1.227939600000000020e+01
1.788105000000000055e+00	1.242343900000000012e+01
1.794426999999999994e+00	1.263049900000000036e+01
1.800829000000000013e+00	1.289287299999999981e+01
1.807091999999999921e+00	1.319458099999999945e+01
1.813002000000000002e+00	1.351953199999999988e+01
1.818338000000000010e+00	1.385163499999999992e+01
1.822912000000000088e+00	1.417484499999999947e+01
1.826850000000000085e+00	1.447365199999999952e+01
1.830492000000000008e+00	1.473290100000000002e+01
1.834179999999999922e+00	1.493744700000000059e+01
1.838259000000000087e+00	1.507213999999999920e+01
1.843048000000000020e+00	1.512310800000000022e+01
1.848562000000000038e+00	1.509436299999999953e+01
1.854589999999999961e+00	1.500311400000000006e+01
1.860913000000000039e+00	1.486688000000000009e+01
1.867313999999999918e+00	1.470317499999999988e+01
1.873583999999999916e+00	1.452888300000000044e+01
1.879660000000000108e+00	1.435039899999999946e+01
1.885596000000000050e+00	1.416552100000000003e+01
1.891450999999999993e+00	1.397179000000000038e+01
1.897281999999999913e+00	1.376674700000000051e+01
1.903146999999999922e+00	1.354829200000000000e+01
1.909062999999999954e+00	1.332131399999999921e+01
1.915018000000000109e+00	1.309707500000000024e+01
1.920995999999999926e+00	1.288707400000000014e+01
1.926979999999999915e+00	1.270280499999999968e+01
1.932955999999999896e+00	1.255527900000000052e+01
1.938917999999999919e+00	1.244402999999999970e+01
1.944868999999999959e+00	1.235696300000000036e+01
1.950814000000000048e+00	1.228146500000000074e+01
1.956757999999999997e+00	1.220492499999999936e+01
1.962703000000000086e+00	1.211491099999999932e+01
1.968652000000000069e+00	1.200415699999999930e+01
1.974604000000000026e+00	1.187122199999999950e+01
1.980558000000000041e+00	1.171497100000000025e+01
1.986512000000000056e+00	1.153427100000000038e+01
1.992466000000000070e+00	1.132826999999999984e+01
1.998418000000000028e+00	1.110616899999999951e+01
2.004370000000000207e+00	1.088974900000000012e+01
2.010321999999999942e+00	1.070158699999999996e+01
2.016272999999999982e+00	1.056426100000000012e+01
2.022224000000000022e+00	1.050004200000000054e+01
2.028176000000000201e+00	1.051720500000000058e+01
2.034127999999999936e+00	1.060454400000000064e+01
2.040080000000000116e+00	1.074941100000000027e+01
2.046031999999999851e+00	1.093915600000000055e+01
2.051984000000000030e+00	1.116135399999999933e+01
2.057935000000000070e+00	1.141695700000000002e+01
2.063886999999999805e+00	1.172765099999999983e+01
2.069837999999999845e+00	1.211690600000000018e+01
2.075791000000000164e+00	1.260819399999999924e+01
2.081744000000000039e+00	1.322469099999999997e+01
2.087698000000000054e+00	1.396546799999999955e+01
2.093652000000000069e+00	1.478795000000000037e+01
2.099604999999999944e+00	1.564542699999999975e+01
2.105554999999999843e+00	1.649118899999999854e+01
2.111501000000000072e+00	1.727854200000000162e+01
2.117445000000000022e+00	1.796270799999999923e+01
2.123388999999999971e+00	1.850261100000000170e+01
2.129338000000000175e+00	1.885759399999999886e+01
2.135295999999999861e+00	1.898699900000000085e+01
2.141268000000000171e+00	1.885031599999999941e+01
2.147250999999999799e+00	1.843391000000000091e+01
2.153232000000000035e+00	1.778210100000000082e+01
2.159196000000000115e+00	1.694675300000000107e+01
2.165125000000000188e+00	1.597972999999999999e+01
2.171006000000000213e+00	1.493289099999999969e+01
2.176841000000000026e+00	1.385709499999999927e+01
2.182682999999999929e+00	1.280078199999999988e+01
2.188588999999999896e+00	1.181203200000000031e+01
2.194618000000000180e+00	1.093892499999999934e+01
2.200828000000000007e+00	1.022952500000000065e+01
2.207209999999999894e+00	9.720921000000000589e+00
2.213579000000000185e+00	9.420429999999999637e+00
2.219714999999999883e+00	9.330367000000000743e+00
2.225403000000000020e+00	9.453051000000000315e+00
2.230423000000000044e+00	9.790793999999999997e+00
2.234681000000000139e+00	1.034184300000000079e+01
2.238447999999999993e+00	1.109203100000000042e+01
2.242068000000000172e+00	1.202483100000000071e+01
2.245884000000000214e+00	1.312371300000000041e+01
2.250237999999999960e+00	1.437214999999999954e+01
2.255365999999999982e+00	1.573222600000000071e+01
2.261130000000000084e+00	1.709248900000000049e+01
2.267313000000000134e+00	1.832568799999999953e+01
2.273696000000000161e+00	1.930457300000000131e+01
2.280063999999999869e+00	1.990189300000000117e+01
2.286243999999999943e+00	2.002058699999999902e+01
2.292251999999999956e+00	1.968074500000000171e+01
2.298146000000000022e+00	1.893086999999999875e+01
2.303983000000000114e+00	1.781946599999999847e+01
2.309822000000000042e+00	1.639503399999999900e+01
2.315710999999999853e+00	1.471457900000000052e+01
2.321645999999999876e+00	1.287233499999999964e+01
2.327612999999999932e+00	1.097272899999999929e+01
2.333594999999999864e+00	9.120189999999999131e+00
2.339576999999999796e+00	7.419146999999999714e+00
2.345546999999999827e+00	5.963159000000000098e+00
2.351503999999999817e+00	4.792002000000000095e+00
2.357451999999999881e+00	3.928847999999999896e+00
2.363395999999999830e+00	3.396862000000000048e+00
2.369339000000000084e+00	3.219212000000000184e+00
2.375286000000000008e+00	3.412682000000000215e+00
2.381237000000000048e+00	3.958347999999999978e+00
2.387189999999999923e+00	4.824869999999999770e+00
2.393143999999999938e+00	5.980897999999999826e+00
2.399097999999999953e+00	7.395080000000000098e+00
2.405050999999999828e+00	9.025676999999999950e+00
2.411004000000000147e+00	1.076509500000000052e+01
2.416955999999999882e+00	1.248001200000000033e+01
2.422906999999999922e+00	1.403704699999999939e+01
2.428857999999999961e+00	1.530281800000000025e+01
2.434809000000000001e+00	1.616095800000000082e+01
2.440760000000000041e+00	1.661764200000000002e+01
2.446712000000000220e+00	1.673273299999999963e+01
2.452663999999999955e+00	1.656632099999999852e+01
2.458616999999999830e+00	1.617849899999999863e+01
2.464570999999999845e+00	1.562895100000000070e+01
2.470524999999999860e+00	1.497403199999999934e+01
2.476478000000000179e+00	1.426845800000000075e+01
2.482429999999999914e+00	1.356693800000000039e+01
2.488377999999999979e+00	1.292417900000000053e+01
2.494323000000000068e+00	1.241713900000000059e+01
2.500265999999999877e+00	1.233185899999999968e+01
2.506212000000000106e+00	1.306893600000000077e+01
2.512164999999999981e+00	1.503014199999999967e+01
2.518129000000000062e+00	1.861724999999999852e+01
2.524108000000000018e+00	2.414444900000000160e+01
2.530091999999999786e+00	3.097897800000000146e+01
2.536067000000000071e+00	3.790932000000000102e+01
2.542015999999999831e+00	4.371565900000000227e+01
2.547924000000000078e+00	4.717817999999999756e+01
2.553779000000000021e+00	4.719113300000000066e+01
2.559610000000000163e+00	4.407690999999999804e+01
2.565475000000000172e+00	3.913022399999999834e+01
2.571432000000000162e+00	3.366444599999999809e+01
2.577539999999999942e+00	2.899294599999999988e+01
2.583845999999999865e+00	2.634659200000000112e+01
2.590249000000000024e+00	2.575091499999999911e+01
2.596534000000000120e+00	2.631826099999999968e+01
2.602485000000000159e+00	2.713832100000000125e+01
2.607883000000000173e+00	2.730078500000000119e+01
2.612527000000000044e+00	2.594881399999999871e+01
2.616509000000000196e+00	2.314555599999999913e+01
2.620163999999999938e+00	1.972915400000000119e+01
2.623834000000000000e+00	1.656196500000000071e+01
2.627863000000000060e+00	1.450634299999999932e+01
2.632579999999999920e+00	1.438965999999999923e+01
2.638037000000000187e+00	1.632261000000000095e+01
2.644026000000000209e+00	1.974491099999999832e+01
2.650332000000000132e+00	2.407045099999999849e+01
2.656734000000000151e+00	2.871311700000000044e+01
2.663022999999999918e+00	3.309579000000000093e+01
2.669115000000000126e+00	3.686377099999999984e+01
2.675060999999999911e+00	3.989374600000000015e+01
2.680919999999999970e+00	4.207319100000000134e+01
2.686751000000000111e+00	4.328958099999999831e+01
2.692610999999999866e+00	4.342787100000000322e+01
2.698523999999999923e+00	4.229658100000000331e+01
2.704476000000000102e+00	3.961585800000000290e+01
2.710452000000000083e+00	3.510092600000000118e+01
2.716435999999999851e+00	2.846701099999999940e+01
2.722412999999999972e+00	1.944781100000000151e+01
2.728375999999999912e+00	8.478272999999999726e+00
2.734328000000000092e+00	-3.105329999999999924e+00
2.740273999999999877e+00	-1.390745300000000029e+01
2.746217000000000130e+00	-2.253254499999999894e+01
2.752162000000000219e+00	-2.760416700000000034e+01
2.758110999999999979e+00	-2.867709199999999825e+01
2.764063000000000159e+00	-2.663767899999999855e+01
2.770016000000000034e+00	-2.247469099999999997e+01
2.775971000000000188e+00	-1.717689400000000077e+01
2.781924000000000063e+00	-1.172563099999999991e+01
2.787876999999999938e+00	-6.622868999999999673e+00
2.793829000000000118e+00	-1.607189999999999896e+00
2.799780999999999853e+00	3.650929999999999787e+00
2.805731999999999893e+00	9.481013000000000801e+00
2.811682999999999932e+00	1.620725300000000146e+01
2.817635000000000112e+00	2.367791000000000068e+01
2.823586999999999847e+00	3.089613599999999849e+01
2.829539000000000026e+00	3.677819699999999870e+01
2.835491000000000206e+00	4.024036199999999752e+01
2.841442999999999941e+00	4.020444700000000182e+01
2.847395000000000120e+00	3.631709699999999685e+01
2.853346999999999856e+00	2.966232499999999916e+01
2.859299000000000035e+00	2.149350000000000094e+01
2.865251000000000214e+00	1.306399099999999969e+01
2.871201999999999810e+00	5.625055999999999834e+00
2.877153999999999989e+00	-8.385000000000000092e-03
2.883106000000000169e+00	-3.989438999999999957e+00
2.889057999999999904e+00	-6.601348999999999911e+00
2.895010000000000083e+00	-8.127354999999999663e+00
2.900961999999999819e+00	-8.850528999999999868e+00
2.906913999999999998e+00	-8.990702999999999889e+00
2.912866000000000177e+00	-8.610454999999999970e+00
2.918817999999999913e+00	-7.748331000000000301e+00
2.924770000000000092e+00	-6.442874999999999908e+00
2.930721000000000132e+00	-4.732668000000000319e+00
2.936672999999999867e+00	-2.685080000000000133e+00
2.942625000000000046e+00	-4.478900000000000103e-01
2.948576999999999781e+00	1.817190000000000083e+00
2.954528999999999961e+00	3.948446999999999818e+00
2.960481000000000140e+00	5.784190999999999860e+00
2.966432999999999875e+00	7.212660999999999767e+00
2.972385000000000055e+00	8.279054999999999609e+00
2.978336999999999790e+00	9.059338999999999587e+00
2.984288999999999970e+00	9.629474999999999341e+00
2.990240000000000009e+00	1.006542899999999996e+01
2.996192000000000188e+00	1.044316399999999945e+01
3.002143999999999924e+00	1.083864600000000067e+01
3.008096000000000103e+00	1.132783700000000060e+01
3.014047999999999838e+00	1.198670199999999930e+01
3.020000000000000018e+00	1.289120499999999936e+01
