1.199999999999999956e-01	4.132752241595165632e-01
1.249780000000000058e-01	3.302264974753951199e-01
1.305999999999999939e-01	7.546960374663889137e-01
1.367059999999999942e-01	1.549052718282952545e+00
1.431360000000000132e-01	1.540338559026794174e+00
1.497320000000000040e-01	1.717758705068451963e+00
1.563350000000000017e-01	1.747292323478744080e+00
1.627850000000000130e-01	2.209498695811991098e+00
1.689219999999999888e-01	1.975784586350973315e+00
1.745889999999999942e-01	2.079330581127706523e+00
1.796250000000000069e-01	2.156963269050851117e+00
1.839349999999999874e-01	2.083323103315946057e+00
1.877439999999999942e-01	1.083270533221428522e+00
1.913779999999999926e-01	1.666193231769941718e+00
1.951660000000000061e-01	1.191425043765688141e+00
1.994340000000000002e-01	8.910638624853395307e-01
2.044499999999999929e-01	7.984155959796206403e-01
2.101250000000000062e-01	8.597211524441332742e-01
2.162479999999999958e-01	1.492189330402040603e+00
2.226049999999999973e-01	2.212461595335476261e+00
2.289819999999999911e-01	1.974867860002438080e+00
2.351930000000000132e-01	2.459584551591458279e+00
2.412249999999999950e-01	2.400994644065987949e+00
2.471349999999999936e-01	2.611231566980456886e+00
2.529799999999999827e-01	2.841460360965844867e+00
2.588170000000000193e-01	2.770339222620963326e+00
2.646970000000000156e-01	2.556651223674490048e+00
2.706259999999999777e-01	2.463977118673259525e+00
2.765880000000000005e-01	2.522163310155901783e+00
2.825679999999999858e-01	2.603492350809699651e+00
2.885510000000000019e-01	2.407523047299454877e+00
2.945229999999999793e-01	2.181979563508878339e+00
3.004809999999999981e-01	2.077090446893771425e+00
3.064310000000000089e-01	2.505967549804282601e+00
3.123750000000000138e-01	2.291572284207279431e+00
3.183190000000000186e-01	2.002784559122191332e+00
3.242650000000000254e-01	2.308207483655261072e+00
3.302149999999999808e-01	1.967506181448289482e+00
3.361680000000000224e-01	2.488215938184928255e+00
3.421210000000000084e-01	1.786850492789966660e+00
3.480759999999999965e-01	2.138074416518282561e+00
3.540289999999999826e-01	2.071880293964482256e+00
3.599809999999999954e-01	2.665035999613166062e+00
3.659330000000000083e-01	2.499423261943997776e+00
3.718839999999999923e-01	2.630210908521704471e+00
3.778360000000000052e-01	2.631922810215220565e+00
3.837869999999999893e-01	2.955122757402769196e+00
3.897390000000000021e-01	3.269584218754403970e+00
3.956910000000000149e-01	2.665106087002970803e+00
4.016429999999999723e-01	2.879126263942482389e+00
4.075949999999999851e-01	3.156783665751758505e+00
4.135469999999999979e-01	3.559276073191266931e+00
4.194979999999999820e-01	3.539384728679367598e+00
4.254499999999999948e-01	3.472018228552327557e+00
4.314009999999999789e-01	3.118113041314248601e+00
4.373540000000000205e-01	2.970541122212212670e+00
4.433079999999999798e-01	2.873072186124541183e+00
4.492619999999999947e-01	2.871090021378674972e+00
4.552160000000000095e-01	2.899665564163147913e+00
4.611680000000000224e-01	3.500085338852286565e+00
4.671170000000000044e-01	3.010830611851723404e+00
4.730619999999999825e-01	3.829322762711291794e+00
4.790059999999999873e-01	3.553418819520563154e+00
4.849510000000000209e-01	2.957048114449341902e+00
4.909020000000000050e-01	3.295153531282420278e+00
4.968629999999999991e-01	3.444866857279976102e+00
5.028390000000000359e-01	3.032269747937842208e+00
5.088230000000000253e-01	3.024279758442149468e+00
5.148009999999999531e-01	2.812788565595418344e+00
5.207570000000000254e-01	2.880449991543854615e+00
5.266750000000000043e-01	3.215795370707554390e+00
5.325410000000000421e-01	3.120451149917607747e+00
5.383719999999999617e-01	3.012188726716745535e+00
5.442249999999999588e-01	3.755649822706264906e+00
5.501580000000000359e-01	3.898899894080858353e+00
5.562289999999999734e-01	3.756396611275248265e+00
5.624930000000000208e-01	4.843768873381448792e+00
5.688929999999999820e-01	4.555487609202746313e+00
5.752220000000000111e-01	4.954171380692245386e+00
5.812610000000000277e-01	4.951378264622724679e+00
5.867949999999999555e-01	4.919158725270023957e+00
5.916080000000000227e-01	4.100790641506794287e+00
5.957040000000000113e-01	4.278279886126347797e+00
5.993990000000000151e-01	4.409655102396923709e+00
6.030370000000000452e-01	4.520602750476429676e+00
6.069609999999999728e-01	4.245486302263013378e+00
6.115110000000000268e-01	4.583308593243491380e+00
6.168270000000000142e-01	4.292102357071937213e+00
6.227219999999999978e-01	5.003945544107839538e+00
6.289789999999999548e-01	4.336304663773809409e+00
6.353790000000000271e-01	4.256931255490986388e+00
6.417070000000000274e-01	4.600255924035089095e+00
6.478369999999999962e-01	5.003897661310071854e+00
6.538089999999999735e-01	4.706807045105112053e+00
6.596819999999999906e-01	5.242647379024951704e+00
6.655140000000000500e-01	4.550149800646317466e+00
6.713630000000000431e-01	3.963141054265465257e+00
6.772660000000000347e-01	4.408079814770483829e+00
6.832110000000000127e-01	4.132103751950046977e+00
6.891829999999999901e-01	4.295015598417609937e+00
6.951669999999999794e-01	3.968531726444109786e+00
7.011469999999999647e-01	4.365843647328694566e+00
7.071119999999999628e-01	3.968312435913492031e+00
7.130670000000000064e-01	4.121509207611478764e+00
7.190130000000000132e-01	4.073329725547019997e+00
7.249569999999999625e-01	4.833178548230689486e+00
7.309010000000000229e-01	4.349712532105443508e+00
7.368489999999999762e-01	4.198500322213017277e+00
7.428000000000000158e-01	3.982968748766409384e+00
7.487530000000000019e-01	4.716985714859434076e+00
7.547080000000000455e-01	3.904594163016080088e+00
7.606619999999999493e-01	3.744061443270815470e+00
7.666140000000000176e-01	4.663423584229741792e+00
7.725670000000000037e-01	4.610049573809927637e+00
7.785180000000000433e-01	4.661100723799952661e+00
7.844689999999999719e-01	4.839940860233589603e+00
7.904210000000000402e-01	5.474434391007164891e+00
7.963729999999999976e-01	5.482114458427572501e+00
8.023249999999999549e-01	5.184696190648673486e+00
8.082770000000000232e-01	5.318305183325639618e+00
8.142289999999999806e-01	4.318987582729115537e+00
8.201800000000000201e-01	4.330748819729036470e+00
8.261319999999999775e-01	4.604187474944771097e+00
8.320830000000000171e-01	4.557935917228112643e+00
8.380349999999999744e-01	5.429055043363225863e+00
8.439870000000000427e-01	5.537506155683104225e+00
8.499400000000000288e-01	5.583710206517534580e+00
8.558940000000000436e-01	5.751940149625227150e+00
8.618479999999999475e-01	6.339249974717213298e+00
8.678010000000000446e-01	6.212229045834306795e+00
8.737519999999999731e-01	6.032588487792327037e+00
8.797000000000000375e-01	6.674376044089652460e+00
8.856439999999999868e-01	6.630086918359672232e+00
8.915870000000000184e-01	6.754627874104988550e+00
8.975349999999999717e-01	5.696984115736380971e+00
9.034900000000000153e-01	6.513415514402469242e+00
9.094569999999999599e-01	6.547045166196690857e+00
9.154379999999999740e-01	6.208082113565934534e+00
9.214210000000000456e-01	7.184516163791431431e+00
9.273909999999999654e-01	6.458806265815523417e+00
9.333329999999999682e-01	5.763998901107161288e+00
9.392300000000000093e-01	6.090243078199953253e+00
9.450749999999999984e-01	6.194111546592175443e+00
9.509090000000000042e-01	6.921419128229132411e+00
9.567890000000000006e-01	6.049101426264759773e+00
9.627750000000000474e-01	6.499531857724234918e+00
9.689229999999999787e-01	6.059741119260951159e+00
9.752680000000000238e-01	5.804802205820630334e+00
9.816639999999999810e-01	6.366091639575797601e+00
9.878930000000000211e-01	6.104550134550486895e+00
9.937399999999999567e-01	6.626597191115346064e+00
9.989850000000000119e-01	6.280920028465416749e+00
1.003457999999999961e+00	5.953716440934431198e+00
1.007338000000000067e+00	6.371484008712238634e+00
1.010966000000000031e+00	5.727629175238385884e+00
1.014685999999999977e+00	5.831614849400537537e+00
1.018841000000000108e+00	6.403701230505211228e+00
1.023735000000000062e+00	5.517227143436119086e+00
1.029328999999999938e+00	5.402942843166028020e+00
1.035408000000000106e+00	5.483959442850190769e+00
1.041754000000000069e+00	5.650911272643609706e+00
1.048148999999999997e+00	5.748651489637095935e+00
1.054391999999999996e+00	5.417807397996946328e+00
1.060446000000000000e+00	5.352049397074834403e+00
1.066368999999999900e+00	5.517695943585713358e+00
1.072216999999999976e+00	6.063522282743591063e+00
1.078049000000000035e+00	6.779669310378748648e+00
1.083920999999999912e+00	7.190137487863800914e+00
1.089842999999999895e+00	7.490686719429037410e+00
1.095801999999999943e+00	7.865165396078242388e+00
1.101780999999999899e+00	7.078725480637642065e+00
1.107765000000000111e+00	7.659450468837993853e+00
1.113739999999999952e+00	7.102411002462663880e+00
1.119699999999999918e+00	7.369368924237295282e+00
1.125650000000000039e+00	7.789649345644077627e+00
1.131594999999999906e+00	8.025931965432686610e+00
1.137537999999999938e+00	7.035601180157839529e+00
1.143483999999999945e+00	7.247923897101035351e+00
1.149432999999999927e+00	7.565145814500243482e+00
1.155386000000000024e+00	7.649360474282153710e+00
1.161338999999999899e+00	6.934175514605469992e+00
1.167294000000000054e+00	7.644533621037037818e+00
1.173246999999999929e+00	7.772467334354860036e+00
1.179200000000000026e+00	7.634268084099053553e+00
1.185151999999999983e+00	6.777389842840286782e+00
1.191103000000000023e+00	7.016452615595003550e+00
1.197054000000000062e+00	7.411889589864241401e+00
1.203006000000000020e+00	6.984471148214885794e+00
1.208957999999999977e+00	6.978213636329570591e+00
1.214909999999999934e+00	6.866149270504594782e+00
1.220861999999999892e+00	6.945024848833217135e+00
1.226814000000000071e+00	6.721488360401558282e+00
1.232765000000000111e+00	6.855073238533829993e+00
1.238717000000000068e+00	6.757615254602157506e+00
1.244668000000000108e+00	6.521844412205981989e+00
1.250620000000000065e+00	6.473810085589420282e+00
1.256572000000000022e+00	6.332589255681167373e+00
1.262526000000000037e+00	6.874999077772622869e+00
1.268480000000000052e+00	7.026726170985710063e+00
1.274434000000000067e+00	7.365708248742661723e+00
1.280386000000000024e+00	8.407460357835317311e+00
1.286335999999999924e+00	8.759967216131258283e+00
1.292281999999999931e+00	8.977406087692637371e+00
1.298224999999999962e+00	1.030496888854717774e+01
1.304170000000000051e+00	1.041366701215185309e+01
1.310119999999999951e+00	1.010094741905414217e+01
1.316079999999999917e+00	9.946954273695908455e+00
1.322052999999999923e+00	1.042447112343372240e+01
1.328036999999999912e+00	1.087831601991745600e+01
1.334017000000000008e+00	1.021312001399855873e+01
1.339976000000000056e+00	1.049730789615038518e+01
1.345900000000000096e+00	1.097367571919949292e+01
1.351774000000000031e+00	1.051006952341467660e+01
1.357607000000000008e+00	1.003053001154876256e+01
1.363453000000000026e+00	9.016379864306159675e+00
1.369372000000000034e+00	8.942726492558762175e+00
1.375421999999999922e+00	8.869586177790106163e+00
1.381658999999999970e+00	8.722193085313149297e+00
1.388052000000000064e+00	7.918200871628332749e+00
1.394403000000000059e+00	7.345666608762186911e+00
1.400492999999999988e+00	7.689639176498334727e+00
1.406104999999999938e+00	7.487874578450329999e+00
1.411021999999999998e+00	7.543735324750870497e+00
1.415195999999999898e+00	8.942979703433724836e+00
1.418924000000000074e+00	8.692840271807261487e+00
1.422549999999999981e+00	9.079421488406550722e+00
1.426417000000000046e+00	9.191662274447375935e+00
1.430868000000000029e+00	1.043600269526860558e+01
1.436091000000000006e+00	1.099293782876254610e+01
1.441923000000000066e+00	1.158940496195645586e+01
1.448144000000000098e+00	1.167372338986623248e+01
1.454538000000000109e+00	1.236164921395772254e+01
1.460887000000000047e+00	1.256465283689041179e+01
1.467041999999999957e+00	1.310407204285632332e+01
1.473030999999999979e+00	1.301441783289911847e+01
1.478914000000000062e+00	1.284800781922514901e+01
1.484749000000000096e+00	1.282131134335329037e+01
1.490591999999999917e+00	1.272245584036822841e+01
1.496488000000000040e+00	1.225746274836338223e+01
1.502428000000000097e+00	1.201246657937154794e+01
1.508397999999999906e+00	1.158420463738870332e+01
1.514380999999999977e+00	1.080640620219892689e+01
1.520361999999999991e+00	1.061401014856493852e+01
1.526329999999999965e+00	1.084455596677488920e+01
1.532284999999999897e+00	1.069586447757582803e+01
1.538232999999999961e+00	1.163994155583461065e+01
1.544175999999999993e+00	1.222714898913948645e+01
1.550119999999999942e+00	1.171832772747132090e+01
1.556068000000000007e+00	1.168868666690604208e+01
1.562019000000000046e+00	1.163125398639143349e+01
1.567971999999999921e+00	1.185624643069194839e+01
1.573925999999999936e+00	1.209985351071974513e+01
1.579879999999999951e+00	1.182512119227411596e+01
1.585833000000000048e+00	1.229232689602157613e+01
1.591785000000000005e+00	1.284759888768375369e+01
1.597736999999999963e+00	1.269711594017453038e+01
1.603688000000000002e+00	1.265802672554146291e+01
1.609639000000000042e+00	1.303348280742850918e+01
1.615590999999999999e+00	1.272936374485778011e+01
1.621542999999999957e+00	1.260708308314096548e+01
1.627494999999999914e+00	1.186361572803566844e+01
1.633447000000000093e+00	1.173908135223603821e+01
1.639399000000000051e+00	1.093038121623160386e+01
1.645350000000000090e+00	1.050890488737774042e+01
1.651302000000000048e+00	1.049862333099552281e+01
1.657253000000000087e+00	1.024631922362394043e+01
1.663205000000000044e+00	1.121924148723306836e+01
1.669157999999999920e+00	1.073202483769896531e+01
1.675111999999999934e+00	1.134567587699206648e+01
1.681065999999999949e+00	1.171821380601958928e+01
1.687019000000000046e+00	1.310903722878288669e+01
1.692971000000000004e+00	1.322774949155629365e+01
1.698919000000000068e+00	1.350882338792188797e+01
1.704863000000000017e+00	1.447813022225606971e+01
1.710806999999999967e+00	1.427399023767111430e+01
1.716752999999999973e+00	1.496992306548078489e+01
1.722706999999999988e+00	1.404077441488874278e+01
1.728671999999999986e+00	1.515682414514303211e+01
1.734652000000000083e+00	1.490081892137453146e+01
1.740636000000000072e+00	1.464421102338443070e+01
1.746609000000000078e+00	1.449079071126365292e+01
1.752555000000000085e+00	1.342981228815228789e+01
1.758458000000000077e+00	1.336807833680542501e+01
1.764308999999999905e+00	1.290014982783070607e+01
1.770140999999999964e+00	1.361103149642208976e+01
1.776011999999999924e+00	1.243519501480005829e+01
1.781979999999999897e+00	1.243943884755106666e+01
1.788105000000000055e+00	1.231227810378831578e+01
1.794426999999999994e+00	1.251985010695710798e+01
1.800829000000000013e+00	1.228995676470839982e+01
1.807091999999999921e+00	1.259902668627461253e+01
1.813002000000000002e+00	1.287415485064815535e+01
1.818338000000000010e+00	1.254493176868570359e+01
1.822912000000000088e+00	1.272066229202805943e+01
1.826850000000000085e+00	1.366548303781697982e+01
1.830492000000000008e+00	1.344312398694105859e+01
1.834179999999999922e+00	1.403275934671349745e+01
1.838259000000000087e+00	1.424146448887325533e+01
1.843048000000000020e+00	1.366588249976896918e+01
1.848562000000000038e+00	1.418945694060103335e+01
1.854589999999999961e+00	1.360305167057937936e+01
1.860913000000000039e+00	1.330953499997787759e+01
1.867313999999999918e+00	1.379913210958637038e+01
1.873583999999999916e+00	1.383867362767985476e+01
1.879660000000000108e+00	1.345563311527011230e+01
1.885596000000000050e+00	1.377232563666840193e+01
1.891450999999999993e+00	1.419530340754367259e+01
1.897281999999999913e+00	1.423695853472696271e+01
1.903146999999999922e+00	1.504254047212997136e+01
1.909062999999999954e+00	1.500555585917672374e+01
1.915018000000000109e+00	1.553773654004855764e+01
1.920995999999999926e+00	1.596600488569291976e+01
1.926979999999999915e+00	1.617899605672719332e+01
1.932955999999999896e+00	1.641321558492824551e+01
1.938917999999999919e+00	1.688311381996958005e+01
1.944868999999999959e+00	1.720752506228707546e+01
1.950814000000000048e+00	1.766534038553612618e+01
1.956757999999999997e+00	1.768236416210004336e+01
1.962703000000000086e+00	1.750853702556728564e+01
1.968652000000000069e+00	1.691665812825483073e+01
1.974604000000000026e+00	1.617018058875165210e+01
1.980558000000000041e+00	1.640184999610937666e+01
1.986512000000000056e+00	1.549561438715017658e+01
1.992466000000000070e+00	1.502466477769033659e+01
1.998418000000000028e+00	1.431429268541559630e+01
2.004370000000000207e+00	1.430327881762576858e+01
2.010321999999999942e+00	1.415404423894907282e+01
2.016272999999999982e+00	1.418035522956647831e+01
2.022224000000000022e+00	1.381003036325630262e+01
2.028176000000000201e+00	1.349820173557464642e+01
2.034127999999999936e+00	1.314399677156300328e+01
2.040080000000000116e+00	1.371587738588531913e+01
2.046031999999999851e+00	1.347206258004040080e+01
2.051984000000000030e+00	1.323102852901157789e+01
2.057935000000000070e+00	1.221094491350872246e+01
2.063886999999999805e+00	1.184719875966460023e+01
2.069837999999999845e+00	1.187638344742263286e+01
2.075791000000000164e+00	1.166833590396530340e+01
2.081744000000000039e+00	1.076245763710198489e+01
2.087698000000000054e+00	1.002978982772909511e+01
2.093652000000000069e+00	9.455454848862736128e+00
2.099604999999999944e+00	9.415473084624309763e+00
2.105554999999999843e+00	9.220977485778208305e+00
2.111501000000000072e+00	8.963243720389641567e+00
2.117445000000000022e+00	8.678357418405928669e+00
2.123388999999999971e+00	9.231801237786557479e+00
2.129338000000000175e+00	9.804255105197544395e+00
2.135295999999999861e+00	1.057513472933233878e+01
2.141268000000000171e+00	1.045025191684120891e+01
2.147250999999999799e+00	1.126340979546796639e+01
2.153232000000000035e+00	1.125467903915966161e+01
2.159196000000000115e+00	1.206271807576476540e+01
2.165125000000000188e+00	1.230287887856085582e+01
2.171006000000000213e+00	1.275927226376160384e+01
2.176841000000000026e+00	1.244592765512411425e+01
2.182682999999999929e+00	1.246632466658993188e+01
2.188588999999999896e+00	1.347460234711078186e+01
2.194618000000000180e+00	1.281378310872016790e+01
2.200828000000000007e+00	1.319735379621922178e+01
2.207209999999999894e+00	1.290561666764487825e+01
2.213579000000000185e+00	1.364273525732635939e+01
2.219714999999999883e+00	1.293880392445231919e+01
2.225403000000000020e+00	1.263363956463403248e+01
2.230423000000000044e+00	1.181315681409522789e+01
2.234681000000000139e+00	1.181367332848700080e+01
2.238447999999999993e+00	1.155899513853803562e+01
2.242068000000000172e+00	1.027401994894093207e+01
2.245884000000000214e+00	1.008455982538694862e+01
2.250237999999999960e+00	8.717118365593044871e+00
2.255365999999999982e+00	9.508787429308078742e+00
2.261130000000000084e+00	9.287424466973899229e+00
2.267313000000000134e+00	9.199092841903718565e+00
2.273696000000000161e+00	9.518303846366952925e+00
2.280063999999999869e+00	1.034689379958032696e+01
2.286243999999999943e+00	1.008115588902382775e+01
2.292251999999999956e+00	1.022777960405257502e+01
2.298146000000000022e+00	1.018086859509954500e+01
2.303983000000000114e+00	1.072493056382188925e+01
2.309822000000000042e+00	1.066515919167440174e+01
2.315710999999999853e+00	1.108190163474142587e+01
2.321645999999999876e+00	1.066753157501563898e+01
2.327612999999999932e+00	1.066896690816293081e+01
2.333594999999999864e+00	1.110460495271374270e+01
2.339576999999999796e+00	1.115176900280065375e+01
2.345546999999999827e+00	1.234713784701285277e+01
2.351503999999999817e+00	1.217439619263483586e+01
2.357451999999999881e+00	1.380068240417136316e+01
2.363395999999999830e+00	1.511102849044160834e+01
2.369339000000000084e+00	1.623191260768558664e+01
2.375286000000000008e+00	1.779526935495328743e+01
2.381237000000000048e+00	1.941643690808878375e+01
2.387189999999999923e+00	2.066486158014559393e+01
2.393143999999999938e+00	2.227708120188318475e+01
2.399097999999999953e+00	2.244791886405288039e+01
2.405050999999999828e+00	2.262460042394125637e+01
2.411004000000000147e+00	2.201717630476869303e+01
2.416955999999999882e+00	2.045454604821962974e+01
2.422906999999999922e+00	1.977122641392037750e+01
2.428857999999999961e+00	1.804316165354628865e+01
2.434809000000000001e+00	1.749826270877659340e+01
2.440760000000000041e+00	1.642363177456529044e+01
2.446712000000000220e+00	1.589881140493088729e+01
2.452663999999999955e+00	1.514951536529611253e+01
2.458616999999999830e+00	1.521634577477956896e+01
2.464570999999999845e+00	1.485352554625288768e+01
2.470524999999999860e+00	1.533483558898102217e+01
2.476478000000000179e+00	1.465239541429951231e+01
2.482429999999999914e+00	1.438841377401501020e+01
2.488377999999999979e+00	1.453129959020883710e+01
2.494323000000000068e+00	1.459306982220513405e+01
2.500265999999999877e+00	1.460255692413960915e+01
2.506212000000000106e+00	1.452492421312684456e+01
2.512164999999999981e+00	1.410598345719995450e+01
2.518129000000000062e+00	1.404555241725380377e+01
2.524108000000000018e+00	1.349956195704126571e+01
2.530091999999999786e+00	1.429665056427992020e+01
2.536067000000000071e+00	1.409689035930624357e+01
2.542015999999999831e+00	1.330056653270645839e+01
2.547924000000000078e+00	1.270082228507484601e+01
2.553779000000000021e+00	1.243001867414379902e+01
2.559610000000000163e+00	1.098738844943064308e+01
2.565475000000000172e+00	1.051568202366999394e+01
2.571432000000000162e+00	9.040102314197170585e+00
2.577539999999999942e+00	8.074103552345565760e+00
2.583845999999999865e+00	7.588945359694550419e+00
2.590249000000000024e+00	6.423344419692437413e+00
2.596534000000000120e+00	6.269155370467516697e+00
2.602485000000000159e+00	5.691903693855114632e+00
2.607883000000000173e+00	6.699227581303855317e+00
2.612527000000000044e+00	8.367307139378258540e+00
2.616509000000000196e+00	1.002823782154540666e+01
2.620163999999999938e+00	1.191309388190554586e+01
2.623834000000000000e+00	1.318598138626463090e+01
2.627863000000000060e+00	1.488207369120982371e+01
2.632579999999999920e+00	1.548189467845704748e+01
2.638037000000000187e+00	1.521889131493300340e+01
2.644026000000000209e+00	1.354631798109386231e+01
2.650332000000000132e+00	1.214282772552071066e+01
2.656734000000000151e+00	9.199559805104060572e+00
2.663022999999999918e+00	6.187072026469217612e+00
2.669115000000000126e+00	4.193937897302897788e+00
2.675060999999999911e+00	1.118398237970670728e+00
2.680919999999999970e+00	-6.963836051896257762e-02
2.686751000000000111e+00	2.154776988285076744e-01
2.692610999999999866e+00	2.141765251357133693e+00
2.698523999999999923e+00	6.577438203244074799e+00
2.704476000000000102e+00	1.189116588189116008e+01
2.710452000000000083e+00	1.675321732197168956e+01
2.716435999999999851e+00	2.012481341486083863e+01
2.722412999999999972e+00	2.204152196321036783e+01
2.728375999999999912e+00	2.068789322647883111e+01
2.734328000000000092e+00	1.774030695831141102e+01
2.740273999999999877e+00	1.298457340253486159e+01
2.746217000000000130e+00	7.369384263509399347e+00
2.752162000000000219e+00	6.613115404090482707e-01
2.758110999999999979e+00	-6.499099257743130131e+00
2.764063000000000159e+00	-1.381870791574046642e+01
2.770016000000000034e+00	-2.007276027935981944e+01
2.775971000000000188e+00	-2.582822985197667265e+01
2.781924000000000063e+00	-3.055581798779282821e+01
2.787876999999999938e+00	-3.357076584769377803e+01
2.793829000000000118e+00	-3.556896966699008544e+01
2.799780999999999853e+00	-3.607326053059207993e+01
2.805731999999999893e+00	-3.609477100572095054e+01
2.811682999999999932e+00	-3.478058870418593784e+01
2.817635000000000112e+00	-3.324835884745523629e+01
2.823586999999999847e+00	-3.100493003407625281e+01
2.829539000000000026e+00	-2.808319632105182961e+01
2.835491000000000206e+00	-2.414557707582159196e+01
2.841442999999999941e+00	-1.965642821632423676e+01
2.847395000000000120e+00	-1.599253124192550501e+01
2.853346999999999856e+00	-1.155938779842515807e+01
2.859299000000000035e+00	-8.890478003751741909e+00
2.865251000000000214e+00	-7.643667328012564433e+00
2.871201999999999810e+00	-8.484935517643371838e+00
2.877153999999999989e+00	-1.131939997915062257e+01
2.883106000000000169e+00	-1.612961991866998801e+01
2.889057999999999904e+00	-2.081946490762709345e+01
2.895010000000000083e+00	-2.559745689372134692e+01
2.900961999999999819e+00	-2.782230600673996790e+01
2.906913999999999998e+00	-2.693139354704689481e+01
2.912866000000000177e+00	-2.586615882760201401e+01
2.918817999999999913e+00	-2.308317421800900604e+01
2.924770000000000092e+00	-2.040334697077042847e+01
2.930721000000000132e+00	-1.801200541469672700e+01
2.936672999999999867e+00	-1.745555819756954463e+01
2.942625000000000046e+00	-1.781121140070173325e+01
2.948576999999999781e+00	-1.976217119320763871e+01
2.954528999999999961e+00	-2.387047344112455605e+01
2.960481000000000140e+00	-2.789187616046083917e+01
2.966432999999999875e+00	-3.393351192579897457e+01
2.972385000000000055e+00	-3.962958416180230614e+01
2.978336999999999790e+00	-4.676239002652557986e+01
2.984288999999999970e+00	-5.213127330778937107e+01
2.990240000000000009e+00	-5.532831649814325203e+01
2.996192000000000188e+00	-5.702057558947714000e+01
3.002143999999999924e+00	-5.400250108328016552e+01
3.008096000000000103e+00	-4.881318598793075836e+01
3.014047999999999838e+00	-3.792618133327008678e+01
3.020000000000000018e+00	-2.112007088839105862e+01
