1.199999999999999956e-01	5.551567999999999614e+00
1.249780000000000058e-01	4.371281999999999890e+00
1.305999999999999939e-01	3.407055999999999862e+00
1.367059999999999942e-01	2.640798999999999896e+00
1.431360000000000132e-01	2.054421000000000053e+00
1.497320000000000040e-01	1.629831999999999947e+00
1.563350000000000017e-01	1.348942000000000085e+00
1.627850000000000130e-01	1.193662000000000001e+00
1.689219999999999888e-01	1.145901000000000058e+00
1.745889999999999942e-01	1.187570000000000014e+00
1.796250000000000069e-01	1.300577000000000094e+00
1.839349999999999874e-01	1.466142999999999974e+00
1.877439999999999942e-01	1.661960000000000104e+00
1.913779999999999926e-01	1.864600999999999953e+00
1.951660000000000061e-01	2.050635999999999903e+00
1.994340000000000002e-01	2.196636999999999951e+00
2.044499999999999929e-01	2.282481000000000204e+00
2.101250000000000062e-01	2.307122000000000117e+00
2.162479999999999958e-01	2.276346999999999898e+00
2.226049999999999973e-01	2.195950999999999986e+00
2.289819999999999911e-01	2.071725999999999956e+00
2.351930000000000132e-01	1.911500999999999895e+00
2.412249999999999950e-01	1.736402000000000001e+00
2.471349999999999936e-01	1.572904999999999998e+00
2.529799999999999827e-01	1.447499000000000091e+00
2.588170000000000193e-01	1.386675000000000102e+00
2.646970000000000156e-01	1.411424000000000012e+00
2.706259999999999777e-01	1.501848000000000072e+00
2.765880000000000005e-01	1.619615000000000027e+00
2.825679999999999858e-01	1.726305999999999896e+00
2.885510000000000019e-01	1.783500000000000085e+00
2.945229999999999793e-01	1.759149000000000074e+00
3.004809999999999981e-01	1.675289000000000028e+00
3.064310000000000089e-01	1.581228000000000078e+00
3.123750000000000138e-01	1.526481999999999895e+00
3.183190000000000186e-01	1.560569000000000095e+00
3.242650000000000254e-01	1.726620999999999961e+00
3.302149999999999808e-01	2.005644000000000204e+00
3.361680000000000224e-01	2.343665999999999805e+00
3.421210000000000084e-01	2.686317999999999984e+00
3.480759999999999965e-01	2.979233999999999938e+00
3.540289999999999826e-01	3.171835999999999878e+00
3.599809999999999954e-01	3.256032999999999955e+00
3.659330000000000083e-01	3.250410000000000021e+00
3.718839999999999923e-01	3.173966000000000065e+00
3.778360000000000052e-01	3.045698999999999934e+00
3.837869999999999893e-01	2.884711999999999943e+00
3.897390000000000021e-01	2.711466999999999850e+00
3.956910000000000149e-01	2.547374000000000027e+00
4.016429999999999723e-01	2.413864999999999927e+00
4.075949999999999851e-01	2.332371000000000194e+00
4.135469999999999979e-01	2.322852999999999835e+00
4.194979999999999820e-01	2.382944999999999869e+00
4.254499999999999948e-01	2.492907999999999902e+00
4.314009999999999789e-01	2.632546000000000053e+00
4.373540000000000205e-01	2.781661999999999857e+00
4.433079999999999798e-01	2.920638999999999985e+00
4.492619999999999947e-01	3.040236000000000161e+00
4.552160000000000095e-01	3.140190000000000037e+00
4.611680000000000224e-01	3.220533000000000090e+00
4.671170000000000044e-01	3.281299000000000188e+00
4.730619999999999825e-01	3.322617999999999849e+00
4.790059999999999873e-01	3.346703000000000205e+00
4.849510000000000209e-01	3.357769999999999921e+00
4.909020000000000050e-01	3.360114999999999963e+00
4.968629999999999991e-01	3.358036999999999939e+00
5.028390000000000359e-01	3.355525999999999787e+00
5.088230000000000253e-01	3.348657999999999912e+00
5.148009999999999531e-01	3.325051000000000201e+00
5.207570000000000254e-01	3.271910000000000096e+00
5.266750000000000043e-01	3.176439999999999930e+00
5.325410000000000421e-01	3.026682000000000095e+00
5.383719999999999617e-01	2.837407999999999930e+00
5.442249999999999588e-01	2.655123999999999818e+00
5.501580000000000359e-01	2.528181000000000012e+00
5.562289999999999734e-01	2.504928000000000043e+00
5.624930000000000208e-01	2.632585999999999871e+00
5.688929999999999820e-01	2.912876999999999938e+00
5.752220000000000111e-01	3.287466999999999917e+00
5.812610000000000277e-01	3.693909999999999805e+00
5.867949999999999555e-01	4.069759999999999600e+00
5.916080000000000227e-01	4.353142000000000067e+00
5.957040000000000113e-01	4.511878000000000277e+00
5.993990000000000151e-01	4.557412000000000241e+00
6.030370000000000452e-01	4.504672000000000232e+00
6.069609999999999728e-01	4.368586999999999776e+00
6.115110000000000268e-01	4.164254999999999818e+00
6.168270000000000142e-01	3.918810000000000127e+00
6.227219999999999978e-01	3.679070999999999980e+00
6.289789999999999548e-01	3.493675999999999782e+00
6.353790000000000271e-01	3.411265999999999909e+00
6.417070000000000274e-01	3.480097000000000218e+00
6.478369999999999962e-01	3.710942000000000185e+00
6.538089999999999735e-01	4.046171000000000184e+00
6.596819999999999906e-01	4.420872000000000135e+00
6.655140000000000500e-01	4.770132000000000261e+00
6.713630000000000431e-01	5.029241999999999990e+00
6.772660000000000347e-01	5.162828000000000195e+00
6.832110000000000127e-01	5.195332999999999757e+00
6.891829999999999901e-01	5.158489000000000324e+00
6.951669999999999794e-01	5.084025999999999712e+00
7.011469999999999647e-01	5.003635000000000055e+00
7.071119999999999628e-01	4.939146000000000036e+00
7.130670000000000064e-01	4.889891000000000432e+00
7.190130000000000132e-01	4.852078999999999809e+00
7.249569999999999625e-01	4.821917000000000009e+00
7.309010000000000229e-01	4.795609999999999928e+00
7.368489999999999762e-01	4.767795999999999701e+00
7.428000000000000158e-01	4.729100999999999999e+00
7.487530000000000019e-01	4.669520999999999589e+00
7.547080000000000455e-01	4.579050999999999760e+00
7.606619999999999493e-01	4.447695000000000398e+00
7.666140000000000176e-01	4.276162000000000241e+00
7.725670000000000037e-01	4.095949000000000062e+00
7.785180000000000433e-01	3.944052999999999809e+00
7.844689999999999719e-01	3.857472000000000012e+00
7.904210000000000402e-01	3.873199000000000058e+00
7.963729999999999976e-01	4.011918999999999791e+00
8.023249999999999549e-01	4.241494000000000320e+00
8.082770000000000232e-01	4.519110000000000404e+00
8.142289999999999806e-01	4.801955999999999669e+00
8.201800000000000201e-01	5.047216999999999842e+00
8.261319999999999775e-01	5.223110000000000142e+00
8.320830000000000171e-01	5.338133000000000017e+00
8.380349999999999744e-01	5.409978999999999871e+00
8.439870000000000427e-01	5.456341000000000108e+00
8.499400000000000288e-01	5.494912000000000241e+00
8.558940000000000436e-01	5.539837999999999596e+00
8.618479999999999475e-01	5.590635999999999939e+00
8.678010000000000446e-01	5.643050999999999817e+00
8.737519999999999731e-01	5.692830999999999975e+00
8.797000000000000375e-01	5.735723000000000127e+00
8.856439999999999868e-01	5.768946999999999825e+00
8.915870000000000184e-01	5.796586999999999712e+00
8.975349999999999717e-01	5.824720000000000120e+00
9.034900000000000153e-01	5.859427000000000163e+00
9.094569999999999599e-01	5.906785000000000174e+00
9.154379999999999740e-01	5.970119000000000398e+00
9.214210000000000456e-01	6.038270999999999944e+00
9.273909999999999654e-01	6.095335000000000392e+00
9.333329999999999682e-01	6.125399999999999956e+00
9.392300000000000093e-01	6.112560000000000215e+00
9.450749999999999984e-01	6.047377000000000002e+00
9.509090000000000042e-01	5.958961999999999648e+00
9.567890000000000006e-01	5.890633000000000230e+00
9.627750000000000474e-01	5.885730999999999824e+00
9.689229999999999787e-01	5.987595999999999918e+00
9.752680000000000238e-01	6.227960000000000385e+00
9.816639999999999810e-01	6.560128999999999877e+00
9.878930000000000211e-01	6.904956000000000316e+00
9.937399999999999567e-01	7.183190999999999882e+00
9.989850000000000119e-01	7.315582000000000029e+00
1.003457999999999961e+00	7.236734000000000222e+00
1.007338000000000067e+00	6.987733000000000416e+00
1.010966000000000031e+00	6.659036999999999651e+00
1.014685999999999977e+00	6.341372999999999927e+00
1.018841000000000108e+00	6.125467000000000439e+00
1.023735000000000062e+00	6.091236000000000317e+00
1.029328999999999938e+00	6.223695000000000199e+00
1.035408000000000106e+00	6.458658999999999928e+00
1.041754000000000069e+00	6.731523000000000145e+00
1.048148999999999997e+00	6.977686000000000277e+00
1.054391999999999996e+00	7.137628000000000306e+00
1.060446000000000000e+00	7.203059999999999796e+00
1.066368999999999900e+00	7.195337999999999568e+00
1.072216999999999976e+00	7.136181999999999803e+00
1.078049000000000035e+00	7.047310999999999659e+00
1.083920999999999912e+00	6.950768000000000058e+00
1.089842999999999895e+00	6.872364000000000139e+00
1.095801999999999943e+00	6.840340000000000309e+00
1.101780999999999899e+00	6.882976000000000205e+00
1.107765000000000111e+00	7.028553999999999746e+00
1.113739999999999952e+00	7.301619999999999777e+00
1.119699999999999918e+00	7.676257999999999804e+00
1.125650000000000039e+00	8.090305000000000746e+00
1.131594999999999906e+00	8.480803999999999121e+00
1.137537999999999938e+00	8.784800000000000608e+00
1.143483999999999945e+00	8.942436999999999969e+00
1.149432999999999927e+00	8.942966999999999445e+00
1.155386000000000024e+00	8.814880000000000493e+00
1.161338999999999899e+00	8.587756999999999863e+00
1.167294000000000054e+00	8.291183000000000192e+00
1.173246999999999929e+00	7.954589999999999606e+00
1.179200000000000026e+00	7.604618999999999573e+00
1.185151999999999983e+00	7.265422000000000047e+00
1.191103000000000023e+00	6.961066999999999894e+00
1.197054000000000062e+00	6.715624000000000038e+00
1.203006000000000020e+00	6.552579999999999849e+00
1.208957999999999977e+00	6.482370999999999661e+00
1.214909999999999934e+00	6.502558999999999756e+00
1.220861999999999892e+00	6.610154999999999781e+00
1.226814000000000071e+00	6.802173999999999943e+00
1.232765000000000111e+00	7.074819999999999887e+00
1.238717000000000068e+00	7.402271999999999963e+00
1.244668000000000108e+00	7.734550999999999732e+00
1.250620000000000065e+00	8.020443999999999463e+00
1.256572000000000022e+00	8.208738000000000312e+00
1.262526000000000037e+00	8.249580999999999165e+00
1.268480000000000052e+00	8.139165999999999457e+00
1.274434000000000067e+00	7.929812000000000083e+00
1.280386000000000024e+00	7.677238000000000007e+00
1.286335999999999924e+00	7.437166000000000388e+00
1.292281999999999931e+00	7.264628000000000085e+00
1.298224999999999962e+00	7.185209000000000401e+00
1.304170000000000051e+00	7.184579000000000271e+00
1.310119999999999951e+00	7.245565000000000033e+00
1.316079999999999917e+00	7.350994000000000028e+00
1.322052999999999923e+00	7.483843000000000245e+00
1.328036999999999912e+00	7.635546999999999862e+00
1.334017000000000008e+00	7.810302000000000078e+00
1.339976000000000056e+00	8.013360000000000483e+00
1.345900000000000096e+00	8.249971999999999639e+00
1.351774000000000031e+00	8.525237000000000620e+00
1.357607000000000008e+00	8.832553000000000765e+00
1.363453000000000026e+00	9.145647999999999556e+00
1.369372000000000034e+00	9.436365999999999588e+00
1.375421999999999922e+00	9.676550999999999902e+00
1.381658999999999970e+00	9.838222999999999274e+00
1.388052000000000064e+00	9.912369999999999237e+00
1.394403000000000059e+00	9.925568999999999420e+00
1.400492999999999988e+00	9.908312000000000452e+00
1.406104999999999938e+00	9.891095999999999222e+00
1.411021999999999998e+00	9.904317999999999955e+00
1.415195999999999898e+00	9.962896000000000640e+00
1.418924000000000074e+00	1.004928300000000085e+01
1.422549999999999981e+00	1.014184299999999972e+01
1.426417000000000046e+00	1.021894200000000019e+01
1.430868000000000029e+00	1.025897999999999932e+01
1.436091000000000006e+00	1.025043499999999952e+01
1.441923000000000066e+00	1.020544100000000043e+01
1.448144000000000098e+00	1.013952500000000079e+01
1.454538000000000109e+00	1.006821399999999933e+01
1.460887000000000047e+00	1.000702599999999975e+01
1.467041999999999957e+00	9.966907000000000849e+00
1.473030999999999979e+00	9.946761999999999659e+00
1.478914000000000062e+00	9.943530000000000868e+00
1.484749000000000096e+00	9.954155000000000086e+00
1.490591999999999917e+00	9.975581000000000031e+00
1.496488000000000040e+00	1.000739899999999949e+01
1.502428000000000097e+00	1.005704399999999943e+01
1.508397999999999906e+00	1.013339799999999968e+01
1.514380999999999977e+00	1.024534200000000084e+01
1.520361999999999991e+00	1.040175699999999992e+01
1.526329999999999965e+00	1.060808800000000041e+01
1.532284999999999897e+00	1.085831600000000030e+01
1.538232999999999961e+00	1.114403199999999927e+01
1.544175999999999993e+00	1.145682900000000082e+01
1.550119999999999942e+00	1.178829700000000003e+01
1.556068000000000007e+00	1.212529800000000080e+01
1.562019000000000046e+00	1.243687700000000085e+01
1.567971999999999921e+00	1.268788900000000019e+01
1.573925999999999936e+00	1.284318999999999988e+01
1.579879999999999951e+00	1.286763400000000068e+01
1.585833000000000048e+00	1.274009399999999914e+01
1.591785000000000005e+00	1.249901299999999971e+01
1.597736999999999963e+00	1.219865899999999925e+01
1.603688000000000002e+00	1.189329999999999998e+01
1.609639000000000042e+00	1.163720299999999952e+01
1.615590999999999999e+00	1.147254799999999975e+01
1.621542999999999957e+00	1.138349299999999964e+01
1.627494999999999914e+00	1.133680999999999983e+01
1.633447000000000093e+00	1.129927099999999918e+01
1.639399000000000051e+00	1.123764399999999952e+01
1.645350000000000090e+00	1.112867400000000018e+01
1.651302000000000048e+00	1.100323099999999954e+01
1.657253000000000087e+00	1.091045000000000087e+01
1.663205000000000044e+00	1.089948099999999975e+01
1.669157999999999920e+00	1.101947599999999916e+01
1.675111999999999934e+00	1.130485299999999960e+01
1.681065999999999949e+00	1.169952100000000073e+01
1.687019000000000046e+00	1.211303999999999981e+01
1.692971000000000004e+00	1.245490400000000086e+01
1.698919000000000068e+00	1.263460700000000081e+01
1.704863000000000017e+00	1.257723999999999975e+01
1.710806999999999967e+00	1.231667099999999948e+01
1.716752999999999973e+00	1.193308900000000072e+01
1.722706999999999988e+00	1.150685299999999955e+01
1.728671999999999986e+00	1.111832300000000018e+01
1.734652000000000083e+00	1.084098000000000006e+01
1.740636000000000072e+00	1.069366999999999912e+01
1.746609000000000078e+00	1.066918399999999956e+01
1.752555000000000085e+00	1.076015300000000074e+01
1.758458000000000077e+00	1.095920699999999925e+01
1.764308999999999905e+00	1.125865699999999947e+01
1.770140999999999964e+00	1.164789400000000086e+01
1.776011999999999924e+00	1.211475500000000061e+01
1.781979999999999897e+00	1.264706100000000077e+01
1.788105000000000055e+00	1.323263500000000015e+01
1.794426999999999994e+00	1.385701700000000081e+01
1.800829000000000013e+00	1.448194900000000018e+01
1.807091999999999921e+00	1.505501399999999990e+01
1.813002000000000002e+00	1.552360999999999969e+01
1.818338000000000010e+00	1.583513400000000004e+01
1.822912000000000088e+00	1.594261200000000045e+01
1.826850000000000085e+00	1.586696500000000043e+01
1.830492000000000008e+00	1.567411399999999944e+01
1.834179999999999922e+00	1.543078399999999917e+01
1.838259000000000087e+00	1.520370199999999983e+01
1.843048000000000020e+00	1.505452000000000012e+01
1.848562000000000038e+00	1.497363499999999981e+01
1.854589999999999961e+00	1.489887799999999984e+01
1.860913000000000039e+00	1.476685200000000009e+01
1.867313999999999918e+00	1.451416200000000067e+01
1.873583999999999916e+00	1.408246800000000043e+01
1.879660000000000108e+00	1.349684899999999921e+01
1.885596000000000050e+00	1.285082599999999964e+01
1.891450999999999993e+00	1.223994099999999996e+01
1.897281999999999913e+00	1.175973499999999916e+01
1.903146999999999922e+00	1.150214199999999920e+01
1.909062999999999954e+00	1.148841600000000085e+01
1.915018000000000109e+00	1.167535799999999924e+01
1.920995999999999926e+00	1.201740999999999993e+01
1.926979999999999915e+00	1.246901300000000035e+01
1.932955999999999896e+00	1.298450500000000041e+01
1.938917999999999919e+00	1.351569800000000043e+01
1.944868999999999959e+00	1.401185199999999931e+01
1.950814000000000048e+00	1.442211299999999952e+01
1.956757999999999997e+00	1.469562700000000000e+01
1.962703000000000086e+00	1.478316099999999977e+01
1.968652000000000069e+00	1.468212499999999920e+01
1.974604000000000026e+00	1.444244699999999959e+01
1.980558000000000041e+00	1.411686000000000085e+01
1.986512000000000056e+00	1.375809199999999954e+01
1.992466000000000070e+00	1.341834899999999919e+01
1.998418000000000028e+00	1.313095200000000062e+01
2.004370000000000207e+00	1.290559400000000068e+01
2.010321999999999942e+00	1.275047499999999978e+01
2.016272999999999982e+00	1.267379399999999912e+01
2.022224000000000022e+00	1.268349100000000007e+01
2.028176000000000201e+00	1.277558900000000008e+01
2.034127999999999936e+00	1.292952799999999947e+01
2.040080000000000116e+00	1.312351600000000040e+01
2.046031999999999851e+00	1.333576399999999929e+01
2.051984000000000030e+00	1.354457799999999956e+01
2.057935000000000070e+00	1.373394700000000057e+01
2.063886999999999805e+00	1.389667299999999983e+01
2.069837999999999845e+00	1.402631500000000031e+01
2.075791000000000164e+00	1.411643499999999918e+01
2.081744000000000039e+00	1.416072100000000056e+01
2.087698000000000054e+00	1.416354499999999916e+01
2.093652000000000069e+00	1.414772800000000075e+01
2.099604999999999944e+00	1.413792499999999919e+01
2.105554999999999843e+00	1.415878999999999976e+01
2.111501000000000072e+00	1.423483500000000035e+01
2.117445000000000022e+00	1.437361199999999961e+01
2.123388999999999971e+00	1.454996500000000026e+01
2.129338000000000175e+00	1.473501599999999989e+01
2.135295999999999861e+00	1.489988100000000060e+01
2.141268000000000171e+00	1.501580099999999973e+01
2.147250999999999799e+00	1.507606900000000039e+01
2.153232000000000035e+00	1.512153900000000029e+01
2.159196000000000115e+00	1.519925699999999935e+01
2.165125000000000188e+00	1.535626500000000050e+01
2.171006000000000213e+00	1.563954099999999947e+01
2.176841000000000026e+00	1.607450000000000045e+01
2.182682999999999929e+00	1.663446799999999826e+01
2.188588999999999896e+00	1.728505499999999984e+01
2.194618000000000180e+00	1.799187299999999823e+01
2.200828000000000007e+00	1.872052400000000105e+01
2.207209999999999894e+00	1.943053700000000106e+01
2.213579000000000185e+00	2.006496500000000083e+01
2.219714999999999883e+00	2.056409499999999824e+01
2.225403000000000020e+00	2.086821300000000079e+01
2.230423000000000044e+00	2.091762200000000149e+01
2.234681000000000139e+00	2.067864399999999847e+01
2.238447999999999993e+00	2.019701299999999833e+01
2.242068000000000172e+00	1.953355499999999978e+01
2.245884000000000214e+00	1.874909800000000004e+01
2.250237999999999960e+00	1.790446700000000035e+01
2.255365999999999982e+00	1.704454399999999836e+01
2.261130000000000084e+00	1.615938500000000033e+01
2.267313000000000134e+00	1.522726499999999916e+01
2.273696000000000161e+00	1.422646400000000000e+01
2.280063999999999869e+00	1.313525899999999957e+01
2.286243999999999943e+00	1.194867900000000027e+01
2.292251999999999956e+00	1.072675800000000024e+01
2.298146000000000022e+00	9.545296000000000447e+00
2.303983000000000114e+00	8.480093999999999355e+00
2.309822000000000042e+00	7.606950999999999574e+00
2.315710999999999853e+00	6.982668000000000319e+00
2.321645999999999876e+00	6.580803999999999654e+00
2.327612999999999932e+00	6.352128000000000441e+00
2.333594999999999864e+00	6.247412999999999883e+00
2.339576999999999796e+00	6.217426999999999815e+00
2.345546999999999827e+00	6.224988999999999884e+00
2.351503999999999817e+00	6.292532999999999710e+00
2.357451999999999881e+00	6.460897000000000112e+00
2.363395999999999830e+00	6.770927999999999614e+00
2.369339000000000084e+00	7.263469999999999871e+00
2.375286000000000008e+00	7.965079000000000242e+00
2.381237000000000048e+00	8.822352000000000416e+00
2.387189999999999923e+00	9.754089999999999705e+00
2.393143999999999938e+00	1.067906600000000061e+01
2.399097999999999953e+00	1.151605299999999943e+01
2.405050999999999828e+00	1.219574199999999919e+01
2.411004000000000147e+00	1.272438999999999965e+01
2.416955999999999882e+00	1.313777499999999954e+01
2.422906999999999922e+00	1.347174599999999955e+01
2.428857999999999961e+00	1.376214700000000057e+01
2.434809000000000001e+00	1.404199099999999945e+01
2.440760000000000041e+00	1.432387600000000027e+01
2.446712000000000220e+00	1.461145699999999970e+01
2.452663999999999955e+00	1.490835000000000043e+01
2.458616999999999830e+00	1.521817099999999989e+01
2.464570999999999845e+00	1.554500799999999927e+01
2.470524999999999860e+00	1.589681000000000033e+01
2.476478000000000179e+00	1.628342500000000115e+01
2.482429999999999914e+00	1.671471199999999868e+01
2.488377999999999979e+00	1.720053000000000054e+01
2.494323000000000068e+00	1.775376400000000032e+01
2.500265999999999877e+00	1.841573899999999853e+01
2.506212000000000106e+00	1.924335800000000063e+01
2.512164999999999981e+00	2.029368600000000100e+01
2.518129000000000062e+00	2.162378700000000009e+01
2.524108000000000018e+00	2.327563699999999969e+01
2.530091999999999786e+00	2.512807899999999961e+01
2.536067000000000071e+00	2.696025600000000111e+01
2.542015999999999831e+00	2.854987799999999964e+01
2.547924000000000078e+00	2.967465800000000087e+01
2.553779000000000021e+00	3.012443800000000138e+01
2.559610000000000163e+00	2.984097399999999922e+01
2.565475000000000172e+00	2.886944199999999938e+01
2.571432000000000162e+00	2.725700600000000051e+01
2.577539999999999942e+00	2.505082799999999921e+01
2.583845999999999865e+00	2.230195000000000149e+01
2.590249000000000024e+00	1.911809699999999879e+01
2.596534000000000120e+00	1.564993600000000029e+01
2.602485000000000159e+00	1.204920000000000080e+01
2.607883000000000173e+00	8.467624000000000706e+00
2.612527000000000044e+00	5.056447000000000358e+00
2.616509000000000196e+00	1.958425000000000082e+00
2.620163999999999938e+00	-6.908339999999999481e-01
2.623834000000000000e+00	-2.755942000000000114e+00
2.627863000000000060e+00	-4.101515000000000022e+00
2.632579999999999920e+00	-4.599904999999999688e+00
2.638037000000000187e+00	-4.281996999999999609e+00
2.644026000000000209e+00	-3.327096000000000053e+00
2.650332000000000132e+00	-1.920223000000000013e+00
2.656734000000000151e+00	-2.463980000000000059e-01
2.663022999999999918e+00	1.506947000000000036e+00
2.669115000000000126e+00	3.092737000000000069e+00
2.675060999999999911e+00	4.201850999999999559e+00
2.680919999999999970e+00	4.522273000000000209e+00
2.686751000000000111e+00	3.741988000000000092e+00
2.692610999999999866e+00	1.570149999999999935e+00
2.698523999999999923e+00	-1.642114999999999991e+00
2.704476000000000102e+00	-4.801486999999999838e+00
2.710452000000000083e+00	-6.773304000000000435e+00
2.716435999999999851e+00	-6.422906000000000226e+00
2.722412999999999972e+00	-2.648975000000000080e+00
2.728375999999999912e+00	4.383948000000000178e+00
2.734328000000000092e+00	1.288430900000000001e+01
2.740273999999999877e+00	2.095355100000000093e+01
2.746217000000000130e+00	2.669311700000000087e+01
2.752162000000000219e+00	2.823406299999999902e+01
2.758110999999999979e+00	2.515079000000000065e+01
2.764063000000000159e+00	1.908158999999999850e+01
2.770016000000000034e+00	1.182348600000000083e+01
2.775971000000000188e+00	5.173497000000000234e+00
2.781924000000000063e+00	9.124200000000000088e-01
2.787876999999999938e+00	-2.271209999999999896e-01
2.793829000000000118e+00	8.183420000000000138e-01
2.799780999999999853e+00	2.963360000000000216e+00
2.805731999999999893e+00	5.122488999999999848e+00
2.811682999999999932e+00	6.216846999999999568e+00
2.817635000000000112e+00	5.754169000000000089e+00
2.823586999999999847e+00	4.283820999999999657e+00
2.829539000000000026e+00	2.462257999999999836e+00
2.835491000000000206e+00	9.459349999999999703e-01
2.841442999999999941e+00	3.889929999999999777e-01
2.847395000000000120e+00	1.143529999999999935e+00
2.853346999999999856e+00	2.962667999999999857e+00
2.859299000000000035e+00	5.528958000000000261e+00
2.865251000000000214e+00	8.524948999999999444e+00
2.871201999999999810e+00	1.163322400000000023e+01
2.877153999999999989e+00	1.454295499999999919e+01
2.883106000000000169e+00	1.695794000000000068e+01
2.889057999999999904e+00	1.858393999999999835e+01
2.895010000000000083e+00	1.912671800000000033e+01
2.900961999999999819e+00	1.829284499999999980e+01
2.906913999999999998e+00	1.608583900000000000e+01
2.912866000000000177e+00	1.324768199999999929e+01
2.918817999999999913e+00	1.063321000000000005e+01
2.924770000000000092e+00	9.097260000000000346e+00
2.930721000000000132e+00	9.494092000000000198e+00
2.936672999999999867e+00	1.222379899999999964e+01
2.942625000000000046e+00	1.641786300000000054e+01
2.948576999999999781e+00	2.098797799999999825e+01
2.954528999999999961e+00	2.484583699999999951e+01
2.960481000000000140e+00	2.690328699999999884e+01
2.966432999999999875e+00	2.643283100000000019e+01
2.972385000000000055e+00	2.384077800000000025e+01
2.978336999999999790e+00	1.975566699999999898e+01
2.984288999999999970e+00	1.480603299999999933e+01
2.990240000000000009e+00	9.620412999999999215e+00
2.996192000000000188e+00	4.827345000000000219e+00
3.002143999999999924e+00	1.055363999999999969e+00
3.008096000000000103e+00	-1.066991999999999940e+00
3.014047999999999838e+00	-9.111869999999999692e-01
3.020000000000000018e+00	2.151316000000000006e+00
