1.199999999999999956e-01	4.196188672719256552e+00
1.249780000000000058e-01	4.108198430143121804e+00
1.305999999999999939e-01	4.511183060207134332e+00
1.367059999999999942e-01	4.426849675755057945e+00
1.431360000000000132e-01	4.787644141619354698e+00
1.497320000000000040e-01	4.203573665234095813e+00
1.563350000000000017e-01	4.172807576391112327e+00
1.627850000000000130e-01	3.693174852295722843e+00
1.689219999999999888e-01	3.506793942883397630e+00
1.745889999999999942e-01	3.006102410839709194e+00
1.796250000000000069e-01	2.579518890329870473e+00
1.839349999999999874e-01	2.430639941947001059e+00
1.877439999999999942e-01	2.139931423031225854e+00
1.913779999999999926e-01	2.101473692801540505e+00
1.951660000000000061e-01	2.126038488357413936e+00
1.994340000000000002e-01	2.255689417953668396e+00
2.044499999999999929e-01	2.348016944414324847e+00
2.101250000000000062e-01	2.767150901732045476e+00
2.162479999999999958e-01	2.143887442211099614e+00
2.226049999999999973e-01	2.453182726576191186e+00
2.289819999999999911e-01	2.536246512338117487e+00
2.351930000000000132e-01	2.579313628753281851e+00
2.412249999999999950e-01	2.846373273380716107e+00
2.471349999999999936e-01	2.729354784228302577e+00
2.529799999999999827e-01	3.095783486056219669e+00
2.588170000000000193e-01	3.292598084997789609e+00
2.646970000000000156e-01	3.986776608830296276e+00
2.706259999999999777e-01	3.315928338268494979e+00
2.765880000000000005e-01	3.770248313698312259e+00
2.825679999999999858e-01	4.015848745550795407e+00
2.885510000000000019e-01	4.255212339660908505e+00
2.945229999999999793e-01	4.103716185486378620e+00
3.004809999999999981e-01	4.388860211856738580e+00
3.064310000000000089e-01	4.526088765493407884e+00
3.123750000000000138e-01	4.236971445751002818e+00
3.183190000000000186e-01	4.314114652198198563e+00
3.242650000000000254e-01	4.244259148920297875e+00
3.302149999999999808e-01	4.674227983063094172e+00
3.361680000000000224e-01	4.691982874362182088e+00
3.421210000000000084e-01	4.565521285100286875e+00
3.480759999999999965e-01	4.395129034079165997e+00
3.540289999999999826e-01	4.194452317506089933e+00
3.599809999999999954e-01	3.888204338202413624e+00
3.659330000000000083e-01	3.582193590852929876e+00
3.718839999999999923e-01	3.254324289684873861e+00
3.778360000000000052e-01	3.083950293684777577e+00
3.837869999999999893e-01	3.387511432103353037e+00
3.897390000000000021e-01	3.501197746913720543e+00
3.956910000000000149e-01	3.639348337452354976e+00
4.016429999999999723e-01	3.694634608266400999e+00
4.075949999999999851e-01	4.162960699651035767e+00
4.135469999999999979e-01	4.503367758474607463e+00
4.194979999999999820e-01	4.132529390613251863e+00
4.254499999999999948e-01	4.097803187747566689e+00
4.314009999999999789e-01	3.757557160661810780e+00
4.373540000000000205e-01	3.638665027319492484e+00
4.433079999999999798e-01	3.356542692085542345e+00
4.492619999999999947e-01	3.448573037698924537e+00
4.552160000000000095e-01	3.739054827220400945e+00
4.611680000000000224e-01	3.913809616693694426e+00
4.671170000000000044e-01	3.767927773027282878e+00
4.730619999999999825e-01	4.247144914403542693e+00
4.790059999999999873e-01	3.955474857105892195e+00
4.849510000000000209e-01	4.672993075740546232e+00
4.909020000000000050e-01	4.883437418406486152e+00
4.968629999999999991e-01	4.528502198303034021e+00
5.028390000000000359e-01	5.002947448539880604e+00
5.088230000000000253e-01	5.367140721694663164e+00
5.148009999999999531e-01	5.448653382515692201e+00
5.207570000000000254e-01	5.693451632883447466e+00
5.266750000000000043e-01	5.692421925008623873e+00
5.325410000000000421e-01	5.565473655074048231e+00
5.383719999999999617e-01	5.060677248079010759e+00
5.442249999999999588e-01	4.536388100078378116e+00
5.501580000000000359e-01	4.558599658809734834e+00
5.562289999999999734e-01	4.051810525132322205e+00
5.624930000000000208e-01	3.865446702657045375e+00
5.688929999999999820e-01	3.995391110922972278e+00
5.752220000000000111e-01	4.582390143760694201e+00
5.812610000000000277e-01	4.394177184853928608e+00
5.867949999999999555e-01	4.847103247481513222e+00
5.916080000000000227e-01	4.989627868537019673e+00
5.957040000000000113e-01	4.774426636674217406e+00
5.993990000000000151e-01	4.742442408085619121e+00
6.030370000000000452e-01	4.613818443122687185e+00
6.069609999999999728e-01	4.608391018678372753e+00
6.115110000000000268e-01	4.801271238765401073e+00
6.168270000000000142e-01	4.575872147098097642e+00
6.227219999999999978e-01	5.624617834301292696e+00
6.289789999999999548e-01	5.663468128905924992e+00
6.353790000000000271e-01	6.444753106005364884e+00
6.417070000000000274e-01	6.193307509105250297e+00
6.478369999999999962e-01	6.954946125800240075e+00
6.538089999999999735e-01	6.728852013242740071e+00
6.596819999999999906e-01	6.925258701348222523e+00
6.655140000000000500e-01	6.445831617847129991e+00
6.713630000000000431e-01	6.484599402540833779e+00
6.772660000000000347e-01	6.387280169447564049e+00
6.832110000000000127e-01	6.006073725569652133e+00
6.891829999999999901e-01	6.215003462522503241e+00
6.951669999999999794e-01	6.064087522388118323e+00
7.011469999999999647e-01	5.407241517991351110e+00
7.071119999999999628e-01	5.532704838181419227e+00
7.130670000000000064e-01	5.467179871727064544e+00
7.190130000000000132e-01	5.347333607779838793e+00
7.249569999999999625e-01	5.397670713839649359e+00
7.309010000000000229e-01	5.514740414689821790e+00
7.368489999999999762e-01	5.645337044181546915e+00
7.428000000000000158e-01	5.449403806138978901e+00
7.487530000000000019e-01	5.520898564622188864e+00
7.547080000000000455e-01	5.634746024476467774e+00
7.606619999999999493e-01	6.045367844210932873e+00
7.666140000000000176e-01	5.690274675794077197e+00
7.725670000000000037e-01	6.379577359377068824e+00
7.785180000000000433e-01	6.193214833619385296e+00
7.844689999999999719e-01	6.666530553897625389e+00
7.904210000000000402e-01	6.742193037238151554e+00
7.963729999999999976e-01	6.737733226312850654e+00
8.023249999999999549e-01	6.640661224617279146e+00
8.082770000000000232e-01	6.931162104989105899e+00
8.142289999999999806e-01	7.196516600386165585e+00
8.201800000000000201e-01	7.020134970656624063e+00
8.261319999999999775e-01	7.146441564884757014e+00
8.320830000000000171e-01	7.379073571619418459e+00
8.380349999999999744e-01	7.305268361702768942e+00
8.439870000000000427e-01	7.827959594066829396e+00
8.499400000000000288e-01	7.625921482849378208e+00
8.558940000000000436e-01	7.554523464562501900e+00
8.618479999999999475e-01	7.653018076531417968e+00
8.678010000000000446e-01	7.841709640774027434e+00
8.737519999999999731e-01	7.858482116598308309e+00
8.797000000000000375e-01	7.900554861677978380e+00
8.856439999999999868e-01	7.792338568322106696e+00
8.915870000000000184e-01	8.355019034450108961e+00
8.975349999999999717e-01	8.668812865586618344e+00
9.034900000000000153e-01	8.367115928983679396e+00
9.094569999999999599e-01	8.725756064055280703e+00
9.154379999999999740e-01	8.369197456546668690e+00
9.214210000000000456e-01	8.073580553525124159e+00
9.273909999999999654e-01	8.008646354158067027e+00
9.333329999999999682e-01	7.388003524058561311e+00
9.392300000000000093e-01	7.931306416558455474e+00
9.450749999999999984e-01	7.500502123133133026e+00
9.509090000000000042e-01	7.825941829247363479e+00
9.567890000000000006e-01	7.985074618675590763e+00
9.627750000000000474e-01	8.335834040519884525e+00
9.689229999999999787e-01	8.974741740821579938e+00
9.752680000000000238e-01	8.941302074688620039e+00
9.816639999999999810e-01	8.496445206860826715e+00
9.878930000000000211e-01	9.256060264436536400e+00
9.937399999999999567e-01	8.791980662082639952e+00
9.989850000000000119e-01	9.051678062978179895e+00
1.003457999999999961e+00	8.813876987226931803e+00
1.007338000000000067e+00	8.017634657103004159e+00
1.010966000000000031e+00	8.216551707574138774e+00
1.014685999999999977e+00	8.587790008752191895e+00
1.018841000000000108e+00	8.011630626295836777e+00
1.023735000000000062e+00	8.430682136472304578e+00
1.029328999999999938e+00	8.374066406388427808e+00
1.035408000000000106e+00	8.958318553280227192e+00
1.041754000000000069e+00	9.554857011524195087e+00
1.048148999999999997e+00	9.361702958525690121e+00
1.054391999999999996e+00	9.450282467182789858e+00
1.060446000000000000e+00	9.345268791449770518e+00
1.066368999999999900e+00	9.151503768188849364e+00
1.072216999999999976e+00	8.855382515685946032e+00
1.078049000000000035e+00	8.828793399054777780e+00
1.083920999999999912e+00	8.573529612847673675e+00
1.089842999999999895e+00	8.513294773080177791e+00
1.095801999999999943e+00	8.780239860293297838e+00
1.101780999999999899e+00	8.973184670191560741e+00
1.107765000000000111e+00	8.952369203135971176e+00
1.113739999999999952e+00	9.034893411064574664e+00
1.119699999999999918e+00	9.011632078894605158e+00
1.125650000000000039e+00	9.203915354508293234e+00
1.131594999999999906e+00	9.053013945337770707e+00
1.137537999999999938e+00	8.425669298705521726e+00
1.143483999999999945e+00	8.899320757456020914e+00
1.149432999999999927e+00	9.148517488286143973e+00
1.155386000000000024e+00	9.184859903437869733e+00
1.161338999999999899e+00	9.009418346648097042e+00
1.167294000000000054e+00	8.681716138853339260e+00
1.173246999999999929e+00	8.748386975548724465e+00
1.179200000000000026e+00	8.432690291604036048e+00
1.185151999999999983e+00	8.626481295444696329e+00
1.191103000000000023e+00	8.678039976303592695e+00
1.197054000000000062e+00	8.342037930546249314e+00
1.203006000000000020e+00	8.672473229612315038e+00
1.208957999999999977e+00	8.760252386550511972e+00
1.214909999999999934e+00	8.693352070209449778e+00
1.220861999999999892e+00	8.772159030744814956e+00
1.226814000000000071e+00	8.939470702105634103e+00
1.232765000000000111e+00	9.750254810702772446e+00
1.238717000000000068e+00	9.433980507464337251e+00
1.244668000000000108e+00	9.832292323615444474e+00
1.250620000000000065e+00	9.726260556699294568e+00
1.256572000000000022e+00	1.025094893109529970e+01
1.262526000000000037e+00	9.437355494125187150e+00
1.268480000000000052e+00	9.592654342537704437e+00
1.274434000000000067e+00	9.618668134642883061e+00
1.280386000000000024e+00	9.304726821850449525e+00
1.286335999999999924e+00	9.708893227326850450e+00
1.292281999999999931e+00	9.496686589395213929e+00
1.298224999999999962e+00	1.000941137621555832e+01
1.304170000000000051e+00	9.814235308875709052e+00
1.310119999999999951e+00	1.027596687383337581e+01
1.316079999999999917e+00	1.055970738060864988e+01
1.322052999999999923e+00	1.135260105557455290e+01
1.328036999999999912e+00	1.143339360386669767e+01
1.334017000000000008e+00	1.123708119912256898e+01
1.339976000000000056e+00	1.123777082184730602e+01
1.345900000000000096e+00	1.180986456249542549e+01
1.351774000000000031e+00	1.185960900653131667e+01
1.357607000000000008e+00	1.195014005580480543e+01
1.363453000000000026e+00	1.227649883053373436e+01
1.369372000000000034e+00	1.196382031304965388e+01
1.375421999999999922e+00	1.224704564879381152e+01
1.381658999999999970e+00	1.223540009082676683e+01
1.388052000000000064e+00	1.227806133821963286e+01
1.394403000000000059e+00	1.182076872207154672e+01
1.400492999999999988e+00	1.129514545999586694e+01
1.406104999999999938e+00	1.169595346505665390e+01
1.411021999999999998e+00	1.152678726125901498e+01
1.415195999999999898e+00	1.170502144272238887e+01
1.418924000000000074e+00	1.154014575656090180e+01
1.422549999999999981e+00	1.197735692546221209e+01
1.426417000000000046e+00	1.213375499271877977e+01
1.430868000000000029e+00	1.255347007128901815e+01
1.436091000000000006e+00	1.267946065204124473e+01
1.441923000000000066e+00	1.237661426211603377e+01
1.448144000000000098e+00	1.281747987027308078e+01
1.454538000000000109e+00	1.270700667934554318e+01
1.460887000000000047e+00	1.327112888660408530e+01
1.467041999999999957e+00	1.327152949836552764e+01
1.473030999999999979e+00	1.351346565650480436e+01
1.478914000000000062e+00	1.397421179049011641e+01
1.484749000000000096e+00	1.413598069367019683e+01
1.490591999999999917e+00	1.454061131515836358e+01
1.496488000000000040e+00	1.435201988895674852e+01
1.502428000000000097e+00	1.421407503534785910e+01
1.508397999999999906e+00	1.366490997128454410e+01
1.514380999999999977e+00	1.360635948281054830e+01
1.520361999999999991e+00	1.360828449952466634e+01
1.526329999999999965e+00	1.307578222286407055e+01
1.532284999999999897e+00	1.325709658009314218e+01
1.538232999999999961e+00	1.355794674536823408e+01
1.544175999999999993e+00	1.344574673194899006e+01
1.550119999999999942e+00	1.360958590775590338e+01
1.556068000000000007e+00	1.354097364708537832e+01
1.562019000000000046e+00	1.381778527959830605e+01
1.567971999999999921e+00	1.375172654791481719e+01
1.573925999999999936e+00	1.401192701127959417e+01
1.579879999999999951e+00	1.448456006329305268e+01
1.585833000000000048e+00	1.413173138332027712e+01
1.591785000000000005e+00	1.433200034788721133e+01
1.597736999999999963e+00	1.449698480380497045e+01
1.603688000000000002e+00	1.450136107565783483e+01
1.609639000000000042e+00	1.484441992325596260e+01
1.615590999999999999e+00	1.457016353400303288e+01
1.621542999999999957e+00	1.533681191297005597e+01
1.627494999999999914e+00	1.491110844321051054e+01
1.633447000000000093e+00	1.595586693033476422e+01
1.639399000000000051e+00	1.596933710559813413e+01
1.645350000000000090e+00	1.557200436008387356e+01
1.651302000000000048e+00	1.504872061225228386e+01
1.657253000000000087e+00	1.584749723197704441e+01
1.663205000000000044e+00	1.572357377645196408e+01
1.669157999999999920e+00	1.580502754477971727e+01
1.675111999999999934e+00	1.597543691712869851e+01
1.681065999999999949e+00	1.624117758357429864e+01
1.687019000000000046e+00	1.651725315846813302e+01
1.692971000000000004e+00	1.690815376280664140e+01
1.698919000000000068e+00	1.685898821199920050e+01
1.704863000000000017e+00	1.722937145746493215e+01
1.710806999999999967e+00	1.694047176195213211e+01
1.716752999999999973e+00	1.692928633541210459e+01
1.722706999999999988e+00	1.657580519132184094e+01
1.728671999999999986e+00	1.615981645546925449e+01
1.734652000000000083e+00	1.636172277622745241e+01
1.740636000000000072e+00	1.648953827168221764e+01
1.746609000000000078e+00	1.647154606226781937e+01
1.752555000000000085e+00	1.647383536491124900e+01
1.758458000000000077e+00	1.687098010120405789e+01
1.764308999999999905e+00	1.662442754045942905e+01
1.770140999999999964e+00	1.687252162227982311e+01
1.776011999999999924e+00	1.665118294807535904e+01
1.781979999999999897e+00	1.688995953325242638e+01
1.788105000000000055e+00	1.659705364055148280e+01
1.794426999999999994e+00	1.644916165659819995e+01
1.800829000000000013e+00	1.642091836373904457e+01
1.807091999999999921e+00	1.652084103329324805e+01
1.813002000000000002e+00	1.611398591809789238e+01
1.818338000000000010e+00	1.585214401412272700e+01
1.822912000000000088e+00	1.625259784546447506e+01
1.826850000000000085e+00	1.650016969367463560e+01
1.830492000000000008e+00	1.679187412220642628e+01
1.834179999999999922e+00	1.722729750693854811e+01
1.838259000000000087e+00	1.746950657661816209e+01
1.843048000000000020e+00	1.793472955844100625e+01
1.848562000000000038e+00	1.862647202821444381e+01
1.854589999999999961e+00	1.888863216367466435e+01
1.860913000000000039e+00	1.863131262545174138e+01
1.867313999999999918e+00	1.875589719988051129e+01
1.873583999999999916e+00	1.817248421779732936e+01
1.879660000000000108e+00	1.805207892921028545e+01
1.885596000000000050e+00	1.718187123620779033e+01
1.891450999999999993e+00	1.677648064746322021e+01
1.897281999999999913e+00	1.621517277425685677e+01
1.903146999999999922e+00	1.593240470903789507e+01
1.909062999999999954e+00	1.612650445060348758e+01
1.915018000000000109e+00	1.642863708339012874e+01
1.920995999999999926e+00	1.687121922161793108e+01
1.926979999999999915e+00	1.736115025134152745e+01
1.932955999999999896e+00	1.740506471541018385e+01
1.938917999999999919e+00	1.778064820705904836e+01
1.944868999999999959e+00	1.785082225060753913e+01
1.950814000000000048e+00	1.785498999713072621e+01
1.956757999999999997e+00	1.781762235277421880e+01
1.962703000000000086e+00	1.768696415638505215e+01
1.968652000000000069e+00	1.750708087437713445e+01
1.974604000000000026e+00	1.762354686385317848e+01
1.980558000000000041e+00	1.746542807349187498e+01
1.986512000000000056e+00	1.743759086199817787e+01
1.992466000000000070e+00	1.688805378877162866e+01
1.998418000000000028e+00	1.703414651459711138e+01
2.004370000000000207e+00	1.720861202283911595e+01
2.010321999999999942e+00	1.706325403079284087e+01
2.016272999999999982e+00	1.698461816682315373e+01
2.022224000000000022e+00	1.678449047170126818e+01
2.028176000000000201e+00	1.679238170639567684e+01
2.034127999999999936e+00	1.706916192938087562e+01
2.040080000000000116e+00	1.726119909478593684e+01
2.046031999999999851e+00	1.763342132496352832e+01
2.051984000000000030e+00	1.820452488286231585e+01
2.057935000000000070e+00	1.851406904991221580e+01
2.063886999999999805e+00	1.841206121850061095e+01
2.069837999999999845e+00	1.920636754193552065e+01
2.075791000000000164e+00	1.883729044663672170e+01
2.081744000000000039e+00	1.926327391270868361e+01
2.087698000000000054e+00	1.939869274753147366e+01
2.093652000000000069e+00	1.930536754275906119e+01
2.099604999999999944e+00	1.961781609659872316e+01
2.105554999999999843e+00	1.914784877788606821e+01
2.111501000000000072e+00	1.930814665555626775e+01
2.117445000000000022e+00	1.905225501559948142e+01
2.123388999999999971e+00	1.807436000448067404e+01
2.129338000000000175e+00	1.776959858051513308e+01
2.135295999999999861e+00	1.712703211520348745e+01
2.141268000000000171e+00	1.706887697936018711e+01
2.147250999999999799e+00	1.715871142021671858e+01
2.153232000000000035e+00	1.671868933310380356e+01
2.159196000000000115e+00	1.671832625932529481e+01
2.165125000000000188e+00	1.759797958152096342e+01
2.171006000000000213e+00	1.750965421965924662e+01
2.176841000000000026e+00	1.770208721026769183e+01
2.182682999999999929e+00	1.780730997080553379e+01
2.188588999999999896e+00	1.753082116113778355e+01
2.194618000000000180e+00	1.774558655362532988e+01
2.200828000000000007e+00	1.797310268820539747e+01
2.207209999999999894e+00	1.826423358351076232e+01
2.213579000000000185e+00	1.815710951844770804e+01
2.219714999999999883e+00	1.833834157994052916e+01
2.225403000000000020e+00	1.820223915351626687e+01
2.230423000000000044e+00	1.844380844357468163e+01
2.234681000000000139e+00	1.826944146725125862e+01
2.238447999999999993e+00	1.730461066295545791e+01
2.242068000000000172e+00	1.725696885924738311e+01
2.245884000000000214e+00	1.724848366380330589e+01
2.250237999999999960e+00	1.719895964830070767e+01
2.255365999999999982e+00	1.643574436416694340e+01
2.261130000000000084e+00	1.662674419177359653e+01
2.267313000000000134e+00	1.701699044403715533e+01
2.273696000000000161e+00	1.705565188810979649e+01
2.280063999999999869e+00	1.722956363089079801e+01
2.286243999999999943e+00	1.795013937115961511e+01
2.292251999999999956e+00	1.796249631866808727e+01
2.298146000000000022e+00	1.817637415014483793e+01
2.303983000000000114e+00	1.859591760489801615e+01
2.309822000000000042e+00	1.847313243434787466e+01
2.315710999999999853e+00	1.904011303622010232e+01
2.321645999999999876e+00	1.937678137347711527e+01
2.327612999999999932e+00	1.958270833827797475e+01
2.333594999999999864e+00	1.939621179823427255e+01
2.339576999999999796e+00	1.954630314121361678e+01
2.345546999999999827e+00	1.928768993060688430e+01
2.351503999999999817e+00	1.870741660143773899e+01
2.357451999999999881e+00	1.868196955718554264e+01
2.363395999999999830e+00	1.801518744377256809e+01
2.369339000000000084e+00	1.770873261619340866e+01
2.375286000000000008e+00	1.759455225664022038e+01
2.381237000000000048e+00	1.755806880875026721e+01
2.387189999999999923e+00	1.716672305731400527e+01
2.393143999999999938e+00	1.719332502240369465e+01
2.399097999999999953e+00	1.693937812070055315e+01
2.405050999999999828e+00	1.665795774229116688e+01
2.411004000000000147e+00	1.687109815063801221e+01
2.416955999999999882e+00	1.698166799691998818e+01
2.422906999999999922e+00	1.697430898833787793e+01
2.428857999999999961e+00	1.705321535866368876e+01
2.434809000000000001e+00	1.711564065326301431e+01
2.440760000000000041e+00	1.818992183235602056e+01
2.446712000000000220e+00	1.905675225926442096e+01
2.452663999999999955e+00	1.948584585791537194e+01
2.458616999999999830e+00	1.993500593749022087e+01
2.464570999999999845e+00	2.066850277445327677e+01
2.470524999999999860e+00	2.115058101246114930e+01
2.476478000000000179e+00	2.132649833816158491e+01
2.482429999999999914e+00	2.150800225755843442e+01
2.488377999999999979e+00	2.132893129790964082e+01
2.494323000000000068e+00	2.161090906161959424e+01
2.500265999999999877e+00	2.099326278992581152e+01
2.506212000000000106e+00	2.053061923188623439e+01
2.512164999999999981e+00	2.036775597025788898e+01
2.518129000000000062e+00	2.023396036857396041e+01
2.524108000000000018e+00	2.015009496099066766e+01
2.530091999999999786e+00	1.937983486534017530e+01
2.536067000000000071e+00	1.959214082667602241e+01
2.542015999999999831e+00	1.978379976659986283e+01
2.547924000000000078e+00	1.996878139255697704e+01
2.553779000000000021e+00	2.001040251279769677e+01
2.559610000000000163e+00	1.972136719153605000e+01
2.565475000000000172e+00	1.958255676080250396e+01
2.571432000000000162e+00	1.939422032261949624e+01
2.577539999999999942e+00	1.918023931504427182e+01
2.583845999999999865e+00	1.962319572464838657e+01
2.590249000000000024e+00	1.976488423714115328e+01
2.596534000000000120e+00	1.999157378686756559e+01
2.602485000000000159e+00	2.048562504570235632e+01
2.607883000000000173e+00	2.031791053201604669e+01
2.612527000000000044e+00	2.025648357181892933e+01
2.616509000000000196e+00	1.967550868593410840e+01
2.620163999999999938e+00	1.862168804961175894e+01
2.623834000000000000e+00	1.818023734034858307e+01
2.627863000000000060e+00	1.753676669894052864e+01
2.632579999999999920e+00	1.657188685530224959e+01
2.638037000000000187e+00	1.586881844532109476e+01
2.644026000000000209e+00	1.545057810095695672e+01
2.650332000000000132e+00	1.510429085009257832e+01
2.656734000000000151e+00	1.559073071894155582e+01
2.663022999999999918e+00	1.634271913959592126e+01
2.669115000000000126e+00	1.662199629922330857e+01
2.675060999999999911e+00	1.765867524529262766e+01
2.680919999999999970e+00	1.820302479863285328e+01
2.686751000000000111e+00	1.955348709533124563e+01
2.692610999999999866e+00	1.968477495300504643e+01
2.698523999999999923e+00	2.112189328182211057e+01
2.704476000000000102e+00	2.152293124418476111e+01
2.710452000000000083e+00	2.131042360988919881e+01
2.716435999999999851e+00	2.140109849359076577e+01
2.722412999999999972e+00	2.068263609910757594e+01
2.728375999999999912e+00	1.978920500415919648e+01
2.734328000000000092e+00	1.837817174086310601e+01
2.740273999999999877e+00	1.657014917178561930e+01
2.746217000000000130e+00	1.540727406881773298e+01
2.752162000000000219e+00	1.378122379727228974e+01
2.758110999999999979e+00	1.250400480760607635e+01
2.764063000000000159e+00	1.192585948635997006e+01
2.770016000000000034e+00	1.094080280130491367e+01
2.775971000000000188e+00	1.058039005328490667e+01
2.781924000000000063e+00	9.219032321613864767e+00
2.787876999999999938e+00	9.180275139472138690e+00
2.793829000000000118e+00	9.230773448119155233e+00
2.799780999999999853e+00	1.027975085971029046e+01
2.805731999999999893e+00	1.224288292754849650e+01
2.811682999999999932e+00	1.591849590745992060e+01
2.817635000000000112e+00	2.116951166773088744e+01
2.823586999999999847e+00	2.686492166324185504e+01
2.829539000000000026e+00	3.195815866573762065e+01
2.835491000000000206e+00	3.637909725306748498e+01
2.841442999999999941e+00	3.886743995083651271e+01
2.847395000000000120e+00	3.859367374434231124e+01
2.853346999999999856e+00	3.598646074259104211e+01
2.859299000000000035e+00	3.239125749425552669e+01
2.865251000000000214e+00	2.845373481959489936e+01
2.871201999999999810e+00	2.437132422453542091e+01
2.877153999999999989e+00	2.106138303911521703e+01
2.883106000000000169e+00	1.884116483205435344e+01
2.889057999999999904e+00	1.760646070813614017e+01
2.895010000000000083e+00	1.701145529482361596e+01
2.900961999999999819e+00	1.779980306168235415e+01
2.906913999999999998e+00	1.960481442321040646e+01
2.912866000000000177e+00	2.173683398619344942e+01
2.918817999999999913e+00	2.437384043430494174e+01
2.924770000000000092e+00	2.633492916355876190e+01
2.930721000000000132e+00	2.817429530666290205e+01
2.936672999999999867e+00	2.893052098570584008e+01
2.942625000000000046e+00	2.906097478409784785e+01
2.948576999999999781e+00	2.861587741726542333e+01
2.954528999999999961e+00	2.812761321273558224e+01
2.960481000000000140e+00	2.813712698393939249e+01
2.966432999999999875e+00	2.789459961266722132e+01
2.972385000000000055e+00	2.849158371998600714e+01
2.978336999999999790e+00	2.829040412736545562e+01
2.984288999999999970e+00	2.770466308250384913e+01
2.990240000000000009e+00	2.620649731709344010e+01
2.996192000000000188e+00	2.338262101005635074e+01
3.002143999999999924e+00	1.908755753232952301e+01
3.008096000000000103e+00	1.284311034094428727e+01
3.014047999999999838e+00	3.944553340181828904e+00
3.020000000000000018e+00	-6.812268290145693683e+00
