1.199999999999999956e-01	6.356499494829696006e-01
1.249780000000000058e-01	1.505153056082637608e+00
1.305999999999999939e-01	2.449251252894002029e+00
1.367059999999999942e-01	2.350465803669900655e+00
1.431360000000000132e-01	2.528537362301417790e+00
1.497320000000000040e-01	2.395005080136322739e+00
1.563350000000000017e-01	2.316190249820983649e+00
1.627850000000000130e-01	1.896526507903806502e+00
1.689219999999999888e-01	1.886630238816393357e+00
1.745889999999999942e-01	1.227737370520602500e+00
1.796250000000000069e-01	1.234381569776226595e+00
1.839349999999999874e-01	9.397581309441090935e-01
1.877439999999999942e-01	1.322830360434545716e+00
1.913779999999999926e-01	2.084315175183838242e+00
1.951660000000000061e-01	1.887490780285132841e+00
1.994340000000000002e-01	2.296247627331519325e+00
2.044499999999999929e-01	2.231740305856766415e+00
2.101250000000000062e-01	2.453326931475706019e+00
2.162479999999999958e-01	1.697791715515259314e+00
2.226049999999999973e-01	1.745051247251280024e+00
2.289819999999999911e-01	1.760697430449106538e+00
2.351930000000000132e-01	1.927596772414477577e+00
2.412249999999999950e-01	1.958029969391392289e+00
2.471349999999999936e-01	2.337856984953941897e+00
2.529799999999999827e-01	2.398822641117658083e+00
2.588170000000000193e-01	2.943632260093654196e+00
2.646970000000000156e-01	2.947337093159708044e+00
2.706259999999999777e-01	3.009092824641418140e+00
2.765880000000000005e-01	3.427301237534372991e+00
2.825679999999999858e-01	3.228538089562401847e+00
2.885510000000000019e-01	2.812841426611353057e+00
2.945229999999999793e-01	2.823363108933946819e+00
3.004809999999999981e-01	2.772372845237160988e+00
3.064310000000000089e-01	2.098534397243996263e+00
3.123750000000000138e-01	2.271244212158409770e+00
3.183190000000000186e-01	1.847836077802026189e+00
3.242650000000000254e-01	1.743709897900253658e+00
3.302149999999999808e-01	1.687259621247759078e+00
3.361680000000000224e-01	1.057997991453329290e+00
3.421210000000000084e-01	1.350327334198734963e+00
3.480759999999999965e-01	1.554218337538561423e+00
3.540289999999999826e-01	1.194609240231894631e+00
3.599809999999999954e-01	1.202848612063224465e+00
3.659330000000000083e-01	2.332670999944567392e+00
3.718839999999999923e-01	2.409588320259279826e+00
3.778360000000000052e-01	2.571524189615618461e+00
3.837869999999999893e-01	2.574694163185975881e+00
3.897390000000000021e-01	2.630575625643348570e+00
3.956910000000000149e-01	2.702594610081086923e+00
4.016429999999999723e-01	2.277178278593708693e+00
4.075949999999999851e-01	2.351141638666299105e+00
4.135469999999999979e-01	2.635273147921429082e+00
4.194979999999999820e-01	2.878128465713103878e+00
4.254499999999999948e-01	2.868505840491383019e+00
4.314009999999999789e-01	2.198272908554406602e+00
4.373540000000000205e-01	2.661940959200351120e+00
4.433079999999999798e-01	2.519605822946509033e+00
4.492619999999999947e-01	2.611709088938673595e+00
4.552160000000000095e-01	2.623559572543717966e+00
4.611680000000000224e-01	2.922990036646396561e+00
4.671170000000000044e-01	3.248025244892825292e+00
4.730619999999999825e-01	3.097625841618697695e+00
4.790059999999999873e-01	3.322078924072921602e+00
4.849510000000000209e-01	3.686557109487548445e+00
4.909020000000000050e-01	4.023078829855481153e+00
4.968629999999999991e-01	3.975170971797765684e+00
5.028390000000000359e-01	3.880965033132890429e+00
5.088230000000000253e-01	4.025473056976363928e+00
5.148009999999999531e-01	3.746930894534949097e+00
5.207570000000000254e-01	4.032653981167436896e+00
5.266750000000000043e-01	4.002714577369482107e+00
5.325410000000000421e-01	3.694437633430580181e+00
5.383719999999999617e-01	3.638762949810655289e+00
5.442249999999999588e-01	3.541996649591408364e+00
5.501580000000000359e-01	3.562127214322782898e+00
5.562289999999999734e-01	3.456932007843201760e+00
5.624930000000000208e-01	3.526825488385477048e+00
5.688929999999999820e-01	3.353100507087728221e+00
5.752220000000000111e-01	3.650364526215418515e+00
5.812610000000000277e-01	3.811272115171159047e+00
5.867949999999999555e-01	3.956692904347818285e+00
5.916080000000000227e-01	3.913670427154015474e+00
5.957040000000000113e-01	4.596715509249995613e+00
5.993990000000000151e-01	4.318348578537275273e+00
6.030370000000000452e-01	4.073865839778768816e+00
6.069609999999999728e-01	4.198255360859291407e+00
6.115110000000000268e-01	4.120413871030473629e+00
6.168270000000000142e-01	3.891036468654406555e+00
6.227219999999999978e-01	4.199942353957424324e+00
6.289789999999999548e-01	4.368569368666480379e+00
6.353790000000000271e-01	3.841950627649644900e+00
6.417070000000000274e-01	4.372004901891006767e+00
6.478369999999999962e-01	4.130603153417169437e+00
6.538089999999999735e-01	3.819030872135616317e+00
6.596819999999999906e-01	3.493547825452749667e+00
6.655140000000000500e-01	3.497699156715548874e+00
6.713630000000000431e-01	3.483562999217654443e+00
6.772660000000000347e-01	3.767732167647550590e+00
6.832110000000000127e-01	3.779184098300048866e+00
6.891829999999999901e-01	3.944359330183385914e+00
6.951669999999999794e-01	4.328259840819977278e+00
7.011469999999999647e-01	4.127939440953182881e+00
7.071119999999999628e-01	4.167528619475588059e+00
7.130670000000000064e-01	4.697661789177276503e+00
7.190130000000000132e-01	4.554317992488232214e+00
7.249569999999999625e-01	4.657546014236529253e+00
7.309010000000000229e-01	4.400049445147528715e+00
7.368489999999999762e-01	4.986307755144322229e+00
7.428000000000000158e-01	4.697433065678179531e+00
7.487530000000000019e-01	4.508638011719932948e+00
7.547080000000000455e-01	4.693965090631220249e+00
7.606619999999999493e-01	4.479358917144397267e+00
7.666140000000000176e-01	4.694489392143958995e+00
7.725670000000000037e-01	4.704659491443880626e+00
7.785180000000000433e-01	4.678812190735824217e+00
7.844689999999999719e-01	4.662330899246776461e+00
7.904210000000000402e-01	4.246735195569465660e+00
7.963729999999999976e-01	4.195030185164394965e+00
8.023249999999999549e-01	4.494567256585276560e+00
8.082770000000000232e-01	4.750502879079343543e+00
8.142289999999999806e-01	4.632202909463731366e+00
8.201800000000000201e-01	4.815048404311841779e+00
8.261319999999999775e-01	4.471691280804576785e+00
8.320830000000000171e-01	4.964539753597930094e+00
8.380349999999999744e-01	5.118670451043273673e+00
8.439870000000000427e-01	5.977725045645390978e+00
8.499400000000000288e-01	5.943945738631093434e+00
8.558940000000000436e-01	5.632990309094065395e+00
8.618479999999999475e-01	6.252712138593169655e+00
8.678010000000000446e-01	5.776384459481000100e+00
8.737519999999999731e-01	6.728798692931245995e+00
8.797000000000000375e-01	6.256984074161764831e+00
8.856439999999999868e-01	6.614417927313137824e+00
8.915870000000000184e-01	6.719149739684361577e+00
8.975349999999999717e-01	6.994074395443668379e+00
9.034900000000000153e-01	6.834715579827856047e+00
9.094569999999999599e-01	7.397254086536984019e+00
9.154379999999999740e-01	6.458596328326778213e+00
9.214210000000000456e-01	7.149268268554906491e+00
9.273909999999999654e-01	6.305540581013063139e+00
9.333329999999999682e-01	6.137729421308604216e+00
9.392300000000000093e-01	6.676950317916838351e+00
9.450749999999999984e-01	6.385307940630751133e+00
9.509090000000000042e-01	6.723896859660629666e+00
9.567890000000000006e-01	6.073995473729542738e+00
9.627750000000000474e-01	6.159350978838336488e+00
9.689229999999999787e-01	6.163676673250980009e+00
9.752680000000000238e-01	6.274188209460252352e+00
9.816639999999999810e-01	6.128240021829166828e+00
9.878930000000000211e-01	6.426516424284830720e+00
9.937399999999999567e-01	6.247138050043097302e+00
9.989850000000000119e-01	6.339243080011421227e+00
1.003457999999999961e+00	6.111972084759307755e+00
1.007338000000000067e+00	6.367460496172691720e+00
1.010966000000000031e+00	6.696497798282747382e+00
1.014685999999999977e+00	6.149800696783338516e+00
1.018841000000000108e+00	6.583743292466852637e+00
1.023735000000000062e+00	6.167705125796882903e+00
1.029328999999999938e+00	6.380221044478399328e+00
1.035408000000000106e+00	6.003830849112127943e+00
1.041754000000000069e+00	6.058069444242619284e+00
1.048148999999999997e+00	5.672185798062564288e+00
1.054391999999999996e+00	6.316297936262950330e+00
1.060446000000000000e+00	6.082705476819535662e+00
1.066368999999999900e+00	5.816790339252575492e+00
1.072216999999999976e+00	5.684416585884517481e+00
1.078049000000000035e+00	6.271569972461400688e+00
1.083920999999999912e+00	6.409235784694111260e+00
1.089842999999999895e+00	7.103222897866585228e+00
1.095801999999999943e+00	7.640827121745339845e+00
1.101780999999999899e+00	8.041046385810867392e+00
1.107765000000000111e+00	8.640312276437441596e+00
1.113739999999999952e+00	8.177064382556688216e+00
1.119699999999999918e+00	8.086063189319526501e+00
1.125650000000000039e+00	7.845811693269166831e+00
1.131594999999999906e+00	7.856825343353102120e+00
1.137537999999999938e+00	7.066462279096906940e+00
1.143483999999999945e+00	6.907374611210952864e+00
1.149432999999999927e+00	6.750997766048930870e+00
1.155386000000000024e+00	7.144619399279326544e+00
1.161338999999999899e+00	6.984000194422568697e+00
1.167294000000000054e+00	7.063187818775062965e+00
1.173246999999999929e+00	7.124669501982987541e+00
1.179200000000000026e+00	7.113097874615584182e+00
1.185151999999999983e+00	7.640040966281663515e+00
1.191103000000000023e+00	6.986973263046889926e+00
1.197054000000000062e+00	7.135718174535281122e+00
1.203006000000000020e+00	7.261972899430691797e+00
1.208957999999999977e+00	7.342095644031191526e+00
1.214909999999999934e+00	7.475257100306143876e+00
1.220861999999999892e+00	7.111960621457212639e+00
1.226814000000000071e+00	7.013620475985915981e+00
1.232765000000000111e+00	6.993555152242342920e+00
1.238717000000000068e+00	7.112154426477118818e+00
1.244668000000000108e+00	6.786457446219766432e+00
1.250620000000000065e+00	6.933667036049397936e+00
1.256572000000000022e+00	6.907764634836891737e+00
1.262526000000000037e+00	6.706166162524541008e+00
1.268480000000000052e+00	6.998470551228824554e+00
1.274434000000000067e+00	7.511803409901504303e+00
1.280386000000000024e+00	7.097708360910113257e+00
1.286335999999999924e+00	7.621074247961882264e+00
1.292281999999999931e+00	8.392768009990057010e+00
1.298224999999999962e+00	8.853889215574541893e+00
1.304170000000000051e+00	9.659864363843897905e+00
1.310119999999999951e+00	9.733681999344765856e+00
1.316079999999999917e+00	1.041851242974249914e+01
1.322052999999999923e+00	1.095882332699756745e+01
1.328036999999999912e+00	1.093510364393466894e+01
1.334017000000000008e+00	1.111253666970480047e+01
1.339976000000000056e+00	1.051928597513468411e+01
1.345900000000000096e+00	1.049408158495950261e+01
1.351774000000000031e+00	9.849389564665139929e+00
1.357607000000000008e+00	9.580563992688954755e+00
1.363453000000000026e+00	9.081989990471672769e+00
1.369372000000000034e+00	8.644540398679870563e+00
1.375421999999999922e+00	8.617637021259652030e+00
1.381658999999999970e+00	7.553060736573867118e+00
1.388052000000000064e+00	7.370009554105847016e+00
1.394403000000000059e+00	7.214860550769328640e+00
1.400492999999999988e+00	7.207603242575386204e+00
1.406104999999999938e+00	7.803132137159420445e+00
1.411021999999999998e+00	8.014859891602913677e+00
1.415195999999999898e+00	8.839887645072067812e+00
1.418924000000000074e+00	9.199362682661565316e+00
1.422549999999999981e+00	9.514950155151478128e+00
1.426417000000000046e+00	1.031895190665372120e+01
1.430868000000000029e+00	1.058533413986288885e+01
1.436091000000000006e+00	1.095753906618919515e+01
1.441923000000000066e+00	1.110168431200025196e+01
1.448144000000000098e+00	1.127483692032916274e+01
1.454538000000000109e+00	1.140251773769791122e+01
1.460887000000000047e+00	1.169519323136158384e+01
1.467041999999999957e+00	1.192757221595310924e+01
1.473030999999999979e+00	1.212122118160137774e+01
1.478914000000000062e+00	1.248276825853855776e+01
1.484749000000000096e+00	1.255825466446923677e+01
1.490591999999999917e+00	1.270439781656286193e+01
1.496488000000000040e+00	1.239889468567914399e+01
1.502428000000000097e+00	1.198576338381441353e+01
1.508397999999999906e+00	1.133902231492352009e+01
1.514380999999999977e+00	1.140270436117018527e+01
1.520361999999999991e+00	1.079742502149542993e+01
1.526329999999999965e+00	1.029656821230499553e+01
1.532284999999999897e+00	1.042502190605327783e+01
1.538232999999999961e+00	1.016376713154763678e+01
1.544175999999999993e+00	1.032014695906024038e+01
1.550119999999999942e+00	1.061049576947339901e+01
1.556068000000000007e+00	1.119517940075568774e+01
1.562019000000000046e+00	1.153718563852026158e+01
1.567971999999999921e+00	1.220029013614871793e+01
1.573925999999999936e+00	1.240366045857674315e+01
1.579879999999999951e+00	1.257994671098875372e+01
1.585833000000000048e+00	1.237377863390980615e+01
1.591785000000000005e+00	1.209719977896600085e+01
1.597736999999999963e+00	1.210908819957854554e+01
1.603688000000000002e+00	1.186497811538443159e+01
1.609639000000000042e+00	1.148597708438341769e+01
1.615590999999999999e+00	1.084162710201713509e+01
1.621542999999999957e+00	1.056582427585695250e+01
1.627494999999999914e+00	1.023880814610925505e+01
1.633447000000000093e+00	1.033398563408850990e+01
1.639399000000000051e+00	9.988137119463464941e+00
1.645350000000000090e+00	1.041552774915581203e+01
1.651302000000000048e+00	1.056918386633908469e+01
1.657253000000000087e+00	1.059880887854478715e+01
1.663205000000000044e+00	1.121382049914625512e+01
1.669157999999999920e+00	1.183487576138550779e+01
1.675111999999999934e+00	1.233803477268612525e+01
1.681065999999999949e+00	1.239778292507051205e+01
1.687019000000000046e+00	1.264290445839435328e+01
1.692971000000000004e+00	1.295015263358906310e+01
1.698919000000000068e+00	1.346454579046839761e+01
1.704863000000000017e+00	1.412461762801096476e+01
1.710806999999999967e+00	1.434516016143692418e+01
1.716752999999999973e+00	1.476059838446587236e+01
1.722706999999999988e+00	1.461943308125840169e+01
1.728671999999999986e+00	1.485667372619534987e+01
1.734652000000000083e+00	1.476557062340725679e+01
1.740636000000000072e+00	1.414217604730810862e+01
1.746609000000000078e+00	1.361458166578051987e+01
1.752555000000000085e+00	1.311663535020868920e+01
1.758458000000000077e+00	1.283938087863710820e+01
1.764308999999999905e+00	1.206147118640576821e+01
1.770140999999999964e+00	1.261922896434662356e+01
1.776011999999999924e+00	1.206700948906053839e+01
1.781979999999999897e+00	1.216514320307605779e+01
1.788105000000000055e+00	1.203447359382368909e+01
1.794426999999999994e+00	1.215868166198440292e+01
1.800829000000000013e+00	1.240495817220762120e+01
1.807091999999999921e+00	1.203632193174602349e+01
1.813002000000000002e+00	1.213667486959585773e+01
1.818338000000000010e+00	1.229270231046865547e+01
1.822912000000000088e+00	1.312200831036794213e+01
1.826850000000000085e+00	1.334558163367248795e+01
1.830492000000000008e+00	1.420998663705264953e+01
1.834179999999999922e+00	1.428288388547714050e+01
1.838259000000000087e+00	1.442708281121061376e+01
1.843048000000000020e+00	1.453599620250150615e+01
1.848562000000000038e+00	1.457372062061872775e+01
1.854589999999999961e+00	1.360027799322585551e+01
1.860913000000000039e+00	1.364098900297895689e+01
1.867313999999999918e+00	1.303326445633305042e+01
1.873583999999999916e+00	1.312645107896145191e+01
1.879660000000000108e+00	1.335555853506338586e+01
1.885596000000000050e+00	1.299258494367299477e+01
1.891450999999999993e+00	1.389162777640641799e+01
1.897281999999999913e+00	1.480450554281864406e+01
1.903146999999999922e+00	1.468684703608803588e+01
1.909062999999999954e+00	1.464200484345180087e+01
1.915018000000000109e+00	1.487442884785413355e+01
1.920995999999999926e+00	1.512301603515555470e+01
1.926979999999999915e+00	1.579883877486470922e+01
1.932955999999999896e+00	1.628875884767885651e+01
1.938917999999999919e+00	1.702073405271355000e+01
1.944868999999999959e+00	1.758475639016490177e+01
1.950814000000000048e+00	1.752125516019081175e+01
1.956757999999999997e+00	1.858562036591411015e+01
1.962703000000000086e+00	1.853430599969170345e+01
1.968652000000000069e+00	1.768021149152347249e+01
1.974604000000000026e+00	1.703207920308318180e+01
1.980558000000000041e+00	1.662771077962085542e+01
1.986512000000000056e+00	1.571584807550755336e+01
1.992466000000000070e+00	1.506469063212353277e+01
1.998418000000000028e+00	1.470970629698696008e+01
2.004370000000000207e+00	1.456900651454035156e+01
2.010321999999999942e+00	1.425104930926568692e+01
2.016272999999999982e+00	1.368685210030654176e+01
2.022224000000000022e+00	1.404606629714714572e+01
2.028176000000000201e+00	1.338805556261059770e+01
2.034127999999999936e+00	1.319345388973441047e+01
2.040080000000000116e+00	1.339340588476618699e+01
2.046031999999999851e+00	1.221892479689978295e+01
2.051984000000000030e+00	1.270403722152921944e+01
2.057935000000000070e+00	1.212725447211095187e+01
2.063886999999999805e+00	1.199526568754852818e+01
2.069837999999999845e+00	1.186191138361108166e+01
2.075791000000000164e+00	1.151269571737543984e+01
2.081744000000000039e+00	1.113018528552380637e+01
2.087698000000000054e+00	1.017666603347690568e+01
2.093652000000000069e+00	1.000890711769982211e+01
2.099604999999999944e+00	9.255032654068759967e+00
2.105554999999999843e+00	8.565054115562478643e+00
2.111501000000000072e+00	8.318928194565522460e+00
2.117445000000000022e+00	8.663559938977998698e+00
2.123388999999999971e+00	9.174526449338531009e+00
2.129338000000000175e+00	9.724442556188137132e+00
2.135295999999999861e+00	1.016490790809815969e+01
2.141268000000000171e+00	1.048589335841429637e+01
2.147250999999999799e+00	1.102151560299753896e+01
2.153232000000000035e+00	1.151921352300149692e+01
2.159196000000000115e+00	1.166750619201577344e+01
2.165125000000000188e+00	1.213497631568335677e+01
2.171006000000000213e+00	1.273922076387673208e+01
2.176841000000000026e+00	1.342232648048105403e+01
2.182682999999999929e+00	1.383343403905769620e+01
2.188588999999999896e+00	1.432680513134388889e+01
2.194618000000000180e+00	1.435064693209581144e+01
2.200828000000000007e+00	1.483332250319588574e+01
2.207209999999999894e+00	1.451902239253771754e+01
2.213579000000000185e+00	1.407673709056922817e+01
2.219714999999999883e+00	1.340816719243511201e+01
2.225403000000000020e+00	1.264214467886843174e+01
2.230423000000000044e+00	1.176196451294504719e+01
2.234681000000000139e+00	1.121226628815313120e+01
2.238447999999999993e+00	1.066709947248242152e+01
2.242068000000000172e+00	9.645677173440210694e+00
2.245884000000000214e+00	9.795320662910459220e+00
2.250237999999999960e+00	9.576715564860210250e+00
2.255365999999999982e+00	9.216040832715577835e+00
2.261130000000000084e+00	9.376625987248790040e+00
2.267313000000000134e+00	9.531390571940747236e+00
2.273696000000000161e+00	1.005234027371795769e+01
2.280063999999999869e+00	1.091408284838560938e+01
2.286243999999999943e+00	1.141418302263850393e+01
2.292251999999999956e+00	1.171063297527727975e+01
2.298146000000000022e+00	1.149754971821208294e+01
2.303983000000000114e+00	1.172586031012194141e+01
2.309822000000000042e+00	1.231088371018079464e+01
2.315710999999999853e+00	1.175652498041938543e+01
2.321645999999999876e+00	1.165337204739643262e+01
2.327612999999999932e+00	1.133083896896924436e+01
2.333594999999999864e+00	1.110675334817770832e+01
2.339576999999999796e+00	1.127413544017149682e+01
2.345546999999999827e+00	1.186500459571539778e+01
2.351503999999999817e+00	1.248798655555494364e+01
2.357451999999999881e+00	1.358944760970997656e+01
2.363395999999999830e+00	1.420100092392877222e+01
2.369339000000000084e+00	1.573062160069834192e+01
2.375286000000000008e+00	1.729932622769320005e+01
2.381237000000000048e+00	1.860045320182984341e+01
2.387189999999999923e+00	2.016747558406265384e+01
2.393143999999999938e+00	2.103898870605471672e+01
2.399097999999999953e+00	2.171996777231544584e+01
2.405050999999999828e+00	2.172601170265825132e+01
2.411004000000000147e+00	2.128459369253262068e+01
2.416955999999999882e+00	2.007787770827904339e+01
2.422906999999999922e+00	1.866167072906893409e+01
2.428857999999999961e+00	1.806012815279289185e+01
2.434809000000000001e+00	1.656794564234907341e+01
2.440760000000000041e+00	1.631248876989521435e+01
2.446712000000000220e+00	1.636788572511479956e+01
2.452663999999999955e+00	1.590266109187676236e+01
2.458616999999999830e+00	1.567427514218015361e+01
2.464570999999999845e+00	1.521132774428350487e+01
2.470524999999999860e+00	1.505436868348631663e+01
2.476478000000000179e+00	1.507552416917057059e+01
2.482429999999999914e+00	1.456586505021463473e+01
2.488377999999999979e+00	1.460537098256050292e+01
2.494323000000000068e+00	1.401734338395139545e+01
2.500265999999999877e+00	1.425144310664288305e+01
2.506212000000000106e+00	1.425635792266350599e+01
2.512164999999999981e+00	1.447930647530526826e+01
2.518129000000000062e+00	1.422297317496949454e+01
2.524108000000000018e+00	1.423173491291179893e+01
2.530091999999999786e+00	1.434725557198178691e+01
2.536067000000000071e+00	1.301240840053883829e+01
2.542015999999999831e+00	1.310957458488355698e+01
2.547924000000000078e+00	1.253791412530084060e+01
2.553779000000000021e+00	1.164800595320988386e+01
2.559610000000000163e+00	1.082910625960880324e+01
2.565475000000000172e+00	9.436502804111947640e+00
2.571432000000000162e+00	8.167444700885045705e+00
2.577539999999999942e+00	7.401331370515032759e+00
2.583845999999999865e+00	6.958807546857068260e+00
2.590249000000000024e+00	6.257374677129825535e+00
2.596534000000000120e+00	6.105009012333980856e+00
2.602485000000000159e+00	6.881185042052084810e+00
2.607883000000000173e+00	7.194348761298809514e+00
2.612527000000000044e+00	8.660582547825299571e+00
2.616509000000000196e+00	1.047088487312295868e+01
2.620163999999999938e+00	1.235282374645121450e+01
2.623834000000000000e+00	1.398932537877526272e+01
2.627863000000000060e+00	1.468901348964450193e+01
2.632579999999999920e+00	1.536390983389080844e+01
2.638037000000000187e+00	1.521151419202877797e+01
2.644026000000000209e+00	1.393245131234458967e+01
2.650332000000000132e+00	1.262159895740598081e+01
2.656734000000000151e+00	9.884725443106898268e+00
2.663022999999999918e+00	7.562372783439533563e+00
2.669115000000000126e+00	4.645503548252716719e+00
2.675060999999999911e+00	1.742455068941092922e+00
2.680919999999999970e+00	1.255718942503273539e+00
2.686751000000000111e+00	1.064056394142432804e+00
2.692610999999999866e+00	2.720465461019136555e+00
2.698523999999999923e+00	6.573772029494535651e+00
2.704476000000000102e+00	1.097848187985487911e+01
2.710452000000000083e+00	1.623915966990431414e+01
2.716435999999999851e+00	1.991526705077231441e+01
2.722412999999999972e+00	2.142167269402948548e+01
2.728375999999999912e+00	2.085406388303666247e+01
2.734328000000000092e+00	1.782145151661842775e+01
2.740273999999999877e+00	1.327125624993363928e+01
2.746217000000000130e+00	7.690551901757822328e+00
2.752162000000000219e+00	8.903642327016376701e-01
2.758110999999999979e+00	-6.124717403572401686e+00
2.764063000000000159e+00	-1.340663548285819040e+01
2.770016000000000034e+00	-2.027458041121060361e+01
2.775971000000000188e+00	-2.673489607315511307e+01
2.781924000000000063e+00	-3.093095590220029223e+01
2.787876999999999938e+00	-3.407355735351490011e+01
2.793829000000000118e+00	-3.588091843581970863e+01
2.799780999999999853e+00	-3.660653806517158415e+01
2.805731999999999893e+00	-3.646387561257579080e+01
2.811682999999999932e+00	-3.487812906480763075e+01
2.817635000000000112e+00	-3.299416646665688546e+01
2.823586999999999847e+00	-3.067478836508922768e+01
2.829539000000000026e+00	-2.778698344575686008e+01
2.835491000000000206e+00	-2.431409501456173317e+01
2.841442999999999941e+00	-2.017158070057046615e+01
2.847395000000000120e+00	-1.595914949071558908e+01
2.853346999999999856e+00	-1.267654294216609934e+01
2.859299000000000035e+00	-9.810672967203686312e+00
2.865251000000000214e+00	-8.322813650131571706e+00
2.871201999999999810e+00	-9.267266729412849458e+00
2.877153999999999989e+00	-1.199484560098254882e+01
2.883106000000000169e+00	-1.605394578627394608e+01
2.889057999999999904e+00	-2.085893673109698909e+01
2.895010000000000083e+00	-2.446324063600458487e+01
2.900961999999999819e+00	-2.661165311773176256e+01
2.906913999999999998e+00	-2.701228907614027364e+01
2.912866000000000177e+00	-2.499413806661256743e+01
2.918817999999999913e+00	-2.279197659533607379e+01
2.924770000000000092e+00	-2.028653816372402474e+01
2.930721000000000132e+00	-1.837748642100415353e+01
2.936672999999999867e+00	-1.718887935785889454e+01
2.942625000000000046e+00	-1.754476042874390274e+01
2.948576999999999781e+00	-1.997718778552346564e+01
2.954528999999999961e+00	-2.300726630445428000e+01
2.960481000000000140e+00	-2.744956547716608952e+01
2.966432999999999875e+00	-3.365870412364565567e+01
2.972385000000000055e+00	-3.958924047931074597e+01
2.978336999999999790e+00	-4.648361443668143522e+01
2.984288999999999970e+00	-5.171568031202486537e+01
2.990240000000000009e+00	-5.523669556960123117e+01
2.996192000000000188e+00	-5.672478863102024604e+01
3.002143999999999924e+00	-5.459916549494972315e+01
3.008096000000000103e+00	-4.830113335828881560e+01
3.014047999999999838e+00	-3.685763627011692023e+01
3.020000000000000018e+00	-2.056275304826897710e+01
