1.199999999999999956e-01	-4.973449999999999815e-01
1.249780000000000058e-01	-4.532129999999999770e-01
1.305999999999999939e-01	-3.889020000000000254e-01
1.367059999999999942e-01	-3.094939999999999913e-01
1.431360000000000132e-01	-2.200749999999999929e-01
1.497320000000000040e-01	-1.257290000000000074e-01
1.563350000000000017e-01	-3.153899999999999759e-02
1.627850000000000130e-01	5.740900000000000170e-02
1.689219999999999888e-01	1.360329999999999873e-01
1.745889999999999942e-01	1.992480000000000084e-01
1.796250000000000069e-01	2.419689999999999896e-01
1.839349999999999874e-01	2.600419999999999954e-01
1.877439999999999942e-01	2.540529999999999733e-01
1.913779999999999926e-01	2.260989999999999944e-01
1.951660000000000061e-01	1.782749999999999890e-01
1.994340000000000002e-01	1.126769999999999994e-01
2.044499999999999929e-01	3.198199999999999654e-02
2.101250000000000062e-01	-5.777700000000000197e-02
2.162479999999999958e-01	-1.493700000000000028e-01
2.226049999999999973e-01	-2.355599999999999916e-01
2.289819999999999911e-01	-3.091139999999999999e-01
2.351930000000000132e-01	-3.633210000000000051e-01
2.412249999999999950e-01	-3.949010000000000020e-01
2.471349999999999936e-01	-4.019510000000000027e-01
2.529799999999999827e-01	-3.825729999999999964e-01
2.588170000000000193e-01	-3.348670000000000258e-01
2.646970000000000156e-01	-2.578540000000000276e-01
2.706259999999999777e-01	-1.573819999999999941e-01
2.765880000000000005e-01	-4.237699999999999800e-02
2.825679999999999858e-01	7.822099999999999886e-02
2.885510000000000019e-01	1.954680000000000029e-01
2.945229999999999793e-01	3.009260000000000268e-01
3.004809999999999981e-01	3.904050000000000020e-01
3.064310000000000089e-01	4.618590000000000195e-01
3.123750000000000138e-01	5.132579999999999920e-01
3.183190000000000186e-01	5.425720000000000542e-01
3.242650000000000254e-01	5.483310000000000128e-01
3.302149999999999808e-01	5.344839999999999591e-01
3.361680000000000224e-01	5.080369999999999608e-01
3.421210000000000084e-01	4.760289999999999799e-01
3.480759999999999965e-01	4.454989999999999783e-01
3.540289999999999826e-01	4.231650000000000134e-01
3.599809999999999954e-01	4.121500000000000163e-01
3.659330000000000083e-01	4.133189999999999920e-01
3.718839999999999923e-01	4.275030000000000219e-01
3.778360000000000052e-01	4.555299999999999905e-01
3.837869999999999893e-01	4.979439999999999977e-01
3.897390000000000021e-01	5.515339999999999687e-01
3.956910000000000149e-01	6.104699999999999571e-01
4.016429999999999723e-01	6.688650000000000428e-01
4.075949999999999851e-01	7.208329999999999460e-01
4.135469999999999979e-01	7.607469999999999510e-01
4.194979999999999820e-01	7.868870000000000031e-01
4.254499999999999948e-01	8.005780000000000118e-01
4.314009999999999789e-01	8.032230000000000203e-01
4.373540000000000205e-01	7.962270000000000181e-01
4.433079999999999798e-01	7.811160000000000325e-01
4.492619999999999947e-01	7.616530000000000244e-01
4.552160000000000095e-01	7.435300000000000242e-01
4.611680000000000224e-01	7.325049999999999617e-01
4.671170000000000044e-01	7.343349999999999600e-01
4.730619999999999825e-01	7.545809999999999462e-01
4.790059999999999873e-01	7.946520000000000250e-01
4.849510000000000209e-01	8.519609999999999683e-01
4.909020000000000050e-01	9.237600000000000255e-01
4.968629999999999991e-01	1.007301000000000002e+00
5.028390000000000359e-01	1.099792000000000103e+00
5.088230000000000253e-01	1.197335999999999956e+00
5.148009999999999531e-01	1.294853999999999949e+00
5.207570000000000254e-01	1.387208999999999914e+00
5.266750000000000043e-01	1.469265999999999961e+00
5.325410000000000421e-01	1.535997000000000057e+00
5.383719999999999617e-01	1.585963000000000012e+00
5.442249999999999588e-01	1.621977000000000002e+00
5.501580000000000359e-01	1.647099000000000091e+00
5.562289999999999734e-01	1.664390000000000036e+00
5.624930000000000208e-01	1.676917999999999909e+00
5.688929999999999820e-01	1.688112000000000057e+00
5.752220000000000111e-01	1.701872999999999969e+00
5.812610000000000277e-01	1.722135999999999889e+00
5.867949999999999555e-01	1.752834000000000003e+00
5.916080000000000227e-01	1.797849999999999948e+00
5.957040000000000113e-01	1.858387000000000011e+00
5.993990000000000151e-01	1.931707999999999981e+00
6.030370000000000452e-01	2.014765000000000139e+00
6.069609999999999728e-01	2.104506999999999906e+00
6.115110000000000268e-01	2.197887000000000146e+00
6.168270000000000142e-01	2.292000999999999955e+00
6.227219999999999978e-01	2.384177000000000213e+00
6.289789999999999548e-01	2.471769000000000105e+00
6.353790000000000271e-01	2.552127000000000034e+00
6.417070000000000274e-01	2.622621999999999787e+00
6.478369999999999962e-01	2.682596000000000203e+00
6.538089999999999735e-01	2.734977000000000213e+00
6.596819999999999906e-01	2.783078000000000163e+00
6.655140000000000500e-01	2.830213000000000090e+00
6.713630000000000431e-01	2.879691999999999918e+00
6.772660000000000347e-01	2.934375000000000178e+00
6.832110000000000127e-01	2.996208999999999900e+00
6.891829999999999901e-01	3.067029999999999923e+00
6.951669999999999794e-01	3.148674000000000195e+00
7.011469999999999647e-01	3.242968999999999991e+00
7.071119999999999628e-01	3.350468999999999919e+00
7.130670000000000064e-01	3.468812999999999924e+00
7.190130000000000132e-01	3.595232000000000205e+00
7.249569999999999625e-01	3.726961000000000190e+00
7.309010000000000229e-01	3.861235000000000195e+00
7.368489999999999762e-01	3.996102000000000043e+00
7.428000000000000158e-01	4.131694000000000422e+00
7.487530000000000019e-01	4.268470999999999904e+00
7.547080000000000455e-01	4.406892000000000031e+00
7.606619999999999493e-01	4.547418999999999656e+00
7.666140000000000176e-01	4.691156999999999577e+00
7.725670000000000037e-01	4.841071999999999598e+00
7.785180000000000433e-01	5.000459000000000209e+00
7.844689999999999719e-01	5.172615999999999659e+00
7.904210000000000402e-01	5.360839000000000354e+00
7.963729999999999976e-01	5.567536999999999736e+00
8.023249999999999549e-01	5.792247999999999841e+00
8.082770000000000232e-01	6.033929999999999794e+00
8.142289999999999806e-01	6.291540999999999606e+00
8.201800000000000201e-01	6.564038000000000039e+00
8.261319999999999775e-01	6.850182000000000215e+00
8.320830000000000171e-01	7.148017000000000287e+00
8.380349999999999744e-01	7.455422999999999689e+00
8.439870000000000427e-01	7.770279999999999632e+00
8.499400000000000288e-01	8.090467000000000297e+00
8.558940000000000436e-01	8.414422000000000068e+00
8.618479999999999475e-01	8.742886000000000379e+00
8.678010000000000446e-01	9.077189999999999870e+00
8.737519999999999731e-01	9.418668000000000262e+00
8.797000000000000375e-01	9.768651999999999447e+00
8.856439999999999868e-01	1.012742100000000001e+01
8.915870000000000184e-01	1.049034200000000006e+01
8.975349999999999717e-01	1.085135700000000014e+01
9.034900000000000153e-01	1.120440699999999978e+01
9.094569999999999599e-01	1.154343100000000000e+01
9.154379999999999740e-01	1.186169399999999996e+01
9.214210000000000456e-01	1.214889100000000077e+01
9.273909999999999654e-01	1.239354799999999912e+01
9.333329999999999682e-01	1.258419199999999982e+01
9.392300000000000093e-01	1.270935000000000059e+01
9.450749999999999984e-01	1.275946399999999947e+01
9.509090000000000042e-01	1.273638799999999982e+01
9.567890000000000006e-01	1.264618499999999912e+01
9.627750000000000474e-01	1.249492099999999972e+01
9.689229999999999787e-01	1.228866499999999995e+01
9.752680000000000238e-01	1.203405500000000039e+01
9.816639999999999810e-01	1.174158800000000014e+01
9.878930000000000211e-01	1.142335300000000053e+01
9.937399999999999567e-01	1.109144799999999975e+01
9.989850000000000119e-01	1.075796899999999923e+01
1.003457999999999961e+00	1.043438699999999919e+01
1.007338000000000067e+00	1.012736699999999956e+01
1.010966000000000031e+00	9.841343999999999426e+00
1.014685999999999977e+00	9.580742000000000758e+00
1.018841000000000108e+00	9.349985999999999464e+00
1.023735000000000062e+00	9.153000000000000469e+00
1.029328999999999938e+00	8.989349000000000700e+00
1.035408000000000106e+00	8.856332999999999345e+00
1.041754000000000069e+00	8.751232999999999151e+00
1.048148999999999997e+00	8.671331000000000344e+00
1.054391999999999996e+00	8.613939000000000235e+00
1.060446000000000000e+00	8.576672999999999547e+00
1.066368999999999900e+00	8.557328000000000046e+00
1.072216999999999976e+00	8.553698000000000690e+00
1.078049000000000035e+00	8.563579999999999970e+00
1.083920999999999912e+00	8.584898000000000806e+00
1.089842999999999895e+00	8.617069000000000756e+00
1.095801999999999943e+00	8.660472000000000392e+00
1.101780999999999899e+00	8.715503000000000000e+00
1.107765000000000111e+00	8.782557000000000613e+00
1.113739999999999952e+00	8.861955000000000027e+00
1.119699999999999918e+00	8.952985999999999223e+00
1.125650000000000039e+00	9.054206000000000643e+00
1.131594999999999906e+00	9.164151000000000380e+00
1.137537999999999938e+00	9.281359000000000137e+00
1.143483999999999945e+00	9.404336999999999946e+00
1.149432999999999927e+00	9.531124000000000152e+00
1.155386000000000024e+00	9.659380000000000521e+00
1.161338999999999899e+00	9.786758999999999986e+00
1.167294000000000054e+00	9.910911999999999722e+00
1.173246999999999929e+00	1.002958600000000011e+01
1.179200000000000026e+00	1.014232100000000081e+01
1.185151999999999983e+00	1.025024699999999989e+01
1.191103000000000023e+00	1.035454999999999970e+01
1.197054000000000062e+00	1.045641700000000007e+01
1.203006000000000020e+00	1.055705099999999952e+01
1.208957999999999977e+00	1.065802500000000030e+01
1.214909999999999934e+00	1.076128300000000060e+01
1.220861999999999892e+00	1.086878399999999978e+01
1.226814000000000071e+00	1.098248700000000078e+01
1.232765000000000111e+00	1.110428800000000038e+01
1.238717000000000068e+00	1.123440599999999989e+01
1.244668000000000108e+00	1.137121499999999941e+01
1.250620000000000065e+00	1.151299999999999990e+01
1.256572000000000022e+00	1.165803999999999974e+01
1.262526000000000037e+00	1.180463899999999988e+01
1.268480000000000052e+00	1.195172299999999943e+01
1.274434000000000067e+00	1.209899000000000058e+01
1.280386000000000024e+00	1.224618099999999998e+01
1.286335999999999924e+00	1.239303800000000066e+01
1.292281999999999931e+00	1.253931299999999993e+01
1.298224999999999962e+00	1.268512699999999960e+01
1.304170000000000051e+00	1.283110699999999937e+01
1.310119999999999951e+00	1.297791499999999942e+01
1.316079999999999917e+00	1.312621500000000019e+01
1.322052999999999923e+00	1.327665400000000062e+01
1.328036999999999912e+00	1.342906600000000061e+01
1.334017000000000008e+00	1.358205599999999968e+01
1.339976000000000056e+00	1.373412599999999983e+01
1.345900000000000096e+00	1.388377999999999979e+01
1.351774000000000031e+00	1.402952499999999958e+01
1.357607000000000008e+00	1.417015400000000014e+01
1.363453000000000026e+00	1.430493799999999993e+01
1.369372000000000034e+00	1.443319499999999955e+01
1.375421999999999922e+00	1.455424499999999988e+01
1.381658999999999970e+00	1.466741299999999981e+01
1.388052000000000064e+00	1.477282100000000042e+01
1.394403000000000059e+00	1.487208799999999975e+01
1.400492999999999988e+00	1.496699599999999997e+01
1.406104999999999938e+00	1.505932800000000071e+01
1.411021999999999998e+00	1.515086400000000033e+01
1.415195999999999898e+00	1.524321300000000079e+01
1.418924000000000074e+00	1.533761600000000058e+01
1.422549999999999981e+00	1.543526699999999963e+01
1.426417000000000046e+00	1.553736199999999990e+01
1.430868000000000029e+00	1.564509499999999953e+01
1.436091000000000006e+00	1.575920200000000015e+01
1.441923000000000066e+00	1.587935200000000080e+01
1.448144000000000098e+00	1.600505799999999823e+01
1.454538000000000109e+00	1.613583500000000015e+01
1.460887000000000047e+00	1.627119599999999977e+01
1.467041999999999957e+00	1.641059800000000024e+01
1.473030999999999979e+00	1.655334900000000076e+01
1.478914000000000062e+00	1.669872900000000016e+01
1.484749000000000096e+00	1.684602299999999886e+01
1.490591999999999917e+00	1.699450999999999823e+01
1.496488000000000040e+00	1.714272599999999969e+01
1.502428000000000097e+00	1.728699599999999847e+01
1.508397999999999906e+00	1.742323299999999975e+01
1.514380999999999977e+00	1.754735499999999959e+01
1.520361999999999991e+00	1.765527799999999914e+01
1.526329999999999965e+00	1.774422399999999911e+01
1.532284999999999897e+00	1.781578599999999923e+01
1.538232999999999961e+00	1.787246299999999977e+01
1.544175999999999993e+00	1.791675599999999946e+01
1.550119999999999942e+00	1.795116499999999959e+01
1.556068000000000007e+00	1.797935500000000175e+01
1.562019000000000046e+00	1.800938599999999923e+01
1.567971999999999921e+00	1.805034799999999962e+01
1.573925999999999936e+00	1.811133200000000087e+01
1.579879999999999951e+00	1.820142900000000097e+01
1.585833000000000048e+00	1.832791800000000038e+01
1.591785000000000005e+00	1.849038200000000032e+01
1.597736999999999963e+00	1.868635799999999847e+01
1.603688000000000002e+00	1.891338500000000167e+01
1.609639000000000042e+00	1.916900000000000048e+01
1.615590999999999999e+00	1.944879699999999900e+01
1.621542999999999957e+00	1.973904599999999832e+01
1.627494999999999914e+00	2.002322300000000155e+01
1.633447000000000093e+00	2.028480100000000164e+01
1.639399000000000051e+00	2.050725500000000068e+01
1.645350000000000090e+00	2.067657600000000073e+01
1.651302000000000048e+00	2.079240199999999916e+01
1.657253000000000087e+00	2.085897999999999897e+01
1.663205000000000044e+00	2.088055999999999912e+01
1.669157999999999920e+00	2.086139199999999860e+01
1.675111999999999934e+00	2.080743999999999971e+01
1.681065999999999949e+00	2.073519299999999888e+01
1.687019000000000046e+00	2.066513799999999890e+01
1.692971000000000004e+00	2.061776800000000165e+01
1.698919000000000068e+00	2.061357699999999937e+01
1.704863000000000017e+00	2.067108899999999849e+01
1.710806999999999967e+00	2.079509799999999942e+01
1.716752999999999973e+00	2.098454999999999870e+01
1.722706999999999988e+00	2.123837100000000078e+01
1.728671999999999986e+00	2.155548599999999837e+01
1.734652000000000083e+00	2.193327299999999980e+01
1.740636000000000072e+00	2.235683099999999968e+01
1.746609000000000078e+00	2.280540600000000140e+01
1.752555000000000085e+00	2.325820500000000024e+01
1.758458000000000077e+00	2.369443599999999961e+01
1.764308999999999905e+00	2.409450999999999965e+01
1.770140999999999964e+00	2.444975700000000174e+01
1.776011999999999924e+00	2.475732700000000008e+01
1.781979999999999897e+00	2.501442199999999971e+01
1.788105000000000055e+00	2.521824700000000163e+01
1.794426999999999994e+00	2.536726900000000029e+01
1.800829000000000013e+00	2.547314499999999882e+01
1.807091999999999921e+00	2.555537199999999842e+01
1.813002000000000002e+00	2.563355400000000017e+01
1.818338000000000010e+00	2.572729400000000055e+01
1.822912000000000088e+00	2.585535000000000139e+01
1.826850000000000085e+00	2.602630399999999966e+01
1.830492000000000008e+00	2.624198900000000023e+01
1.834179999999999922e+00	2.650412000000000035e+01
1.838259000000000087e+00	2.681441099999999977e+01
1.843048000000000020e+00	2.717397100000000165e+01
1.848562000000000038e+00	2.757544299999999993e+01
1.854589999999999961e+00	2.800521699999999825e+01
1.860913000000000039e+00	2.844954099999999997e+01
1.867313999999999918e+00	2.889465999999999823e+01
1.873583999999999916e+00	2.932689999999999841e+01
1.879660000000000108e+00	2.973388699999999929e+01
1.885596000000000050e+00	3.010431600000000074e+01
1.891450999999999993e+00	3.042691200000000151e+01
1.897281999999999913e+00	3.069040000000000035e+01
1.903146999999999922e+00	3.088429199999999852e+01
1.909062999999999954e+00	3.101346500000000006e+01
1.915018000000000109e+00	3.109681199999999990e+01
1.920995999999999926e+00	3.115373800000000060e+01
1.926979999999999915e+00	3.120364800000000116e+01
1.932955999999999896e+00	3.126569200000000137e+01
1.938917999999999919e+00	3.135297399999999968e+01
1.944868999999999959e+00	3.147247399999999828e+01
1.950814000000000048e+00	3.163089899999999943e+01
1.956757999999999997e+00	3.183495699999999928e+01
1.962703000000000086e+00	3.209126799999999946e+01
1.968652000000000069e+00	3.240395000000000181e+01
1.974604000000000026e+00	3.277429800000000171e+01
1.980558000000000041e+00	3.320345999999999975e+01
1.986512000000000056e+00	3.369258299999999906e+01
1.992466000000000070e+00	3.424249100000000112e+01
1.998418000000000028e+00	3.484242299999999659e+01
2.004370000000000207e+00	3.546712300000000084e+01
2.010321999999999942e+00	3.609041799999999967e+01
2.016272999999999982e+00	3.668613400000000269e+01
2.022224000000000022e+00	3.722822800000000143e+01
2.028176000000000201e+00	3.769657600000000031e+01
2.034127999999999936e+00	3.807929299999999984e+01
2.040080000000000116e+00	3.836510499999999979e+01
2.046031999999999851e+00	3.854273599999999789e+01
2.051984000000000030e+00	3.860122899999999646e+01
2.057935000000000070e+00	3.854855200000000082e+01
2.063886999999999805e+00	3.842201299999999975e+01
2.069837999999999845e+00	3.826144200000000239e+01
2.075791000000000164e+00	3.810667000000000115e+01
2.081744000000000039e+00	3.799741099999999960e+01
2.087698000000000054e+00	3.796375199999999950e+01
2.093652000000000069e+00	3.801915199999999828e+01
2.099604999999999944e+00	3.817541599999999846e+01
2.105554999999999843e+00	3.844435000000000002e+01
2.111501000000000072e+00	3.883761700000000161e+01
2.117445000000000022e+00	3.934983600000000337e+01
2.123388999999999971e+00	3.994276500000000141e+01
2.129338000000000175e+00	4.057441399999999732e+01
2.135295999999999861e+00	4.120279399999999725e+01
2.141268000000000171e+00	4.178593500000000205e+01
2.147250999999999799e+00	4.228526600000000002e+01
2.153232000000000035e+00	4.266954299999999733e+01
2.159196000000000115e+00	4.290847899999999981e+01
2.165125000000000188e+00	4.297178300000000206e+01
2.171006000000000213e+00	4.282924299999999818e+01
2.176841000000000026e+00	4.247452599999999734e+01
2.182682999999999929e+00	4.195900100000000066e+01
2.188588999999999896e+00	4.134257999999999811e+01
2.194618000000000180e+00	4.068517500000000098e+01
2.200828000000000007e+00	4.004668300000000158e+01
2.207209999999999894e+00	3.947804500000000161e+01
2.213579000000000185e+00	3.900589500000000243e+01
2.219714999999999883e+00	3.865278800000000103e+01
2.225403000000000020e+00	3.844127799999999695e+01
2.230423000000000044e+00	3.839391599999999727e+01
2.234681000000000139e+00	3.852390299999999712e+01
2.238447999999999993e+00	3.881591999999999842e+01
2.242068000000000172e+00	3.924922800000000223e+01
2.245884000000000214e+00	3.980308500000000294e+01
2.250237999999999960e+00	4.045675200000000160e+01
2.255365999999999982e+00	4.118078799999999973e+01
2.261130000000000084e+00	4.191584600000000194e+01
2.267313000000000134e+00	4.259615199999999646e+01
2.273696000000000161e+00	4.315593199999999996e+01
2.280063999999999869e+00	4.352941400000000272e+01
2.286243999999999943e+00	4.367158200000000079e+01
2.292251999999999956e+00	4.361797800000000080e+01
2.298146000000000022e+00	4.342367999999999739e+01
2.303983000000000114e+00	4.314376800000000145e+01
2.309822000000000042e+00	4.283332000000000050e+01
2.315710999999999853e+00	4.253834100000000262e+01
2.321645999999999876e+00	4.226507800000000259e+01
2.327612999999999932e+00	4.200889099999999843e+01
2.333594999999999864e+00	4.176514499999999686e+01
2.339576999999999796e+00	4.152920000000000300e+01
2.345546999999999827e+00	4.129806399999999655e+01
2.351503999999999817e+00	4.107688499999999721e+01
2.357451999999999881e+00	4.087332399999999666e+01
2.363395999999999830e+00	4.069504200000000083e+01
2.369339000000000084e+00	4.054970300000000094e+01
2.375286000000000008e+00	4.044326199999999716e+01
2.381237000000000048e+00	4.037214099999999917e+01
2.387189999999999923e+00	4.032944299999999771e+01
2.393143999999999938e+00	4.030827000000000027e+01
2.399097999999999953e+00	4.030172400000000010e+01
2.405050999999999828e+00	4.030288900000000041e+01
2.411004000000000147e+00	4.030475799999999964e+01
2.416955999999999882e+00	4.030028399999999777e+01
2.422906999999999922e+00	4.028242099999999937e+01
2.428857999999999961e+00	4.024412199999999729e+01
2.434809000000000001e+00	4.018313500000000005e+01
2.440760000000000041e+00	4.013174300000000017e+01
2.446712000000000220e+00	4.013735700000000151e+01
2.452663999999999955e+00	4.024745399999999762e+01
2.458616999999999830e+00	4.050950999999999880e+01
2.464570999999999845e+00	4.096156400000000275e+01
2.470524999999999860e+00	4.156418399999999735e+01
2.476478000000000179e+00	4.223994600000000332e+01
2.482429999999999914e+00	4.291116199999999736e+01
2.488377999999999979e+00	4.350014800000000292e+01
2.494323000000000068e+00	4.393305999999999756e+01
2.500265999999999877e+00	4.417216599999999715e+01
2.506212000000000106e+00	4.419951900000000222e+01
2.512164999999999981e+00	4.399737400000000065e+01
2.518129000000000062e+00	4.354798799999999659e+01
2.524108000000000018e+00	4.283660299999999665e+01
2.530091999999999786e+00	4.188074399999999997e+01
2.536067000000000071e+00	4.071767200000000031e+01
2.542015999999999831e+00	3.938492699999999758e+01
2.547924000000000078e+00	3.792005100000000084e+01
2.553779000000000021e+00	3.636360899999999674e+01
2.559610000000000163e+00	3.479403500000000093e+01
2.565475000000000172e+00	3.331553699999999907e+01
2.571432000000000162e+00	3.203282300000000049e+01
2.577539999999999942e+00	3.105059800000000081e+01
2.583845999999999865e+00	3.046596399999999960e+01
2.590249000000000024e+00	3.026493100000000069e+01
2.596534000000000120e+00	3.034934300000000107e+01
2.602485000000000159e+00	3.061895700000000176e+01
2.607883000000000173e+00	3.097353000000000023e+01
2.612527000000000044e+00	3.131842100000000073e+01
2.616509000000000196e+00	3.165542599999999851e+01
2.620163999999999938e+00	3.206757400000000047e+01
2.623834000000000000e+00	3.264043099999999953e+01
2.627863000000000060e+00	3.345956499999999778e+01
2.632579999999999920e+00	3.460201500000000152e+01
2.638037000000000187e+00	3.597010199999999713e+01
2.644026000000000209e+00	3.730257399999999990e+01
2.650332000000000132e+00	3.833188299999999771e+01
2.656734000000000151e+00	3.879047700000000276e+01
2.663022999999999918e+00	3.842011699999999763e+01
2.669115000000000126e+00	3.719270600000000115e+01
2.675060999999999911e+00	3.531957299999999833e+01
2.680919999999999970e+00	3.302321100000000342e+01
2.686751000000000111e+00	3.052611399999999975e+01
2.692610999999999866e+00	2.804546500000000009e+01
2.698523999999999923e+00	2.563732699999999909e+01
2.704476000000000102e+00	2.317150000000000176e+01
2.710452000000000083e+00	2.050740400000000108e+01
2.716435999999999851e+00	1.750446099999999916e+01
2.722412999999999972e+00	1.402816100000000077e+01
2.728375999999999912e+00	1.017430099999999982e+01
2.734328000000000092e+00	6.334696000000000105e+00
2.740273999999999877e+00	2.920627999999999780e+00
2.746217000000000130e+00	3.433820000000000205e-01
2.752162000000000219e+00	-9.914300000000000335e-01
2.758110999999999979e+00	-9.545789999999999553e-01
2.764063000000000159e+00	1.879540000000000100e-01
2.770016000000000034e+00	2.139796000000000031e+00
2.775971000000000188e+00	4.604569999999999830e+00
2.781924000000000063e+00	7.285956999999999795e+00
2.787876999999999938e+00	9.891076999999999231e+00
2.793829000000000118e+00	1.213253500000000074e+01
2.799780999999999853e+00	1.372342599999999990e+01
2.805731999999999893e+00	1.437684299999999915e+01
2.811682999999999932e+00	1.380895600000000023e+01
2.817635000000000112e+00	1.201056799999999924e+01
2.823586999999999847e+00	9.460143000000000413e+00
2.829539000000000026e+00	6.686284999999999812e+00
2.835491000000000206e+00	4.217592999999999925e+00
2.841442999999999941e+00	2.580871000000000137e+00
2.847395000000000120e+00	2.068105000000000082e+00
2.853346999999999856e+00	2.505621999999999794e+00
2.859299000000000035e+00	3.664887999999999924e+00
2.865251000000000214e+00	5.317364999999999675e+00
2.871201999999999810e+00	7.235397999999999996e+00
2.877153999999999989e+00	9.373207000000000733e+00
2.883106000000000169e+00	1.208850799999999914e+01
2.889057999999999904e+00	1.579326299999999961e+01
2.895010000000000083e+00	2.089943299999999837e+01
2.900961999999999819e+00	2.781724900000000034e+01
2.906913999999999998e+00	3.632140299999999655e+01
2.912866000000000177e+00	4.460611300000000057e+01
2.918817999999999913e+00	5.062405799999999800e+01
2.924770000000000092e+00	5.232791699999999935e+01
2.930721000000000132e+00	4.767194400000000343e+01
2.936672999999999867e+00	3.585026500000000027e+01
2.942625000000000046e+00	1.952029699999999934e+01
2.948576999999999781e+00	1.939473999999999920e+00
2.954528999999999961e+00	-1.363476499999999980e+01
2.960481000000000140e+00	-2.394543300000000130e+01
2.966432999999999875e+00	-2.680336799999999897e+01
2.972385000000000055e+00	-2.337632999999999939e+01
2.978336999999999790e+00	-1.549004200000000075e+01
2.984288999999999970e+00	-4.970227000000000395e+00
2.990240000000000009e+00	6.357391999999999932e+00
2.996192000000000188e+00	1.666709200000000024e+01
3.002143999999999924e+00	2.413315100000000157e+01
3.008096000000000103e+00	2.692984699999999876e+01
3.014047999999999838e+00	2.323145500000000041e+01
3.020000000000000018e+00	1.121225399999999972e+01
