1.199999999999999956e-01	1.428509000000000029e+00
1.249780000000000058e-01	1.087923999999999891e+00
1.305999999999999939e-01	7.667310000000000514e-01
1.367059999999999942e-01	4.735570000000000057e-01
1.431360000000000132e-01	2.170279999999999987e-01
1.497320000000000040e-01	5.768999999999999823e-03
1.563350000000000017e-01	-1.515930000000000055e-01
1.627850000000000130e-01	-2.464310000000000112e-01
1.689219999999999888e-01	-2.701200000000000268e-01
1.745889999999999942e-01	-2.140330000000000010e-01
1.796250000000000069e-01	-6.954399999999999471e-02
1.839349999999999874e-01	1.670379999999999920e-01
1.877439999999999942e-01	4.742290000000000116e-01
1.913779999999999926e-01	8.225339999999999874e-01
1.951660000000000061e-01	1.182455999999999952e+00
1.994340000000000002e-01	1.524499000000000049e+00
2.044499999999999929e-01	1.817339999999999955e+00
2.101250000000000062e-01	2.019133000000000067e+00
2.162479999999999958e-01	2.084258000000000166e+00
2.226049999999999973e-01	1.967093999999999898e+00
2.289819999999999911e-01	1.622019000000000100e+00
2.351930000000000132e-01	1.022567999999999921e+00
2.412249999999999950e-01	2.676220000000000265e-01
2.471349999999999936e-01	-4.935289999999999955e-01
2.529799999999999827e-01	-1.111459999999999892e+00
2.588170000000000193e-01	-1.436746000000000079e+00
2.646970000000000156e-01	-1.345506000000000091e+00
2.706259999999999777e-01	-9.038810000000000455e-01
2.765880000000000005e-01	-2.636629999999999807e-01
2.825679999999999858e-01	4.229410000000000114e-01
2.885510000000000019e-01	1.003724000000000061e+00
2.945229999999999793e-01	1.343161999999999967e+00
3.004809999999999981e-01	1.447321000000000080e+00
3.064310000000000089e-01	1.393666000000000071e+00
3.123750000000000138e-01	1.260210000000000052e+00
3.183190000000000186e-01	1.124964999999999993e+00
3.242650000000000254e-01	1.059433000000000069e+00
3.302149999999999808e-01	1.071792000000000078e+00
3.361680000000000224e-01	1.134557000000000038e+00
3.421210000000000084e-01	1.219846999999999904e+00
3.480759999999999965e-01	1.299776999999999960e+00
3.540289999999999826e-01	1.348449999999999926e+00
3.599809999999999954e-01	1.362224000000000101e+00
3.659330000000000083e-01	1.351431999999999967e+00
3.718839999999999923e-01	1.326624000000000025e+00
3.778360000000000052e-01	1.298348999999999975e+00
3.837869999999999893e-01	1.276863999999999999e+00
3.897390000000000021e-01	1.268593000000000082e+00
3.956910000000000149e-01	1.277284000000000086e+00
4.016429999999999723e-01	1.306629000000000040e+00
4.075949999999999851e-01	1.360319999999999974e+00
4.135469999999999979e-01	1.441389999999999949e+00
4.194979999999999820e-01	1.542831999999999981e+00
4.254499999999999948e-01	1.649826000000000015e+00
4.314009999999999789e-01	1.747349000000000041e+00
4.373540000000000205e-01	1.820376999999999912e+00
4.433079999999999798e-01	1.854827999999999921e+00
4.492619999999999947e-01	1.853534000000000015e+00
4.552160000000000095e-01	1.833957000000000059e+00
4.611680000000000224e-01	1.814043000000000072e+00
4.671170000000000044e-01	1.811735000000000095e+00
4.730619999999999825e-01	1.844691999999999998e+00
4.790059999999999873e-01	1.924393999999999938e+00
4.849510000000000209e-01	2.056385000000000129e+00
4.909020000000000050e-01	2.245969999999999800e+00
4.968629999999999991e-01	2.498454000000000175e+00
5.028390000000000359e-01	2.818054000000000059e+00
5.088230000000000253e-01	3.180766999999999900e+00
5.148009999999999531e-01	3.532445000000000057e+00
5.207570000000000254e-01	3.817469000000000001e+00
5.266750000000000043e-01	3.980218999999999951e+00
5.325410000000000421e-01	3.966652999999999984e+00
5.383719999999999617e-01	3.773191000000000184e+00
5.442249999999999588e-01	3.456151000000000195e+00
5.501580000000000359e-01	3.075337000000000209e+00
5.562289999999999734e-01	2.690551000000000137e+00
5.624930000000000208e-01	2.361181000000000196e+00
5.688929999999999820e-01	2.129887000000000086e+00
5.752220000000000111e-01	2.017259000000000135e+00
5.812610000000000277e-01	2.042371000000000159e+00
5.867949999999999555e-01	2.224298999999999804e+00
5.916080000000000227e-01	2.581122999999999834e+00
5.957040000000000113e-01	3.079067000000000220e+00
5.993990000000000151e-01	3.608181000000000083e+00
6.030370000000000452e-01	4.052432999999999730e+00
6.069609999999999728e-01	4.295791000000000359e+00
6.115110000000000268e-01	4.223709000000000380e+00
6.168270000000000142e-01	3.825293999999999972e+00
6.227219999999999978e-01	3.259249000000000063e+00
6.289789999999999548e-01	2.699965000000000170e+00
6.353790000000000271e-01	2.321829000000000143e+00
6.417070000000000274e-01	2.297976999999999936e+00
6.478369999999999962e-01	2.679043000000000063e+00
6.538089999999999735e-01	3.292079999999999895e+00
6.596819999999999906e-01	3.940352999999999994e+00
6.655140000000000500e-01	4.427122999999999919e+00
6.713630000000000431e-01	4.556473999999999691e+00
6.772660000000000347e-01	4.252000999999999920e+00
6.832110000000000127e-01	3.680989999999999984e+00
6.891829999999999901e-01	3.040414999999999868e+00
6.951669999999999794e-01	2.527249999999999996e+00
7.011469999999999647e-01	2.338076000000000043e+00
7.071119999999999628e-01	2.577265999999999835e+00
7.130670000000000064e-01	3.138742000000000143e+00
7.190130000000000132e-01	3.887202999999999964e+00
7.249569999999999625e-01	4.687350999999999601e+00
7.309010000000000229e-01	5.403969000000000023e+00
7.368489999999999762e-01	5.939245999999999803e+00
7.428000000000000158e-01	6.291102000000000416e+00
7.487530000000000019e-01	6.472559000000000395e+00
7.547080000000000455e-01	6.496636999999999773e+00
7.606619999999999493e-01	6.376373000000000069e+00
7.666140000000000176e-01	6.140202999999999633e+00
7.725670000000000037e-01	5.860863000000000156e+00
7.785180000000000433e-01	5.619004000000000332e+00
7.844689999999999719e-01	5.495276999999999745e+00
7.904210000000000402e-01	5.570325000000000415e+00
7.963729999999999976e-01	5.891840000000000188e+00
8.023249999999999549e-01	6.400801000000000407e+00
8.082770000000000232e-01	7.016619000000000383e+00
8.142289999999999806e-01	7.658705999999999570e+00
8.201800000000000201e-01	8.246473999999999194e+00
8.261319999999999775e-01	8.714081999999999439e+00
8.320830000000000171e-01	9.049557000000000073e+00
8.380349999999999744e-01	9.253220999999999918e+00
8.439870000000000427e-01	9.325399000000000882e+00
8.499400000000000288e-01	9.266412000000000759e+00
8.558940000000000436e-01	9.090835999999999473e+00
8.618479999999999475e-01	8.872011999999999787e+00
8.678010000000000446e-01	8.698420999999999736e+00
8.737519999999999731e-01	8.658545999999999410e+00
8.797000000000000375e-01	8.840870999999999924e+00
8.856439999999999868e-01	9.306300999999999490e+00
8.915870000000000184e-01	9.987358000000000402e+00
8.975349999999999717e-01	1.077923299999999962e+01
9.034900000000000153e-01	1.157711499999999916e+01
9.094569999999999599e-01	1.227619100000000074e+01
9.154379999999999740e-01	1.278871099999999927e+01
9.214210000000000456e-01	1.311670600000000064e+01
9.273909999999999654e-01	1.329162499999999980e+01
9.333329999999999682e-01	1.334493400000000030e+01
9.392300000000000093e-01	1.330809900000000034e+01
9.450749999999999984e-01	1.321308699999999980e+01
9.509090000000000042e-01	1.309484499999999940e+01
9.567890000000000006e-01	1.298941800000000057e+01
9.627750000000000474e-01	1.293285299999999971e+01
9.689229999999999787e-01	1.296119900000000058e+01
9.752680000000000238e-01	1.309885200000000083e+01
9.816639999999999810e-01	1.329152500000000003e+01
9.878930000000000211e-01	1.345236399999999932e+01
9.937399999999999567e-01	1.349441400000000080e+01
9.989850000000000119e-01	1.333071699999999993e+01
1.003457999999999961e+00	1.289186499999999924e+01
1.007338000000000067e+00	1.224330400000000019e+01
1.010966000000000031e+00	1.151300400000000046e+01
1.014685999999999977e+00	1.082927800000000040e+01
1.018841000000000108e+00	1.032044100000000064e+01
1.023735000000000062e+00	1.009832100000000032e+01
1.029328999999999938e+00	1.013006200000000057e+01
1.035408000000000106e+00	1.030778899999999965e+01
1.041754000000000069e+00	1.052299299999999960e+01
1.048148999999999997e+00	1.066716399999999965e+01
1.054391999999999996e+00	1.064198700000000031e+01
1.060446000000000000e+00	1.045182900000000004e+01
1.066368999999999900e+00	1.016048800000000085e+01
1.072216999999999976e+00	9.832483999999999114e+00
1.078049000000000035e+00	9.532341000000000619e+00
1.083920999999999912e+00	9.320486999999999966e+00
1.089842999999999895e+00	9.209763999999999839e+00
1.095801999999999943e+00	9.182309999999999306e+00
1.101780999999999899e+00	9.219754000000000005e+00
1.107765000000000111e+00	9.303722999999999743e+00
1.113739999999999952e+00	9.416021999999999892e+00
1.119699999999999918e+00	9.540850999999999971e+00
1.125650000000000039e+00	9.664127000000000578e+00
1.131594999999999906e+00	9.771808000000000050e+00
1.137537999999999938e+00	9.849847999999999715e+00
1.143483999999999945e+00	9.885576999999999614e+00
1.149432999999999927e+00	9.888054000000000343e+00
1.155386000000000024e+00	9.883703999999999823e+00
1.161338999999999899e+00	9.899433999999999401e+00
1.167294000000000054e+00	9.962151999999999674e+00
1.173246999999999929e+00	1.009768599999999950e+01
1.179200000000000026e+00	1.031161400000000050e+01
1.185151999999999983e+00	1.059153000000000056e+01
1.191103000000000023e+00	1.092440000000000033e+01
1.197054000000000062e+00	1.129719500000000032e+01
1.203006000000000020e+00	1.169585900000000045e+01
1.208957999999999977e+00	1.208333299999999966e+01
1.214909999999999934e+00	1.239986099999999958e+01
1.220861999999999892e+00	1.258471899999999977e+01
1.226814000000000071e+00	1.257718799999999959e+01
1.232765000000000111e+00	1.232026800000000044e+01
1.238717000000000068e+00	1.185871999999999993e+01
1.244668000000000108e+00	1.134889399999999959e+01
1.250620000000000065e+00	1.095283900000000088e+01
1.256572000000000022e+00	1.083259999999999934e+01
1.262526000000000037e+00	1.114585899999999974e+01
1.268480000000000052e+00	1.190251499999999929e+01
1.274434000000000067e+00	1.293233700000000042e+01
1.280386000000000024e+00	1.405417699999999925e+01
1.286335999999999924e+00	1.508688700000000082e+01
1.292281999999999931e+00	1.585182999999999964e+01
1.298224999999999962e+00	1.627805800000000147e+01
1.304170000000000051e+00	1.644059199999999876e+01
1.310119999999999951e+00	1.642484899999999826e+01
1.316079999999999917e+00	1.631624499999999856e+01
1.322052999999999923e+00	1.619944800000000029e+01
1.328036999999999912e+00	1.611744399999999899e+01
1.334017000000000008e+00	1.605032599999999832e+01
1.339976000000000056e+00	1.597297099999999936e+01
1.345900000000000096e+00	1.586025899999999922e+01
1.351774000000000031e+00	1.568751499999999943e+01
1.357607000000000008e+00	1.546397200000000005e+01
1.363453000000000026e+00	1.525586299999999973e+01
1.369372000000000034e+00	1.513488599999999984e+01
1.375421999999999922e+00	1.517273699999999970e+01
1.381658999999999970e+00	1.544043399999999977e+01
1.388052000000000064e+00	1.593624200000000002e+01
1.394403000000000059e+00	1.652193300000000065e+01
1.400492999999999988e+00	1.704424699999999859e+01
1.406104999999999938e+00	1.734992199999999940e+01
1.411021999999999998e+00	1.728636099999999942e+01
1.415195999999999898e+00	1.680836100000000144e+01
1.418924000000000074e+00	1.609592699999999965e+01
1.422549999999999981e+00	1.535742499999999922e+01
1.426417000000000046e+00	1.480121800000000043e+01
1.430868000000000029e+00	1.463528900000000021e+01
1.436091000000000006e+00	1.496422500000000078e+01
1.441923000000000066e+00	1.564981500000000025e+01
1.448144000000000098e+00	1.651903199999999927e+01
1.454538000000000109e+00	1.739884999999999948e+01
1.460887000000000047e+00	1.811635300000000015e+01
1.467041999999999957e+00	1.855615299999999834e+01
1.473030999999999979e+00	1.875444800000000001e+01
1.478914000000000062e+00	1.877210600000000085e+01
1.484749000000000096e+00	1.866999699999999862e+01
1.490591999999999917e+00	1.850898600000000016e+01
1.496488000000000040e+00	1.834252000000000038e+01
1.502428000000000097e+00	1.820207600000000170e+01
1.508397999999999906e+00	1.811508399999999952e+01
1.514380999999999977e+00	1.810897200000000140e+01
1.520361999999999991e+00	1.821116299999999910e+01
1.526329999999999965e+00	1.843246099999999998e+01
1.532284999999999897e+00	1.872818699999999836e+01
1.538232999999999961e+00	1.904210600000000042e+01
1.544175999999999993e+00	1.931798200000000065e+01
1.550119999999999942e+00	1.949957699999999861e+01
1.556068000000000007e+00	1.954836699999999894e+01
1.562019000000000046e+00	1.949250100000000074e+01
1.567971999999999921e+00	1.937581899999999990e+01
1.573925999999999936e+00	1.924216099999999940e+01
1.579879999999999951e+00	1.913536500000000018e+01
1.585833000000000048e+00	1.909345700000000079e+01
1.591785000000000005e+00	1.912975799999999893e+01
1.597736999999999963e+00	1.925102499999999850e+01
1.603688000000000002e+00	1.946401499999999984e+01
1.609639000000000042e+00	1.977548600000000079e+01
1.615590999999999999e+00	2.018226100000000045e+01
1.621542999999999957e+00	2.063348600000000133e+01
1.627494999999999914e+00	2.106401800000000080e+01
1.633447000000000093e+00	2.140871299999999877e+01
1.639399000000000051e+00	2.160242699999999871e+01
1.645350000000000090e+00	2.159543899999999894e+01
1.651302000000000048e+00	2.142170600000000036e+01
1.657253000000000087e+00	2.114342800000000011e+01
1.663205000000000044e+00	2.082282800000000123e+01
1.669157999999999920e+00	2.052212899999999962e+01
1.675111999999999934e+00	2.029841199999999901e+01
1.681065999999999949e+00	2.017716400000000121e+01
1.687019000000000046e+00	2.017188300000000112e+01
1.692971000000000004e+00	2.029604099999999889e+01
1.698919000000000068e+00	2.056311300000000131e+01
1.704863000000000017e+00	2.098244199999999893e+01
1.710806999999999967e+00	2.153456699999999913e+01
1.716752999999999973e+00	2.218776000000000082e+01
1.722706999999999988e+00	2.291024799999999928e+01
1.728671999999999986e+00	2.367025699999999944e+01
1.734652000000000083e+00	2.443541700000000105e+01
1.740636000000000072e+00	2.516861099999999851e+01
1.746609000000000078e+00	2.583046200000000070e+01
1.752555000000000085e+00	2.638157599999999903e+01
1.758458000000000077e+00	2.678256100000000117e+01
1.764308999999999905e+00	2.700093599999999938e+01
1.770140999999999964e+00	2.706698599999999999e+01
1.776011999999999924e+00	2.704444900000000018e+01
1.781979999999999897e+00	2.699737500000000168e+01
1.788105000000000055e+00	2.698981699999999861e+01
1.794426999999999994e+00	2.707968699999999984e+01
1.800829000000000013e+00	2.726087300000000013e+01
1.807091999999999921e+00	2.748917600000000050e+01
1.813002000000000002e+00	2.771989599999999854e+01
1.818338000000000010e+00	2.790833100000000044e+01
1.822912000000000088e+00	2.801480499999999907e+01
1.826850000000000085e+00	2.806023799999999824e+01
1.830492000000000008e+00	2.810572000000000159e+01
1.834179999999999922e+00	2.821305699999999916e+01
1.838259000000000087e+00	2.844405300000000025e+01
1.843048000000000020e+00	2.885421099999999939e+01
1.848562000000000038e+00	2.941044199999999975e+01
1.854589999999999961e+00	3.001431099999999930e+01
1.860913000000000039e+00	3.056585700000000116e+01
1.867313999999999918e+00	3.096511999999999887e+01
1.873583999999999916e+00	3.111908199999999880e+01
1.879660000000000108e+00	3.104929800000000029e+01
1.885596000000000050e+00	3.087131700000000123e+01
1.891450999999999993e+00	3.070346699999999984e+01
1.897281999999999913e+00	3.066407399999999939e+01
1.903146999999999922e+00	3.086557799999999929e+01
1.909062999999999954e+00	3.130507499999999865e+01
1.915018000000000109e+00	3.187448200000000043e+01
1.920995999999999926e+00	3.246186800000000261e+01
1.926979999999999915e+00	3.295529899999999657e+01
1.932955999999999896e+00	3.324700099999999736e+01
1.938917999999999919e+00	3.332709100000000291e+01
1.944868999999999959e+00	3.328488399999999814e+01
1.950814000000000048e+00	3.321410800000000307e+01
1.956757999999999997e+00	3.320849100000000220e+01
1.962703000000000086e+00	3.335951399999999722e+01
1.968652000000000069e+00	3.369399299999999897e+01
1.974604000000000026e+00	3.416592800000000096e+01
1.980558000000000041e+00	3.472543799999999692e+01
1.986512000000000056e+00	3.532264200000000187e+01
1.992466000000000070e+00	3.590832900000000194e+01
1.998418000000000028e+00	3.645739499999999822e+01
2.004370000000000207e+00	3.697490499999999969e+01
2.010321999999999942e+00	3.746782699999999977e+01
2.016272999999999982e+00	3.794313199999999853e+01
2.022224000000000022e+00	3.840751000000000204e+01
2.028176000000000201e+00	3.885493400000000008e+01
2.034127999999999936e+00	3.926166400000000323e+01
2.040080000000000116e+00	3.960265299999999655e+01
2.046031999999999851e+00	3.985285300000000319e+01
2.051984000000000030e+00	3.998761199999999860e+01
2.057935000000000070e+00	4.000613200000000091e+01
2.063886999999999805e+00	3.994458399999999898e+01
2.069837999999999845e+00	3.984231799999999879e+01
2.075791000000000164e+00	3.973868600000000129e+01
2.081744000000000039e+00	3.967288700000000290e+01
2.087698000000000054e+00	3.967162400000000133e+01
2.093652000000000069e+00	3.974001299999999759e+01
2.099604999999999944e+00	3.988102599999999853e+01
2.105554999999999843e+00	4.009763499999999681e+01
2.111501000000000072e+00	4.039282899999999898e+01
2.117445000000000022e+00	4.077148600000000300e+01
2.123388999999999971e+00	4.124213400000000007e+01
2.129338000000000175e+00	4.181371599999999944e+01
2.135295999999999861e+00	4.249517500000000325e+01
2.141268000000000171e+00	4.329520399999999825e+01
2.147250999999999799e+00	4.417695400000000205e+01
2.153232000000000035e+00	4.500535299999999950e+01
2.159196000000000115e+00	4.563254599999999783e+01
2.165125000000000188e+00	4.591067999999999927e+01
2.171006000000000213e+00	4.569220500000000129e+01
2.176841000000000026e+00	4.492498400000000203e+01
2.182682999999999929e+00	4.378743699999999706e+01
2.188588999999999896e+00	4.249211400000000083e+01
2.194618000000000180e+00	4.125156799999999890e+01
2.200828000000000007e+00	4.027823800000000176e+01
2.207209999999999894e+00	3.971185499999999990e+01
2.213579000000000185e+00	3.949492500000000206e+01
2.219714999999999883e+00	3.953682799999999986e+01
2.225403000000000020e+00	3.974694499999999664e+01
2.230423000000000044e+00	4.003466999999999842e+01
2.234681000000000139e+00	4.033293799999999862e+01
2.238447999999999993e+00	4.064651500000000084e+01
2.242068000000000172e+00	4.099381999999999948e+01
2.245884000000000214e+00	4.139327300000000065e+01
2.250237999999999960e+00	4.186329299999999876e+01
2.255365999999999982e+00	4.240878800000000126e+01
2.261130000000000084e+00	4.298820400000000319e+01
2.267313000000000134e+00	4.355000799999999828e+01
2.273696000000000161e+00	4.404266700000000156e+01
2.280063999999999869e+00	4.441464599999999763e+01
2.286243999999999943e+00	4.463002000000000180e+01
2.292251999999999956e+00	4.471342500000000086e+01
2.298146000000000022e+00	4.470418899999999951e+01
2.303983000000000114e+00	4.464163700000000290e+01
2.309822000000000042e+00	4.456509799999999899e+01
2.315710999999999853e+00	4.450004100000000307e+01
2.321645999999999876e+00	4.441123300000000285e+01
2.327612999999999932e+00	4.424682500000000118e+01
2.333594999999999864e+00	4.395496399999999682e+01
2.339576999999999796e+00	4.348380099999999970e+01
2.345546999999999827e+00	4.280603500000000139e+01
2.351503999999999817e+00	4.201585699999999690e+01
2.357451999999999881e+00	4.124496899999999755e+01
2.363395999999999830e+00	4.062508100000000155e+01
2.369339000000000084e+00	4.028790399999999750e+01
2.375286000000000008e+00	4.033480399999999833e+01
2.381237000000000048e+00	4.069733599999999996e+01
2.387189999999999923e+00	4.124802300000000344e+01
2.393143999999999938e+00	4.185932700000000040e+01
2.399097999999999953e+00	4.240371199999999874e+01
2.405050999999999828e+00	4.277018300000000295e+01
2.411004000000000147e+00	4.295262900000000172e+01
2.416955999999999882e+00	4.298591100000000154e+01
2.422906999999999922e+00	4.290498800000000301e+01
2.428857999999999961e+00	4.274481500000000267e+01
2.434809000000000001e+00	4.254184500000000213e+01
2.440760000000000041e+00	4.234330200000000133e+01
2.446712000000000220e+00	4.220112900000000167e+01
2.452663999999999955e+00	4.216728799999999922e+01
2.458616999999999830e+00	4.229374299999999920e+01
2.464570999999999845e+00	4.262339399999999756e+01
2.470524999999999860e+00	4.312475599999999787e+01
2.476478000000000179e+00	4.372986099999999965e+01
2.482429999999999914e+00	4.437049199999999871e+01
2.488377999999999979e+00	4.497843100000000049e+01
2.494323000000000068e+00	4.548559199999999691e+01
2.500265999999999877e+00	4.582512899999999689e+01
2.506212000000000106e+00	4.593087599999999782e+01
2.512164999999999981e+00	4.573667199999999866e+01
2.518129000000000062e+00	4.517635800000000046e+01
2.524108000000000018e+00	4.419306600000000174e+01
2.530091999999999786e+00	4.283039300000000082e+01
2.536067000000000071e+00	4.119334099999999665e+01
2.542015999999999831e+00	3.938778800000000047e+01
2.547924000000000078e+00	3.751961699999999666e+01
2.553779000000000021e+00	3.569407799999999753e+01
2.559610000000000163e+00	3.400853699999999691e+01
2.565475000000000172e+00	3.255498899999999907e+01
2.571432000000000162e+00	3.142532800000000037e+01
2.577539999999999942e+00	3.071144900000000177e+01
2.583845999999999865e+00	3.049578199999999839e+01
2.590249000000000024e+00	3.072253299999999854e+01
2.596534000000000120e+00	3.123118399999999895e+01
2.602485000000000159e+00	3.185862099999999941e+01
2.607883000000000173e+00	3.244172600000000273e+01
2.612527000000000044e+00	3.282755800000000335e+01
2.616509000000000196e+00	3.303820699999999988e+01
2.620163999999999938e+00	3.324321499999999929e+01
2.623834000000000000e+00	3.361672699999999736e+01
2.627863000000000060e+00	3.433289099999999650e+01
2.632579999999999920e+00	3.555327499999999930e+01
2.638037000000000187e+00	3.718179599999999851e+01
2.644026000000000209e+00	3.888114099999999951e+01
2.650332000000000132e+00	4.030471299999999957e+01
2.656734000000000151e+00	4.110591600000000057e+01
2.663022999999999918e+00	4.094992299999999830e+01
2.669115000000000126e+00	3.979293700000000200e+01
2.675060999999999911e+00	3.789392200000000344e+01
2.680919999999999970e+00	3.552596299999999729e+01
2.686751000000000111e+00	3.296214499999999958e+01
2.692610999999999866e+00	3.046867999999999910e+01
2.698523999999999923e+00	2.810332599999999914e+01
2.704476000000000102e+00	2.568285200000000046e+01
2.710452000000000083e+00	2.301060199999999867e+01
2.716435999999999851e+00	1.988992000000000004e+01
2.722412999999999972e+00	1.613174100000000166e+01
2.728375999999999912e+00	1.183523600000000009e+01
2.734328000000000092e+00	7.470038999999999874e+00
2.740273999999999877e+00	3.530152000000000179e+00
2.746217000000000130e+00	5.095750000000000002e-01
2.752162000000000219e+00	-1.104308999999999985e+00
2.758110999999999979e+00	-1.146635000000000071e+00
2.764063000000000159e+00	8.628299999999999859e-02
2.770016000000000034e+00	2.262661000000000033e+00
2.775971000000000188e+00	5.050716999999999679e+00
2.781924000000000063e+00	8.118553000000000353e+00
2.787876999999999938e+00	1.112693400000000032e+01
2.793829000000000118e+00	1.372493200000000080e+01
2.799780999999999853e+00	1.556058100000000088e+01
2.805731999999999893e+00	1.628191100000000091e+01
2.811682999999999932e+00	1.554076700000000066e+01
2.817635000000000112e+00	1.332955199999999962e+01
2.823586999999999847e+00	1.024539399999999922e+01
2.829539000000000026e+00	6.947589999999999932e+00
2.835491000000000206e+00	4.095437000000000438e+00
2.841442999999999941e+00	2.345826000000000189e+00
2.847395000000000120e+00	2.041351000000000138e+00
2.853346999999999856e+00	2.901342999999999783e+00
2.859299000000000035e+00	4.571697000000000344e+00
2.865251000000000214e+00	6.698305999999999649e+00
2.871201999999999810e+00	8.928247999999999962e+00
2.877153999999999989e+00	1.115285800000000016e+01
2.883106000000000169e+00	1.380536999999999992e+01
2.889057999999999904e+00	1.739186899999999980e+01
2.895010000000000083e+00	2.241843700000000084e+01
2.900961999999999819e+00	2.938928200000000146e+01
2.906913999999999998e+00	3.811950999999999823e+01
2.912866000000000177e+00	4.671055499999999938e+01
2.918817999999999913e+00	5.300195500000000237e+01
2.924770000000000092e+00	5.483324900000000213e+01
2.930721000000000132e+00	5.004562200000000161e+01
2.936672999999999867e+00	3.777866699999999867e+01
2.942625000000000046e+00	2.079875699999999838e+01
2.948576999999999781e+00	2.500611999999999835e+00
2.954528999999999961e+00	-1.372104799999999969e+01
2.960481000000000140e+00	-2.447196800000000039e+01
2.966432999999999875e+00	-2.746903000000000006e+01
2.972385000000000055e+00	-2.392218899999999948e+01
2.978336999999999790e+00	-1.572604600000000019e+01
2.984288999999999970e+00	-4.775203999999999560e+00
2.990240000000000009e+00	7.035734999999999850e+00
2.996192000000000188e+00	1.781217099999999931e+01
3.002143999999999924e+00	2.565950000000000131e+01
3.008096000000000103e+00	2.868311999999999884e+01
3.014047999999999838e+00	2.498843000000000103e+01
3.020000000000000018e+00	1.268082799999999999e+01
