1.199999999999999956e-01	-7.770635001833281486e-01
1.249780000000000058e-01	-1.849599597956576247e+00
1.305999999999999939e-01	-1.509597568005837775e+00
1.367059999999999942e-01	-1.120754196451921425e+00
1.431360000000000132e-01	-1.627017485446399236e-01
1.497320000000000040e-01	1.100327349607516103e-01
1.563350000000000017e-01	-7.439946716557663264e-02
1.627850000000000130e-01	1.181815256030348316e+00
1.689219999999999888e-01	9.050415861901857095e-01
1.745889999999999942e-01	1.773012680704243227e+00
1.796250000000000069e-01	1.177498440870907714e+00
1.839349999999999874e-01	1.319249909800647824e+00
1.877439999999999942e-01	4.502810325330226515e-01
1.913779999999999926e-01	3.153901842598390015e-01
1.951660000000000061e-01	2.120177729240738107e-02
1.994340000000000002e-01	-4.885280748819946783e-01
2.044499999999999929e-01	2.187312871272857895e-01
2.101250000000000062e-01	5.112690346059145519e-01
2.162479999999999958e-01	8.450174140477384466e-01
2.226049999999999973e-01	1.089251309388933553e+00
2.289819999999999911e-01	9.189952506660374887e-01
2.351930000000000132e-01	1.037177547738844741e+00
2.412249999999999950e-01	-3.007408522646121130e-02
2.471349999999999936e-01	-9.717132059966879232e-02
2.529799999999999827e-01	1.882609200365248370e-02
2.588170000000000193e-01	6.822124637284610049e-01
2.646970000000000156e-01	1.204984235402416282e+00
2.706259999999999777e-01	2.403141952347059185e+00
2.765880000000000005e-01	3.382158500942840540e+00
2.825679999999999858e-01	5.122045756674564743e+00
2.885510000000000019e-01	5.708212663396754039e+00
2.945229999999999793e-01	5.081260008855998933e+00
3.004809999999999981e-01	3.766281024227794205e+00
3.064310000000000089e-01	2.232753159420790112e+00
3.123750000000000138e-01	9.950462625215747980e-01
3.183190000000000186e-01	-9.617054022291993132e-01
3.242650000000000254e-01	-3.740882200985052863e-01
3.302149999999999808e-01	6.675714444199839503e-01
3.361680000000000224e-01	1.610131569280373043e+00
3.421210000000000084e-01	2.238909958996019078e+00
3.480759999999999965e-01	2.079046749077953393e+00
3.540289999999999826e-01	2.726623963433138620e+00
3.599809999999999954e-01	7.384287345070310593e-01
3.659330000000000083e-01	6.228960631137707704e-01
3.718839999999999923e-01	-4.784500010322656482e-02
3.778360000000000052e-01	-5.296832175778063423e-01
3.837869999999999893e-01	-7.348868459379300777e-01
3.897390000000000021e-01	8.000777244535210997e-01
3.956910000000000149e-01	1.506210806503220478e+00
4.016429999999999723e-01	3.033493807215568161e+00
4.075949999999999851e-01	4.636790709982561154e+00
4.135469999999999979e-01	5.096943709968873470e+00
4.194979999999999820e-01	5.265059268232697320e+00
4.254499999999999948e-01	4.136346635519240422e+00
4.314009999999999789e-01	4.725685776915174330e+00
4.373540000000000205e-01	3.544730151355842462e+00
4.433079999999999798e-01	2.659396954615393494e+00
4.492619999999999947e-01	2.827095179627759691e+00
4.552160000000000095e-01	3.032337318533562254e+00
4.611680000000000224e-01	2.503436951499926622e+00
4.671170000000000044e-01	3.418209078955888991e+00
4.730619999999999825e-01	2.084495678468368141e+00
4.790059999999999873e-01	2.138787119731171860e+00
4.849510000000000209e-01	1.533708792398460474e+00
4.909020000000000050e-01	1.831405874992608096e+00
4.968629999999999991e-01	9.588164503795012505e-01
5.028390000000000359e-01	1.630725171037213261e+00
5.088230000000000253e-01	2.770507446390872097e+00
5.148009999999999531e-01	2.922940632809873041e+00
5.207570000000000254e-01	3.521291929027932976e+00
5.266750000000000043e-01	3.787590957943189007e+00
5.325410000000000421e-01	4.070326549748163103e+00
5.383719999999999617e-01	4.403014473107909055e+00
5.442249999999999588e-01	3.721068276153709942e+00
5.501580000000000359e-01	4.203377357303188511e+00
5.562289999999999734e-01	4.443517245601528387e+00
5.624930000000000208e-01	4.108839888090880521e+00
5.688929999999999820e-01	3.570889560140274810e+00
5.752220000000000111e-01	3.560713501637615686e+00
5.812610000000000277e-01	4.999795720386680742e+00
5.867949999999999555e-01	3.663119827494885072e+00
5.916080000000000227e-01	4.199132121100410231e+00
5.957040000000000113e-01	4.111900293355806646e+00
5.993990000000000151e-01	3.132659206577841360e+00
6.030370000000000452e-01	2.366973549227825213e+00
6.069609999999999728e-01	3.742078283679590278e+00
6.115110000000000268e-01	2.257360612758384733e+00
6.168270000000000142e-01	2.822746995323793584e+00
6.227219999999999978e-01	3.580071751236379995e+00
6.289789999999999548e-01	3.049693523673928208e+00
6.353790000000000271e-01	3.405673064228543545e+00
6.417070000000000274e-01	3.041545252537095401e+00
6.478369999999999962e-01	3.315608880214732768e+00
6.538089999999999735e-01	3.295607935749456541e+00
6.596819999999999906e-01	3.423132176440840002e+00
6.655140000000000500e-01	3.401627601594301442e+00
6.713630000000000431e-01	3.153195185059785466e+00
6.772660000000000347e-01	3.559662913777084547e+00
6.832110000000000127e-01	4.090934436471517444e+00
6.891829999999999901e-01	3.892753099939509021e+00
6.951669999999999794e-01	3.883323282256361697e+00
7.011469999999999647e-01	3.975139879882204852e+00
7.071119999999999628e-01	4.304686143302471457e+00
7.130670000000000064e-01	3.830340595745286958e+00
7.190130000000000132e-01	5.266637859054781323e+00
7.249569999999999625e-01	5.305352501683104016e+00
7.309010000000000229e-01	6.051440780271469144e+00
7.368489999999999762e-01	5.002222409505561629e+00
7.428000000000000158e-01	5.574403093295769551e+00
7.487530000000000019e-01	5.308057192518186085e+00
7.547080000000000455e-01	6.100547911781566413e+00
7.606619999999999493e-01	4.758352163976313776e+00
7.666140000000000176e-01	5.236405953199112062e+00
7.725670000000000037e-01	4.335538433238259159e+00
7.785180000000000433e-01	5.572876575775056018e+00
7.844689999999999719e-01	6.497895285951779343e+00
7.904210000000000402e-01	7.522688668666621226e+00
7.963729999999999976e-01	7.875262982675263146e+00
8.023249999999999549e-01	9.208859529549354050e+00
8.082770000000000232e-01	9.403945075690186783e+00
8.142289999999999806e-01	1.029600860997567757e+01
8.201800000000000201e-01	1.070582110900833328e+01
8.261319999999999775e-01	1.035511067120792994e+01
8.320830000000000171e-01	8.515867055293588450e+00
8.380349999999999744e-01	8.298949843410223792e+00
8.439870000000000427e-01	7.564886159011045663e+00
8.499400000000000288e-01	7.706064778981100538e+00
8.558940000000000436e-01	7.805549333378516863e+00
8.618479999999999475e-01	8.628316805842434434e+00
8.678010000000000446e-01	1.002193279575993756e+01
8.737519999999999731e-01	1.164506099596748179e+01
8.797000000000000375e-01	1.252191974517938533e+01
8.856439999999999868e-01	1.252490529327786994e+01
8.915870000000000184e-01	1.268518136814705954e+01
8.975349999999999717e-01	1.257889325837394345e+01
9.034900000000000153e-01	1.274517440988925543e+01
9.094569999999999599e-01	1.187637381364713285e+01
9.154379999999999740e-01	1.235974272203372237e+01
9.214210000000000456e-01	1.348518392349732231e+01
9.273909999999999654e-01	1.446298107538210687e+01
9.333329999999999682e-01	1.445970217271825931e+01
9.392300000000000093e-01	1.528295058126338191e+01
9.450749999999999984e-01	1.493790902978807189e+01
9.509090000000000042e-01	1.522791412499151775e+01
9.567890000000000006e-01	1.449290720419160472e+01
9.627750000000000474e-01	1.433326201001525213e+01
9.689229999999999787e-01	1.330766977693807718e+01
9.752680000000000238e-01	1.272457006241285704e+01
9.816639999999999810e-01	1.241075855664259286e+01
9.878930000000000211e-01	1.172072749651552037e+01
9.937399999999999567e-01	1.197446232301254732e+01
9.989850000000000119e-01	1.208132335545760405e+01
1.003457999999999961e+00	1.191897722614580246e+01
1.007338000000000067e+00	1.103000373017417424e+01
1.010966000000000031e+00	1.112417540707939168e+01
1.014685999999999977e+00	9.630072250518539434e+00
1.018841000000000108e+00	1.002009643954381168e+01
1.023735000000000062e+00	8.535309859168778601e+00
1.029328999999999938e+00	9.975940752753842844e+00
1.035408000000000106e+00	9.424092650240293523e+00
1.041754000000000069e+00	9.719728884040964800e+00
1.048148999999999997e+00	9.650030599439125112e+00
1.054391999999999996e+00	9.523727702488043789e+00
1.060446000000000000e+00	8.655449597973257525e+00
1.066368999999999900e+00	8.745153513893049180e+00
1.072216999999999976e+00	7.769854008168995740e+00
1.078049000000000035e+00	7.761860318741756970e+00
1.083920999999999912e+00	8.491458368305197624e+00
1.089842999999999895e+00	9.047029868707543443e+00
1.095801999999999943e+00	9.651953354464282597e+00
1.101780999999999899e+00	1.072036699756414357e+01
1.107765000000000111e+00	1.126905551087088853e+01
1.113739999999999952e+00	1.115067908524378382e+01
1.119699999999999918e+00	1.251629010891951133e+01
1.125650000000000039e+00	1.197496487880530047e+01
1.131594999999999906e+00	1.231159991326838465e+01
1.137537999999999938e+00	1.234226846203005579e+01
1.143483999999999945e+00	1.135321751428077164e+01
1.149432999999999927e+00	1.224142247702200059e+01
1.155386000000000024e+00	9.827671415975270719e+00
1.161338999999999899e+00	9.634068352087949094e+00
1.167294000000000054e+00	9.288527652761048969e+00
1.173246999999999929e+00	9.600847467361649734e+00
1.179200000000000026e+00	9.424676527508564661e+00
1.185151999999999983e+00	9.433706106929033552e+00
1.191103000000000023e+00	9.329025079181286983e+00
1.197054000000000062e+00	1.041417225319302808e+01
1.203006000000000020e+00	1.030125777698678924e+01
1.208957999999999977e+00	1.121793041844390970e+01
1.214909999999999934e+00	1.149030064853415212e+01
1.220861999999999892e+00	1.195263077338930557e+01
1.226814000000000071e+00	1.166158130044954078e+01
1.232765000000000111e+00	1.203084746801163440e+01
1.238717000000000068e+00	1.287258592177155236e+01
1.244668000000000108e+00	1.134559996402441229e+01
1.250620000000000065e+00	1.160385354075825148e+01
1.256572000000000022e+00	1.230303418742314392e+01
1.262526000000000037e+00	1.211002057071789118e+01
1.268480000000000052e+00	1.248241250140655012e+01
1.274434000000000067e+00	1.394845321320809894e+01
1.280386000000000024e+00	1.349924913038169549e+01
1.286335999999999924e+00	1.506599232836454938e+01
1.292281999999999931e+00	1.521270396313675022e+01
1.298224999999999962e+00	1.433710358037035348e+01
1.304170000000000051e+00	1.382105848271815240e+01
1.310119999999999951e+00	1.387944608506095001e+01
1.316079999999999917e+00	1.324328857034793749e+01
1.322052999999999923e+00	1.300493134062521960e+01
1.328036999999999912e+00	1.344914445547119541e+01
1.334017000000000008e+00	1.379573081394919143e+01
1.339976000000000056e+00	1.427358606409617536e+01
1.345900000000000096e+00	1.485714400971222737e+01
1.351774000000000031e+00	1.588268730650553273e+01
1.357607000000000008e+00	1.658652890235151389e+01
1.363453000000000026e+00	1.765811442090232575e+01
1.369372000000000034e+00	1.869815742977843698e+01
1.375421999999999922e+00	1.834024678750387238e+01
1.381658999999999970e+00	1.942644942598118263e+01
1.388052000000000064e+00	1.795717645041295896e+01
1.394403000000000059e+00	1.754184286595940279e+01
1.400492999999999988e+00	1.677584531736239271e+01
1.406104999999999938e+00	1.625674519569158960e+01
1.411021999999999998e+00	1.543131729510035122e+01
1.415195999999999898e+00	1.665639506667164582e+01
1.418924000000000074e+00	1.662238122333056722e+01
1.422549999999999981e+00	1.629466537614130672e+01
1.426417000000000046e+00	1.704765476986008110e+01
1.430868000000000029e+00	1.752117368395823505e+01
1.436091000000000006e+00	1.708632049896915106e+01
1.441923000000000066e+00	1.757864394838401623e+01
1.448144000000000098e+00	1.833750155415539140e+01
1.454538000000000109e+00	1.793412730477389161e+01
1.460887000000000047e+00	1.829331498752594598e+01
1.467041999999999957e+00	1.784946880417480841e+01
1.473030999999999979e+00	1.916440116397799187e+01
1.478914000000000062e+00	2.022514567689614395e+01
1.484749000000000096e+00	1.949984919410796991e+01
1.490591999999999917e+00	1.956983873078574732e+01
1.496488000000000040e+00	2.007507929499275434e+01
1.502428000000000097e+00	1.870278023150153501e+01
1.508397999999999906e+00	1.781293815903597988e+01
1.514380999999999977e+00	1.724133737411137801e+01
1.520361999999999991e+00	1.803123264323626529e+01
1.526329999999999965e+00	1.714889262389958802e+01
1.532284999999999897e+00	1.874345058442770906e+01
1.538232999999999961e+00	1.929418004228057271e+01
1.544175999999999993e+00	2.073507767880403918e+01
1.550119999999999942e+00	2.101415536222858904e+01
1.556068000000000007e+00	2.030173249866517438e+01
1.562019000000000046e+00	1.978936293797533352e+01
1.567971999999999921e+00	1.844878016813705202e+01
1.573925999999999936e+00	1.879139681989189015e+01
1.579879999999999951e+00	1.799045755764092291e+01
1.585833000000000048e+00	1.811556300362465777e+01
1.591785000000000005e+00	1.897100356373942276e+01
1.597736999999999963e+00	1.986355441854227166e+01
1.603688000000000002e+00	1.989752810193942167e+01
1.609639000000000042e+00	2.077753736351870018e+01
1.615590999999999999e+00	2.158168104107878449e+01
1.621542999999999957e+00	2.149794610185288946e+01
1.627494999999999914e+00	2.007187614700882961e+01
1.633447000000000093e+00	2.150901233607545393e+01
1.639399000000000051e+00	2.067677520250025580e+01
1.645350000000000090e+00	2.134506676658985569e+01
1.651302000000000048e+00	2.057919906591274284e+01
1.657253000000000087e+00	2.260521810396552311e+01
1.663205000000000044e+00	2.196056187460540698e+01
1.669157999999999920e+00	2.179521205800969597e+01
1.675111999999999934e+00	2.179946765841638978e+01
1.681065999999999949e+00	2.214618865967409533e+01
1.687019000000000046e+00	2.185009121225292361e+01
1.692971000000000004e+00	2.207053141025399157e+01
1.698919000000000068e+00	2.166622603190796426e+01
1.704863000000000017e+00	2.285446230563261594e+01
1.710806999999999967e+00	2.331909465487274602e+01
1.716752999999999973e+00	2.351787287358128609e+01
1.722706999999999988e+00	2.305676561713333683e+01
1.728671999999999986e+00	2.431840050757939053e+01
1.734652000000000083e+00	2.413729689281698754e+01
1.740636000000000072e+00	2.469170269630102865e+01
1.746609000000000078e+00	2.372315239746755111e+01
1.752555000000000085e+00	2.372474958228058384e+01
1.758458000000000077e+00	2.371513687588888786e+01
1.764308999999999905e+00	2.365231762853527897e+01
1.770140999999999964e+00	2.357707884527235365e+01
1.776011999999999924e+00	2.441558726820973746e+01
1.781979999999999897e+00	2.624474536195607044e+01
1.788105000000000055e+00	2.643108742383275001e+01
1.794426999999999994e+00	2.702871786661429354e+01
1.800829000000000013e+00	2.622948219807838299e+01
1.807091999999999921e+00	2.494710670359538085e+01
1.813002000000000002e+00	2.528718235635091816e+01
1.818338000000000010e+00	2.632248970160846824e+01
1.822912000000000088e+00	2.621861852255248948e+01
1.826850000000000085e+00	2.633749765627571549e+01
1.830492000000000008e+00	2.764137246639898748e+01
1.834179999999999922e+00	2.921441611392206283e+01
1.838259000000000087e+00	3.025958192768961652e+01
1.843048000000000020e+00	3.018564530975856997e+01
1.848562000000000038e+00	2.984825559676242079e+01
1.854589999999999961e+00	3.070320661543693674e+01
1.860913000000000039e+00	3.017357589371844284e+01
1.867313999999999918e+00	3.115661940089118076e+01
1.873583999999999916e+00	3.088130450031221841e+01
1.879660000000000108e+00	3.164476765448727136e+01
1.885596000000000050e+00	3.263980768868876936e+01
1.891450999999999993e+00	3.328054992679447111e+01
1.897281999999999913e+00	3.394722423008158785e+01
1.903146999999999922e+00	3.417479501481563631e+01
1.909062999999999954e+00	3.349161891078090747e+01
1.915018000000000109e+00	3.305145981096413976e+01
1.920995999999999926e+00	3.194697005194170458e+01
1.926979999999999915e+00	3.130140931431043683e+01
1.932955999999999896e+00	3.132050966482366761e+01
1.938917999999999919e+00	3.185093211408714353e+01
1.944868999999999959e+00	3.221708858952769106e+01
1.950814000000000048e+00	3.343526499928974260e+01
1.956757999999999997e+00	3.505837636766865728e+01
1.962703000000000086e+00	3.505564875599201002e+01
1.968652000000000069e+00	3.542383831278209527e+01
1.974604000000000026e+00	3.597089372997772472e+01
1.980558000000000041e+00	3.670909187084986058e+01
1.986512000000000056e+00	3.574862767774035888e+01
1.992466000000000070e+00	3.691048868710466735e+01
1.998418000000000028e+00	3.745218095240133493e+01
2.004370000000000207e+00	3.718422950427289209e+01
2.010321999999999942e+00	3.704979401295882724e+01
2.016272999999999982e+00	3.846654476224807695e+01
2.022224000000000022e+00	3.956692150132381158e+01
2.028176000000000201e+00	4.018567081542982322e+01
2.034127999999999936e+00	4.096434553629509878e+01
2.040080000000000116e+00	4.100021512691112946e+01
2.046031999999999851e+00	4.192813852137778952e+01
2.051984000000000030e+00	4.129172863814255834e+01
2.057935000000000070e+00	4.168958193711605276e+01
2.063886999999999805e+00	4.008042711021596460e+01
2.069837999999999845e+00	4.018580561387393146e+01
2.075791000000000164e+00	3.974897575204332156e+01
2.081744000000000039e+00	3.872953165549746046e+01
2.087698000000000054e+00	3.879519731882902533e+01
2.093652000000000069e+00	3.900609407206625434e+01
2.099604999999999944e+00	3.803727710882135682e+01
2.105554999999999843e+00	3.871206761388422990e+01
2.111501000000000072e+00	4.047727014033517179e+01
2.117445000000000022e+00	4.120103355738917372e+01
2.123388999999999971e+00	4.329228286486024047e+01
2.129338000000000175e+00	4.434505460344727368e+01
2.135295999999999861e+00	4.423442363557084889e+01
2.141268000000000171e+00	4.559640406153350511e+01
2.147250999999999799e+00	4.502983611103383765e+01
2.153232000000000035e+00	4.493972519160646328e+01
2.159196000000000115e+00	4.398811374102677263e+01
2.165125000000000188e+00	4.391213189583648102e+01
2.171006000000000213e+00	4.343344174405149261e+01
2.176841000000000026e+00	4.335076227378890223e+01
2.182682999999999929e+00	4.440159813531347055e+01
2.188588999999999896e+00	4.371511948362685729e+01
2.194618000000000180e+00	4.455534850532258417e+01
2.200828000000000007e+00	4.458134963079982072e+01
2.207209999999999894e+00	4.385140042814978756e+01
2.213579000000000185e+00	4.228756313423149749e+01
2.219714999999999883e+00	4.112967792530879763e+01
2.225403000000000020e+00	4.057044077257591397e+01
2.230423000000000044e+00	3.997662742336197539e+01
2.234681000000000139e+00	3.988322792889148616e+01
2.238447999999999993e+00	4.080484019533811590e+01
2.242068000000000172e+00	4.077652765504658561e+01
2.245884000000000214e+00	4.094028276053811055e+01
2.250237999999999960e+00	4.244198632931229298e+01
2.255365999999999982e+00	4.284928175437608644e+01
2.261130000000000084e+00	4.396042649580062545e+01
2.267313000000000134e+00	4.511257626978218838e+01
2.273696000000000161e+00	4.543501040439212346e+01
2.280063999999999869e+00	4.587827194126126784e+01
2.286243999999999943e+00	4.545607585318818167e+01
2.292251999999999956e+00	4.519991460634610547e+01
2.298146000000000022e+00	4.428445523636884218e+01
2.303983000000000114e+00	4.382220542340071745e+01
2.309822000000000042e+00	4.273189803513956520e+01
2.315710999999999853e+00	4.275461884803949175e+01
2.321645999999999876e+00	4.252622264180392619e+01
2.327612999999999932e+00	4.200525041188033271e+01
2.333594999999999864e+00	4.305046128201546907e+01
2.339576999999999796e+00	4.289938778350978055e+01
2.345546999999999827e+00	4.302068771556246674e+01
2.351503999999999817e+00	4.306702585732099919e+01
2.357451999999999881e+00	4.298247617686477895e+01
2.363395999999999830e+00	4.275309082429713925e+01
2.369339000000000084e+00	4.124312367971532467e+01
2.375286000000000008e+00	4.101674642133050952e+01
2.381237000000000048e+00	4.076661720015462720e+01
2.387189999999999923e+00	4.028529236059613083e+01
2.393143999999999938e+00	4.041648870423233575e+01
2.399097999999999953e+00	4.036834702043388745e+01
2.405050999999999828e+00	4.035695112778209648e+01
2.411004000000000147e+00	4.073561163256466955e+01
2.416955999999999882e+00	4.143806060420304505e+01
2.422906999999999922e+00	4.230623769393765343e+01
2.428857999999999961e+00	4.230575399162761130e+01
2.434809000000000001e+00	4.318857683140821280e+01
2.440760000000000041e+00	4.229846165074184228e+01
2.446712000000000220e+00	4.083520641014039398e+01
2.452663999999999955e+00	4.001912194254831689e+01
2.458616999999999830e+00	3.967206490897395099e+01
2.464570999999999845e+00	4.093576815757923271e+01
2.470524999999999860e+00	4.238501558697224425e+01
2.476478000000000179e+00	4.214967416975343895e+01
2.482429999999999914e+00	4.392852581884451268e+01
2.488377999999999979e+00	4.523204981273623559e+01
2.494323000000000068e+00	4.545114883387229554e+01
2.500265999999999877e+00	4.610345207231904396e+01
2.506212000000000106e+00	4.549978032444757048e+01
2.512164999999999981e+00	4.458671851431610378e+01
2.518129000000000062e+00	4.475801217505402718e+01
2.524108000000000018e+00	4.391021783226513264e+01
2.530091999999999786e+00	4.297928810534035904e+01
2.536067000000000071e+00	4.193234783080104222e+01
2.542015999999999831e+00	4.110498957809668497e+01
2.547924000000000078e+00	3.968325996901448605e+01
2.553779000000000021e+00	3.891229490065341423e+01
2.559610000000000163e+00	3.647459229271261449e+01
2.565475000000000172e+00	3.329130353661636121e+01
2.571432000000000162e+00	3.165577667005715767e+01
2.577539999999999942e+00	3.032753841484170465e+01
2.583845999999999865e+00	3.012353076580372857e+01
2.590249000000000024e+00	2.940308924768257981e+01
2.596534000000000120e+00	2.972877106802266312e+01
2.602485000000000159e+00	3.107643469567588568e+01
2.607883000000000173e+00	3.220270788616135604e+01
2.612527000000000044e+00	3.385481403026081892e+01
2.616509000000000196e+00	3.432229181112911931e+01
2.620163999999999938e+00	3.585751197607243057e+01
2.623834000000000000e+00	3.656459852259481380e+01
2.627863000000000060e+00	3.708246313369224367e+01
2.632579999999999920e+00	3.819829059975197794e+01
2.638037000000000187e+00	3.850620505674444161e+01
2.644026000000000209e+00	3.949006841832239445e+01
2.650332000000000132e+00	3.936080145065248104e+01
2.656734000000000151e+00	3.844971179791929217e+01
2.663022999999999918e+00	3.865901527336645671e+01
2.669115000000000126e+00	3.771209428855979695e+01
2.675060999999999911e+00	3.613942242459039278e+01
2.680919999999999970e+00	3.468479045292949081e+01
2.686751000000000111e+00	3.114896369889342864e+01
2.692610999999999866e+00	2.948499583358803022e+01
2.698523999999999923e+00	2.604224070372414346e+01
2.704476000000000102e+00	2.309772183214476726e+01
2.710452000000000083e+00	1.999357173619507222e+01
2.716435999999999851e+00	1.594367934379634555e+01
2.722412999999999972e+00	1.271034169931011881e+01
2.728375999999999912e+00	9.665622121454337190e+00
2.734328000000000092e+00	6.159055434349273384e+00
2.740273999999999877e+00	3.415512639055086730e+00
2.746217000000000130e+00	1.722824854843207465e+00
2.752162000000000219e+00	1.817764361350913127e+00
2.758110999999999979e+00	1.518342962298197429e+00
2.764063000000000159e+00	2.632881561399819326e+00
2.770016000000000034e+00	3.325076682350959434e+00
2.775971000000000188e+00	5.756766698639174784e+00
2.781924000000000063e+00	8.590695375908714126e+00
2.787876999999999938e+00	1.088336496512284235e+01
2.793829000000000118e+00	1.370068643580438739e+01
2.799780999999999853e+00	1.477541012453611913e+01
2.805731999999999893e+00	1.659826275958029740e+01
2.811682999999999932e+00	1.671303733626526622e+01
2.817635000000000112e+00	1.481193004983186334e+01
2.823586999999999847e+00	1.135056596111834182e+01
2.829539000000000026e+00	8.585892013998222438e+00
2.835491000000000206e+00	6.638736110589366746e+00
2.841442999999999941e+00	5.486618089493559225e+00
2.847395000000000120e+00	4.732512744182533204e+00
2.853346999999999856e+00	6.290233722002209760e+00
2.859299000000000035e+00	6.732441144649658149e+00
2.865251000000000214e+00	8.463470587503866938e+00
2.871201999999999810e+00	1.041969743621051592e+01
2.877153999999999989e+00	1.360617634928452446e+01
2.883106000000000169e+00	1.463982918723196036e+01
2.889057999999999904e+00	1.838033098853344072e+01
2.895010000000000083e+00	2.246443138312130472e+01
2.900961999999999819e+00	2.950002963870764816e+01
2.906913999999999998e+00	3.724113315051840090e+01
2.912866000000000177e+00	4.607740721431780173e+01
2.918817999999999913e+00	5.129586688258233096e+01
2.924770000000000092e+00	5.335625133690525246e+01
2.930721000000000132e+00	4.894913604677329033e+01
2.936672999999999867e+00	3.629465723329126803e+01
2.942625000000000046e+00	2.005723857508944263e+01
2.948576999999999781e+00	3.112887280281770863e+00
2.954528999999999961e+00	-1.214663736638765457e+01
2.960481000000000140e+00	-2.291471628278940287e+01
2.966432999999999875e+00	-2.504986417185749303e+01
2.972385000000000055e+00	-2.290410641606016640e+01
2.978336999999999790e+00	-1.455883056879252813e+01
2.984288999999999970e+00	-4.091206900161721727e+00
2.990240000000000009e+00	7.199134939474890693e+00
2.996192000000000188e+00	1.837582720678117454e+01
3.002143999999999924e+00	2.468203234888355979e+01
3.008096000000000103e+00	2.830443982573915562e+01
3.014047999999999838e+00	2.419214108070226388e+01
3.020000000000000018e+00	1.209285796669827917e+01
