1.199999999999999956e-01	5.244794577043204731e-01
1.249780000000000058e-01	1.876210381008892147e+00
1.305999999999999939e-01	2.488817640564170208e+00
1.367059999999999942e-01	1.683300097331260403e+00
1.431360000000000132e-01	1.074679891249076924e+00
1.497320000000000040e-01	7.253207265061578646e-01
1.563350000000000017e-01	-2.927754879567629476e-01
1.627850000000000130e-01	5.925257925487717459e-02
1.689219999999999888e-01	-2.714631929230759688e-02
1.745889999999999942e-01	-2.970807730042690498e-01
1.796250000000000069e-01	-1.703049093947537784e+00
1.839349999999999874e-01	-1.306743738267396315e+00
1.877439999999999942e-01	-1.370221378044028882e+00
1.913779999999999926e-01	-1.218928270470485797e+00
1.951660000000000061e-01	-6.007220613730450687e-01
1.994340000000000002e-01	-1.594316858976558837e+00
2.044499999999999929e-01	-2.640609812175712667e-01
2.101250000000000062e-01	-9.280735248866213427e-02
2.162479999999999958e-01	2.230760396969908577e+00
2.226049999999999973e-01	2.331168018040096879e+00
2.289819999999999911e-01	2.938605107910940539e+00
2.351930000000000132e-01	3.675859120402188207e+00
2.412249999999999950e-01	3.575170608407189921e+00
2.471349999999999936e-01	4.104736762628402147e+00
2.529799999999999827e-01	4.649632677347490528e+00
2.588170000000000193e-01	4.287736121373056264e+00
2.646970000000000156e-01	3.537981366539344030e+00
2.706259999999999777e-01	2.688813600840306073e+00
2.765880000000000005e-01	1.549175195269215211e+00
2.825679999999999858e-01	1.463844379028249598e+00
2.885510000000000019e-01	1.232477759523029848e+00
2.945229999999999793e-01	6.608389186659991976e-01
3.004809999999999981e-01	2.012914986239070281e+00
3.064310000000000089e-01	2.712544926233755760e+00
3.123750000000000138e-01	3.467909532752275759e+00
3.183190000000000186e-01	2.980919761457842210e+00
3.242650000000000254e-01	4.147132570558115461e+00
3.302149999999999808e-01	4.163454682200026014e+00
3.361680000000000224e-01	3.954863474002525692e+00
3.421210000000000084e-01	3.871150446932654976e+00
3.480759999999999965e-01	3.135290694736875050e+00
3.540289999999999826e-01	3.480814435375921612e+00
3.599809999999999954e-01	4.119420004903835419e+00
3.659330000000000083e-01	4.043794103769889681e+00
3.718839999999999923e-01	3.326784526459056757e+00
3.778360000000000052e-01	4.439141834347116067e+00
3.837869999999999893e-01	3.917882210433865087e+00
3.897390000000000021e-01	3.066968139079715883e+00
3.956910000000000149e-01	2.719555852286978492e+00
4.016429999999999723e-01	1.792397832729414997e+00
4.075949999999999851e-01	2.127371103648865613e+00
4.135469999999999979e-01	2.113657040572080703e+00
4.194979999999999820e-01	2.091565195896496920e+00
4.254499999999999948e-01	1.811129144173023953e+00
4.314009999999999789e-01	2.705479451017453130e+00
4.373540000000000205e-01	2.687159298032209431e+00
4.433079999999999798e-01	3.534933703028770857e+00
4.492619999999999947e-01	3.540264179526914301e+00
4.552160000000000095e-01	3.500684865287179814e+00
4.611680000000000224e-01	4.343588010238525143e+00
4.671170000000000044e-01	4.666922483755625350e+00
4.730619999999999825e-01	5.233500380228385040e+00
4.790059999999999873e-01	6.277761090023147084e+00
4.849510000000000209e-01	6.948975465050613920e+00
4.909020000000000050e-01	6.114938223629465597e+00
4.968629999999999991e-01	6.783671774389160802e+00
5.028390000000000359e-01	6.442557572648697217e+00
5.088230000000000253e-01	5.448418280226664301e+00
5.148009999999999531e-01	4.112912672735848041e+00
5.207570000000000254e-01	2.998759590224922000e+00
5.266750000000000043e-01	2.191252567579191624e+00
5.325410000000000421e-01	1.737762586703416989e+00
5.383719999999999617e-01	2.259262986596867417e+00
5.442249999999999588e-01	2.470725144631376935e+00
5.501580000000000359e-01	3.410778693964247932e+00
5.562289999999999734e-01	3.639231079819088333e+00
5.624930000000000208e-01	3.794488425227531270e+00
5.688929999999999820e-01	4.020769967923387256e+00
5.752220000000000111e-01	3.090830914497124660e+00
5.812610000000000277e-01	4.020075948047420411e+00
5.867949999999999555e-01	3.650446829181959618e+00
5.916080000000000227e-01	3.442023491050465900e+00
5.957040000000000113e-01	4.318623193633605695e+00
5.993990000000000151e-01	4.558781707360616053e+00
6.030370000000000452e-01	4.042849783329089064e+00
6.069609999999999728e-01	4.941977469050893745e+00
6.115110000000000268e-01	5.222367519895475318e+00
6.168270000000000142e-01	5.046364124476233393e+00
6.227219999999999978e-01	4.717176495206752307e+00
6.289789999999999548e-01	4.396999928132928837e+00
6.353790000000000271e-01	4.863128226674498400e+00
6.417070000000000274e-01	5.108946378542755795e+00
6.478369999999999962e-01	4.622536144847078532e+00
6.538089999999999735e-01	4.115638908410578445e+00
6.596819999999999906e-01	4.853819290847170898e+00
6.655140000000000500e-01	4.268075395349731238e+00
6.713630000000000431e-01	4.391912320484380849e+00
6.772660000000000347e-01	5.271536631589343713e+00
6.832110000000000127e-01	5.206421449946242674e+00
6.891829999999999901e-01	4.712195034957452400e+00
6.951669999999999794e-01	4.878748118948657009e+00
7.011469999999999647e-01	4.886122656832439404e+00
7.071119999999999628e-01	5.089539167124049968e+00
7.130670000000000064e-01	4.501496320837161669e+00
7.190130000000000132e-01	5.058498618961307258e+00
7.249569999999999625e-01	3.994382257193945129e+00
7.309010000000000229e-01	4.211822871358617881e+00
7.368489999999999762e-01	4.986386128650723393e+00
7.428000000000000158e-01	4.928804757201803888e+00
7.487530000000000019e-01	5.707670554327404666e+00
7.547080000000000455e-01	6.189129217005908679e+00
7.606619999999999493e-01	5.811377155635168990e+00
7.666140000000000176e-01	5.901040647564633090e+00
7.725670000000000037e-01	5.920564042037257835e+00
7.785180000000000433e-01	5.121285879974111666e+00
7.844689999999999719e-01	4.094283534079560027e+00
7.904210000000000402e-01	4.736807977941304593e+00
7.963729999999999976e-01	3.923107605488058702e+00
8.023249999999999549e-01	4.515527375936890131e+00
8.082770000000000232e-01	4.571181926817516228e+00
8.142289999999999806e-01	4.687170725032334673e+00
8.201800000000000201e-01	6.569408633519213225e+00
8.261319999999999775e-01	7.455449517519673996e+00
8.320830000000000171e-01	9.000415537066562166e+00
8.380349999999999744e-01	9.709981941083299262e+00
8.439870000000000427e-01	1.103326015472183386e+01
8.499400000000000288e-01	1.176439730587106069e+01
8.558940000000000436e-01	1.339577936931321034e+01
8.618479999999999475e-01	1.283661470410284267e+01
8.678010000000000446e-01	1.391264093311631633e+01
8.737519999999999731e-01	1.295939624036100568e+01
8.797000000000000375e-01	1.212381416178542182e+01
8.856439999999999868e-01	1.200843610666447958e+01
8.915870000000000184e-01	1.196398853594636158e+01
8.975349999999999717e-01	1.177787072765893583e+01
9.034900000000000153e-01	1.177334852561962819e+01
9.094569999999999599e-01	1.167106409660920896e+01
9.154379999999999740e-01	1.197766240668470772e+01
9.214210000000000456e-01	1.272476442454923173e+01
9.273909999999999654e-01	1.379696720055295422e+01
9.333329999999999682e-01	1.397171158059251006e+01
9.392300000000000093e-01	1.420230099116439071e+01
9.450749999999999984e-01	1.397955833294741268e+01
9.509090000000000042e-01	1.389600620265622766e+01
9.567890000000000006e-01	1.348910060425495061e+01
9.627750000000000474e-01	1.275200117667488264e+01
9.689229999999999787e-01	1.331111190006327405e+01
9.752680000000000238e-01	1.283200133796033171e+01
9.816639999999999810e-01	1.341651185120015022e+01
9.878930000000000211e-01	1.362226261047726794e+01
9.937399999999999567e-01	1.420127153721998958e+01
9.989850000000000119e-01	1.540969274892564478e+01
1.003457999999999961e+00	1.504727832813046362e+01
1.007338000000000067e+00	1.476447113701958536e+01
1.010966000000000031e+00	1.363501891041116565e+01
1.014685999999999977e+00	1.339841723303337950e+01
1.018841000000000108e+00	1.204022832423211220e+01
1.023735000000000062e+00	1.163900678086510609e+01
1.029328999999999938e+00	1.210011027467172795e+01
1.035408000000000106e+00	1.076349433988265147e+01
1.041754000000000069e+00	1.147906726575980763e+01
1.048148999999999997e+00	1.198299679797954376e+01
1.054391999999999996e+00	1.173405431410230726e+01
1.060446000000000000e+00	1.138570765769561710e+01
1.066368999999999900e+00	1.108402730924777835e+01
1.072216999999999976e+00	1.121565337120267536e+01
1.078049000000000035e+00	1.094490999757868543e+01
1.083920999999999912e+00	1.200965044949969140e+01
1.089842999999999895e+00	1.160859259449195591e+01
1.095801999999999943e+00	1.209222670171628700e+01
1.101780999999999899e+00	1.167656762259313119e+01
1.107765000000000111e+00	1.338086390437144857e+01
1.113739999999999952e+00	1.322494009224648792e+01
1.119699999999999918e+00	1.270143854406172679e+01
1.125650000000000039e+00	1.155561925571136861e+01
1.131594999999999906e+00	1.257687745098422383e+01
1.137537999999999938e+00	1.173090626347627818e+01
1.143483999999999945e+00	1.133961756305286528e+01
1.149432999999999927e+00	1.184791114964525782e+01
1.155386000000000024e+00	1.130953751504985227e+01
1.161338999999999899e+00	1.283262907463691249e+01
1.167294000000000054e+00	1.234076239221147020e+01
1.173246999999999929e+00	1.243387718239285533e+01
1.179200000000000026e+00	1.200494447195962522e+01
1.185151999999999983e+00	1.212907207450002467e+01
1.191103000000000023e+00	1.147772765629987468e+01
1.197054000000000062e+00	1.103567808344210732e+01
1.203006000000000020e+00	1.192440071046878813e+01
1.208957999999999977e+00	1.317015954961210689e+01
1.214909999999999934e+00	1.328434382352073762e+01
1.220861999999999892e+00	1.447186798374602645e+01
1.226814000000000071e+00	1.478667397789467941e+01
1.232765000000000111e+00	1.486238972790074087e+01
1.238717000000000068e+00	1.584633586564008745e+01
1.244668000000000108e+00	1.529717461883803509e+01
1.250620000000000065e+00	1.418466757117026589e+01
1.256572000000000022e+00	1.432685129049649930e+01
1.262526000000000037e+00	1.370039102901791317e+01
1.268480000000000052e+00	1.446190154086370683e+01
1.274434000000000067e+00	1.404685096581148507e+01
1.280386000000000024e+00	1.465973045508523853e+01
1.286335999999999924e+00	1.484131183246545937e+01
1.292281999999999931e+00	1.553694494528361680e+01
1.298224999999999962e+00	1.433474424175941131e+01
1.304170000000000051e+00	1.514683210160173843e+01
1.310119999999999951e+00	1.388237983650615526e+01
1.316079999999999917e+00	1.370087560627246503e+01
1.322052999999999923e+00	1.409998779956809578e+01
1.328036999999999912e+00	1.450272055351541312e+01
1.334017000000000008e+00	1.496138349813906032e+01
1.339976000000000056e+00	1.613283642170255305e+01
1.345900000000000096e+00	1.681274613553626907e+01
1.351774000000000031e+00	1.788235822995945057e+01
1.357607000000000008e+00	1.774501051888405456e+01
1.363453000000000026e+00	1.707267996731872728e+01
1.369372000000000034e+00	1.763852882762389740e+01
1.375421999999999922e+00	1.648782455759061705e+01
1.381658999999999970e+00	1.594409228047123150e+01
1.388052000000000064e+00	1.559904777715183499e+01
1.394403000000000059e+00	1.622941844201127282e+01
1.400492999999999988e+00	1.634437413150154583e+01
1.406104999999999938e+00	1.716170246371400410e+01
1.411021999999999998e+00	1.569199988775763543e+01
1.415195999999999898e+00	1.674489379440575476e+01
1.418924000000000074e+00	1.738419036580705423e+01
1.422549999999999981e+00	1.714544617283930705e+01
1.426417000000000046e+00	1.788067219321108325e+01
1.430868000000000029e+00	1.795278643882060976e+01
1.436091000000000006e+00	1.942812619817750175e+01
1.441923000000000066e+00	1.904743026771067349e+01
1.448144000000000098e+00	2.019468063377291145e+01
1.454538000000000109e+00	2.031073909179062298e+01
1.460887000000000047e+00	2.077066206403832993e+01
1.467041999999999957e+00	1.953948704382361612e+01
1.473030999999999979e+00	1.981131029908669561e+01
1.478914000000000062e+00	1.810792253809576380e+01
1.484749000000000096e+00	1.873720090840557262e+01
1.490591999999999917e+00	1.807623917526993296e+01
1.496488000000000040e+00	1.809976346783906820e+01
1.502428000000000097e+00	1.796147303244494964e+01
1.508397999999999906e+00	1.724827315500625247e+01
1.514380999999999977e+00	1.684404549769697823e+01
1.520361999999999991e+00	1.729225618893990912e+01
1.526329999999999965e+00	1.838793944017990611e+01
1.532284999999999897e+00	1.866607616996969909e+01
1.538232999999999961e+00	1.881754758320372645e+01
1.544175999999999993e+00	1.998671434879302566e+01
1.550119999999999942e+00	2.019530298490045439e+01
1.556068000000000007e+00	2.045895698222335923e+01
1.562019000000000046e+00	2.094828342786993503e+01
1.567971999999999921e+00	2.091715529739798285e+01
1.573925999999999936e+00	2.114066496397047246e+01
1.579879999999999951e+00	2.095233577540655290e+01
1.585833000000000048e+00	2.112008038229602747e+01
1.591785000000000005e+00	2.170559766815413028e+01
1.597736999999999963e+00	2.225773541209320783e+01
1.603688000000000002e+00	2.216618426645636575e+01
1.609639000000000042e+00	2.234963771206495764e+01
1.615590999999999999e+00	2.228636859183245988e+01
1.621542999999999957e+00	2.235715995626033603e+01
1.627494999999999914e+00	2.202764666151145789e+01
1.633447000000000093e+00	2.293848578675822125e+01
1.639399000000000051e+00	2.225776210990209236e+01
1.645350000000000090e+00	2.180142882132620841e+01
1.651302000000000048e+00	2.100789599285354114e+01
1.657253000000000087e+00	2.070226839390325679e+01
1.663205000000000044e+00	2.076971504480668784e+01
1.669157999999999920e+00	2.068429136902709331e+01
1.675111999999999934e+00	2.045065156101272663e+01
1.681065999999999949e+00	2.090697822344028367e+01
1.687019000000000046e+00	2.009579861152232638e+01
1.692971000000000004e+00	2.159146529360846145e+01
1.698919000000000068e+00	2.135654115161964839e+01
1.704863000000000017e+00	2.155758450429735262e+01
1.710806999999999967e+00	2.199811195804018737e+01
1.716752999999999973e+00	2.116242448372422302e+01
1.722706999999999988e+00	2.193971333322147999e+01
1.728671999999999986e+00	2.105076716986768304e+01
1.734652000000000083e+00	2.225140668499444274e+01
1.740636000000000072e+00	2.340530975841155481e+01
1.746609000000000078e+00	2.515759459019107780e+01
1.752555000000000085e+00	2.616467026782468963e+01
1.758458000000000077e+00	2.795151111165639790e+01
1.764308999999999905e+00	2.846396282174909942e+01
1.770140999999999964e+00	2.954855875719781366e+01
1.776011999999999924e+00	2.983549656903644021e+01
1.781979999999999897e+00	3.034882661052904496e+01
1.788105000000000055e+00	3.093911000361114105e+01
1.794426999999999994e+00	3.051889951858246164e+01
1.800829000000000013e+00	3.044222709647685576e+01
1.807091999999999921e+00	2.966585031140312267e+01
1.813002000000000002e+00	2.872313393071481968e+01
1.818338000000000010e+00	2.759015415748736544e+01
1.822912000000000088e+00	2.651408240775893432e+01
1.826850000000000085e+00	2.582348202378614843e+01
1.830492000000000008e+00	2.578482627778629421e+01
1.834179999999999922e+00	2.647923510089700372e+01
1.838259000000000087e+00	2.599609467029916487e+01
1.843048000000000020e+00	2.709652686138403865e+01
1.848562000000000038e+00	2.836667041356948360e+01
1.854589999999999961e+00	3.002862280634637671e+01
1.860913000000000039e+00	3.048266411426626732e+01
1.867313999999999918e+00	3.241844198737057070e+01
1.873583999999999916e+00	3.263848304786753829e+01
1.879660000000000108e+00	3.304319081433055771e+01
1.885596000000000050e+00	3.208303884372059400e+01
1.891450999999999993e+00	3.189277593879705108e+01
1.897281999999999913e+00	3.054483521421993686e+01
1.903146999999999922e+00	3.095180383119529566e+01
1.909062999999999954e+00	3.146457683329408184e+01
1.915018000000000109e+00	3.199590405747272470e+01
1.920995999999999926e+00	3.097133955631545632e+01
1.926979999999999915e+00	3.127607395530975154e+01
1.932955999999999896e+00	3.157260108861608927e+01
1.938917999999999919e+00	3.151364794644469214e+01
1.944868999999999959e+00	3.077338796609124216e+01
1.950814000000000048e+00	3.080818238747501070e+01
1.956757999999999997e+00	3.094020763101489990e+01
1.962703000000000086e+00	3.043230033726041839e+01
1.968652000000000069e+00	3.066423670692097403e+01
1.974604000000000026e+00	3.160027372949824098e+01
1.980558000000000041e+00	3.182513538865395830e+01
1.986512000000000056e+00	3.337444425818623728e+01
1.992466000000000070e+00	3.439329074537000963e+01
1.998418000000000028e+00	3.550274312149151257e+01
2.004370000000000207e+00	3.658908643701370522e+01
2.010321999999999942e+00	3.749454499584906131e+01
2.016272999999999982e+00	3.922591287562674012e+01
2.022224000000000022e+00	3.979313016107485623e+01
2.028176000000000201e+00	4.094474272294344530e+01
2.034127999999999936e+00	4.135123081058715400e+01
2.040080000000000116e+00	4.126759362444759205e+01
2.046031999999999851e+00	4.063976674310472248e+01
2.051984000000000030e+00	4.068197719122323264e+01
2.057935000000000070e+00	3.971916214586216398e+01
2.063886999999999805e+00	3.901504579634387682e+01
2.069837999999999845e+00	3.980299056652312828e+01
2.075791000000000164e+00	4.034243559695036652e+01
2.081744000000000039e+00	3.883281719219690586e+01
2.087698000000000054e+00	4.012335657346024931e+01
2.093652000000000069e+00	4.038133934960065119e+01
2.099604999999999944e+00	4.096705422745400682e+01
2.105554999999999843e+00	4.146835090333093632e+01
2.111501000000000072e+00	4.169386846500197663e+01
2.117445000000000022e+00	4.214916933161325829e+01
2.123388999999999971e+00	4.296591708946938581e+01
2.129338000000000175e+00	4.424984080186176527e+01
2.135295999999999861e+00	4.421145125147980792e+01
2.141268000000000171e+00	4.486459503828432105e+01
2.147250999999999799e+00	4.594258241831599321e+01
2.153232000000000035e+00	4.536545912185719942e+01
2.159196000000000115e+00	4.543294007986605720e+01
2.165125000000000188e+00	4.579612570529961602e+01
2.171006000000000213e+00	4.502976695726741241e+01
2.176841000000000026e+00	4.486784384015032145e+01
2.182682999999999929e+00	4.395018866563249560e+01
2.188588999999999896e+00	4.189089886983133226e+01
2.194618000000000180e+00	4.102719520857787927e+01
2.200828000000000007e+00	4.160769086939705375e+01
2.207209999999999894e+00	4.071835766329019890e+01
2.213579000000000185e+00	4.109272606045364995e+01
2.219714999999999883e+00	3.990554639842703466e+01
2.225403000000000020e+00	4.063178968280852388e+01
2.230423000000000044e+00	4.051521836137916921e+01
2.234681000000000139e+00	4.026795411322640916e+01
2.238447999999999993e+00	3.999550316548953788e+01
2.242068000000000172e+00	4.013894944054728597e+01
2.245884000000000214e+00	4.037192057437827941e+01
2.250237999999999960e+00	4.069256968975604849e+01
2.255365999999999982e+00	4.213741138226219363e+01
2.261130000000000084e+00	4.321570885321489186e+01
2.267313000000000134e+00	4.552527996601636318e+01
2.273696000000000161e+00	4.541932113158159012e+01
2.280063999999999869e+00	4.759280246674790504e+01
2.286243999999999943e+00	4.684558656528452047e+01
2.292251999999999956e+00	4.773061238768638503e+01
2.298146000000000022e+00	4.673230763175831726e+01
2.303983000000000114e+00	4.564853176174101890e+01
2.309822000000000042e+00	4.549054525529311377e+01
2.315710999999999853e+00	4.525201708883160734e+01
2.321645999999999876e+00	4.484175011839693781e+01
2.327612999999999932e+00	4.453854874671127817e+01
2.333594999999999864e+00	4.480565426563230602e+01
2.339576999999999796e+00	4.438513030133788817e+01
2.345546999999999827e+00	4.516011207655073889e+01
2.351503999999999817e+00	4.595276740824975548e+01
2.357451999999999881e+00	4.545887784794432207e+01
2.363395999999999830e+00	4.403595662571819247e+01
2.369339000000000084e+00	4.375168220033142319e+01
2.375286000000000008e+00	4.320165765567450222e+01
2.381237000000000048e+00	4.235228556703135183e+01
2.387189999999999923e+00	4.164570358459719301e+01
2.393143999999999938e+00	4.102884517324376645e+01
2.399097999999999953e+00	4.077915427211012656e+01
2.405050999999999828e+00	4.054202936204241325e+01
2.411004000000000147e+00	4.046304352368134971e+01
2.416955999999999882e+00	4.236419566619596111e+01
2.422906999999999922e+00	4.182810966218866611e+01
2.428857999999999961e+00	4.273808637424059498e+01
2.434809000000000001e+00	4.353995615479431791e+01
2.440760000000000041e+00	4.366057829456296702e+01
2.446712000000000220e+00	4.299693060565321190e+01
2.452663999999999955e+00	4.369443191627816248e+01
2.458616999999999830e+00	4.387647109937437051e+01
2.464570999999999845e+00	4.365899265097438331e+01
2.470524999999999860e+00	4.418761063850286774e+01
2.476478000000000179e+00	4.437690629722155933e+01
2.482429999999999914e+00	4.424163394174674124e+01
2.488377999999999979e+00	4.429532914868691051e+01
2.494323000000000068e+00	4.446636421483028556e+01
2.500265999999999877e+00	4.490174934129763784e+01
2.506212000000000106e+00	4.483623904871183186e+01
2.512164999999999981e+00	4.437748142957207165e+01
2.518129000000000062e+00	4.388874434154102033e+01
2.524108000000000018e+00	4.295133828349387528e+01
2.530091999999999786e+00	4.211631186399259263e+01
2.536067000000000071e+00	4.119501926984704454e+01
2.542015999999999831e+00	3.883921263382784161e+01
2.547924000000000078e+00	3.784347404020957129e+01
2.553779000000000021e+00	3.749344690353502330e+01
2.559610000000000163e+00	3.598784293765379516e+01
2.565475000000000172e+00	3.425466210780076892e+01
2.571432000000000162e+00	3.342891727178577099e+01
2.577539999999999942e+00	3.289935358101882912e+01
2.583845999999999865e+00	3.214688701531508741e+01
2.590249000000000024e+00	3.267437322663128896e+01
2.596534000000000120e+00	3.330548724805844785e+01
2.602485000000000159e+00	3.363925359603304344e+01
2.607883000000000173e+00	3.373334795983805634e+01
2.612527000000000044e+00	3.327369199020970569e+01
2.616509000000000196e+00	3.296300249662351689e+01
2.620163999999999938e+00	3.263858806332418538e+01
2.623834000000000000e+00	3.329132822241180634e+01
2.627863000000000060e+00	3.318612689117857428e+01
2.632579999999999920e+00	3.422604958269783992e+01
2.638037000000000187e+00	3.535856757554635266e+01
2.644026000000000209e+00	3.680348152811104967e+01
2.650332000000000132e+00	3.850861924784790347e+01
2.656734000000000151e+00	3.897489048340330697e+01
2.663022999999999918e+00	3.801424346903065299e+01
2.669115000000000126e+00	3.640518445309428586e+01
2.675060999999999911e+00	3.363014097293891780e+01
2.680919999999999970e+00	3.103347802795285304e+01
2.686751000000000111e+00	2.826882485561452540e+01
2.692610999999999866e+00	2.631577817329450752e+01
2.698523999999999923e+00	2.396229079055454747e+01
2.704476000000000102e+00	2.310890731536025555e+01
2.710452000000000083e+00	2.081203934312904380e+01
2.716435999999999851e+00	1.906820617708764232e+01
2.722412999999999972e+00	1.613725382433326772e+01
2.728375999999999912e+00	1.125153493879773769e+01
2.734328000000000092e+00	8.220112742558162822e+00
2.740273999999999877e+00	3.601742433347375538e+00
2.746217000000000130e+00	6.139506304114109581e-01
2.752162000000000219e+00	-6.713617563806251187e-02
2.758110999999999979e+00	-4.269831365594138339e-01
2.764063000000000159e+00	9.072881460267097076e-01
2.770016000000000034e+00	3.083658531139320758e+00
2.775971000000000188e+00	5.522166501072391043e+00
2.781924000000000063e+00	9.359894712248486570e+00
2.787876999999999938e+00	1.249548052469691051e+01
2.793829000000000118e+00	1.513800760343183427e+01
2.799780999999999853e+00	1.703672208535684263e+01
2.805731999999999893e+00	1.811829278214491623e+01
2.811682999999999932e+00	1.756874699876705037e+01
2.817635000000000112e+00	1.575607930137137203e+01
2.823586999999999847e+00	1.304536496736179352e+01
2.829539000000000026e+00	1.034655237084739099e+01
2.835491000000000206e+00	7.842854747684119943e+00
2.841442999999999941e+00	6.997924867035516527e+00
2.847395000000000120e+00	5.710940890319803565e+00
2.853346999999999856e+00	6.482158424077087311e+00
2.859299000000000035e+00	7.452944066869510387e+00
2.865251000000000214e+00	9.233010287179832076e+00
2.871201999999999810e+00	1.224477466407004123e+01
2.877153999999999989e+00	1.332277470436708455e+01
2.883106000000000169e+00	1.666567038661201394e+01
2.889057999999999904e+00	1.931125736677278582e+01
2.895010000000000083e+00	2.388055846014353989e+01
2.900961999999999819e+00	2.940982081522037817e+01
2.906913999999999998e+00	3.750954607574888655e+01
2.912866000000000177e+00	4.496483299666303424e+01
2.918817999999999913e+00	4.978351297754884541e+01
2.924770000000000092e+00	5.128598840737087983e+01
2.930721000000000132e+00	4.688463372397386308e+01
2.936672999999999867e+00	3.492350176528790229e+01
2.942625000000000046e+00	1.952455859160180296e+01
2.948576999999999781e+00	2.780759828549157930e+00
2.954528999999999961e+00	-1.221743456612026080e+01
2.960481000000000140e+00	-2.070902502465175488e+01
2.966432999999999875e+00	-2.409112646810469371e+01
2.972385000000000055e+00	-2.063861695983992561e+01
2.978336999999999790e+00	-1.213972996600745802e+01
2.984288999999999970e+00	-3.147210759343164188e+00
2.990240000000000009e+00	8.849190663311851779e+00
2.996192000000000188e+00	1.897970497375777654e+01
3.002143999999999924e+00	2.528825159886502760e+01
3.008096000000000103e+00	2.848878897703839286e+01
3.014047999999999838e+00	2.475272507705996361e+01
3.020000000000000018e+00	1.426677727352765679e+01
