1.199999999999999956e-01	1.059867770920985608e+00
1.249780000000000058e-01	1.325465888441452744e+00
1.305999999999999939e-01	2.060482446090106556e+00
1.367059999999999942e-01	1.875810971193005994e+00
1.431360000000000132e-01	2.082058508050401269e+00
1.497320000000000040e-01	1.730781566363029267e+00
1.563350000000000017e-01	1.639984865032755978e+00
1.627850000000000130e-01	1.490340840537454969e+00
1.689219999999999888e-01	1.415303263795111954e+00
1.745889999999999942e-01	1.543345768508958216e+00
1.796250000000000069e-01	9.192157243071208406e-01
1.839349999999999874e-01	1.785041093777707033e+00
1.877439999999999942e-01	1.752426717513567489e+00
1.913779999999999926e-01	2.256643613849034224e+00
1.951660000000000061e-01	2.617992093853790614e+00
1.994340000000000002e-01	3.310981755482953481e+00
2.044499999999999929e-01	3.063395554189490610e+00
2.101250000000000062e-01	3.083692174335655789e+00
2.162479999999999958e-01	2.406835576744263516e+00
2.226049999999999973e-01	1.845642778769369663e+00
2.289819999999999911e-01	2.218419561254171057e+00
2.351930000000000132e-01	1.756897635730991558e+00
2.412249999999999950e-01	1.928568046930393409e+00
2.471349999999999936e-01	2.351112778972619388e+00
2.529799999999999827e-01	2.368677750029473117e+00
2.588170000000000193e-01	1.876056573059299737e+00
2.646970000000000156e-01	1.850730884148854338e+00
2.706259999999999777e-01	8.414529632526186465e-01
2.765880000000000005e-01	1.582992302165570769e-02
2.825679999999999858e-01	-2.306758859819267871e-01
2.885510000000000019e-01	-1.270791622783715491e+00
2.945229999999999793e-01	-1.417523336141754298e+00
3.004809999999999981e-01	-1.064314366639566689e+00
3.064310000000000089e-01	-4.907985609673607419e-01
3.123750000000000138e-01	1.540079810199634358e-01
3.183190000000000186e-01	6.073614102107920409e-01
3.242650000000000254e-01	8.783429047935682465e-01
3.302149999999999808e-01	1.945507066354830172e+00
3.361680000000000224e-01	2.215560655253034916e+00
3.421210000000000084e-01	2.671809119887417872e+00
3.480759999999999965e-01	2.634744569746603648e+00
3.540289999999999826e-01	2.656160471735006912e+00
3.599809999999999954e-01	1.541137703275986759e+00
3.659330000000000083e-01	1.163185092316681768e+00
3.718839999999999923e-01	1.032240901962102608e+00
3.778360000000000052e-01	8.046582173378524772e-01
3.837869999999999893e-01	1.650784224608067008e-01
3.897390000000000021e-01	9.877084496983217221e-01
3.956910000000000149e-01	1.081632149718577018e+00
4.016429999999999723e-01	2.126721274227628911e+00
4.075949999999999851e-01	3.001882811615435465e+00
4.135469999999999979e-01	3.029591771003097289e+00
4.194979999999999820e-01	3.094624715976564744e+00
4.254499999999999948e-01	3.041951254754746259e+00
4.314009999999999789e-01	3.144595815523487214e+00
4.373540000000000205e-01	2.850270207261515143e+00
4.433079999999999798e-01	2.094266725812728769e+00
4.492619999999999947e-01	2.154696065355696799e+00
4.552160000000000095e-01	1.620738454808285045e+00
4.611680000000000224e-01	1.822575635829700280e+00
4.671170000000000044e-01	1.794450138901108271e+00
4.730619999999999825e-01	2.117130349086554730e+00
4.790059999999999873e-01	2.073418195668655706e+00
4.849510000000000209e-01	2.288587261341180845e+00
4.909020000000000050e-01	3.585616688345298009e+00
4.968629999999999991e-01	4.326898570236602737e+00
5.028390000000000359e-01	4.411437816928270195e+00
5.088230000000000253e-01	3.472245184173685217e+00
5.148009999999999531e-01	3.176535647039503196e+00
5.207570000000000254e-01	2.938970927957267776e+00
5.266750000000000043e-01	2.506349830854121219e+00
5.325410000000000421e-01	2.377153578807566170e+00
5.383719999999999617e-01	1.894408726348342675e+00
5.442249999999999588e-01	1.686149636518655459e+00
5.501580000000000359e-01	2.015367533578001691e+00
5.562289999999999734e-01	2.134369191765603802e+00
5.624930000000000208e-01	2.164331223175016028e+00
5.688929999999999820e-01	1.730285130945207861e+00
5.752220000000000111e-01	2.791852019856542189e+00
5.812610000000000277e-01	1.743578184804947195e+00
5.867949999999999555e-01	1.380075676423418107e+00
5.916080000000000227e-01	2.313873959557041005e+00
5.957040000000000113e-01	2.463904322474888442e+00
5.993990000000000151e-01	3.362882231978304048e+00
6.030370000000000452e-01	4.075654703588134531e+00
6.069609999999999728e-01	4.582685431408674681e+00
6.115110000000000268e-01	5.631341300855150500e+00
6.168270000000000142e-01	5.562006538353478469e+00
6.227219999999999978e-01	5.454198275870617785e+00
6.289789999999999548e-01	5.773386948259945584e+00
6.353790000000000271e-01	5.259124467381783852e+00
6.417070000000000274e-01	5.113628379264623547e+00
6.478369999999999962e-01	4.372939782375949491e+00
6.538089999999999735e-01	3.418877139737372062e+00
6.596819999999999906e-01	2.536913801484590003e+00
6.655140000000000500e-01	2.956841315336476761e+00
6.713630000000000431e-01	2.328828008537064509e+00
6.772660000000000347e-01	2.826074149444153250e+00
6.832110000000000127e-01	2.736119803399886141e+00
6.891829999999999901e-01	3.400268163693918488e+00
6.951669999999999794e-01	4.245266863812016567e+00
7.011469999999999647e-01	4.835941401152411778e+00
7.071119999999999628e-01	5.336109027465953503e+00
7.130670000000000064e-01	5.258802857564044864e+00
7.190130000000000132e-01	6.302317577254903824e+00
7.249569999999999625e-01	5.805588789335439870e+00
7.309010000000000229e-01	6.508019737786971071e+00
7.368489999999999762e-01	5.887866148252876464e+00
7.428000000000000158e-01	6.797461922051684979e+00
7.487530000000000019e-01	5.925750995812604671e+00
7.547080000000000455e-01	5.969357888855155281e+00
7.606619999999999493e-01	6.015558091175673638e+00
7.666140000000000176e-01	5.568407446718734555e+00
7.725670000000000037e-01	5.378877295634150180e+00
7.785180000000000433e-01	5.716129547391845200e+00
7.844689999999999719e-01	5.774890139478831230e+00
7.904210000000000402e-01	6.780104668287048497e+00
7.963729999999999976e-01	7.197339543320364186e+00
8.023249999999999549e-01	8.114543222412335055e+00
8.082770000000000232e-01	8.830411056360741640e+00
8.142289999999999806e-01	9.532928363003156491e+00
8.201800000000000201e-01	1.024326274813282822e+01
8.261319999999999775e-01	8.686579406100841894e+00
8.320830000000000171e-01	8.371269172154583771e+00
8.380349999999999744e-01	7.652585278169188321e+00
8.439870000000000427e-01	7.062657305155519261e+00
8.499400000000000288e-01	6.593834528555436059e+00
8.558940000000000436e-01	7.758024038106880127e+00
8.618479999999999475e-01	9.276024247813921875e+00
8.678010000000000446e-01	1.019238046143456877e+01
8.737519999999999731e-01	1.141329353984395034e+01
8.797000000000000375e-01	1.321885304074650591e+01
8.856439999999999868e-01	1.395442566219422886e+01
8.915870000000000184e-01	1.358645668197289602e+01
8.975349999999999717e-01	1.334620656904805003e+01
9.034900000000000153e-01	1.265419234254324010e+01
9.094569999999999599e-01	1.285000575279209478e+01
9.154379999999999740e-01	1.283311801340278002e+01
9.214210000000000456e-01	1.297619640173855160e+01
9.273909999999999654e-01	1.371189378011608007e+01
9.333329999999999682e-01	1.386176157066703141e+01
9.392300000000000093e-01	1.435526836585055221e+01
9.450749999999999984e-01	1.421214065731851939e+01
9.509090000000000042e-01	1.438312428649616237e+01
9.567890000000000006e-01	1.380153533709837177e+01
9.627750000000000474e-01	1.432590926839882961e+01
9.689229999999999787e-01	1.328916019860883502e+01
9.752680000000000238e-01	1.249072025921124407e+01
9.816639999999999810e-01	1.186860698768022360e+01
9.878930000000000211e-01	1.151003458540185775e+01
9.937399999999999567e-01	1.124173161913630814e+01
9.989850000000000119e-01	9.811484374076387738e+00
1.003457999999999961e+00	9.636368457844323387e+00
1.007338000000000067e+00	9.724311577181101285e+00
1.010966000000000031e+00	9.880150078492468069e+00
1.014685999999999977e+00	1.109591669255817337e+01
1.018841000000000108e+00	1.094571868242778301e+01
1.023735000000000062e+00	1.091762766456852418e+01
1.029328999999999938e+00	1.102375156408717771e+01
1.035408000000000106e+00	1.182986963749370801e+01
1.041754000000000069e+00	1.179057003017789640e+01
1.048148999999999997e+00	1.210658769333582718e+01
1.054391999999999996e+00	1.202215716349916619e+01
1.060446000000000000e+00	1.110724792448519516e+01
1.066368999999999900e+00	1.119727056556653544e+01
1.072216999999999976e+00	1.079841833257613182e+01
1.078049000000000035e+00	1.076388905386612471e+01
1.083920999999999912e+00	1.044632336068361056e+01
1.089842999999999895e+00	1.062496697489525488e+01
1.095801999999999943e+00	1.066149770653960083e+01
1.101780999999999899e+00	1.118177896078235634e+01
1.107765000000000111e+00	1.072889410047998204e+01
1.113739999999999952e+00	1.091749925456845816e+01
1.119699999999999918e+00	1.093596230876025999e+01
1.125650000000000039e+00	1.069007716063998359e+01
1.131594999999999906e+00	1.063681260320821131e+01
1.137537999999999938e+00	1.027890817695499770e+01
1.143483999999999945e+00	1.019615579595099675e+01
1.149432999999999927e+00	1.059180114533545591e+01
1.155386000000000024e+00	1.005873730973337032e+01
1.161338999999999899e+00	1.009548802282234803e+01
1.167294000000000054e+00	1.017624596286707650e+01
1.173246999999999929e+00	1.087834540355646062e+01
1.179200000000000026e+00	1.102281041310965293e+01
1.185151999999999983e+00	1.051977665004621798e+01
1.191103000000000023e+00	1.073463978876789682e+01
1.197054000000000062e+00	1.088382424508236745e+01
1.203006000000000020e+00	1.093613758814712611e+01
1.208957999999999977e+00	1.140152280195909462e+01
1.214909999999999934e+00	1.188139620174086630e+01
1.220861999999999892e+00	1.238815910751787008e+01
1.226814000000000071e+00	1.282055721586492325e+01
1.232765000000000111e+00	1.284577894309886226e+01
1.238717000000000068e+00	1.355048247185518662e+01
1.244668000000000108e+00	1.378531665080406476e+01
1.250620000000000065e+00	1.389825285342141470e+01
1.256572000000000022e+00	1.371635368774160213e+01
1.262526000000000037e+00	1.392841386034092821e+01
1.268480000000000052e+00	1.298129372542668492e+01
1.274434000000000067e+00	1.312653233831859190e+01
1.280386000000000024e+00	1.303153895701423082e+01
1.286335999999999924e+00	1.313243202708665258e+01
1.292281999999999931e+00	1.296552509533651154e+01
1.298224999999999962e+00	1.359590373629447768e+01
1.304170000000000051e+00	1.316286829986587747e+01
1.310119999999999951e+00	1.372962347046627229e+01
1.316079999999999917e+00	1.432154461323244732e+01
1.322052999999999923e+00	1.473793346733006615e+01
1.328036999999999912e+00	1.596537662871084073e+01
1.334017000000000008e+00	1.654227750620927750e+01
1.339976000000000056e+00	1.709513626763536820e+01
1.345900000000000096e+00	1.663722301713451657e+01
1.351774000000000031e+00	1.688072321822508570e+01
1.357607000000000008e+00	1.648593313897780632e+01
1.363453000000000026e+00	1.614392642501189457e+01
1.369372000000000034e+00	1.446391997155172682e+01
1.375421999999999922e+00	1.437785262913205031e+01
1.381658999999999970e+00	1.397343273345595449e+01
1.388052000000000064e+00	1.362013385238128826e+01
1.394403000000000059e+00	1.387041581088647568e+01
1.400492999999999988e+00	1.431117076803698041e+01
1.406104999999999938e+00	1.495739890930382820e+01
1.411021999999999998e+00	1.567804359480016352e+01
1.415195999999999898e+00	1.613722734732345998e+01
1.418924000000000074e+00	1.589476654271824785e+01
1.422549999999999981e+00	1.679930405675859717e+01
1.426417000000000046e+00	1.669266713084800102e+01
1.430868000000000029e+00	1.766217786037336523e+01
1.436091000000000006e+00	1.888028102092078697e+01
1.441923000000000066e+00	1.908033344794192132e+01
1.448144000000000098e+00	2.064317923589632997e+01
1.454538000000000109e+00	1.968116317355208977e+01
1.460887000000000047e+00	2.070744523446992957e+01
1.467041999999999957e+00	2.045527053982458199e+01
1.473030999999999979e+00	1.829317560745358762e+01
1.478914000000000062e+00	1.749406566487441950e+01
1.484749000000000096e+00	1.630313753478342065e+01
1.490591999999999917e+00	1.646542482956142450e+01
1.496488000000000040e+00	1.630165261037475588e+01
1.502428000000000097e+00	1.721651233847182283e+01
1.508397999999999906e+00	1.819356185617061783e+01
1.514380999999999977e+00	1.924100974602098546e+01
1.520361999999999991e+00	1.956996103351274385e+01
1.526329999999999965e+00	2.035217627429283027e+01
1.532284999999999897e+00	2.020305428259434066e+01
1.538232999999999961e+00	2.042827867121801688e+01
1.544175999999999993e+00	2.045078195980565283e+01
1.550119999999999942e+00	2.045522309427638064e+01
1.556068000000000007e+00	1.992755912124060202e+01
1.562019000000000046e+00	1.996325297893791273e+01
1.567971999999999921e+00	2.029125519578686010e+01
1.573925999999999936e+00	2.036388745790931765e+01
1.579879999999999951e+00	1.951816196617029675e+01
1.585833000000000048e+00	1.913872653874213725e+01
1.591785000000000005e+00	1.886112368332043943e+01
1.597736999999999963e+00	1.801635248278574508e+01
1.603688000000000002e+00	1.828499732374580233e+01
1.609639000000000042e+00	1.903899605335059420e+01
1.615590999999999999e+00	1.986963190752620889e+01
1.621542999999999957e+00	2.121882776842655716e+01
1.627494999999999914e+00	2.268038140896085508e+01
1.633447000000000093e+00	2.351603203690537214e+01
1.639399000000000051e+00	2.381929099385281745e+01
1.645350000000000090e+00	2.367945544701783689e+01
1.651302000000000048e+00	2.307861802724497480e+01
1.657253000000000087e+00	2.220572166047443474e+01
1.663205000000000044e+00	2.132025726709621694e+01
1.669157999999999920e+00	2.112331368001329679e+01
1.675111999999999934e+00	2.070653292059910200e+01
1.681065999999999949e+00	2.126079309638944181e+01
1.687019000000000046e+00	2.177885560579898794e+01
1.692971000000000004e+00	2.248899825122612484e+01
1.698919000000000068e+00	2.225752679714545579e+01
1.704863000000000017e+00	2.250871533253708634e+01
1.710806999999999967e+00	2.226398919809532018e+01
1.716752999999999973e+00	2.163637922605978758e+01
1.722706999999999988e+00	2.122069562548310273e+01
1.728671999999999986e+00	2.097772478552885644e+01
1.734652000000000083e+00	2.193804545515382642e+01
1.740636000000000072e+00	2.212866210356592944e+01
1.746609000000000078e+00	2.331824079517617676e+01
1.752555000000000085e+00	2.467902364443418506e+01
1.758458000000000077e+00	2.555609996917794646e+01
1.764308999999999905e+00	2.581325570939571179e+01
1.770140999999999964e+00	2.793530780685465942e+01
1.776011999999999924e+00	2.780778552364066769e+01
1.781979999999999897e+00	2.825816402109409609e+01
1.788105000000000055e+00	2.808147300543851799e+01
1.794426999999999994e+00	2.864260868553763117e+01
1.800829000000000013e+00	2.822221481122105047e+01
1.807091999999999921e+00	2.783834453271646581e+01
1.813002000000000002e+00	2.818307592179374765e+01
1.818338000000000010e+00	2.842063660016481208e+01
1.822912000000000088e+00	2.781222227781996637e+01
1.826850000000000085e+00	2.797986806511845970e+01
1.830492000000000008e+00	2.832936978650519322e+01
1.834179999999999922e+00	2.819102206550133616e+01
1.838259000000000087e+00	2.861065607766697028e+01
1.843048000000000020e+00	2.899714795674754697e+01
1.848562000000000038e+00	3.000943865788282139e+01
1.854589999999999961e+00	3.033078738642069183e+01
1.860913000000000039e+00	3.083358066913246986e+01
1.867313999999999918e+00	3.106021212909150009e+01
1.873583999999999916e+00	2.978579725053017313e+01
1.879660000000000108e+00	3.089000700969151580e+01
1.885596000000000050e+00	3.065706920655128442e+01
1.891450999999999993e+00	3.034213690526772567e+01
1.897281999999999913e+00	3.053516931748397312e+01
1.903146999999999922e+00	3.047927658452711341e+01
1.909062999999999954e+00	3.140815304876725733e+01
1.915018000000000109e+00	3.236418870456553520e+01
1.920995999999999926e+00	3.342394048673471474e+01
1.926979999999999915e+00	3.342409800357863503e+01
1.932955999999999896e+00	3.431081395892072550e+01
1.938917999999999919e+00	3.480058796631330864e+01
1.944868999999999959e+00	3.393585788917374657e+01
1.950814000000000048e+00	3.415519941093656087e+01
1.956757999999999997e+00	3.393189697931509841e+01
1.962703000000000086e+00	3.481474801137919428e+01
1.968652000000000069e+00	3.419276330586071566e+01
1.974604000000000026e+00	3.415305441991659308e+01
1.980558000000000041e+00	3.391441378559251518e+01
1.986512000000000056e+00	3.470434844689070530e+01
1.992466000000000070e+00	3.529027389384018676e+01
1.998418000000000028e+00	3.637612938286452646e+01
2.004370000000000207e+00	3.734092303022044490e+01
2.010321999999999942e+00	3.852838400209677872e+01
2.016272999999999982e+00	3.948155109015436892e+01
2.022224000000000022e+00	3.979798977054080922e+01
2.028176000000000201e+00	3.972097859532371444e+01
2.034127999999999936e+00	3.962674439189660802e+01
2.040080000000000116e+00	3.871099593660727578e+01
2.046031999999999851e+00	3.822042685062925926e+01
2.051984000000000030e+00	3.862303548768265671e+01
2.057935000000000070e+00	3.926966348472012669e+01
2.063886999999999805e+00	3.899546779636427374e+01
2.069837999999999845e+00	3.964384244614930708e+01
2.075791000000000164e+00	3.996756178379761337e+01
2.081744000000000039e+00	3.951996376210989581e+01
2.087698000000000054e+00	4.001203712884559849e+01
2.093652000000000069e+00	3.903848520602669225e+01
2.099604999999999944e+00	3.875051807333481690e+01
2.105554999999999843e+00	3.874642664005124004e+01
2.111501000000000072e+00	3.973499785636131065e+01
2.117445000000000022e+00	4.009097511796273494e+01
2.123388999999999971e+00	4.143865856455197161e+01
2.129338000000000175e+00	4.269678030562864279e+01
2.135295999999999861e+00	4.367841316581064603e+01
2.141268000000000171e+00	4.458806491714423004e+01
2.147250999999999799e+00	4.533999859446691261e+01
2.153232000000000035e+00	4.451630871414528201e+01
2.159196000000000115e+00	4.434935390070192085e+01
2.165125000000000188e+00	4.317059469235177005e+01
2.171006000000000213e+00	4.265685722070295327e+01
2.176841000000000026e+00	4.183831540088127809e+01
2.182682999999999929e+00	4.194642177932870197e+01
2.188588999999999896e+00	4.129002875654572335e+01
2.194618000000000180e+00	4.109040507561058320e+01
2.200828000000000007e+00	4.113167547957063874e+01
2.207209999999999894e+00	4.014170171371821283e+01
2.213579000000000185e+00	3.998375955291258776e+01
2.219714999999999883e+00	3.999994640729576645e+01
2.225403000000000020e+00	3.962898870288051967e+01
2.230423000000000044e+00	3.961624693261151720e+01
2.234681000000000139e+00	4.062756185177210710e+01
2.238447999999999993e+00	4.139246425863569101e+01
2.242068000000000172e+00	4.229653513316703339e+01
2.245884000000000214e+00	4.411070986293918850e+01
2.250237999999999960e+00	4.388720532194465562e+01
2.255365999999999982e+00	4.453473935673266482e+01
2.261130000000000084e+00	4.501815790552186058e+01
2.267313000000000134e+00	4.538437808282171204e+01
2.273696000000000161e+00	4.473774405836871182e+01
2.280063999999999869e+00	4.528795974266100899e+01
2.286243999999999943e+00	4.496984534541300604e+01
2.292251999999999956e+00	4.507763891793065625e+01
2.298146000000000022e+00	4.556401022600708473e+01
2.303983000000000114e+00	4.534642632923848282e+01
2.309822000000000042e+00	4.579129414414539667e+01
2.315710999999999853e+00	4.566109231643627453e+01
2.321645999999999876e+00	4.623988252902543650e+01
2.327612999999999932e+00	4.558979171024262200e+01
2.333594999999999864e+00	4.502877964199796423e+01
2.339576999999999796e+00	4.520409892845723476e+01
2.345546999999999827e+00	4.488333100461955638e+01
2.351503999999999817e+00	4.399919689048271465e+01
2.357451999999999881e+00	4.337749927752669521e+01
2.363395999999999830e+00	4.259855246284455887e+01
2.369339000000000084e+00	4.149716750020704126e+01
2.375286000000000008e+00	4.031240974589927362e+01
2.381237000000000048e+00	3.973296847225540063e+01
2.387189999999999923e+00	3.916669836787875170e+01
2.393143999999999938e+00	3.832404052412450568e+01
2.399097999999999953e+00	3.914109081511733734e+01
2.405050999999999828e+00	3.964397609310428550e+01
2.411004000000000147e+00	4.073510867352788267e+01
2.416955999999999882e+00	4.159046514382040982e+01
2.422906999999999922e+00	4.361094783826622034e+01
2.428857999999999961e+00	4.421743539850553617e+01
2.434809000000000001e+00	4.391338073790677043e+01
2.440760000000000041e+00	4.328493557416804549e+01
2.446712000000000220e+00	4.271586902026952259e+01
2.452663999999999955e+00	4.239483591221446090e+01
2.458616999999999830e+00	4.255892981101953154e+01
2.464570999999999845e+00	4.311871390849631069e+01
2.470524999999999860e+00	4.332287073339482220e+01
2.476478000000000179e+00	4.456718645030261428e+01
2.482429999999999914e+00	4.605663356998074676e+01
2.488377999999999979e+00	4.632188811912232040e+01
2.494323000000000068e+00	4.693553589064867992e+01
2.500265999999999877e+00	4.741160143610110111e+01
2.506212000000000106e+00	4.644142505740843063e+01
2.512164999999999981e+00	4.685713992563042041e+01
2.518129000000000062e+00	4.607737769171556863e+01
2.524108000000000018e+00	4.521379516105476171e+01
2.530091999999999786e+00	4.401311786796807013e+01
2.536067000000000071e+00	4.260786972704433140e+01
2.542015999999999831e+00	4.065136802943426630e+01
2.547924000000000078e+00	3.958536183117195151e+01
2.553779000000000021e+00	3.801264448962903941e+01
2.559610000000000163e+00	3.688572131067471105e+01
2.565475000000000172e+00	3.513246714860378717e+01
2.571432000000000162e+00	3.376269474658993630e+01
2.577539999999999942e+00	3.250391095318398271e+01
2.583845999999999865e+00	3.139209705782034021e+01
2.590249000000000024e+00	3.068347406794012500e+01
2.596534000000000120e+00	2.932854048470444397e+01
2.602485000000000159e+00	3.002207864212096311e+01
2.607883000000000173e+00	2.977043153510269846e+01
2.612527000000000044e+00	2.999977787134621465e+01
2.616509000000000196e+00	3.079654510164778358e+01
2.620163999999999938e+00	3.126099361012365918e+01
2.623834000000000000e+00	3.291239978590007809e+01
2.627863000000000060e+00	3.436125713743516030e+01
2.632579999999999920e+00	3.594985336414960386e+01
2.638037000000000187e+00	3.871525854067589023e+01
2.644026000000000209e+00	3.984784374657434824e+01
2.650332000000000132e+00	4.174306769907703085e+01
2.656734000000000151e+00	4.221828965258961830e+01
2.663022999999999918e+00	4.159125514136105295e+01
2.669115000000000126e+00	4.027391405019781701e+01
2.675060999999999911e+00	3.860884414343445314e+01
2.680919999999999970e+00	3.552780466915419311e+01
2.686751000000000111e+00	3.192723093901881626e+01
2.692610999999999866e+00	2.981550179044189619e+01
2.698523999999999923e+00	2.729138032060900088e+01
2.704476000000000102e+00	2.464063600805983612e+01
2.710452000000000083e+00	2.200695427083459776e+01
2.716435999999999851e+00	1.887508483407768978e+01
2.722412999999999972e+00	1.543058530991888944e+01
2.728375999999999912e+00	1.155713378561847549e+01
2.734328000000000092e+00	7.501355358877733970e+00
2.740273999999999877e+00	4.097414747584389616e+00
2.746217000000000130e+00	1.693056186793961526e+00
2.752162000000000219e+00	4.490555102418066213e-01
2.758110999999999979e+00	7.096709755222920801e-01
2.764063000000000159e+00	3.367486900865291233e+00
2.770016000000000034e+00	5.239079726085966726e+00
2.775971000000000188e+00	8.851433710924670351e+00
2.781924000000000063e+00	1.225095953963638351e+01
2.787876999999999938e+00	1.497094911020700536e+01
2.793829000000000118e+00	1.747911060340738842e+01
2.799780999999999853e+00	1.778790496300349488e+01
2.805731999999999893e+00	1.687867762132399818e+01
2.811682999999999932e+00	1.641469202600655564e+01
2.817635000000000112e+00	1.306057813236025211e+01
2.823586999999999847e+00	9.877518030481608591e+00
2.829539000000000026e+00	7.109270262303141408e+00
2.835491000000000206e+00	3.937498487208174858e+00
2.841442999999999941e+00	2.278079954149415443e+00
2.847395000000000120e+00	1.975117069914505530e+00
2.853346999999999856e+00	2.857700751973413222e+00
2.859299000000000035e+00	5.121554325806931374e+00
2.865251000000000214e+00	6.658370019550636343e+00
2.871201999999999810e+00	9.431838766470848512e+00
2.877153999999999989e+00	1.204497406904986434e+01
2.883106000000000169e+00	1.537552830510271562e+01
2.889057999999999904e+00	1.926727879372349861e+01
2.895010000000000083e+00	2.487962695047098194e+01
2.900961999999999819e+00	3.156693276885754074e+01
2.906913999999999998e+00	3.999114486498889676e+01
2.912866000000000177e+00	4.815504788917175460e+01
2.918817999999999913e+00	5.444818600758680560e+01
2.924770000000000092e+00	5.563392450340380435e+01
2.930721000000000132e+00	5.100644246636626633e+01
2.936672999999999867e+00	3.901988587570856026e+01
2.942625000000000046e+00	2.264087672887910330e+01
2.948576999999999781e+00	4.980623879210740235e+00
2.954528999999999961e+00	-1.155497716968949184e+01
2.960481000000000140e+00	-2.175644982488755375e+01
2.966432999999999875e+00	-2.477906943356417457e+01
2.972385000000000055e+00	-2.070357404717199401e+01
2.978336999999999790e+00	-1.349252507427679859e+01
2.984288999999999970e+00	-2.485818800463289069e+00
2.990240000000000009e+00	8.817742960460039470e+00
2.996192000000000188e+00	1.991884607294515419e+01
3.002143999999999924e+00	2.731376805982922917e+01
3.008096000000000103e+00	3.039039015308843616e+01
3.014047999999999838e+00	2.680741603529756389e+01
3.020000000000000018e+00	1.519185942982739945e+01
