1.199999999999999956e-01	1.767161189113779285e+00
1.249780000000000058e-01	2.522078977369581310e+00
1.305999999999999939e-01	3.616711584518416345e+00
1.367059999999999942e-01	3.743070134928202730e+00
1.431360000000000132e-01	3.636610534950986739e+00
1.497320000000000040e-01	4.040574507129502280e+00
1.563350000000000017e-01	4.551183874639098903e+00
1.627850000000000130e-01	3.874106609080594676e+00
1.689219999999999888e-01	4.575998815691805888e+00
1.745889999999999942e-01	4.875344550233894125e+00
1.796250000000000069e-01	4.517537664433726619e+00
1.839349999999999874e-01	4.752495858130333595e+00
1.877439999999999942e-01	5.976259786718423506e+00
1.913779999999999926e-01	6.065817890096703913e+00
1.951660000000000061e-01	6.253773008675833189e+00
1.994340000000000002e-01	6.527175789065545075e+00
2.044499999999999929e-01	5.172836562890053003e+00
2.101250000000000062e-01	4.170561683302034695e+00
2.162479999999999958e-01	3.247377812900361427e+00
2.226049999999999973e-01	2.201474084551352739e+00
2.289819999999999911e-01	1.162797367547123262e+00
2.351930000000000132e-01	1.179903746109832507e+00
2.412249999999999950e-01	1.874087858111878280e+00
2.471349999999999936e-01	3.688054680990157097e-01
2.529799999999999827e-01	1.664218443563371785e+00
2.588170000000000193e-01	2.501639513536651815e+00
2.646970000000000156e-01	3.235122977676418099e+00
2.706259999999999777e-01	2.954091451549493819e+00
2.765880000000000005e-01	3.419098815178205353e+00
2.825679999999999858e-01	3.529779461971263466e+00
2.885510000000000019e-01	3.610595136303200281e+00
2.945229999999999793e-01	3.769855357858608258e+00
3.004809999999999981e-01	3.169536372032180527e+00
3.064310000000000089e-01	2.408547477569617623e+00
3.123750000000000138e-01	2.886687219576675290e+00
3.183190000000000186e-01	2.145039740770807946e+00
3.242650000000000254e-01	2.887889779386910938e+00
3.302149999999999808e-01	3.147264577253751305e+00
3.361680000000000224e-01	2.950081383794114664e+00
3.421210000000000084e-01	2.585106523958103253e+00
3.480759999999999965e-01	3.275325242184597752e+00
3.540289999999999826e-01	3.071443297003086492e+00
3.599809999999999954e-01	2.639106863223674271e+00
3.659330000000000083e-01	9.074890954290578682e-01
3.718839999999999923e-01	7.150953347184898501e-01
3.778360000000000052e-01	5.671235344472647100e-01
3.837869999999999893e-01	3.241209926077680548e-01
3.897390000000000021e-01	2.249455800201916489e+00
3.956910000000000149e-01	1.579693162320979116e+00
4.016429999999999723e-01	2.997938947680259147e+00
4.075949999999999851e-01	3.011706435445470120e+00
4.135469999999999979e-01	3.142987377005314276e+00
4.194979999999999820e-01	3.810395902846395622e+00
4.254499999999999948e-01	3.598720590869980196e+00
4.314009999999999789e-01	2.965901975430114135e+00
4.373540000000000205e-01	2.790131819008742742e+00
4.433079999999999798e-01	2.516042278860131098e+00
4.492619999999999947e-01	2.736038486908183742e+00
4.552160000000000095e-01	2.272038203567747772e+00
4.611680000000000224e-01	1.800285079492425222e+00
4.671170000000000044e-01	1.248088308126307222e+00
4.730619999999999825e-01	7.680915897164557471e-01
4.790059999999999873e-01	3.146292715494680703e-01
4.849510000000000209e-01	-1.340643025507363140e-01
4.909020000000000050e-01	-4.252564574804779118e-01
4.968629999999999991e-01	-1.791621378495444894e-02
5.028390000000000359e-01	1.766369207644399864e-01
5.088230000000000253e-01	4.314055164383561181e-01
5.148009999999999531e-01	1.657975419261671579e+00
5.207570000000000254e-01	2.351673080647136871e+00
5.266750000000000043e-01	3.660273749109203223e+00
5.325410000000000421e-01	4.148803372556542968e+00
5.383719999999999617e-01	4.598444517598823111e+00
5.442249999999999588e-01	5.353662667016011234e+00
5.501580000000000359e-01	4.425243599952662699e+00
5.562289999999999734e-01	5.453884652088032858e+00
5.624930000000000208e-01	4.867912886104960535e+00
5.688929999999999820e-01	4.059097214199262282e+00
5.752220000000000111e-01	2.786271322299550324e+00
5.812610000000000277e-01	2.089200188063567776e+00
5.867949999999999555e-01	2.372081821542057600e+00
5.916080000000000227e-01	1.626930926345802719e+00
5.957040000000000113e-01	2.755338987693754849e+00
5.993990000000000151e-01	2.176773198454884373e+00
6.030370000000000452e-01	3.486868477177711423e+00
6.069609999999999728e-01	3.896643727755375153e+00
6.115110000000000268e-01	5.449263449936373682e+00
6.168270000000000142e-01	5.732214756982467740e+00
6.227219999999999978e-01	6.231499467733610409e+00
6.289789999999999548e-01	6.658611694369175993e+00
6.353790000000000271e-01	6.215846510925316259e+00
6.417070000000000274e-01	6.743672326855915777e+00
6.478369999999999962e-01	6.739482058927460884e+00
6.538089999999999735e-01	5.785002141163071876e+00
6.596819999999999906e-01	5.503287933546357813e+00
6.655140000000000500e-01	5.345822525959951221e+00
6.713630000000000431e-01	5.621702604325373720e+00
6.772660000000000347e-01	4.763186482575058278e+00
6.832110000000000127e-01	5.981233263597805383e+00
6.891829999999999901e-01	4.585031905493154092e+00
6.951669999999999794e-01	4.067176255712329436e+00
7.011469999999999647e-01	4.890276658554868483e+00
7.071119999999999628e-01	5.800954829295820403e+00
7.130670000000000064e-01	5.640580315222811336e+00
7.190130000000000132e-01	5.446538000368004617e+00
7.249569999999999625e-01	7.370094188376116406e+00
7.309010000000000229e-01	6.264363403102335859e+00
7.368489999999999762e-01	6.571847418418193421e+00
7.428000000000000158e-01	6.428277998265177651e+00
7.487530000000000019e-01	6.176966043502872594e+00
7.547080000000000455e-01	6.380821155049941851e+00
7.606619999999999493e-01	5.486855561392356861e+00
7.666140000000000176e-01	6.027030691293418840e+00
7.725670000000000037e-01	7.934322590787253660e+00
7.785180000000000433e-01	7.761180906040186400e+00
7.844689999999999719e-01	8.489826752890580863e+00
7.904210000000000402e-01	8.235713792317591597e+00
7.963729999999999976e-01	8.146229396223999331e+00
8.023249999999999549e-01	8.408509023600373666e+00
8.082770000000000232e-01	8.040995883883356399e+00
8.142289999999999806e-01	7.682160866918876785e+00
8.201800000000000201e-01	9.059142582593873172e+00
8.261319999999999775e-01	8.950635249792727066e+00
8.320830000000000171e-01	1.028796697420214556e+01
8.380349999999999744e-01	1.102637360475801920e+01
8.439870000000000427e-01	1.269131870970633358e+01
8.499400000000000288e-01	1.223784185595775043e+01
8.558940000000000436e-01	1.189000574713933389e+01
8.618479999999999475e-01	1.079959782698646542e+01
8.678010000000000446e-01	1.104666102045934650e+01
8.737519999999999731e-01	9.557468598969304452e+00
8.797000000000000375e-01	1.032123664075541036e+01
8.856439999999999868e-01	1.000515025412170012e+01
8.915870000000000184e-01	1.124876315187720088e+01
8.975349999999999717e-01	1.275059399212460143e+01
9.034900000000000153e-01	1.337965272765230829e+01
9.094569999999999599e-01	1.373125426191863596e+01
9.154379999999999740e-01	1.360836917110255051e+01
9.214210000000000456e-01	1.420283293724818741e+01
9.273909999999999654e-01	1.372720855621261471e+01
9.333329999999999682e-01	1.266880467660181608e+01
9.392300000000000093e-01	1.358542444251178516e+01
9.450749999999999984e-01	1.387863471860269549e+01
9.509090000000000042e-01	1.424512997278419313e+01
9.567890000000000006e-01	1.455353263114017359e+01
9.627750000000000474e-01	1.463741378533641324e+01
9.689229999999999787e-01	1.526257048097861713e+01
9.752680000000000238e-01	1.384343714915946322e+01
9.816639999999999810e-01	1.270668416510712184e+01
9.878930000000000211e-01	1.174329025888028077e+01
9.937399999999999567e-01	1.144893938411361134e+01
9.989850000000000119e-01	9.540014943679201664e+00
1.003457999999999961e+00	9.865723645105022754e+00
1.007338000000000067e+00	1.012595855742721085e+01
1.010966000000000031e+00	9.804814388168809458e+00
1.014685999999999977e+00	1.003057845972923623e+01
1.018841000000000108e+00	9.746559609440506478e+00
1.023735000000000062e+00	1.146270010472112411e+01
1.029328999999999938e+00	1.095021192592274950e+01
1.035408000000000106e+00	1.140053824573455721e+01
1.041754000000000069e+00	1.110621222351279336e+01
1.048148999999999997e+00	1.092976273618887006e+01
1.054391999999999996e+00	1.166088141602415718e+01
1.060446000000000000e+00	1.169599306040350228e+01
1.066368999999999900e+00	1.185498947670877889e+01
1.072216999999999976e+00	1.188269704385150405e+01
1.078049000000000035e+00	1.193613244286334130e+01
1.083920999999999912e+00	1.262580307755768594e+01
1.089842999999999895e+00	1.264492766084920561e+01
1.095801999999999943e+00	1.168941176365003720e+01
1.101780999999999899e+00	1.218556652695372300e+01
1.107765000000000111e+00	1.249025793718403676e+01
1.113739999999999952e+00	1.202332774881151956e+01
1.119699999999999918e+00	1.169570599589886939e+01
1.125650000000000039e+00	1.189988531273409755e+01
1.131594999999999906e+00	1.084653421285352870e+01
1.137537999999999938e+00	1.041257960872472133e+01
1.143483999999999945e+00	1.004327448102453602e+01
1.149432999999999927e+00	9.549283843782278680e+00
1.155386000000000024e+00	1.026355577589674439e+01
1.161338999999999899e+00	9.696576358363680370e+00
1.167294000000000054e+00	9.409832766172822716e+00
1.173246999999999929e+00	1.073463243443477033e+01
1.179200000000000026e+00	1.165544594987811067e+01
1.185151999999999983e+00	1.171131255657738279e+01
1.191103000000000023e+00	1.289324941572208516e+01
1.197054000000000062e+00	1.321041133402812484e+01
1.203006000000000020e+00	1.288409564315511524e+01
1.208957999999999977e+00	1.341308870935443487e+01
1.214909999999999934e+00	1.247413160540901700e+01
1.220861999999999892e+00	1.171066734898329997e+01
1.226814000000000071e+00	1.050278532612709448e+01
1.232765000000000111e+00	1.152474848461511137e+01
1.238717000000000068e+00	1.218324537927693463e+01
1.244668000000000108e+00	1.298975736887631172e+01
1.250620000000000065e+00	1.381872703702451588e+01
1.256572000000000022e+00	1.390622639578181818e+01
1.262526000000000037e+00	1.425059723890109886e+01
1.268480000000000052e+00	1.477647318595338533e+01
1.274434000000000067e+00	1.413248848248213108e+01
1.280386000000000024e+00	1.394407002639197657e+01
1.286335999999999924e+00	1.343249157163124430e+01
1.292281999999999931e+00	1.335257651991516958e+01
1.298224999999999962e+00	1.375509178669248200e+01
1.304170000000000051e+00	1.457837343656032658e+01
1.310119999999999951e+00	1.498084928315828357e+01
1.316079999999999917e+00	1.529446391272335326e+01
1.322052999999999923e+00	1.607912789444100099e+01
1.328036999999999912e+00	1.642977324882073020e+01
1.334017000000000008e+00	1.588328828448815244e+01
1.339976000000000056e+00	1.580937271111988807e+01
1.345900000000000096e+00	1.606286991261107033e+01
1.351774000000000031e+00	1.711930816768390429e+01
1.357607000000000008e+00	1.690340972278480081e+01
1.363453000000000026e+00	1.818822481625980458e+01
1.369372000000000034e+00	1.887690707562807901e+01
1.375421999999999922e+00	1.906367275110088499e+01
1.381658999999999970e+00	1.942019198547124148e+01
1.388052000000000064e+00	1.953190521486913767e+01
1.394403000000000059e+00	1.965469198235200210e+01
1.400492999999999988e+00	1.942362792055937248e+01
1.406104999999999938e+00	1.857721786179584100e+01
1.411021999999999998e+00	1.835719571994463450e+01
1.415195999999999898e+00	1.816076656911807774e+01
1.418924000000000074e+00	1.861402411189617112e+01
1.422549999999999981e+00	1.766840988294483239e+01
1.426417000000000046e+00	1.868522479735231201e+01
1.430868000000000029e+00	1.889878855762550458e+01
1.436091000000000006e+00	1.833974974728761964e+01
1.441923000000000066e+00	1.797292406068824278e+01
1.448144000000000098e+00	1.766749260302252722e+01
1.454538000000000109e+00	1.717295071692851849e+01
1.460887000000000047e+00	1.738399254100389868e+01
1.467041999999999957e+00	1.654911573310667805e+01
1.473030999999999979e+00	1.625617662809075625e+01
1.478914000000000062e+00	1.642338879799893547e+01
1.484749000000000096e+00	1.666868921335768050e+01
1.490591999999999917e+00	1.731619839090178914e+01
1.496488000000000040e+00	1.766876461118935282e+01
1.502428000000000097e+00	1.909977604120022932e+01
1.508397999999999906e+00	1.994563288579187699e+01
1.514380999999999977e+00	2.099801834011976709e+01
1.520361999999999991e+00	2.131636038636440844e+01
1.526329999999999965e+00	2.134716326023271904e+01
1.532284999999999897e+00	2.063015168620411188e+01
1.538232999999999961e+00	1.998344377890177981e+01
1.544175999999999993e+00	1.931759428631163900e+01
1.550119999999999942e+00	1.930725640632709172e+01
1.556068000000000007e+00	1.929060039820445382e+01
1.562019000000000046e+00	1.969260230958446201e+01
1.567971999999999921e+00	2.036635005502711238e+01
1.573925999999999936e+00	2.050423493426686861e+01
1.579879999999999951e+00	2.008567722837075920e+01
1.585833000000000048e+00	1.982792122454904771e+01
1.591785000000000005e+00	1.987257214215413725e+01
1.597736999999999963e+00	2.017987686827049032e+01
1.603688000000000002e+00	1.941934687031129769e+01
1.609639000000000042e+00	1.926560300156123162e+01
1.615590999999999999e+00	1.906598010515230612e+01
1.621542999999999957e+00	2.055128057118421125e+01
1.627494999999999914e+00	2.057114729231258465e+01
1.633447000000000093e+00	2.246178190619874826e+01
1.639399000000000051e+00	2.321567641034387819e+01
1.645350000000000090e+00	2.249369332132150490e+01
1.651302000000000048e+00	2.160677304244848784e+01
1.657253000000000087e+00	2.091884679381575651e+01
1.663205000000000044e+00	2.031226366173436304e+01
1.669157999999999920e+00	1.949650096082164197e+01
1.675111999999999934e+00	2.021238144153800320e+01
1.681065999999999949e+00	2.001400998876826876e+01
1.687019000000000046e+00	2.186223029328417056e+01
1.692971000000000004e+00	2.189479681116020160e+01
1.698919000000000068e+00	2.367387681206626482e+01
1.704863000000000017e+00	2.385423210434167629e+01
1.710806999999999967e+00	2.292838741463350516e+01
1.716752999999999973e+00	2.341846041272590284e+01
1.722706999999999988e+00	2.347222532285113417e+01
1.728671999999999986e+00	2.319172939360905872e+01
1.734652000000000083e+00	2.383388812349652852e+01
1.740636000000000072e+00	2.408381041654778087e+01
1.746609000000000078e+00	2.291907026710243400e+01
1.752555000000000085e+00	2.484137094074122132e+01
1.758458000000000077e+00	2.593636208072174654e+01
1.764308999999999905e+00	2.636526366359763074e+01
1.770140999999999964e+00	2.738043789631471014e+01
1.776011999999999924e+00	2.815062260207937683e+01
1.781979999999999897e+00	2.912441517654731626e+01
1.788105000000000055e+00	2.909394802964785498e+01
1.794426999999999994e+00	2.759432498114925991e+01
1.800829000000000013e+00	2.847742636820914797e+01
1.807091999999999921e+00	2.823840012007782718e+01
1.813002000000000002e+00	2.706582362638969030e+01
1.818338000000000010e+00	2.665432933592330045e+01
1.822912000000000088e+00	2.724499910513421597e+01
1.826850000000000085e+00	2.711651666701455454e+01
1.830492000000000008e+00	2.771164934808822267e+01
1.834179999999999922e+00	2.764140519030609511e+01
1.838259000000000087e+00	2.894650621151022207e+01
1.843048000000000020e+00	2.936772584135253794e+01
1.848562000000000038e+00	3.017036064911041748e+01
1.854589999999999961e+00	3.123925728269660596e+01
1.860913000000000039e+00	3.082420517631942403e+01
1.867313999999999918e+00	3.149990427272090798e+01
1.873583999999999916e+00	3.175305712092653820e+01
1.879660000000000108e+00	3.226489065467995232e+01
1.885596000000000050e+00	3.248374483195620854e+01
1.891450999999999993e+00	3.255701031084541341e+01
1.897281999999999913e+00	3.324820983614051784e+01
1.903146999999999922e+00	3.371763925459003275e+01
1.909062999999999954e+00	3.304341515253427275e+01
1.915018000000000109e+00	3.395424396617859486e+01
1.920995999999999926e+00	3.344829774627052643e+01
1.926979999999999915e+00	3.291734543792337320e+01
1.932955999999999896e+00	3.231681285229873879e+01
1.938917999999999919e+00	3.186282825544616770e+01
1.944868999999999959e+00	3.063391458612654716e+01
1.950814000000000048e+00	2.958945017396937160e+01
1.956757999999999997e+00	2.955510377695969737e+01
1.962703000000000086e+00	3.011105429535439626e+01
1.968652000000000069e+00	3.134452426813231440e+01
1.974604000000000026e+00	3.371135675694323197e+01
1.980558000000000041e+00	3.537174931061786509e+01
1.986512000000000056e+00	3.718077633243464675e+01
1.992466000000000070e+00	3.840945607215719804e+01
1.998418000000000028e+00	3.833273721518537513e+01
2.004370000000000207e+00	3.831553076229944566e+01
2.010321999999999942e+00	3.836886673728737662e+01
2.016272999999999982e+00	3.741503226834951334e+01
2.022224000000000022e+00	3.740098888963085244e+01
2.028176000000000201e+00	3.774176787106752329e+01
2.034127999999999936e+00	3.901944825674181772e+01
2.040080000000000116e+00	3.972931541925693466e+01
2.046031999999999851e+00	4.061897138066776591e+01
2.051984000000000030e+00	4.091284679148031955e+01
2.057935000000000070e+00	4.043103973725856548e+01
2.063886999999999805e+00	4.058414828925428708e+01
2.069837999999999845e+00	3.938347825450139794e+01
2.075791000000000164e+00	3.976192894571654790e+01
2.081744000000000039e+00	3.821108237032512989e+01
2.087698000000000054e+00	3.812324630319616858e+01
2.093652000000000069e+00	3.895408350704737188e+01
2.099604999999999944e+00	3.898607645809845224e+01
2.105554999999999843e+00	4.015224021273249377e+01
2.111501000000000072e+00	4.109411001933451502e+01
2.117445000000000022e+00	4.285386407563298405e+01
2.123388999999999971e+00	4.326401601474307057e+01
2.129338000000000175e+00	4.444034411669759521e+01
2.135295999999999861e+00	4.451786152713548717e+01
2.141268000000000171e+00	4.495313772497822669e+01
2.147250999999999799e+00	4.557913497955640025e+01
2.153232000000000035e+00	4.537552706297461214e+01
2.159196000000000115e+00	4.584204506369184173e+01
2.165125000000000188e+00	4.431098894436896529e+01
2.171006000000000213e+00	4.455003501016030043e+01
2.176841000000000026e+00	4.385559560961394965e+01
2.182682999999999929e+00	4.335449749060086333e+01
2.188588999999999896e+00	4.265656699857609624e+01
2.194618000000000180e+00	4.235752229774147537e+01
2.200828000000000007e+00	4.205749984781280659e+01
2.207209999999999894e+00	4.155347845632010007e+01
2.213579000000000185e+00	4.180986521253100108e+01
2.219714999999999883e+00	4.143985274021638787e+01
2.225403000000000020e+00	4.167764670893973999e+01
2.230423000000000044e+00	4.115532067378322267e+01
2.234681000000000139e+00	4.154682758877584803e+01
2.238447999999999993e+00	4.132360294616218965e+01
2.242068000000000172e+00	4.154898328662014961e+01
2.245884000000000214e+00	4.232315846065903742e+01
2.250237999999999960e+00	4.297838302061662574e+01
2.255365999999999982e+00	4.481630571888221937e+01
2.261130000000000084e+00	4.497719927523631611e+01
2.267313000000000134e+00	4.625968708804892060e+01
2.273696000000000161e+00	4.699346757859157009e+01
2.280063999999999869e+00	4.744023744270555198e+01
2.286243999999999943e+00	4.808574367114125181e+01
2.292251999999999956e+00	4.687282271112211873e+01
2.298146000000000022e+00	4.683591018027418329e+01
2.303983000000000114e+00	4.526779236447613641e+01
2.309822000000000042e+00	4.536529216151405564e+01
2.315710999999999853e+00	4.484424004012961262e+01
2.321645999999999876e+00	4.460135247188009799e+01
2.327612999999999932e+00	4.486112645751033057e+01
2.333594999999999864e+00	4.468677986630335397e+01
2.339576999999999796e+00	4.404719301741795334e+01
2.345546999999999827e+00	4.336560539098121581e+01
2.351503999999999817e+00	4.303937831355579391e+01
2.357451999999999881e+00	4.212267033958797668e+01
2.363395999999999830e+00	4.133537505343613105e+01
2.369339000000000084e+00	4.125939200581718325e+01
2.375286000000000008e+00	4.122960540220648085e+01
2.381237000000000048e+00	4.074066630355704177e+01
2.387189999999999923e+00	4.091503431438727034e+01
2.393143999999999938e+00	4.136823788782955091e+01
2.399097999999999953e+00	4.165043286101703757e+01
2.405050999999999828e+00	4.070309614461029923e+01
2.411004000000000147e+00	4.158229109508784660e+01
2.416955999999999882e+00	4.047181836575692415e+01
2.422906999999999922e+00	4.139464393161264155e+01
2.428857999999999961e+00	4.107845160192215417e+01
2.434809000000000001e+00	4.218808131413029372e+01
2.440760000000000041e+00	4.165217704685989730e+01
2.446712000000000220e+00	4.204661977536697748e+01
2.452663999999999955e+00	4.264893156058001722e+01
2.458616999999999830e+00	4.229946156575191196e+01
2.464570999999999845e+00	4.178180142078650761e+01
2.470524999999999860e+00	4.211787706715659141e+01
2.476478000000000179e+00	4.337236701922951454e+01
2.482429999999999914e+00	4.349544814655448022e+01
2.488377999999999979e+00	4.257803401569960755e+01
2.494323000000000068e+00	4.382234781272720170e+01
2.500265999999999877e+00	4.293560203760464589e+01
2.506212000000000106e+00	4.401887899033798845e+01
2.512164999999999981e+00	4.474406670803476516e+01
2.518129000000000062e+00	4.446365816796125614e+01
2.524108000000000018e+00	4.418787292192349270e+01
2.530091999999999786e+00	4.215903547429060438e+01
2.536067000000000071e+00	4.136110741686091785e+01
2.542015999999999831e+00	3.993631649984467202e+01
2.547924000000000078e+00	3.800555410817452184e+01
2.553779000000000021e+00	3.725475413486158516e+01
2.559610000000000163e+00	3.573821326618861605e+01
2.565475000000000172e+00	3.476930228435987402e+01
2.571432000000000162e+00	3.428155201478935510e+01
2.577539999999999942e+00	3.390271971173278587e+01
2.583845999999999865e+00	3.412275495434460737e+01
2.590249000000000024e+00	3.355053188817866072e+01
2.596534000000000120e+00	3.341199866663588125e+01
2.602485000000000159e+00	3.313671325439251802e+01
2.607883000000000173e+00	3.293435041191416701e+01
2.612527000000000044e+00	3.327130969774801628e+01
2.616509000000000196e+00	3.206049452333444094e+01
2.620163999999999938e+00	3.270432226016099975e+01
2.623834000000000000e+00	3.331337986155403996e+01
2.627863000000000060e+00	3.338569841615687750e+01
2.632579999999999920e+00	3.583985076499677547e+01
2.638037000000000187e+00	3.736860067272983343e+01
2.644026000000000209e+00	3.973848575688363383e+01
2.650332000000000132e+00	4.004193390441481171e+01
2.656734000000000151e+00	4.132674839479053475e+01
2.663022999999999918e+00	4.041544770794773456e+01
2.669115000000000126e+00	3.817077376128548849e+01
2.675060999999999911e+00	3.582913335892626350e+01
2.680919999999999970e+00	3.160275853210580266e+01
2.686751000000000111e+00	2.870773621623407124e+01
2.692610999999999866e+00	2.670574204597861012e+01
2.698523999999999923e+00	2.466021203568579878e+01
2.704476000000000102e+00	2.323755735193125460e+01
2.710452000000000083e+00	2.061384427649190698e+01
2.716435999999999851e+00	1.775516536541525525e+01
2.722412999999999972e+00	1.490027193617335932e+01
2.728375999999999912e+00	1.117222533197302603e+01
2.734328000000000092e+00	7.004947135901378630e+00
2.740273999999999877e+00	3.314919304088535856e+00
2.746217000000000130e+00	1.253924679958597244e+00
2.752162000000000219e+00	4.848399757836366342e-01
2.758110999999999979e+00	8.538923695701288175e-01
2.764063000000000159e+00	3.082754073554546892e+00
2.770016000000000034e+00	5.641312119192082086e+00
2.775971000000000188e+00	7.772608652449373601e+00
2.781924000000000063e+00	1.097512292852643689e+01
2.787876999999999938e+00	1.349933738864979560e+01
2.793829000000000118e+00	1.520667863334181646e+01
2.799780999999999853e+00	1.622220219088308824e+01
2.805731999999999893e+00	1.677789682728822740e+01
2.811682999999999932e+00	1.546669365843882993e+01
2.817635000000000112e+00	1.402140805609606211e+01
2.823586999999999847e+00	1.119690275758764564e+01
2.829539000000000026e+00	7.851393158385723936e+00
2.835491000000000206e+00	5.942220913291439643e+00
2.841442999999999941e+00	3.834043303541423420e+00
2.847395000000000120e+00	3.948309118883319258e+00
2.853346999999999856e+00	4.006953251369199442e+00
2.859299000000000035e+00	5.319870044535057296e+00
2.865251000000000214e+00	7.902254908545238266e+00
2.871201999999999810e+00	9.408332997531683617e+00
2.877153999999999989e+00	1.170080245194668400e+01
2.883106000000000169e+00	1.384020619828113929e+01
2.889057999999999904e+00	1.816889233911369672e+01
2.895010000000000083e+00	2.260011298372962329e+01
2.900961999999999819e+00	2.918119548230517069e+01
2.906913999999999998e+00	3.716507720847391738e+01
2.912866000000000177e+00	4.656658634575398992e+01
2.918817999999999913e+00	5.244061361719287362e+01
2.924770000000000092e+00	5.384499914353185801e+01
2.930721000000000132e+00	4.942542852385204810e+01
2.936672999999999867e+00	3.760192389073947083e+01
2.942625000000000046e+00	2.222882005046420062e+01
2.948576999999999781e+00	5.064449043980807197e+00
2.954528999999999961e+00	-1.009505275727866902e+01
2.960481000000000140e+00	-2.061374048765787137e+01
2.966432999999999875e+00	-2.358096683220442102e+01
2.972385000000000055e+00	-2.173079294219630242e+01
2.978336999999999790e+00	-1.531038377517652016e+01
2.984288999999999970e+00	-5.796491378685101559e+00
2.990240000000000009e+00	4.186990882832299476e+00
2.996192000000000188e+00	1.396998349518954541e+01
3.002143999999999924e+00	2.160946744312904144e+01
3.008096000000000103e+00	2.345202197564822200e+01
3.014047999999999838e+00	2.115459730829912388e+01
3.020000000000000018e+00	1.062927336958011004e+01
