1.199999999999999956e-01	-4.250281621185045822e-01
1.249780000000000058e-01	-1.351217304124968654e-01
1.305999999999999939e-01	-2.057582576333505942e-01
1.367059999999999942e-01	5.520506133667424375e-02
1.431360000000000132e-01	2.512460578531638955e-02
1.497320000000000040e-01	2.578052006227964377e-01
1.563350000000000017e-01	2.558107689204940360e-01
1.627850000000000130e-01	4.019060685285777978e-01
1.689219999999999888e-01	4.086658598601559667e-01
1.745889999999999942e-01	2.585796359682296375e-01
1.796250000000000069e-01	4.550493499640883011e-01
1.839349999999999874e-01	4.118480491021884182e-01
1.877439999999999942e-01	3.082557548776610479e-01
1.913779999999999926e-01	3.076883564998538767e-01
1.951660000000000061e-01	5.282308041440157975e-01
1.994340000000000002e-01	2.339009700957100923e-01
2.044499999999999929e-01	3.205940295368641668e-01
2.101250000000000062e-01	1.552435781522864267e-01
2.162479999999999958e-01	3.494911031532715873e-01
2.226049999999999973e-01	1.268611296447214043e-01
2.289819999999999911e-01	-1.298868030604831136e-01
2.351930000000000132e-01	1.355053831480992899e-02
2.412249999999999950e-01	-3.582732616039499551e-02
2.471349999999999936e-01	-1.364907877384854695e-01
2.529799999999999827e-01	-1.581435085776267957e-01
2.588170000000000193e-01	7.193661918621718776e-02
2.646970000000000156e-01	-1.192659624790933237e-01
2.706259999999999777e-01	2.788776974869767999e-02
2.765880000000000005e-01	8.036710717091356815e-02
2.825679999999999858e-01	1.659284916108733909e-01
2.885510000000000019e-01	2.144144681735245528e-01
2.945229999999999793e-01	2.908173145606581245e-01
3.004809999999999981e-01	4.971295611540516024e-01
3.064310000000000089e-01	7.277850988473710814e-01
3.123750000000000138e-01	7.558337997619967163e-01
3.183190000000000186e-01	6.892290232335169797e-01
3.242650000000000254e-01	7.820351872177426777e-01
3.302149999999999808e-01	5.345408372597428848e-01
3.361680000000000224e-01	5.805908116436290234e-01
3.421210000000000084e-01	6.623807616449871594e-01
3.480759999999999965e-01	5.459568021782801317e-01
3.540289999999999826e-01	5.493063119582145548e-01
3.599809999999999954e-01	6.585965855238227196e-01
3.659330000000000083e-01	5.105690285451098820e-01
3.718839999999999923e-01	6.653586102339354991e-01
3.778360000000000052e-01	5.597663589379852089e-01
3.837869999999999893e-01	5.589215381249067471e-01
3.897390000000000021e-01	5.950393091183533434e-01
3.956910000000000149e-01	6.832078196630156919e-01
4.016429999999999723e-01	9.082492890798382623e-01
4.075949999999999851e-01	7.795906587175869262e-01
4.135469999999999979e-01	8.498148641848818352e-01
4.194979999999999820e-01	7.963233892558518878e-01
4.254499999999999948e-01	8.825527686569397678e-01
4.314009999999999789e-01	9.379156278958680204e-01
4.373540000000000205e-01	8.511482472565982116e-01
4.433079999999999798e-01	1.133498961968919971e+00
4.492619999999999947e-01	1.143396875572387561e+00
4.552160000000000095e-01	1.004858218212293597e+00
4.611680000000000224e-01	1.124070847895497272e+00
4.671170000000000044e-01	8.861241244741362433e-01
4.730619999999999825e-01	9.183161690265725374e-01
4.790059999999999873e-01	9.517326940666366308e-01
4.849510000000000209e-01	1.216411839562764996e+00
4.909020000000000050e-01	1.355781465372193129e+00
4.968629999999999991e-01	1.341963073421431174e+00
5.028390000000000359e-01	1.561941875039012828e+00
5.088230000000000253e-01	1.439387629136807289e+00
5.148009999999999531e-01	1.580601358519096555e+00
5.207570000000000254e-01	1.461895845349685530e+00
5.266750000000000043e-01	1.604064337323024336e+00
5.325410000000000421e-01	1.702679806974193966e+00
5.383719999999999617e-01	1.781719190309303258e+00
5.442249999999999588e-01	1.747627849777653619e+00
5.501580000000000359e-01	1.810022361347841668e+00
5.562289999999999734e-01	1.865356120490827108e+00
5.624930000000000208e-01	1.829371751907428845e+00
5.688929999999999820e-01	2.011390730119306358e+00
5.752220000000000111e-01	1.926660656311038444e+00
5.812610000000000277e-01	1.922366278484045399e+00
5.867949999999999555e-01	1.983420772511835795e+00
5.916080000000000227e-01	1.797358332113125234e+00
5.957040000000000113e-01	1.956217067344607985e+00
5.993990000000000151e-01	2.088118958809098036e+00
6.030370000000000452e-01	2.203332925338890913e+00
6.069609999999999728e-01	2.376471524745915165e+00
6.115110000000000268e-01	2.430603601490958887e+00
6.168270000000000142e-01	2.553601823084114653e+00
6.227219999999999978e-01	2.506967338960536473e+00
6.289789999999999548e-01	2.677837623400476375e+00
6.353790000000000271e-01	2.857843924935271396e+00
6.417070000000000274e-01	2.821075352427567573e+00
6.478369999999999962e-01	3.145653233736119603e+00
6.538089999999999735e-01	2.829267477949395815e+00
6.596819999999999906e-01	2.939550251417942128e+00
6.655140000000000500e-01	2.922934673057757671e+00
6.713630000000000431e-01	3.067557247998445646e+00
6.772660000000000347e-01	3.277099472828106208e+00
6.832110000000000127e-01	3.194345190870649276e+00
6.891829999999999901e-01	3.173961592977523782e+00
6.951669999999999794e-01	3.405991785291553775e+00
7.011469999999999647e-01	3.448022425734764251e+00
7.071119999999999628e-01	3.584973214625061466e+00
7.130670000000000064e-01	3.692397099591666620e+00
7.190130000000000132e-01	3.719396704580252067e+00
7.249569999999999625e-01	3.826041345823254947e+00
7.309010000000000229e-01	3.948578443483494738e+00
7.368489999999999762e-01	3.978927382921661593e+00
7.428000000000000158e-01	4.263881071092163744e+00
7.487530000000000019e-01	4.345826750202547828e+00
7.547080000000000455e-01	4.660488487633497989e+00
7.606619999999999493e-01	4.755077632310833025e+00
7.666140000000000176e-01	4.900641097577913996e+00
7.725670000000000037e-01	5.126725766362982384e+00
7.785180000000000433e-01	5.173996190154368513e+00
7.844689999999999719e-01	5.348505713716035892e+00
7.904210000000000402e-01	5.632124787220846862e+00
7.963729999999999976e-01	5.689411669974900221e+00
8.023249999999999549e-01	6.028160615730977057e+00
8.082770000000000232e-01	6.339029103642139340e+00
8.142289999999999806e-01	6.615369590889148554e+00
8.201800000000000201e-01	6.674473380587521376e+00
8.261319999999999775e-01	7.163675501178969007e+00
8.320830000000000171e-01	7.529389966426280445e+00
8.380349999999999744e-01	7.779935239849503859e+00
8.439870000000000427e-01	7.863934679978969555e+00
8.499400000000000288e-01	8.471893819337880771e+00
8.558940000000000436e-01	8.423421558807483223e+00
8.618479999999999475e-01	8.700047059367971514e+00
8.678010000000000446e-01	9.223405846875461833e+00
8.737519999999999731e-01	9.449633619487114444e+00
8.797000000000000375e-01	1.000448040495352053e+01
8.856439999999999868e-01	1.030981172867327444e+01
8.915870000000000184e-01	1.083636699308006968e+01
8.975349999999999717e-01	1.119387211726894193e+01
9.034900000000000153e-01	1.163093076475155030e+01
9.094569999999999599e-01	1.191786367029908433e+01
9.154379999999999740e-01	1.210252801772861986e+01
9.214210000000000456e-01	1.249885146080356613e+01
9.273909999999999654e-01	1.275044709370953555e+01
9.333329999999999682e-01	1.300152921501426384e+01
9.392300000000000093e-01	1.289849998828246314e+01
9.450749999999999984e-01	1.288635381540684754e+01
9.509090000000000042e-01	1.294560471683305813e+01
9.567890000000000006e-01	1.279867003660832658e+01
9.627750000000000474e-01	1.265634815965408322e+01
9.689229999999999787e-01	1.239153462919196436e+01
9.752680000000000238e-01	1.242106574882197911e+01
9.816639999999999810e-01	1.188443122228504834e+01
9.878930000000000211e-01	1.180881135096894496e+01
9.937399999999999567e-01	1.131948669433269394e+01
9.989850000000000119e-01	1.105131365058027626e+01
1.003457999999999961e+00	1.075914131527845896e+01
1.007338000000000067e+00	1.038462599791844454e+01
1.010966000000000031e+00	9.992062233165729168e+00
1.014685999999999977e+00	9.886344257637512456e+00
1.018841000000000108e+00	9.783719076733003561e+00
1.023735000000000062e+00	9.387153630506048785e+00
1.029328999999999938e+00	9.293840865957177400e+00
1.035408000000000106e+00	9.065185211583049352e+00
1.041754000000000069e+00	9.022005201574643252e+00
1.048148999999999997e+00	8.990234571722778512e+00
1.054391999999999996e+00	8.841544066554748227e+00
1.060446000000000000e+00	8.502491712767888288e+00
1.066368999999999900e+00	8.924299988663308980e+00
1.072216999999999976e+00	8.937349583077745407e+00
1.078049000000000035e+00	8.557165634083478523e+00
1.083920999999999912e+00	8.926660166153238762e+00
1.089842999999999895e+00	8.818657809848856388e+00
1.095801999999999943e+00	8.825881655466329079e+00
1.101780999999999899e+00	8.901645116704317573e+00
1.107765000000000111e+00	9.116562715022423546e+00
1.113739999999999952e+00	9.004517701449415767e+00
1.119699999999999918e+00	9.223361510578749645e+00
1.125650000000000039e+00	9.112273373428283918e+00
1.131594999999999906e+00	9.333556163336899303e+00
1.137537999999999938e+00	9.466572816561804160e+00
1.143483999999999945e+00	9.589515884110518584e+00
1.149432999999999927e+00	9.691381844049237415e+00
1.155386000000000024e+00	9.795547638550750946e+00
1.161338999999999899e+00	9.813396168248864626e+00
1.167294000000000054e+00	1.012646339006925089e+01
1.173246999999999929e+00	1.019494611038866871e+01
1.179200000000000026e+00	1.040569342052356561e+01
1.185151999999999983e+00	1.042851317975597603e+01
1.191103000000000023e+00	1.052895765595371103e+01
1.197054000000000062e+00	1.068205031527810434e+01
1.203006000000000020e+00	1.073298561371305482e+01
1.208957999999999977e+00	1.081472454944791650e+01
1.214909999999999934e+00	1.088706587612074550e+01
1.220861999999999892e+00	1.098312866178734382e+01
1.226814000000000071e+00	1.109116073829184934e+01
1.232765000000000111e+00	1.125281224085259346e+01
1.238717000000000068e+00	1.144103630520874759e+01
1.244668000000000108e+00	1.163538693590047757e+01
1.250620000000000065e+00	1.174683396992791096e+01
1.256572000000000022e+00	1.183981100565174138e+01
1.262526000000000037e+00	1.211554184815495461e+01
1.268480000000000052e+00	1.210573157119137200e+01
1.274434000000000067e+00	1.212827498355462730e+01
1.280386000000000024e+00	1.246964515659960959e+01
1.286335999999999924e+00	1.244752990888375521e+01
1.292281999999999931e+00	1.262202081419988531e+01
1.298224999999999962e+00	1.277536715815795176e+01
1.304170000000000051e+00	1.314790597619783341e+01
1.310119999999999951e+00	1.304074263441652448e+01
1.316079999999999917e+00	1.308355556497934558e+01
1.322052999999999923e+00	1.341000412547427523e+01
1.328036999999999912e+00	1.350492748862170878e+01
1.334017000000000008e+00	1.377647328044844066e+01
1.339976000000000056e+00	1.418784622978338739e+01
1.345900000000000096e+00	1.419814542854517114e+01
1.351774000000000031e+00	1.417961558266905797e+01
1.357607000000000008e+00	1.442814693829463302e+01
1.363453000000000026e+00	1.445724416502488374e+01
1.369372000000000034e+00	1.451661035312839587e+01
1.375421999999999922e+00	1.482530061222734474e+01
1.381658999999999970e+00	1.513332266814190064e+01
1.388052000000000064e+00	1.507700298564822816e+01
1.394403000000000059e+00	1.515056876625220816e+01
1.400492999999999988e+00	1.517050600773729663e+01
1.406104999999999938e+00	1.536112035585262170e+01
1.411021999999999998e+00	1.542428004250757390e+01
1.415195999999999898e+00	1.551755194882845146e+01
1.418924000000000074e+00	1.578076940894413127e+01
1.422549999999999981e+00	1.576813219078586847e+01
1.426417000000000046e+00	1.582027410799567413e+01
1.430868000000000029e+00	1.592737284628108085e+01
1.436091000000000006e+00	1.606685597002795518e+01
1.441923000000000066e+00	1.607167567220722049e+01
1.448144000000000098e+00	1.637495126218394859e+01
1.454538000000000109e+00	1.636550867652051977e+01
1.460887000000000047e+00	1.658335835531329749e+01
1.467041999999999957e+00	1.660037478401067901e+01
1.473030999999999979e+00	1.668153433134959940e+01
1.478914000000000062e+00	1.684259535003416630e+01
1.484749000000000096e+00	1.683067163566781943e+01
1.490591999999999917e+00	1.707013052075855697e+01
1.496488000000000040e+00	1.729501911888332089e+01
1.502428000000000097e+00	1.734966227967900920e+01
1.508397999999999906e+00	1.771338511527877202e+01
1.514380999999999977e+00	1.785179001843478730e+01
1.520361999999999991e+00	1.799209759229531613e+01
1.526329999999999965e+00	1.808764722921103285e+01
1.532284999999999897e+00	1.813670029168096320e+01
1.538232999999999961e+00	1.813266002384100872e+01
1.544175999999999993e+00	1.822477681221819523e+01
1.550119999999999942e+00	1.807307783789084255e+01
1.556068000000000007e+00	1.812347133592330195e+01
1.562019000000000046e+00	1.804149021480517590e+01
1.567971999999999921e+00	1.828069385621472520e+01
1.573925999999999936e+00	1.836016302798607214e+01
1.579879999999999951e+00	1.850034150111912012e+01
1.585833000000000048e+00	1.866907383359043138e+01
1.591785000000000005e+00	1.880999401215157008e+01
1.597736999999999963e+00	1.909025928821102269e+01
1.603688000000000002e+00	1.947818516130298860e+01
1.609639000000000042e+00	1.945116579349396702e+01
1.615590999999999999e+00	1.976288622743386014e+01
1.621542999999999957e+00	2.017042653384923767e+01
1.627494999999999914e+00	2.033913002024312888e+01
1.633447000000000093e+00	2.049105986204320828e+01
1.639399000000000051e+00	2.078364860161664751e+01
1.645350000000000090e+00	2.070825220612305628e+01
1.651302000000000048e+00	2.081642512582032367e+01
1.657253000000000087e+00	2.096296773480305475e+01
1.663205000000000044e+00	2.092129040711545684e+01
1.669157999999999920e+00	2.115704078483795314e+01
1.675111999999999934e+00	2.087979633071215346e+01
1.681065999999999949e+00	2.106066378218835311e+01
1.687019000000000046e+00	2.075240683002767028e+01
1.692971000000000004e+00	2.088186907246172197e+01
1.698919000000000068e+00	2.083999388585855783e+01
1.704863000000000017e+00	2.068806763900639112e+01
1.710806999999999967e+00	2.095337130115922974e+01
1.716752999999999973e+00	2.116238867272772950e+01
1.722706999999999988e+00	2.145625438502861115e+01
1.728671999999999986e+00	2.155148290268926203e+01
1.734652000000000083e+00	2.216410288440886589e+01
1.740636000000000072e+00	2.250108651504438839e+01
1.746609000000000078e+00	2.295225237598980783e+01
1.752555000000000085e+00	2.341286397695359156e+01
1.758458000000000077e+00	2.381039778550520225e+01
1.764308999999999905e+00	2.431913623081468145e+01
1.770140999999999964e+00	2.462621544266472995e+01
1.776011999999999924e+00	2.486909850035842950e+01
1.781979999999999897e+00	2.515741827318546342e+01
1.788105000000000055e+00	2.557840272903311529e+01
1.794426999999999994e+00	2.576319569619291983e+01
1.800829000000000013e+00	2.575671803606698518e+01
1.807091999999999921e+00	2.583167236838938052e+01
1.813002000000000002e+00	2.616212365579443144e+01
1.818338000000000010e+00	2.618263663226960603e+01
1.822912000000000088e+00	2.637040443352187680e+01
1.826850000000000085e+00	2.633099471855473794e+01
1.830492000000000008e+00	2.657399476984141629e+01
1.834179999999999922e+00	2.668306029178669192e+01
1.838259000000000087e+00	2.684984175582275512e+01
1.843048000000000020e+00	2.751766028582007095e+01
1.848562000000000038e+00	2.788426746067928974e+01
1.854589999999999961e+00	2.822810934180591147e+01
1.860913000000000039e+00	2.865880652434017151e+01
1.867313999999999918e+00	2.892442196343498750e+01
1.873583999999999916e+00	2.947393924658211262e+01
1.879660000000000108e+00	3.000232298831217648e+01
1.885596000000000050e+00	3.049501494071526153e+01
1.891450999999999993e+00	3.078001252845616165e+01
1.897281999999999913e+00	3.112480828475771588e+01
1.903146999999999922e+00	3.102936080086913506e+01
1.909062999999999954e+00	3.126005593297764662e+01
1.915018000000000109e+00	3.132669730243081574e+01
1.920995999999999926e+00	3.126687516388491161e+01
1.926979999999999915e+00	3.131799336756906627e+01
1.932955999999999896e+00	3.148324762866996451e+01
1.938917999999999919e+00	3.136492186985812580e+01
1.944868999999999959e+00	3.168284759470456891e+01
1.950814000000000048e+00	3.187669501725200760e+01
1.956757999999999997e+00	3.218858167073403109e+01
1.962703000000000086e+00	3.243206777988537937e+01
1.968652000000000069e+00	3.286837666405975256e+01
1.974604000000000026e+00	3.318429404529240401e+01
1.980558000000000041e+00	3.347822648350020813e+01
1.986512000000000056e+00	3.408368847666923074e+01
1.992466000000000070e+00	3.463505560086707646e+01
1.998418000000000028e+00	3.491207499289500049e+01
2.004370000000000207e+00	3.571338530818334078e+01
2.010321999999999942e+00	3.642958025268176669e+01
2.016272999999999982e+00	3.719284964584301889e+01
2.022224000000000022e+00	3.759721856858087108e+01
2.028176000000000201e+00	3.815631122143697951e+01
2.034127999999999936e+00	3.833808376947255425e+01
2.040080000000000116e+00	3.869779493177620111e+01
2.046031999999999851e+00	3.897752387257023798e+01
2.051984000000000030e+00	3.887384042145531282e+01
2.057935000000000070e+00	3.873190859864583047e+01
2.063886999999999805e+00	3.855138500786353006e+01
2.069837999999999845e+00	3.833555892577361135e+01
2.075791000000000164e+00	3.837572914224267606e+01
2.081744000000000039e+00	3.823644321905950960e+01
2.087698000000000054e+00	3.804322982044191548e+01
2.093652000000000069e+00	3.830815759990049685e+01
2.099604999999999944e+00	3.841089998778162595e+01
2.105554999999999843e+00	3.870567318545615620e+01
2.111501000000000072e+00	3.897367890922718914e+01
2.117445000000000022e+00	3.952221358008017660e+01
2.123388999999999971e+00	4.002206783366012388e+01
2.129338000000000175e+00	4.083027660259492109e+01
2.135295999999999861e+00	4.146020646822660893e+01
2.141268000000000171e+00	4.173831732238556924e+01
2.147250999999999799e+00	4.243395859497960032e+01
2.153232000000000035e+00	4.278573907763295381e+01
2.159196000000000115e+00	4.304315784274018597e+01
2.165125000000000188e+00	4.299195880218411503e+01
2.171006000000000213e+00	4.306269163170527037e+01
2.176841000000000026e+00	4.242248047797357202e+01
2.182682999999999929e+00	4.194360910921813002e+01
2.188588999999999896e+00	4.141982282082263822e+01
2.194618000000000180e+00	4.097722069616740015e+01
2.200828000000000007e+00	4.021245229978207902e+01
2.207209999999999894e+00	3.982819143754259983e+01
2.213579000000000185e+00	3.935713863545792179e+01
2.219714999999999883e+00	3.894101691964226575e+01
2.225403000000000020e+00	3.865783822078717691e+01
2.230423000000000044e+00	3.828832050048643509e+01
2.234681000000000139e+00	3.882521943389225783e+01
2.238447999999999993e+00	3.905686546266917247e+01
2.242068000000000172e+00	3.937650481215310094e+01
2.245884000000000214e+00	4.000318240760083199e+01
2.250237999999999960e+00	4.060920071992126168e+01
2.255365999999999982e+00	4.121211602762556225e+01
2.261130000000000084e+00	4.200790581159971282e+01
2.267313000000000134e+00	4.270588279405943410e+01
2.273696000000000161e+00	4.338772095342933710e+01
2.280063999999999869e+00	4.379858807092535500e+01
2.286243999999999943e+00	4.401861116218432102e+01
2.292251999999999956e+00	4.380170127102882560e+01
2.298146000000000022e+00	4.365282617761700834e+01
2.303983000000000114e+00	4.364260667049467912e+01
2.309822000000000042e+00	4.316370484414424169e+01
2.315710999999999853e+00	4.290412576360205321e+01
2.321645999999999876e+00	4.252375923259282331e+01
2.327612999999999932e+00	4.222098086619780588e+01
2.333594999999999864e+00	4.179595060256925620e+01
2.339576999999999796e+00	4.152543230767509641e+01
2.345546999999999827e+00	4.121619529310956409e+01
2.351503999999999817e+00	4.111371855945217391e+01
2.357451999999999881e+00	4.082724883660530679e+01
2.363395999999999830e+00	4.072024605547920828e+01
2.369339000000000084e+00	4.062738497815050209e+01
2.375286000000000008e+00	4.071228369768962096e+01
2.381237000000000048e+00	4.050546857872191708e+01
2.387189999999999923e+00	4.036837960414894866e+01
2.393143999999999938e+00	4.040215912337266246e+01
2.399097999999999953e+00	4.058381348902398855e+01
2.405050999999999828e+00	4.047861653187307240e+01
2.411004000000000147e+00	4.050374660483321776e+01
2.416955999999999882e+00	4.050245109251338249e+01
2.422906999999999922e+00	4.047294259028292629e+01
2.428857999999999961e+00	4.040600541712301208e+01
2.434809000000000001e+00	4.035664658658108550e+01
2.440760000000000041e+00	4.035055448428678915e+01
2.446712000000000220e+00	4.040983482693460616e+01
2.452663999999999955e+00	4.030114512023855156e+01
2.458616999999999830e+00	4.075363917428617100e+01
2.464570999999999845e+00	4.118010614630119193e+01
2.470524999999999860e+00	4.173092272929397950e+01
2.476478000000000179e+00	4.276076263867214777e+01
2.482429999999999914e+00	4.328984192558515787e+01
2.488377999999999979e+00	4.365430953942022541e+01
2.494323000000000068e+00	4.417067893071026674e+01
2.500265999999999877e+00	4.432987611023192898e+01
2.506212000000000106e+00	4.427856265271683611e+01
2.512164999999999981e+00	4.403473459720418504e+01
2.518129000000000062e+00	4.370539952358891611e+01
2.524108000000000018e+00	4.304628091928267963e+01
2.530091999999999786e+00	4.214026127792676846e+01
2.536067000000000071e+00	4.088865774802618347e+01
2.542015999999999831e+00	3.966447854926283156e+01
2.547924000000000078e+00	3.818565310204230201e+01
2.553779000000000021e+00	3.662640159971237352e+01
2.559610000000000163e+00	3.523938713074550577e+01
2.565475000000000172e+00	3.374089465208433580e+01
2.571432000000000162e+00	3.244656663768209626e+01
2.577539999999999942e+00	3.107650568180926598e+01
2.583845999999999865e+00	3.056736350823479498e+01
2.590249000000000024e+00	3.050777796204214098e+01
2.596534000000000120e+00	3.052160780593234080e+01
2.602485000000000159e+00	3.076173202421806607e+01
2.607883000000000173e+00	3.119339918415693802e+01
2.612527000000000044e+00	3.146650649630467811e+01
2.616509000000000196e+00	3.171687172521526676e+01
2.620163999999999938e+00	3.223095582358929789e+01
2.623834000000000000e+00	3.278843405935984379e+01
2.627863000000000060e+00	3.357726281352426412e+01
2.632579999999999920e+00	3.476784991183969709e+01
2.638037000000000187e+00	3.610596070997021911e+01
2.644026000000000209e+00	3.752540709391593055e+01
2.650332000000000132e+00	3.843607959858010048e+01
2.656734000000000151e+00	3.908362984566772980e+01
2.663022999999999918e+00	3.861727290831498038e+01
2.669115000000000126e+00	3.730101881441375156e+01
2.675060999999999911e+00	3.535548319803327644e+01
2.680919999999999970e+00	3.308151907957874016e+01
2.686751000000000111e+00	3.061097680398270526e+01
2.692610999999999866e+00	2.814689770713051331e+01
2.698523999999999923e+00	2.595123774515193205e+01
2.704476000000000102e+00	2.342567202556841011e+01
2.710452000000000083e+00	2.080938284184068721e+01
2.716435999999999851e+00	1.771678082804320553e+01
2.722412999999999972e+00	1.414026125523098010e+01
2.728375999999999912e+00	1.040543079233953350e+01
2.734328000000000092e+00	6.671809996336912185e+00
2.740273999999999877e+00	3.054221761596711993e+00
2.746217000000000130e+00	5.816905208980791553e-01
2.752162000000000219e+00	-9.029137133641202961e-01
2.758110999999999979e+00	-8.070366163337451271e-01
2.764063000000000159e+00	4.464228620215072163e-01
2.770016000000000034e+00	2.197039335819271688e+00
2.775971000000000188e+00	4.587650245065568733e+00
2.781924000000000063e+00	7.391689053035146451e+00
2.787876999999999938e+00	9.896215294158944076e+00
2.793829000000000118e+00	1.253222902315685516e+01
2.799780999999999853e+00	1.387721965962461645e+01
2.805731999999999893e+00	1.443218440092863730e+01
2.811682999999999932e+00	1.401709158496494467e+01
2.817635000000000112e+00	1.220570975282836557e+01
2.823586999999999847e+00	9.525634643494884202e+00
2.829539000000000026e+00	6.992875797049300068e+00
2.835491000000000206e+00	4.536377975781849869e+00
2.841442999999999941e+00	2.840589692703701541e+00
2.847395000000000120e+00	2.398196356924690242e+00
2.853346999999999856e+00	2.652182707466862688e+00
2.859299000000000035e+00	3.868012656327601828e+00
2.865251000000000214e+00	5.719154293518286636e+00
2.871201999999999810e+00	7.821846102683315927e+00
2.877153999999999989e+00	9.588462863899081867e+00
2.883106000000000169e+00	1.242059622726929469e+01
2.889057999999999904e+00	1.612966038684914594e+01
2.895010000000000083e+00	2.127491599064548211e+01
2.900961999999999819e+00	2.810735362503432100e+01
2.906913999999999998e+00	3.638687440448718036e+01
2.912866000000000177e+00	4.488202871793022553e+01
2.918817999999999913e+00	5.070478686330519480e+01
2.924770000000000092e+00	5.262149641527233257e+01
2.930721000000000132e+00	4.791082697271860980e+01
2.936672999999999867e+00	3.621828422337264897e+01
2.942625000000000046e+00	1.976659528573530267e+01
2.948576999999999781e+00	2.345384289825142243e+00
2.954528999999999961e+00	-1.327291890981190647e+01
2.960481000000000140e+00	-2.359894326725925140e+01
2.966432999999999875e+00	-2.630992477373786542e+01
2.972385000000000055e+00	-2.318164690212598344e+01
2.978336999999999790e+00	-1.521843660240165264e+01
2.984288999999999970e+00	-4.802999149318416094e+00
2.990240000000000009e+00	6.476601045842064863e+00
2.996192000000000188e+00	1.683857354037897380e+01
3.002143999999999924e+00	2.422785783174862217e+01
3.008096000000000103e+00	2.708811822048042828e+01
3.014047999999999838e+00	2.338349852288101260e+01
3.020000000000000018e+00	1.137694718708625885e+01
