1.199999999999999956e-01	1.439827599133977731e+00
1.249780000000000058e-01	9.443422032483118622e-01
1.305999999999999939e-01	-4.596426357589757372e-01
1.367059999999999942e-01	-6.030029657600241011e-01
1.431360000000000132e-01	-1.290748853690776965e+00
1.497320000000000040e-01	-7.066986026152173306e-01
1.563350000000000017e-01	-1.167346381736098948e+00
1.627850000000000130e-01	-5.364410179691243563e-01
1.689219999999999888e-01	-2.344452073566358208e-01
1.745889999999999942e-01	1.059045889201163826e+00
1.796250000000000069e-01	1.330896881058700298e+00
1.839349999999999874e-01	2.288549803459519971e+00
1.877439999999999942e-01	2.272661317349887522e+00
1.913779999999999926e-01	2.884008783328129155e+00
1.951660000000000061e-01	2.935923202615173810e+00
1.994340000000000002e-01	3.191995903190758987e+00
2.044499999999999929e-01	3.121051710242047861e+00
2.101250000000000062e-01	2.554498488529920674e+00
2.162479999999999958e-01	8.974934789094930476e-01
2.226049999999999973e-01	1.481761306325041883e+00
2.289819999999999911e-01	1.170518925629328022e+00
2.351930000000000132e-01	9.793454127531069364e-01
2.412249999999999950e-01	5.156101979882368180e-01
2.471349999999999936e-01	8.059724248536312974e-01
2.529799999999999827e-01	1.046390917556359934e+00
2.588170000000000193e-01	8.976631296891888212e-01
2.646970000000000156e-01	1.102473839029047387e+00
2.706259999999999777e-01	1.507704568365973108e+00
2.765880000000000005e-01	1.529109896893495080e+00
2.825679999999999858e-01	1.447221808621576677e+00
2.885510000000000019e-01	2.460127116726935625e+00
2.945229999999999793e-01	1.823207070477679714e+00
3.004809999999999981e-01	1.562151353581595625e+00
3.064310000000000089e-01	1.757184642112085582e+00
3.123750000000000138e-01	1.290155795233391745e+00
3.183190000000000186e-01	1.535911473225286317e+00
3.242650000000000254e-01	2.082021130552319743e+00
3.302149999999999808e-01	1.368262173420113248e+00
3.361680000000000224e-01	1.713158778216594236e+00
3.421210000000000084e-01	2.120370439237441840e+00
3.480759999999999965e-01	2.099265268724408884e+00
3.540289999999999826e-01	1.584340190600805887e+00
3.599809999999999954e-01	1.495082865957094942e+00
3.659330000000000083e-01	1.421819743211988341e+00
3.718839999999999923e-01	1.404777145083044854e+00
3.778360000000000052e-01	1.082616891727392616e+00
3.837869999999999893e-01	1.542011853881365191e+00
3.897390000000000021e-01	1.123282276081692066e+00
3.956910000000000149e-01	1.277001200130202019e+00
4.016429999999999723e-01	2.582391361459490220e+00
4.075949999999999851e-01	2.333445627209387307e+00
4.135469999999999979e-01	2.062142388248967340e+00
4.194979999999999820e-01	2.530022651132821654e+00
4.254499999999999948e-01	3.001700311446158231e+00
4.314009999999999789e-01	2.660792467268303874e+00
4.373540000000000205e-01	2.171910737348281106e+00
4.433079999999999798e-01	1.728686702223744653e+00
4.492619999999999947e-01	7.892379946549797909e-01
4.552160000000000095e-01	6.981416485810899575e-01
4.611680000000000224e-01	4.422148627164484980e-01
4.671170000000000044e-01	4.965362940311053297e-01
4.730619999999999825e-01	4.899437234900496096e-01
4.790059999999999873e-01	1.089571757433474675e+00
4.849510000000000209e-01	1.387090425935547433e+00
4.909020000000000050e-01	2.114347188108567366e+00
4.968629999999999991e-01	2.771653651633494420e+00
5.028390000000000359e-01	3.344245281331582831e+00
5.088230000000000253e-01	3.347219904619712416e+00
5.148009999999999531e-01	3.345928416965731067e+00
5.207570000000000254e-01	2.589605018323103636e+00
5.266750000000000043e-01	3.115228439061892285e+00
5.325410000000000421e-01	2.917776711431684600e+00
5.383719999999999617e-01	3.417199870550780449e+00
5.442249999999999588e-01	3.605712700055037079e+00
5.501580000000000359e-01	3.960947985913071179e+00
5.562289999999999734e-01	4.036646608588623231e+00
5.624930000000000208e-01	3.861554285598121083e+00
5.688929999999999820e-01	3.664967376249974151e+00
5.752220000000000111e-01	2.312346340587637883e+00
5.812610000000000277e-01	1.887229920566721786e+00
5.867949999999999555e-01	2.173601291019557902e+00
5.916080000000000227e-01	1.963453770643448504e+00
5.957040000000000113e-01	2.947871904755063444e+00
5.993990000000000151e-01	3.339225456597723962e+00
6.030370000000000452e-01	4.318984847432428609e+00
6.069609999999999728e-01	5.678004386316640506e+00
6.115110000000000268e-01	5.871767073991285280e+00
6.168270000000000142e-01	5.656904236563438104e+00
6.227219999999999978e-01	5.759386092862209594e+00
6.289789999999999548e-01	5.036030220466024332e+00
6.353790000000000271e-01	4.412926564935946594e+00
6.417070000000000274e-01	4.269541171981718897e+00
6.478369999999999962e-01	4.403883032729786429e+00
6.538089999999999735e-01	3.990668919079135790e+00
6.596819999999999906e-01	4.136709812875000836e+00
6.655140000000000500e-01	4.524586085425906568e+00
6.713630000000000431e-01	4.624450271508382393e+00
6.772660000000000347e-01	4.264307634165600547e+00
6.832110000000000127e-01	4.456467590721497452e+00
6.891829999999999901e-01	4.739158992359602252e+00
6.951669999999999794e-01	4.779261084800359605e+00
7.011469999999999647e-01	4.538057194099899050e+00
7.071119999999999628e-01	4.708848757441069566e+00
7.130670000000000064e-01	4.731394524827123860e+00
7.190130000000000132e-01	4.537819225745556295e+00
7.249569999999999625e-01	4.692414823362534015e+00
7.309010000000000229e-01	5.168332839023840108e+00
7.368489999999999762e-01	4.926368208510956137e+00
7.428000000000000158e-01	5.086490216689370847e+00
7.487530000000000019e-01	5.388955624000691280e+00
7.547080000000000455e-01	5.691106661563794411e+00
7.606619999999999493e-01	6.062960058887888692e+00
7.666140000000000176e-01	6.225536090955055002e+00
7.725670000000000037e-01	5.757523247236554731e+00
7.785180000000000433e-01	6.748362769270728201e+00
7.844689999999999719e-01	6.676401433219401049e+00
7.904210000000000402e-01	7.391007837976838246e+00
7.963729999999999976e-01	6.650586327035149736e+00
8.023249999999999549e-01	7.004486322045581304e+00
8.082770000000000232e-01	7.496725694509868809e+00
8.142289999999999806e-01	7.351576494787834370e+00
8.201800000000000201e-01	7.772565268398589744e+00
8.261319999999999775e-01	8.188497776741005652e+00
8.320830000000000171e-01	9.232684971132169238e+00
8.380349999999999744e-01	9.040564460196828023e+00
8.439870000000000427e-01	1.019169682898593621e+01
8.499400000000000288e-01	1.057788667749471756e+01
8.558940000000000436e-01	1.007511258108292473e+01
8.618479999999999475e-01	1.045259488330704301e+01
8.678010000000000446e-01	1.073066510339642221e+01
8.737519999999999731e-01	1.086516520101536543e+01
8.797000000000000375e-01	1.091279035198419756e+01
8.856439999999999868e-01	1.116419007097512761e+01
8.915870000000000184e-01	1.123057027417528708e+01
8.975349999999999717e-01	1.183730523236520504e+01
9.034900000000000153e-01	1.249436016544872174e+01
9.094569999999999599e-01	1.280068199463355683e+01
9.154379999999999740e-01	1.406347584746939461e+01
9.214210000000000456e-01	1.364959009331307271e+01
9.273909999999999654e-01	1.463870804126981362e+01
9.333329999999999682e-01	1.521781838078244675e+01
9.392300000000000093e-01	1.574306281457775647e+01
9.450749999999999984e-01	1.543286246182678845e+01
9.509090000000000042e-01	1.482338542222723987e+01
9.567890000000000006e-01	1.529469361114467318e+01
9.627750000000000474e-01	1.507215281260250705e+01
9.689229999999999787e-01	1.432118044545099877e+01
9.752680000000000238e-01	1.399822168420817192e+01
9.816639999999999810e-01	1.301276937974601999e+01
9.878930000000000211e-01	1.315281579370093468e+01
9.937399999999999567e-01	1.265194627749830225e+01
9.989850000000000119e-01	1.218579824173622583e+01
1.003457999999999961e+00	1.145979442346489208e+01
1.007338000000000067e+00	1.142569990196538043e+01
1.010966000000000031e+00	1.108963205059438373e+01
1.014685999999999977e+00	1.095199413889386086e+01
1.018841000000000108e+00	1.106257900496922808e+01
1.023735000000000062e+00	1.064985220719677272e+01
1.029328999999999938e+00	1.056717480608899606e+01
1.035408000000000106e+00	1.029336558749839803e+01
1.041754000000000069e+00	1.057740462171198992e+01
1.048148999999999997e+00	1.041354037705214708e+01
1.054391999999999996e+00	1.004076843507882444e+01
1.060446000000000000e+00	9.702279777739335032e+00
1.066368999999999900e+00	9.978985587433248483e+00
1.072216999999999976e+00	1.034708251322508232e+01
1.078049000000000035e+00	1.022076921222623191e+01
1.083920999999999912e+00	1.024120285143797382e+01
1.089842999999999895e+00	1.001168905445397073e+01
1.095801999999999943e+00	1.056494564716382278e+01
1.101780999999999899e+00	1.040320436514358526e+01
1.107765000000000111e+00	1.084061547811746173e+01
1.113739999999999952e+00	1.080805751749149657e+01
1.119699999999999918e+00	1.068207921376059133e+01
1.125650000000000039e+00	1.008594380573538984e+01
1.131594999999999906e+00	9.548333717095275119e+00
1.137537999999999938e+00	9.023296183783751090e+00
1.143483999999999945e+00	9.205151991445678306e+00
1.149432999999999927e+00	8.815838034359389397e+00
1.155386000000000024e+00	9.779711608477221318e+00
1.161338999999999899e+00	9.265678521649157062e+00
1.167294000000000054e+00	1.008171984276284938e+01
1.173246999999999929e+00	1.035825159053871580e+01
1.179200000000000026e+00	1.062637134258788763e+01
1.185151999999999983e+00	1.132864122303085708e+01
1.191103000000000023e+00	1.233775723295446625e+01
1.197054000000000062e+00	1.271328535704032170e+01
1.203006000000000020e+00	1.278391695503078118e+01
1.208957999999999977e+00	1.358090229271086891e+01
1.214909999999999934e+00	1.380444478171751577e+01
1.220861999999999892e+00	1.436813988579442736e+01
1.226814000000000071e+00	1.431030287093966180e+01
1.232765000000000111e+00	1.394264631241771824e+01
1.238717000000000068e+00	1.399896818643065721e+01
1.244668000000000108e+00	1.383601160895201510e+01
1.250620000000000065e+00	1.385856714832211622e+01
1.256572000000000022e+00	1.371324573984743722e+01
1.262526000000000037e+00	1.350317620844576005e+01
1.268480000000000052e+00	1.310122650738411743e+01
1.274434000000000067e+00	1.384211150719277938e+01
1.280386000000000024e+00	1.421957788533244660e+01
1.286335999999999924e+00	1.388663635801906615e+01
1.292281999999999931e+00	1.419029150315542864e+01
1.298224999999999962e+00	1.411573896107480586e+01
1.304170000000000051e+00	1.411451900379489821e+01
1.310119999999999951e+00	1.390324687855969721e+01
1.316079999999999917e+00	1.419279852417871979e+01
1.322052999999999923e+00	1.405604288555752746e+01
1.328036999999999912e+00	1.428138244995512451e+01
1.334017000000000008e+00	1.424058442794410873e+01
1.339976000000000056e+00	1.486589893001695728e+01
1.345900000000000096e+00	1.461573289847732937e+01
1.351774000000000031e+00	1.446047612518389691e+01
1.357607000000000008e+00	1.446269494268218381e+01
1.363453000000000026e+00	1.510938976079101792e+01
1.369372000000000034e+00	1.541273355076521234e+01
1.375421999999999922e+00	1.545464937625541246e+01
1.381658999999999970e+00	1.569312726691321558e+01
1.388052000000000064e+00	1.633754616040785734e+01
1.394403000000000059e+00	1.734489590944930626e+01
1.400492999999999988e+00	1.719781811021187679e+01
1.406104999999999938e+00	1.689727656545896650e+01
1.411021999999999998e+00	1.708988332743535565e+01
1.415195999999999898e+00	1.795816971424763508e+01
1.418924000000000074e+00	1.657124933019815316e+01
1.422549999999999981e+00	1.675010748870735355e+01
1.426417000000000046e+00	1.694816714327293994e+01
1.430868000000000029e+00	1.638951314582695673e+01
1.436091000000000006e+00	1.572882375248943632e+01
1.441923000000000066e+00	1.549613226950912015e+01
1.448144000000000098e+00	1.552570647047771502e+01
1.454538000000000109e+00	1.617865965405475848e+01
1.460887000000000047e+00	1.632961051013534259e+01
1.467041999999999957e+00	1.645580296109569218e+01
1.473030999999999979e+00	1.684711511565855346e+01
1.478914000000000062e+00	1.654107257257074082e+01
1.484749000000000096e+00	1.722077096941417196e+01
1.490591999999999917e+00	1.723489262818213774e+01
1.496488000000000040e+00	1.767997024655963756e+01
1.502428000000000097e+00	1.769322549548386903e+01
1.508397999999999906e+00	1.827881904689253645e+01
1.514380999999999977e+00	1.894194514756676995e+01
1.520361999999999991e+00	1.881672588933201595e+01
1.526329999999999965e+00	1.884996473570082998e+01
1.532284999999999897e+00	1.912075730618107627e+01
1.538232999999999961e+00	1.954341253611947948e+01
1.544175999999999993e+00	1.978985571758954620e+01
1.550119999999999942e+00	1.975373067367480218e+01
1.556068000000000007e+00	1.973265186148142902e+01
1.562019000000000046e+00	1.929385245010059435e+01
1.567971999999999921e+00	1.921403681210646042e+01
1.573925999999999936e+00	1.945692067103431100e+01
1.579879999999999951e+00	1.910733299023879894e+01
1.585833000000000048e+00	1.910155172615843000e+01
1.591785000000000005e+00	1.917368066556219830e+01
1.597736999999999963e+00	2.007865192840435498e+01
1.603688000000000002e+00	2.014981807945634884e+01
1.609639000000000042e+00	2.063938799373663002e+01
1.615590999999999999e+00	2.059176961468800471e+01
1.621542999999999957e+00	2.081965785207135511e+01
1.627494999999999914e+00	2.117832581660884728e+01
1.633447000000000093e+00	2.078124416048762413e+01
1.639399000000000051e+00	2.113033411369599790e+01
1.645350000000000090e+00	2.120120344203315099e+01
1.651302000000000048e+00	2.088021626454280621e+01
1.657253000000000087e+00	2.071625048409531544e+01
1.663205000000000044e+00	2.089070711874922281e+01
1.669157999999999920e+00	2.118144036277908526e+01
1.675111999999999934e+00	2.067144034318729240e+01
1.681065999999999949e+00	2.102298296764437424e+01
1.687019000000000046e+00	2.123781897214315961e+01
1.692971000000000004e+00	2.172127547516411994e+01
1.698919000000000068e+00	2.268277520624690524e+01
1.704863000000000017e+00	2.238301115884197756e+01
1.710806999999999967e+00	2.363098256491384319e+01
1.716752999999999973e+00	2.332662009033823836e+01
1.722706999999999988e+00	2.356280714594386438e+01
1.728671999999999986e+00	2.416151324970395819e+01
1.734652000000000083e+00	2.450054670217448916e+01
1.740636000000000072e+00	2.566546527329823846e+01
1.746609000000000078e+00	2.616637403278005891e+01
1.752555000000000085e+00	2.660244453754619443e+01
1.758458000000000077e+00	2.705351610574077625e+01
1.764308999999999905e+00	2.708443622203906287e+01
1.770140999999999964e+00	2.709336107210499378e+01
1.776011999999999924e+00	2.714738287080813706e+01
1.781979999999999897e+00	2.677684859289817965e+01
1.788105000000000055e+00	2.555557711661439058e+01
1.794426999999999994e+00	2.559327260628869638e+01
1.800829000000000013e+00	2.558255155803056624e+01
1.807091999999999921e+00	2.519601385866286947e+01
1.813002000000000002e+00	2.515336133184206346e+01
1.818338000000000010e+00	2.551691812041211449e+01
1.822912000000000088e+00	2.627021403151854884e+01
1.826850000000000085e+00	2.617885517719293276e+01
1.830492000000000008e+00	2.666317879741193053e+01
1.834179999999999922e+00	2.718414469370226172e+01
1.838259000000000087e+00	2.754652033895137109e+01
1.843048000000000020e+00	2.839128799048175722e+01
1.848562000000000038e+00	2.909811038073687683e+01
1.854589999999999961e+00	2.981112201455886535e+01
1.860913000000000039e+00	3.051322102492648014e+01
1.867313999999999918e+00	3.125240326140149705e+01
1.873583999999999916e+00	3.158131990686350221e+01
1.879660000000000108e+00	3.267148746657021974e+01
1.885596000000000050e+00	3.238367215242149655e+01
1.891450999999999993e+00	3.266643208633719553e+01
1.897281999999999913e+00	3.276161176202076319e+01
1.903146999999999922e+00	3.230315947835356383e+01
1.909062999999999954e+00	3.290429151625014725e+01
1.915018000000000109e+00	3.263733697328748207e+01
1.920995999999999926e+00	3.218304681838535686e+01
1.926979999999999915e+00	3.206966860607144554e+01
1.932955999999999896e+00	3.179345440893718688e+01
1.938917999999999919e+00	3.276244485166841969e+01
1.944868999999999959e+00	3.211404417783213461e+01
1.950814000000000048e+00	3.240528051694683143e+01
1.956757999999999997e+00	3.287947429481979356e+01
1.962703000000000086e+00	3.316902110082174460e+01
1.968652000000000069e+00	3.365381791257889432e+01
1.974604000000000026e+00	3.403697746287256365e+01
1.980558000000000041e+00	3.436544463515362935e+01
1.986512000000000056e+00	3.511890727237935295e+01
1.992466000000000070e+00	3.593769624540227170e+01
1.998418000000000028e+00	3.649754342660945383e+01
2.004370000000000207e+00	3.648677698731939500e+01
2.010321999999999942e+00	3.780630959167360317e+01
2.016272999999999982e+00	3.789393651429478638e+01
2.022224000000000022e+00	3.838857869533978118e+01
2.028176000000000201e+00	3.852098364922556328e+01
2.034127999999999936e+00	3.952529146470507726e+01
2.040080000000000116e+00	3.974295688348461653e+01
2.046031999999999851e+00	4.021932038518099262e+01
2.051984000000000030e+00	4.006252858305431630e+01
2.057935000000000070e+00	4.008416971624686909e+01
2.063886999999999805e+00	4.000729988917318281e+01
2.069837999999999845e+00	3.926619070247546972e+01
2.075791000000000164e+00	3.867785829138315279e+01
2.081744000000000039e+00	3.971855440344401700e+01
2.087698000000000054e+00	3.958355420643017908e+01
2.093652000000000069e+00	3.973456975844640482e+01
2.099604999999999944e+00	3.990512017390341981e+01
2.105554999999999843e+00	4.024650499575142248e+01
2.111501000000000072e+00	4.100575592299469463e+01
2.117445000000000022e+00	4.159666617799121724e+01
2.123388999999999971e+00	4.115636016867116354e+01
2.129338000000000175e+00	4.114096377141839866e+01
2.135295999999999861e+00	4.157257654930457136e+01
2.141268000000000171e+00	4.165213803883168708e+01
2.147250999999999799e+00	4.222009709192590776e+01
2.153232000000000035e+00	4.270673870653154580e+01
2.159196000000000115e+00	4.330742878653934724e+01
2.165125000000000188e+00	4.385924784330205739e+01
2.171006000000000213e+00	4.368178525823854130e+01
2.176841000000000026e+00	4.382191423607029890e+01
2.182682999999999929e+00	4.356098669931112966e+01
2.188588999999999896e+00	4.258331936390214878e+01
2.194618000000000180e+00	4.235188349621213177e+01
2.200828000000000007e+00	4.168415912554967662e+01
2.207209999999999894e+00	3.985640252192663979e+01
2.213579000000000185e+00	3.956575020173503532e+01
2.219714999999999883e+00	3.840232635081699897e+01
2.225403000000000020e+00	3.811459218638562874e+01
2.230423000000000044e+00	3.772754214009518847e+01
2.234681000000000139e+00	3.835336434136528538e+01
2.238447999999999993e+00	3.824096687512135873e+01
2.242068000000000172e+00	3.872262307741954146e+01
2.245884000000000214e+00	4.023078352689909565e+01
2.250237999999999960e+00	4.164068372444326371e+01
2.255365999999999982e+00	4.248015776444479030e+01
2.261130000000000084e+00	4.313340964102789599e+01
2.267313000000000134e+00	4.475708239037752634e+01
2.273696000000000161e+00	4.615800867377050309e+01
2.280063999999999869e+00	4.603125383601462062e+01
2.286243999999999943e+00	4.655354699469813795e+01
2.292251999999999956e+00	4.618123595014372995e+01
2.298146000000000022e+00	4.554150157724174619e+01
2.303983000000000114e+00	4.457330371950214953e+01
2.309822000000000042e+00	4.443082449389743971e+01
2.315710999999999853e+00	4.345098703576958599e+01
2.321645999999999876e+00	4.399685555953729477e+01
2.327612999999999932e+00	4.344101557773522870e+01
2.333594999999999864e+00	4.231878199931187368e+01
2.339576999999999796e+00	4.227309541227234035e+01
2.345546999999999827e+00	4.229819597112726370e+01
2.351503999999999817e+00	4.227740957705838554e+01
2.357451999999999881e+00	4.149024023619400481e+01
2.363395999999999830e+00	4.052289922139686240e+01
2.369339000000000084e+00	4.029817228603557311e+01
2.375286000000000008e+00	4.003408786256501628e+01
2.381237000000000048e+00	4.021054345142422193e+01
2.387189999999999923e+00	3.989852179403441568e+01
2.393143999999999938e+00	4.061170772042235910e+01
2.399097999999999953e+00	4.037190947011174558e+01
2.405050999999999828e+00	4.110476171256309641e+01
2.411004000000000147e+00	4.171430227312536942e+01
2.416955999999999882e+00	4.169739195655525066e+01
2.422906999999999922e+00	4.237988699631974754e+01
2.428857999999999961e+00	4.207164011518360525e+01
2.434809000000000001e+00	4.254533518123022162e+01
2.440760000000000041e+00	4.178128115871098203e+01
2.446712000000000220e+00	4.274918689155278884e+01
2.452663999999999955e+00	4.238082974605111986e+01
2.458616999999999830e+00	4.225119591605604796e+01
2.464570999999999845e+00	4.173488906342667804e+01
2.470524999999999860e+00	4.172776791414643327e+01
2.476478000000000179e+00	4.175277644462374838e+01
2.482429999999999914e+00	4.179952524822842008e+01
2.488377999999999979e+00	4.248592932246838672e+01
2.494323000000000068e+00	4.328553495282541519e+01
2.500265999999999877e+00	4.386407247691202826e+01
2.506212000000000106e+00	4.439053259880864033e+01
2.512164999999999981e+00	4.494237161807309633e+01
2.518129000000000062e+00	4.439336459747308794e+01
2.524108000000000018e+00	4.402636994846290008e+01
2.530091999999999786e+00	4.228759076629935265e+01
2.536067000000000071e+00	4.156423309302709868e+01
2.542015999999999831e+00	3.998970701746112866e+01
2.547924000000000078e+00	3.876171604586977537e+01
2.553779000000000021e+00	3.664371765383435076e+01
2.559610000000000163e+00	3.508508005803204810e+01
2.565475000000000172e+00	3.430221867910959332e+01
2.571432000000000162e+00	3.357940602722223389e+01
2.577539999999999942e+00	3.295421848479711713e+01
2.583845999999999865e+00	3.138466210278592072e+01
2.590249000000000024e+00	3.148449536369080448e+01
2.596534000000000120e+00	3.114374385618337371e+01
2.602485000000000159e+00	3.113083998436266953e+01
2.607883000000000173e+00	3.144968117877414215e+01
2.612527000000000044e+00	3.175380686230723271e+01
2.616509000000000196e+00	3.194366478687632949e+01
2.620163999999999938e+00	3.246930049726910283e+01
2.623834000000000000e+00	3.347707308665469128e+01
2.627863000000000060e+00	3.471109457657132680e+01
2.632579999999999920e+00	3.597430304634497844e+01
2.638037000000000187e+00	3.764893780679132362e+01
2.644026000000000209e+00	3.879211851627385954e+01
2.650332000000000132e+00	4.043775728207400277e+01
2.656734000000000151e+00	4.014883715763030381e+01
2.663022999999999918e+00	4.033367575946763139e+01
2.669115000000000126e+00	3.832570970640011865e+01
2.675060999999999911e+00	3.676687956943707292e+01
2.680919999999999970e+00	3.408740229327614912e+01
2.686751000000000111e+00	3.131639638743758880e+01
2.692610999999999866e+00	2.904335974443982593e+01
2.698523999999999923e+00	2.609184095850196883e+01
2.704476000000000102e+00	2.412013666945726342e+01
2.710452000000000083e+00	2.098040361612866178e+01
2.716435999999999851e+00	1.851227632364207309e+01
2.722412999999999972e+00	1.504352402124594867e+01
2.728375999999999912e+00	1.154156562617636972e+01
2.734328000000000092e+00	7.682908940979967127e+00
2.740273999999999877e+00	4.469224861661822423e+00
2.746217000000000130e+00	1.541849036095621184e+00
2.752162000000000219e+00	5.819669194689052194e-01
2.758110999999999979e+00	5.449076686206371090e-01
2.764063000000000159e+00	1.393046618351811539e+00
2.770016000000000034e+00	3.368679900743651867e+00
2.775971000000000188e+00	5.326977159755006852e+00
2.781924000000000063e+00	8.108446908974569212e+00
2.787876999999999938e+00	1.060146181305003843e+01
2.793829000000000118e+00	1.307409794199327813e+01
2.799780999999999853e+00	1.453873671111918142e+01
2.805731999999999893e+00	1.489452452325154397e+01
2.811682999999999932e+00	1.425212683532980584e+01
2.817635000000000112e+00	1.287677992067097144e+01
2.823586999999999847e+00	1.011724186031826989e+01
2.829539000000000026e+00	7.143890236618034351e+00
2.835491000000000206e+00	5.400284010130370405e+00
2.841442999999999941e+00	3.314928978573248308e+00
2.847395000000000120e+00	2.082953941301550316e+00
2.853346999999999856e+00	2.889117705418766668e+00
2.859299000000000035e+00	4.598275229937941688e+00
2.865251000000000214e+00	6.790497812388011312e+00
2.871201999999999810e+00	8.251224539074359043e+00
2.877153999999999989e+00	1.108284438735178234e+01
2.883106000000000169e+00	1.437363739066902646e+01
2.889057999999999904e+00	1.905315918844263123e+01
2.895010000000000083e+00	2.407504671881569180e+01
2.900961999999999819e+00	3.106087731461579793e+01
2.906913999999999998e+00	3.983707823637911360e+01
2.912866000000000177e+00	4.799307609433260779e+01
2.918817999999999913e+00	5.335119344255414831e+01
2.924770000000000092e+00	5.511323978550201019e+01
2.930721000000000132e+00	4.994023897319523542e+01
2.936672999999999867e+00	3.762205613262017323e+01
2.942625000000000046e+00	2.173240413950498251e+01
2.948576999999999781e+00	4.276930422781037855e+00
2.954528999999999961e+00	-1.153608524857297901e+01
2.960481000000000140e+00	-2.201493395837952249e+01
2.966432999999999875e+00	-2.479019288433193680e+01
2.972385000000000055e+00	-2.211267234529914560e+01
2.978336999999999790e+00	-1.379887174619777568e+01
2.984288999999999970e+00	-3.175600916701594834e+00
2.990240000000000009e+00	7.680112027970428912e+00
2.996192000000000188e+00	1.875093209066453781e+01
3.002143999999999924e+00	2.524078317988654518e+01
3.008096000000000103e+00	2.760089408861183102e+01
3.014047999999999838e+00	2.447410307070879654e+01
3.020000000000000018e+00	1.264650654809519814e+01
