1.199999999999999956e-01	-4.787087846447711792e-01
1.249780000000000058e-01	-3.046309399430650044e-01
1.305999999999999939e-01	5.566332461303500484e-02
1.367059999999999942e-01	1.382388110900577560e-01
1.431360000000000132e-01	3.505294923105030103e-01
1.497320000000000040e-01	3.447758301354013621e-01
1.563350000000000017e-01	3.677326008598693630e-01
1.627850000000000130e-01	5.558736370065815446e-01
1.689219999999999888e-01	4.492121267246128036e-01
1.745889999999999942e-01	5.828306678514059147e-01
1.796250000000000069e-01	5.329438701006180557e-01
1.839349999999999874e-01	7.037848374739578139e-01
1.877439999999999942e-01	6.665835953131558078e-01
1.913779999999999926e-01	9.301923294423720678e-01
1.951660000000000061e-01	6.772561322345500567e-01
1.994340000000000002e-01	6.498772761586613100e-01
2.044499999999999929e-01	3.314533425669057287e-01
2.101250000000000062e-01	5.015674558801372918e-01
2.162479999999999958e-01	3.185617159113159902e-01
2.226049999999999973e-01	1.217647560240140703e-01
2.289819999999999911e-01	2.283838900489100487e-02
2.351930000000000132e-01	1.202912863473383359e-01
2.412249999999999950e-01	-9.946117723281752698e-02
2.471349999999999936e-01	-1.040907983528163161e-01
2.529799999999999827e-01	-3.745423233624572967e-01
2.588170000000000193e-01	-3.479816594553478692e-01
2.646970000000000156e-01	-1.594935033985313555e-01
2.706259999999999777e-01	2.568814064820261478e-02
2.765880000000000005e-01	1.141044182711584143e-01
2.825679999999999858e-01	4.368367730301576102e-01
2.885510000000000019e-01	5.448095753350524761e-01
2.945229999999999793e-01	7.251699858164086798e-01
3.004809999999999981e-01	8.317041640801079438e-01
3.064310000000000089e-01	9.639546063548048993e-01
3.123750000000000138e-01	7.684600210113670116e-01
3.183190000000000186e-01	7.877726799303016447e-01
3.242650000000000254e-01	8.130865032266652026e-01
3.302149999999999808e-01	9.026673222975243327e-01
3.361680000000000224e-01	7.996685439869121170e-01
3.421210000000000084e-01	9.637687157353026501e-01
3.480759999999999965e-01	7.446153091316350947e-01
3.540289999999999826e-01	8.587096949162743575e-01
3.599809999999999954e-01	3.917709602932104573e-01
3.659330000000000083e-01	3.629775252421932885e-01
3.718839999999999923e-01	4.178494225828828235e-01
3.778360000000000052e-01	3.776830086554415766e-01
3.837869999999999893e-01	4.005031710163594050e-01
3.897390000000000021e-01	6.897283189228209377e-01
3.956910000000000149e-01	6.412040951742373762e-01
4.016429999999999723e-01	8.075928268457002179e-01
4.075949999999999851e-01	9.338156723940828075e-01
4.135469999999999979e-01	1.005400255061276837e+00
4.194979999999999820e-01	6.850731990583773801e-01
4.254499999999999948e-01	8.647274860355328441e-01
4.314009999999999789e-01	8.208588041479160102e-01
4.373540000000000205e-01	6.541003135944941649e-01
4.433079999999999798e-01	9.058796463664913201e-01
4.492619999999999947e-01	8.578563656627413714e-01
4.552160000000000095e-01	8.096296582092884497e-01
4.611680000000000224e-01	9.911228079878107167e-01
4.671170000000000044e-01	1.291673306440854097e+00
4.730619999999999825e-01	1.566410545270736421e+00
4.790059999999999873e-01	1.495563951314170970e+00
4.849510000000000209e-01	1.268609948854700686e+00
4.909020000000000050e-01	1.373626748241449036e+00
4.968629999999999991e-01	1.206911477033092428e+00
5.028390000000000359e-01	1.433939342128165428e+00
5.088230000000000253e-01	1.352544052262738106e+00
5.148009999999999531e-01	1.498542154548696992e+00
5.207570000000000254e-01	1.379751422073596023e+00
5.266750000000000043e-01	1.725570292630955072e+00
5.325410000000000421e-01	1.661273844580237080e+00
5.383719999999999617e-01	2.120886625007306403e+00
5.442249999999999588e-01	2.147895975171925986e+00
5.501580000000000359e-01	2.457301826129949074e+00
5.562289999999999734e-01	2.469473183221335688e+00
5.624930000000000208e-01	2.580863199525893048e+00
5.688929999999999820e-01	2.497982330836462150e+00
5.752220000000000111e-01	2.306920734389591221e+00
5.812610000000000277e-01	2.161916890349062648e+00
5.867949999999999555e-01	1.879839507966655443e+00
5.916080000000000227e-01	1.859449932766494396e+00
5.957040000000000113e-01	1.822382823337370672e+00
5.993990000000000151e-01	1.894726489520436319e+00
6.030370000000000452e-01	2.077948008028774218e+00
6.069609999999999728e-01	2.071925503092247656e+00
6.115110000000000268e-01	2.327363752547029208e+00
6.168270000000000142e-01	2.585509991571764754e+00
6.227219999999999978e-01	2.942111410694944418e+00
6.289789999999999548e-01	3.054250436615985276e+00
6.353790000000000271e-01	3.280779403658280025e+00
6.417070000000000274e-01	3.605639084740138056e+00
6.478369999999999962e-01	3.446019676374838969e+00
6.538089999999999735e-01	3.450694875883256074e+00
6.596819999999999906e-01	3.456790272937795283e+00
6.655140000000000500e-01	3.179659520000569728e+00
6.713630000000000431e-01	3.481035340143627366e+00
6.772660000000000347e-01	3.459026560813822648e+00
6.832110000000000127e-01	3.330715346703637447e+00
6.891829999999999901e-01	3.002155606779301600e+00
6.951669999999999794e-01	3.238041828821785373e+00
7.011469999999999647e-01	3.151286765471501550e+00
7.071119999999999628e-01	3.319205384479838372e+00
7.130670000000000064e-01	3.626919092663015931e+00
7.190130000000000132e-01	3.725048063360442807e+00
7.249569999999999625e-01	4.127531137360874069e+00
7.309010000000000229e-01	4.105282181440688127e+00
7.368489999999999762e-01	4.359494865424347054e+00
7.428000000000000158e-01	4.440349743868580390e+00
7.487530000000000019e-01	4.769540351256213562e+00
7.547080000000000455e-01	4.777699192906920800e+00
7.606619999999999493e-01	4.981525619600340349e+00
7.666140000000000176e-01	4.917319689447086084e+00
7.725670000000000037e-01	5.349423334829674026e+00
7.785180000000000433e-01	5.515070317579347403e+00
7.844689999999999719e-01	5.659141210848836145e+00
7.904210000000000402e-01	5.616368725414777607e+00
7.963729999999999976e-01	5.884234839996588917e+00
8.023249999999999549e-01	6.112253073531451086e+00
8.082770000000000232e-01	6.154425511217835876e+00
8.142289999999999806e-01	6.232540015506699227e+00
8.201800000000000201e-01	6.507052880440565623e+00
8.261319999999999775e-01	6.757032245726097841e+00
8.320830000000000171e-01	7.038790330115299199e+00
8.380349999999999744e-01	7.455141189612795038e+00
8.439870000000000427e-01	7.870674583923889855e+00
8.499400000000000288e-01	8.454593691192604510e+00
8.558940000000000436e-01	8.757963065855346230e+00
8.618479999999999475e-01	9.087401019662427970e+00
8.678010000000000446e-01	9.426504846060442588e+00
8.737519999999999731e-01	9.869776784627259048e+00
8.797000000000000375e-01	1.018487998696210539e+01
8.856439999999999868e-01	1.071544427236366381e+01
8.915870000000000184e-01	1.115566596859658866e+01
8.975349999999999717e-01	1.135930258328179576e+01
9.034900000000000153e-01	1.177498754852930674e+01
9.094569999999999599e-01	1.216705092081718576e+01
9.154379999999999740e-01	1.243771607849732419e+01
9.214210000000000456e-01	1.256745643712136484e+01
9.273909999999999654e-01	1.292161569050231051e+01
9.333329999999999682e-01	1.282335873010046967e+01
9.392300000000000093e-01	1.301239709177245985e+01
9.450749999999999984e-01	1.280704171448134687e+01
9.509090000000000042e-01	1.286639504197018979e+01
9.567890000000000006e-01	1.284603072712839733e+01
9.627750000000000474e-01	1.262600562811948279e+01
9.689229999999999787e-01	1.258845104585760133e+01
9.752680000000000238e-01	1.233190351230633652e+01
9.816639999999999810e-01	1.217265589327183584e+01
9.878930000000000211e-01	1.191788001194340474e+01
9.937399999999999567e-01	1.158267682673657895e+01
9.989850000000000119e-01	1.126132388971961085e+01
1.003457999999999961e+00	1.099761435995620040e+01
1.007338000000000067e+00	1.043179838336094889e+01
1.010966000000000031e+00	9.852042646323381447e+00
1.014685999999999977e+00	9.239099991984407012e+00
1.018841000000000108e+00	8.960371616860909327e+00
1.023735000000000062e+00	8.892235040625923403e+00
1.029328999999999938e+00	8.680563610367810767e+00
1.035408000000000106e+00	8.782577070276168740e+00
1.041754000000000069e+00	8.839632677779695413e+00
1.048148999999999997e+00	8.939000762431732028e+00
1.054391999999999996e+00	9.035574942764725392e+00
1.060446000000000000e+00	9.014271823825314556e+00
1.066368999999999900e+00	9.116187506548380171e+00
1.072216999999999976e+00	9.139217556816371157e+00
1.078049000000000035e+00	9.128593751299403536e+00
1.083920999999999912e+00	9.126308019222197032e+00
1.089842999999999895e+00	9.169658639180472193e+00
1.095801999999999943e+00	9.243300872438815929e+00
1.101780999999999899e+00	9.477141158232058160e+00
1.107765000000000111e+00	9.430467117501891039e+00
1.113739999999999952e+00	9.522080333879733516e+00
1.119699999999999918e+00	9.552124326342543270e+00
1.125650000000000039e+00	9.696513454194226611e+00
1.131594999999999906e+00	9.745828518892782455e+00
1.137537999999999938e+00	9.727087447333236270e+00
1.143483999999999945e+00	9.916814414364905517e+00
1.149432999999999927e+00	9.751039292252567492e+00
1.155386000000000024e+00	9.969026770165287488e+00
1.161338999999999899e+00	9.944036797677471284e+00
1.167294000000000054e+00	1.030036530043727794e+01
1.173246999999999929e+00	1.040645776057889194e+01
1.179200000000000026e+00	1.049915396373675236e+01
1.185151999999999983e+00	1.085041759308152365e+01
1.191103000000000023e+00	1.094844111539779696e+01
1.197054000000000062e+00	1.114029359953618403e+01
1.203006000000000020e+00	1.119936901166425436e+01
1.208957999999999977e+00	1.120617899317671018e+01
1.214909999999999934e+00	1.125686062812371624e+01
1.220861999999999892e+00	1.111457176443822092e+01
1.226814000000000071e+00	1.142202781735488060e+01
1.232765000000000111e+00	1.142712772765717233e+01
1.238717000000000068e+00	1.169303352915316374e+01
1.244668000000000108e+00	1.177541965422043013e+01
1.250620000000000065e+00	1.197498144116329044e+01
1.256572000000000022e+00	1.207090989839431927e+01
1.262526000000000037e+00	1.218960081337239743e+01
1.268480000000000052e+00	1.224638822581959197e+01
1.274434000000000067e+00	1.253482019068293951e+01
1.280386000000000024e+00	1.256179896601692647e+01
1.286335999999999924e+00	1.270464901333872554e+01
1.292281999999999931e+00	1.313340316692324450e+01
1.298224999999999962e+00	1.326119559758989475e+01
1.304170000000000051e+00	1.347228792675747755e+01
1.310119999999999951e+00	1.349734168245775123e+01
1.316079999999999917e+00	1.386036840282072014e+01
1.322052999999999923e+00	1.377441051856664522e+01
1.328036999999999912e+00	1.400933916057230988e+01
1.334017000000000008e+00	1.424046710514449465e+01
1.339976000000000056e+00	1.420225714883435941e+01
1.345900000000000096e+00	1.445719759553035466e+01
1.351774000000000031e+00	1.435493034871959317e+01
1.357607000000000008e+00	1.438445125774333455e+01
1.363453000000000026e+00	1.454626303070627280e+01
1.369372000000000034e+00	1.482861451508521355e+01
1.375421999999999922e+00	1.492605562576371803e+01
1.381658999999999970e+00	1.479928599499036324e+01
1.388052000000000064e+00	1.496155821885294657e+01
1.394403000000000059e+00	1.509519174212464065e+01
1.400492999999999988e+00	1.513388916006090845e+01
1.406104999999999938e+00	1.528912039446786508e+01
1.411021999999999998e+00	1.550746149996141021e+01
1.415195999999999898e+00	1.546658040899721875e+01
1.418924000000000074e+00	1.576580818917415883e+01
1.422549999999999981e+00	1.579418051163801984e+01
1.426417000000000046e+00	1.581444634470985555e+01
1.430868000000000029e+00	1.602294634611134327e+01
1.436091000000000006e+00	1.638435299429593073e+01
1.441923000000000066e+00	1.637738840811096352e+01
1.448144000000000098e+00	1.667978370984536696e+01
1.454538000000000109e+00	1.671794534875573390e+01
1.460887000000000047e+00	1.695629655083012466e+01
1.467041999999999957e+00	1.713292119255307355e+01
1.473030999999999979e+00	1.684547073213156310e+01
1.478914000000000062e+00	1.710696049416411668e+01
1.484749000000000096e+00	1.722537798205403803e+01
1.490591999999999917e+00	1.746326452190282552e+01
1.496488000000000040e+00	1.744629901244248060e+01
1.502428000000000097e+00	1.752414272838574050e+01
1.508397999999999906e+00	1.769813335379901531e+01
1.514380999999999977e+00	1.790836960760826457e+01
1.520361999999999991e+00	1.833844284791851820e+01
1.526329999999999965e+00	1.829467548333418847e+01
1.532284999999999897e+00	1.802298931413610816e+01
1.538232999999999961e+00	1.822518623292325657e+01
1.544175999999999993e+00	1.853415031763342569e+01
1.550119999999999942e+00	1.817514083080299159e+01
1.556068000000000007e+00	1.827769067706372752e+01
1.562019000000000046e+00	1.832329575394292220e+01
1.567971999999999921e+00	1.850853071386379156e+01
1.573925999999999936e+00	1.872135476923184427e+01
1.579879999999999951e+00	1.888167986601308712e+01
1.585833000000000048e+00	1.897174842474489864e+01
1.591785000000000005e+00	1.919729844476885816e+01
1.597736999999999963e+00	1.921995307522293928e+01
1.603688000000000002e+00	1.929370585280281247e+01
1.609639000000000042e+00	1.981622099429363715e+01
1.615590999999999999e+00	2.008735341757066806e+01
1.621542999999999957e+00	2.030695185731755004e+01
1.627494999999999914e+00	2.057285010323351315e+01
1.633447000000000093e+00	2.068820294520450531e+01
1.639399000000000051e+00	2.078170520780608044e+01
1.645350000000000090e+00	2.090509725854145628e+01
1.651302000000000048e+00	2.111331286399341778e+01
1.657253000000000087e+00	2.119014313124575821e+01
1.663205000000000044e+00	2.117442902735546539e+01
1.669157999999999920e+00	2.099007978888125336e+01
1.675111999999999934e+00	2.100861501664277853e+01
1.681065999999999949e+00	2.110334426116255102e+01
1.687019000000000046e+00	2.109591096807825394e+01
1.692971000000000004e+00	2.119238942525502267e+01
1.698919000000000068e+00	2.134219815266697040e+01
1.704863000000000017e+00	2.124467462723177746e+01
1.710806999999999967e+00	2.148220881832391527e+01
1.716752999999999973e+00	2.172325436735952309e+01
1.722706999999999988e+00	2.198000941768420091e+01
1.728671999999999986e+00	2.231600688356529361e+01
1.734652000000000083e+00	2.275794581776674619e+01
1.740636000000000072e+00	2.309797148915794907e+01
1.746609000000000078e+00	2.329268375225805698e+01
1.752555000000000085e+00	2.395907580059228792e+01
1.758458000000000077e+00	2.430964548869835085e+01
1.764308999999999905e+00	2.451338628028829447e+01
1.770140999999999964e+00	2.501631160277771571e+01
1.776011999999999924e+00	2.519452076679741381e+01
1.781979999999999897e+00	2.537829947522963892e+01
1.788105000000000055e+00	2.562089881937567171e+01
1.794426999999999994e+00	2.586236967634060591e+01
1.800829000000000013e+00	2.553234773626569876e+01
1.807091999999999921e+00	2.582196807856496434e+01
1.813002000000000002e+00	2.588028470678987247e+01
1.818338000000000010e+00	2.609620441135814417e+01
1.822912000000000088e+00	2.617869458816456074e+01
1.826850000000000085e+00	2.610180584391449443e+01
1.830492000000000008e+00	2.644337324296742864e+01
1.834179999999999922e+00	2.654180096802369349e+01
1.838259000000000087e+00	2.696737370059278405e+01
1.843048000000000020e+00	2.728952786753299264e+01
1.848562000000000038e+00	2.759846400406991762e+01
1.854589999999999961e+00	2.816601294146986589e+01
1.860913000000000039e+00	2.869262374452111786e+01
1.867313999999999918e+00	2.904348995489813845e+01
1.873583999999999916e+00	2.985659412966005277e+01
1.879660000000000108e+00	3.023520456913577803e+01
1.885596000000000050e+00	3.054191657837242957e+01
1.891450999999999993e+00	3.086728705959254171e+01
1.897281999999999913e+00	3.120301748804568831e+01
1.903146999999999922e+00	3.144207027344286232e+01
1.909062999999999954e+00	3.143295319117888198e+01
1.915018000000000109e+00	3.157956055645574978e+01
1.920995999999999926e+00	3.147289279793991668e+01
1.926979999999999915e+00	3.163001443656637690e+01
1.932955999999999896e+00	3.164348029506887272e+01
1.938917999999999919e+00	3.177843503577666340e+01
1.944868999999999959e+00	3.208650601288453430e+01
1.950814000000000048e+00	3.223409339740073420e+01
1.956757999999999997e+00	3.254602729605665701e+01
1.962703000000000086e+00	3.268492386495469759e+01
1.968652000000000069e+00	3.298706316032109953e+01
1.974604000000000026e+00	3.336815101975810194e+01
1.980558000000000041e+00	3.372281460502591699e+01
1.986512000000000056e+00	3.432459088277004611e+01
1.992466000000000070e+00	3.485228412355593974e+01
1.998418000000000028e+00	3.535104960346817649e+01
2.004370000000000207e+00	3.590781602493782287e+01
2.010321999999999942e+00	3.641984207641282723e+01
2.016272999999999982e+00	3.700711919092361768e+01
2.022224000000000022e+00	3.761554408407545225e+01
2.028176000000000201e+00	3.774614047868021771e+01
2.034127999999999936e+00	3.815944487479903557e+01
2.040080000000000116e+00	3.848854600492884970e+01
2.046031999999999851e+00	3.870821154165295752e+01
2.051984000000000030e+00	3.880098636802275536e+01
2.057935000000000070e+00	3.883185554200048273e+01
2.063886999999999805e+00	3.899515427219638752e+01
2.069837999999999845e+00	3.904320277169032494e+01
2.075791000000000164e+00	3.884556361124126767e+01
2.081744000000000039e+00	3.863030495583824830e+01
2.087698000000000054e+00	3.845695893601839543e+01
2.093652000000000069e+00	3.873318981567081920e+01
2.099604999999999944e+00	3.879691820557953719e+01
2.105554999999999843e+00	3.878680877974543506e+01
2.111501000000000072e+00	3.938445493327869684e+01
2.117445000000000022e+00	3.973948931706631527e+01
2.123388999999999971e+00	4.032786533310223120e+01
2.129338000000000175e+00	4.079766141400735080e+01
2.135295999999999861e+00	4.140945249259279137e+01
2.141268000000000171e+00	4.203829940330967929e+01
2.147250999999999799e+00	4.268823061687758980e+01
2.153232000000000035e+00	4.305378211426864965e+01
2.159196000000000115e+00	4.334868911591317442e+01
2.165125000000000188e+00	4.364888581886842900e+01
2.171006000000000213e+00	4.338602264390633678e+01
2.176841000000000026e+00	4.321790528510229024e+01
2.182682999999999929e+00	4.253950865781292379e+01
2.188588999999999896e+00	4.176140798927991682e+01
2.194618000000000180e+00	4.094696015814434986e+01
2.200828000000000007e+00	4.040672452322391450e+01
2.207209999999999894e+00	3.999288216676561092e+01
2.213579000000000185e+00	3.918159360237824274e+01
2.219714999999999883e+00	3.901071908101066299e+01
2.225403000000000020e+00	3.863299353666091918e+01
2.230423000000000044e+00	3.865044323864727005e+01
2.234681000000000139e+00	3.893376627117771704e+01
2.238447999999999993e+00	3.921603920484532324e+01
2.242068000000000172e+00	3.954994204283804748e+01
2.245884000000000214e+00	4.031548530754285053e+01
2.250237999999999960e+00	4.096529364629080305e+01
2.255365999999999982e+00	4.154653499204795253e+01
2.261130000000000084e+00	4.236341561593605576e+01
2.267313000000000134e+00	4.329046157774982362e+01
2.273696000000000161e+00	4.347983958973244256e+01
2.280063999999999869e+00	4.403292011662338723e+01
2.286243999999999943e+00	4.419372690947147220e+01
2.292251999999999956e+00	4.389894740181014043e+01
2.298146000000000022e+00	4.365136381604594362e+01
2.303983000000000114e+00	4.317864499369949272e+01
2.309822000000000042e+00	4.291479293089096103e+01
2.315710999999999853e+00	4.250268486155029279e+01
2.321645999999999876e+00	4.209455317426400001e+01
2.327612999999999932e+00	4.205164402576143345e+01
2.333594999999999864e+00	4.184512750687556348e+01
2.339576999999999796e+00	4.167761762105291012e+01
2.345546999999999827e+00	4.146344763563367763e+01
2.351503999999999817e+00	4.113820899336892012e+01
2.357451999999999881e+00	4.132002224596468665e+01
2.363395999999999830e+00	4.109155818030163942e+01
2.369339000000000084e+00	4.107296729016221803e+01
2.375286000000000008e+00	4.099033900806179531e+01
2.381237000000000048e+00	4.089439232508266286e+01
2.387189999999999923e+00	4.109406900630541770e+01
2.393143999999999938e+00	4.116736592865386513e+01
2.399097999999999953e+00	4.104591348935525019e+01
2.405050999999999828e+00	4.087367666729090843e+01
2.411004000000000147e+00	4.068014316636546823e+01
2.416955999999999882e+00	4.055902602546449742e+01
2.422906999999999922e+00	4.039200645352291019e+01
2.428857999999999961e+00	4.011433736447440879e+01
2.434809000000000001e+00	4.004131347758779924e+01
2.440760000000000041e+00	4.013426270982010635e+01
2.446712000000000220e+00	3.995260718917860743e+01
2.452663999999999955e+00	4.031467050867708934e+01
2.458616999999999830e+00	4.077259008684949038e+01
2.464570999999999845e+00	4.139244976933483144e+01
2.470524999999999860e+00	4.224180945902008233e+01
2.476478000000000179e+00	4.293731734887645501e+01
2.482429999999999914e+00	4.379363234396137017e+01
2.488377999999999979e+00	4.420613882874665990e+01
2.494323000000000068e+00	4.473541661778170919e+01
2.500265999999999877e+00	4.504091667257716125e+01
2.506212000000000106e+00	4.481616514144069185e+01
2.512164999999999981e+00	4.444574475059474850e+01
2.518129000000000062e+00	4.379301874656125904e+01
2.524108000000000018e+00	4.282274680066490902e+01
2.530091999999999786e+00	4.203278612534977299e+01
2.536067000000000071e+00	4.061666827115855938e+01
2.542015999999999831e+00	3.948445459261617430e+01
2.547924000000000078e+00	3.803584148821916955e+01
2.553779000000000021e+00	3.669663436994950700e+01
2.559610000000000163e+00	3.502334470483048534e+01
2.565475000000000172e+00	3.394977958561476328e+01
2.571432000000000162e+00	3.250357568398352726e+01
2.577539999999999942e+00	3.155725973102435944e+01
2.583845999999999865e+00	3.092860519648973394e+01
2.590249000000000024e+00	3.061807317028192088e+01
2.596534000000000120e+00	3.051331385082376713e+01
2.602485000000000159e+00	3.089027633449960319e+01
2.607883000000000173e+00	3.095102282417607853e+01
2.612527000000000044e+00	3.118995462175456268e+01
2.616509000000000196e+00	3.151344618363405559e+01
2.620163999999999938e+00	3.223289978560814717e+01
2.623834000000000000e+00	3.293626924729390737e+01
2.627863000000000060e+00	3.371578917309838630e+01
2.632579999999999920e+00	3.517538122697270353e+01
2.638037000000000187e+00	3.634603274300136633e+01
2.644026000000000209e+00	3.786469068583561182e+01
2.650332000000000132e+00	3.892355461073191947e+01
2.656734000000000151e+00	3.948102491657714808e+01
2.663022999999999918e+00	3.883336005568192206e+01
2.669115000000000126e+00	3.771273263947615817e+01
2.675060999999999911e+00	3.568133688907371237e+01
2.680919999999999970e+00	3.336091347718640066e+01
2.686751000000000111e+00	3.078404107783331511e+01
2.692610999999999866e+00	2.838514898499607853e+01
2.698523999999999923e+00	2.598857658673925997e+01
2.704476000000000102e+00	2.352924362554556481e+01
2.710452000000000083e+00	2.070643314144272296e+01
2.716435999999999851e+00	1.776682115516636529e+01
2.722412999999999972e+00	1.438641285672827586e+01
2.728375999999999912e+00	1.042003525941116315e+01
2.734328000000000092e+00	6.615295329517827838e+00
2.740273999999999877e+00	3.103777486080999903e+00
2.746217000000000130e+00	4.087411647202991993e-01
2.752162000000000219e+00	-9.581836292362141405e-01
2.758110999999999979e+00	-8.796947912874678588e-01
2.764063000000000159e+00	3.487663715452587465e-01
2.770016000000000034e+00	2.241401416162389193e+00
2.775971000000000188e+00	4.782228776673251858e+00
2.781924000000000063e+00	7.440307813656614755e+00
2.787876999999999938e+00	1.012559459352376834e+01
2.793829000000000118e+00	1.218885068028357566e+01
2.799780999999999853e+00	1.381957541554472790e+01
2.805731999999999893e+00	1.457645648155907381e+01
2.811682999999999932e+00	1.401973713121340559e+01
2.817635000000000112e+00	1.222353305965570947e+01
2.823586999999999847e+00	9.821284141280845148e+00
2.829539000000000026e+00	6.989699777374189793e+00
2.835491000000000206e+00	4.534467634744655307e+00
2.841442999999999941e+00	2.972478479280550090e+00
2.847395000000000120e+00	2.339627555716050189e+00
2.853346999999999856e+00	2.752975651904121968e+00
2.859299000000000035e+00	3.723290428226801563e+00
2.865251000000000214e+00	5.388575970548381555e+00
2.871201999999999810e+00	7.283877786193673209e+00
2.877153999999999989e+00	9.374455046104536393e+00
2.883106000000000169e+00	1.229100894865451288e+01
2.889057999999999904e+00	1.604700143257079503e+01
2.895010000000000083e+00	2.138909377873433471e+01
2.900961999999999819e+00	2.859715602340724416e+01
2.906913999999999998e+00	3.697123813256556701e+01
2.912866000000000177e+00	4.527416063797019063e+01
2.918817999999999913e+00	5.131788547557562907e+01
2.924770000000000092e+00	5.299815867461283858e+01
2.930721000000000132e+00	4.845170217178485927e+01
2.936672999999999867e+00	3.658871898903081643e+01
2.942625000000000046e+00	2.011568761628072366e+01
2.948576999999999781e+00	2.559436091044422490e+00
2.954528999999999961e+00	-1.306956224618073215e+01
2.960481000000000140e+00	-2.319623975110017966e+01
2.966432999999999875e+00	-2.618648293296897833e+01
2.972385000000000055e+00	-2.264315028931251916e+01
2.978336999999999790e+00	-1.459785956036335008e+01
2.984288999999999970e+00	-4.252112552733290585e+00
2.990240000000000009e+00	7.091221239844598401e+00
2.996192000000000188e+00	1.729434251564608616e+01
3.002143999999999924e+00	2.477418389033873325e+01
3.008096000000000103e+00	2.753705754284093743e+01
3.014047999999999838e+00	2.369792118066079922e+01
3.020000000000000018e+00	1.137422454050520848e+01
