1.199999999999999956e-01	-1.734909000000000034e+00
1.249780000000000058e-01	-1.143369999999999997e+00
1.305999999999999939e-01	-6.069250000000000478e-01
1.367059999999999942e-01	-1.290850000000000053e-01
1.431360000000000132e-01	2.866400000000000059e-01
1.497320000000000040e-01	6.367390000000000549e-01
1.563350000000000017e-01	9.176999999999999602e-01
1.627850000000000130e-01	1.126012999999999931e+00
1.689219999999999888e-01	1.258167999999999953e+00
1.745889999999999942e-01	1.310653000000000068e+00
1.796250000000000069e-01	1.279957000000000011e+00
1.839349999999999874e-01	1.169551000000000007e+00
1.877439999999999942e-01	1.018526000000000042e+00
1.913779999999999926e-01	8.773050000000000015e-01
1.951660000000000061e-01	7.963139999999999663e-01
1.994340000000000002e-01	8.259790000000000187e-01
2.044499999999999929e-01	9.995270000000000543e-01
2.101250000000000062e-01	1.250898999999999983e+00
2.162479999999999958e-01	1.478491999999999917e+00
2.226049999999999973e-01	1.580656999999999979e+00
2.289819999999999911e-01	1.455745999999999984e+00
2.351930000000000132e-01	1.028216000000000019e+00
2.412249999999999950e-01	3.933260000000000089e-01
2.471349999999999936e-01	-2.849789999999999823e-01
2.529799999999999827e-01	-8.425669999999999549e-01
2.588170000000000193e-01	-1.115307999999999966e+00
2.646970000000000156e-01	-9.664740000000000553e-01
2.706259999999999777e-01	-4.632069999999999799e-01
2.765880000000000005e-01	2.354630000000000056e-01
2.825679999999999858e-01	9.700600000000000334e-01
2.885510000000000019e-01	1.581109000000000098e+00
2.945229999999999793e-01	1.927605000000000013e+00
3.004809999999999981e-01	2.025313999999999837e+00
3.064310000000000089e-01	1.969057000000000057e+00
3.123750000000000138e-01	1.854262000000000077e+00
3.183190000000000186e-01	1.776354999999999906e+00
3.242650000000000254e-01	1.820395999999999903e+00
3.302149999999999808e-01	1.970617999999999981e+00
3.361680000000000224e-01	2.154469000000000189e+00
3.421210000000000084e-01	2.298758999999999997e+00
3.480759999999999965e-01	2.330302000000000096e+00
3.540289999999999826e-01	2.183803000000000161e+00
3.599809999999999954e-01	1.882439999999999891e+00
3.659330000000000083e-01	1.504952999999999985e+00
3.718839999999999923e-01	1.130937999999999999e+00
3.778360000000000052e-01	8.399940000000000184e-01
3.837869999999999893e-01	7.065110000000000001e-01
3.897390000000000021e-01	7.371579999999999799e-01
3.956910000000000149e-01	8.912480000000000402e-01
4.016429999999999723e-01	1.127121999999999957e+00
4.075949999999999851e-01	1.403121000000000063e+00
4.135469999999999979e-01	1.677834000000000048e+00
4.194979999999999820e-01	1.913669999999999982e+00
4.254499999999999948e-01	2.076003000000000043e+00
4.314009999999999789e-01	2.130287000000000042e+00
4.373540000000000205e-01	2.041974000000000178e+00
4.433079999999999798e-01	1.781444999999999945e+00
4.492619999999999947e-01	1.407520000000000104e+00
4.552160000000000095e-01	1.055515999999999899e+00
4.611680000000000224e-01	8.632750000000000146e-01
4.671170000000000044e-01	9.686379999999999990e-01
4.730619999999999825e-01	1.500809999999999977e+00
4.790059999999999873e-01	2.403853999999999935e+00
4.849510000000000209e-01	3.443859999999999921e+00
4.909020000000000050e-01	4.379720999999999975e+00
4.968629999999999991e-01	4.970331999999999972e+00
5.028390000000000359e-01	4.984219999999999651e+00
5.088230000000000253e-01	4.440215000000000245e+00
5.148009999999999531e-01	3.624496999999999858e+00
5.207570000000000254e-01	2.836291999999999813e+00
5.266750000000000043e-01	2.374829000000000079e+00
5.325410000000000421e-01	2.530917000000000083e+00
5.383719999999999617e-01	3.325861999999999874e+00
5.442249999999999588e-01	4.461045000000000371e+00
5.501580000000000359e-01	5.619254999999999889e+00
5.562289999999999734e-01	6.483279999999999710e+00
5.624930000000000208e-01	6.741737999999999786e+00
5.688929999999999820e-01	6.318287999999999904e+00
5.752220000000000111e-01	5.446820999999999913e+00
5.812610000000000277e-01	4.382464999999999833e+00
5.867949999999999555e-01	3.380345000000000155e+00
5.916080000000000227e-01	2.692873000000000072e+00
5.957040000000000113e-01	2.430860000000000021e+00
5.993990000000000151e-01	2.497139999999999915e+00
6.030370000000000452e-01	2.777934000000000125e+00
6.069609999999999728e-01	3.159466999999999803e+00
6.115110000000000268e-01	3.528687000000000129e+00
6.168270000000000142e-01	3.823202999999999907e+00
6.227219999999999978e-01	4.063519000000000325e+00
6.289789999999999548e-01	4.277800000000000047e+00
6.353790000000000271e-01	4.494216999999999906e+00
6.417070000000000274e-01	4.740714999999999790e+00
6.478369999999999962e-01	5.023653000000000368e+00
6.538089999999999735e-01	5.309988999999999848e+00
6.596819999999999906e-01	5.562484999999999680e+00
6.655140000000000500e-01	5.743907000000000096e+00
6.713630000000000431e-01	5.817126000000000019e+00
6.772660000000000347e-01	5.760600000000000165e+00
6.832110000000000127e-01	5.584572999999999787e+00
6.891829999999999901e-01	5.303160000000000096e+00
6.951669999999999794e-01	4.930477999999999916e+00
7.011469999999999647e-01	4.480755000000000265e+00
7.071119999999999628e-01	3.994841000000000086e+00
7.130670000000000064e-01	3.574346999999999941e+00
7.190130000000000132e-01	3.329321999999999893e+00
7.249569999999999625e-01	3.369813999999999865e+00
7.309010000000000229e-01	3.805684999999999985e+00
7.368489999999999762e-01	4.666661000000000392e+00
7.428000000000000158e-01	5.777333999999999747e+00
7.487530000000000019e-01	6.929943999999999882e+00
7.547080000000000455e-01	7.916729000000000127e+00
7.606619999999999493e-01	8.530013999999999541e+00
7.666140000000000176e-01	8.648507999999999640e+00
7.725670000000000037e-01	8.399392999999999887e+00
7.785180000000000433e-01	7.954261999999999944e+00
7.844689999999999719e-01	7.484702000000000410e+00
7.904210000000000402e-01	7.162289999999999601e+00
7.963729999999999976e-01	7.103531000000000262e+00
8.023249999999999549e-01	7.246571000000000318e+00
8.082770000000000232e-01	7.493513000000000090e+00
8.142289999999999806e-01	7.746458999999999762e+00
8.201800000000000201e-01	7.907511999999999652e+00
8.261319999999999775e-01	7.915377000000000329e+00
8.320830000000000171e-01	7.842456999999999567e+00
8.380349999999999744e-01	7.791676999999999964e+00
8.439870000000000427e-01	7.865959000000000145e+00
8.499400000000000288e-01	8.168224999999999625e+00
8.558940000000000436e-01	8.771466000000000207e+00
8.618479999999999475e-01	9.625246999999999886e+00
8.678010000000000446e-01	1.064733000000000018e+01
8.737519999999999731e-01	1.175547599999999981e+01
8.797000000000000375e-01	1.286744799999999955e+01
8.856439999999999868e-01	1.390324500000000008e+01
8.915870000000000184e-01	1.479328100000000035e+01
8.975349999999999717e-01	1.547100099999999934e+01
9.034900000000000153e-01	1.586984700000000004e+01
9.094569999999999599e-01	1.592326500000000067e+01
9.154379999999999740e-01	1.558874800000000072e+01
9.214210000000000456e-01	1.495032100000000064e+01
9.273909999999999654e-01	1.413347399999999965e+01
9.333329999999999682e-01	1.326371900000000004e+01
9.392300000000000093e-01	1.246656699999999951e+01
9.450749999999999984e-01	1.184851199999999949e+01
9.509090000000000042e-01	1.140278799999999926e+01
9.567890000000000006e-01	1.108088099999999976e+01
9.627750000000000474e-01	1.083421000000000056e+01
9.689229999999999787e-01	1.061419599999999974e+01
9.752680000000000238e-01	1.037689999999999912e+01
9.816639999999999810e-01	1.010974099999999964e+01
9.878930000000000211e-01	9.813116000000000838e+00
9.937399999999999567e-01	9.487462000000000728e+00
9.989850000000000119e-01	9.133214999999999861e+00
1.003457999999999961e+00	8.756026000000000309e+00
1.007338000000000067e+00	8.401604000000000738e+00
1.010966000000000031e+00	8.134232000000000795e+00
1.014685999999999977e+00	8.018297000000000452e+00
1.018841000000000108e+00	8.118183000000000149e+00
1.023735000000000062e+00	8.487510999999999584e+00
1.029328999999999938e+00	9.085425000000000750e+00
1.035408000000000106e+00	9.822081999999999979e+00
1.041754000000000069e+00	1.060722499999999968e+01
1.048148999999999997e+00	1.135059700000000049e+01
1.054391999999999996e+00	1.196743500000000004e+01
1.060446000000000000e+00	1.242832600000000021e+01
1.066368999999999900e+00	1.273588900000000024e+01
1.072216999999999976e+00	1.289313600000000015e+01
1.078049000000000035e+00	1.290307899999999997e+01
1.083920999999999912e+00	1.277138799999999996e+01
1.089842999999999895e+00	1.253465500000000077e+01
1.095801999999999943e+00	1.224942099999999989e+01
1.101780999999999899e+00	1.197255900000000040e+01
1.107765000000000111e+00	1.176094200000000001e+01
1.113739999999999952e+00	1.166803400000000046e+01
1.119699999999999918e+00	1.170122399999999985e+01
1.125650000000000039e+00	1.183480899999999991e+01
1.131594999999999906e+00	1.204236099999999965e+01
1.137537999999999938e+00	1.229745100000000058e+01
1.143483999999999945e+00	1.257337200000000088e+01
1.149432999999999927e+00	1.283897900000000014e+01
1.155386000000000024e+00	1.305958700000000050e+01
1.161338999999999899e+00	1.320040999999999976e+01
1.167294000000000054e+00	1.322666100000000000e+01
1.173246999999999929e+00	1.310534999999999961e+01
1.179200000000000026e+00	1.283710400000000007e+01
1.185151999999999983e+00	1.245240899999999939e+01
1.191103000000000023e+00	1.198278900000000036e+01
1.197054000000000062e+00	1.145976800000000040e+01
1.203006000000000020e+00	1.091630100000000070e+01
1.208957999999999977e+00	1.041749399999999959e+01
1.214909999999999934e+00	1.006018100000000004e+01
1.220861999999999892e+00	9.942543999999999826e+00
1.226814000000000071e+00	1.016276399999999924e+01
1.232765000000000111e+00	1.081353599999999915e+01
1.238717000000000068e+00	1.183764900000000075e+01
1.244668000000000108e+00	1.301349500000000070e+01
1.250620000000000065e+00	1.411107699999999987e+01
1.256572000000000022e+00	1.490039499999999961e+01
1.262526000000000037e+00	1.515749399999999980e+01
1.268480000000000052e+00	1.486288599999999960e+01
1.274434000000000067e+00	1.424630999999999936e+01
1.280386000000000024e+00	1.355261299999999913e+01
1.286335999999999924e+00	1.302663899999999941e+01
1.292281999999999931e+00	1.290872300000000017e+01
1.298224999999999962e+00	1.324590800000000002e+01
1.304170000000000051e+00	1.382321999999999917e+01
1.310119999999999951e+00	1.440702800000000039e+01
1.316079999999999917e+00	1.476370499999999986e+01
1.322052999999999923e+00	1.466307300000000069e+01
1.328036999999999912e+00	1.406789299999999976e+01
1.334017000000000008e+00	1.323202200000000062e+01
1.339976000000000056e+00	1.243345500000000037e+01
1.345900000000000096e+00	1.195018400000000014e+01
1.351774000000000031e+00	1.205762400000000056e+01
1.357607000000000008e+00	1.283659800000000040e+01
1.363453000000000026e+00	1.404076399999999936e+01
1.369372000000000034e+00	1.539242400000000011e+01
1.375421999999999922e+00	1.661387900000000073e+01
1.381658999999999970e+00	1.742877800000000121e+01
1.388052000000000064e+00	1.770510600000000068e+01
1.394403000000000059e+00	1.758163899999999913e+01
1.400492999999999988e+00	1.722697600000000051e+01
1.406104999999999938e+00	1.680971500000000063e+01
1.411021999999999998e+00	1.649804900000000174e+01
1.415195999999999898e+00	1.639450400000000130e+01
1.418924000000000074e+00	1.646389800000000037e+01
1.422549999999999981e+00	1.665371100000000126e+01
1.426417000000000046e+00	1.691142200000000173e+01
1.430868000000000029e+00	1.718451900000000165e+01
1.436091000000000006e+00	1.742278100000000052e+01
1.441923000000000066e+00	1.758136999999999972e+01
1.448144000000000098e+00	1.761622099999999946e+01
1.454538000000000109e+00	1.748326700000000145e+01
1.460887000000000047e+00	1.713853800000000049e+01
1.467041999999999957e+00	1.658757500000000107e+01
1.473030999999999979e+00	1.596638699999999922e+01
1.478914000000000062e+00	1.543221699999999963e+01
1.484749000000000096e+00	1.514230899999999913e+01
1.490591999999999917e+00	1.525384500000000010e+01
1.496488000000000040e+00	1.584451900000000002e+01
1.502428000000000097e+00	1.675653600000000054e+01
1.508397999999999906e+00	1.778869699999999909e+01
1.514380999999999977e+00	1.873980099999999993e+01
1.520361999999999991e+00	1.940866000000000113e+01
1.526329999999999965e+00	1.965362599999999915e+01
1.532284999999999897e+00	1.953176099999999948e+01
1.538232999999999961e+00	1.914152599999999893e+01
1.544175999999999993e+00	1.858138399999999990e+01
1.550119999999999942e+00	1.794979899999999873e+01
1.556068000000000007e+00	1.733986099999999908e+01
1.562019000000000046e+00	1.682444900000000132e+01
1.567971999999999921e+00	1.647168200000000127e+01
1.573925999999999936e+00	1.634967999999999932e+01
1.579879999999999951e+00	1.652656199999999842e+01
1.585833000000000048e+00	1.704123900000000091e+01
1.591785000000000005e+00	1.780847999999999942e+01
1.597736999999999963e+00	1.871008300000000091e+01
1.603688000000000002e+00	1.962784399999999962e+01
1.609639000000000042e+00	2.044355900000000048e+01
1.615590999999999999e+00	2.106176599999999866e+01
1.621542999999999957e+00	2.149614199999999897e+01
1.627494999999999914e+00	2.179307000000000016e+01
1.633447000000000093e+00	2.199893499999999946e+01
1.639399000000000051e+00	2.216012699999999924e+01
1.645350000000000090e+00	2.231761900000000054e+01
1.651302000000000048e+00	2.248301999999999978e+01
1.657253000000000087e+00	2.265802599999999956e+01
1.663205000000000044e+00	2.284432400000000030e+01
1.669157999999999920e+00	2.304360300000000095e+01
1.675111999999999934e+00	2.325321399999999983e+01
1.681065999999999949e+00	2.344386300000000034e+01
1.687019000000000046e+00	2.357614399999999932e+01
1.692971000000000004e+00	2.361062899999999942e+01
1.698919000000000068e+00	2.350789500000000132e+01
1.704863000000000017e+00	2.324448500000000095e+01
1.710806999999999967e+00	2.290832899999999839e+01
1.716752999999999973e+00	2.263478699999999932e+01
1.722706999999999988e+00	2.255939599999999956e+01
1.728671999999999986e+00	2.281769200000000097e+01
1.734652000000000083e+00	2.351854000000000156e+01
1.740636000000000072e+00	2.455900400000000161e+01
1.746609000000000078e+00	2.573514499999999927e+01
1.752555000000000085e+00	2.684240099999999885e+01
1.758458000000000077e+00	2.767621000000000109e+01
1.764308999999999905e+00	2.805508000000000024e+01
1.770140999999999964e+00	2.800701300000000060e+01
1.776011999999999924e+00	2.767166999999999888e+01
1.781979999999999897e+00	2.718975500000000167e+01
1.788105000000000055e+00	2.670197200000000137e+01
1.794426999999999994e+00	2.634187700000000021e+01
1.800829000000000013e+00	2.616842600000000019e+01
1.807091999999999921e+00	2.619620499999999907e+01
1.813002000000000002e+00	2.643921200000000127e+01
1.818338000000000010e+00	2.691144699999999901e+01
1.822912000000000088e+00	2.761888000000000076e+01
1.826850000000000085e+00	2.847063599999999894e+01
1.830492000000000008e+00	2.931165800000000132e+01
1.834179999999999922e+00	2.998573800000000134e+01
1.838259000000000087e+00	3.033666699999999850e+01
1.843048000000000020e+00	3.022381299999999982e+01
1.848562000000000038e+00	2.972528799999999904e+01
1.854589999999999961e+00	2.908057900000000018e+01
1.860913000000000039e+00	2.853293599999999941e+01
1.867313999999999918e+00	2.832560799999999901e+01
1.873583999999999916e+00	2.868574600000000174e+01
1.879660000000000108e+00	2.957482299999999853e+01
1.885596000000000050e+00	3.073635200000000012e+01
1.891450999999999993e+00	3.190740500000000068e+01
1.897281999999999913e+00	3.282505199999999945e+01
1.903146999999999922e+00	3.323820400000000319e+01
1.909062999999999954e+00	3.312766100000000336e+01
1.915018000000000109e+00	3.268567500000000337e+01
1.920995999999999926e+00	3.211223999999999990e+01
1.926979999999999915e+00	3.160734899999999925e+01
1.932955999999999896e+00	3.136637999999999948e+01
1.938917999999999919e+00	3.147601500000000030e+01
1.944868999999999959e+00	3.191279799999999867e+01
1.950814000000000048e+00	3.264837099999999737e+01
1.956757999999999997e+00	3.365437299999999965e+01
1.962703000000000086e+00	3.490060799999999830e+01
1.968652000000000069e+00	3.630398100000000028e+01
1.974604000000000026e+00	3.772183600000000325e+01
1.980558000000000041e+00	3.900834300000000354e+01
1.986512000000000056e+00	4.001766800000000046e+01
1.992466000000000070e+00	4.060738299999999867e+01
1.998418000000000028e+00	4.075696500000000100e+01
2.004370000000000207e+00	4.059847200000000100e+01
2.010321999999999942e+00	4.027359599999999773e+01
2.016272999999999982e+00	3.992403199999999686e+01
2.022224000000000022e+00	3.968966400000000050e+01
2.028176000000000201e+00	3.962773399999999668e+01
2.034127999999999936e+00	3.968043500000000279e+01
2.040080000000000116e+00	3.978144300000000300e+01
2.046031999999999851e+00	3.986443299999999823e+01
2.051984000000000030e+00	3.986374099999999743e+01
2.057935000000000070e+00	3.975320700000000329e+01
2.063886999999999805e+00	3.956791499999999928e+01
2.069837999999999845e+00	3.934821000000000168e+01
2.075791000000000164e+00	3.913444400000000201e+01
2.081744000000000039e+00	3.896688499999999777e+01
2.087698000000000054e+00	3.887949299999999653e+01
2.093652000000000069e+00	3.889531300000000158e+01
2.099604999999999944e+00	3.903631000000000029e+01
2.105554999999999843e+00	3.932444999999999879e+01
2.111501000000000072e+00	3.978150899999999979e+01
2.117445000000000022e+00	4.040736199999999911e+01
2.123388999999999971e+00	4.115962900000000246e+01
2.129338000000000175e+00	4.199112000000000222e+01
2.135295999999999861e+00	4.285464300000000293e+01
2.141268000000000171e+00	4.370296600000000353e+01
2.147250999999999799e+00	4.448131000000000057e+01
2.153232000000000035e+00	4.511863100000000060e+01
2.159196000000000115e+00	4.554176199999999852e+01
2.165125000000000188e+00	4.567753900000000300e+01
2.171006000000000213e+00	4.545293000000000205e+01
2.176841000000000026e+00	4.483589400000000325e+01
2.182682999999999929e+00	4.389345500000000300e+01
2.188588999999999896e+00	4.270729999999999649e+01
2.194618000000000180e+00	4.135911800000000227e+01
2.200828000000000007e+00	3.993062900000000326e+01
2.207209999999999894e+00	3.852439999999999998e+01
2.213579000000000185e+00	3.729954399999999737e+01
2.219714999999999883e+00	3.642467299999999852e+01
2.225403000000000020e+00	3.606839899999999943e+01
2.230423000000000044e+00	3.639927300000000088e+01
2.234681000000000139e+00	3.748317200000000327e+01
2.238447999999999993e+00	3.907264599999999888e+01
2.242068000000000172e+00	4.086069100000000276e+01
2.245884000000000214e+00	4.254030199999999695e+01
2.250237999999999960e+00	4.380448400000000220e+01
2.255365999999999982e+00	4.444702199999999692e+01
2.261130000000000084e+00	4.460828300000000013e+01
2.267313000000000134e+00	4.450307800000000213e+01
2.273696000000000161e+00	4.434622099999999989e+01
2.280063999999999869e+00	4.435252299999999792e+01
2.286243999999999943e+00	4.467132099999999895e+01
2.292251999999999956e+00	4.519785199999999747e+01
2.298146000000000022e+00	4.576572800000000285e+01
2.303983000000000114e+00	4.620856100000000311e+01
2.309822000000000042e+00	4.635996300000000048e+01
2.315710999999999853e+00	4.609877500000000339e+01
2.321645999999999876e+00	4.550199599999999833e+01
2.327612999999999932e+00	4.470086799999999982e+01
2.333594999999999864e+00	4.382663699999999807e+01
2.339576999999999796e+00	4.301055000000000206e+01
2.345546999999999827e+00	4.236385400000000345e+01
2.351503999999999817e+00	4.189884500000000145e+01
2.357451999999999881e+00	4.159726700000000221e+01
2.363395999999999830e+00	4.144085499999999911e+01
2.369339000000000084e+00	4.141134600000000177e+01
2.375286000000000008e+00	4.148759400000000142e+01
2.381237000000000048e+00	4.163233300000000270e+01
2.387189999999999923e+00	4.180269299999999788e+01
2.393143999999999938e+00	4.195579800000000148e+01
2.399097999999999953e+00	4.204877400000000165e+01
2.405050999999999828e+00	4.205027900000000329e+01
2.411004000000000147e+00	4.200210700000000230e+01
2.416955999999999882e+00	4.197462300000000113e+01
2.422906999999999922e+00	4.203825700000000154e+01
2.428857999999999961e+00	4.226344000000000278e+01
2.434809000000000001e+00	4.270660500000000326e+01
2.440760000000000041e+00	4.332338099999999770e+01
2.446712000000000220e+00	4.402522700000000100e+01
2.452663999999999955e+00	4.472341600000000028e+01
2.458616999999999830e+00	4.532921999999999940e+01
2.464570999999999845e+00	4.576420800000000355e+01
2.470524999999999860e+00	4.603445099999999712e+01
2.476478000000000179e+00	4.618746300000000105e+01
2.482429999999999914e+00	4.627104200000000134e+01
2.488377999999999979e+00	4.633298800000000028e+01
2.494323000000000068e+00	4.641259800000000268e+01
2.500265999999999877e+00	4.646929599999999994e+01
2.506212000000000106e+00	4.641873499999999808e+01
2.512164999999999981e+00	4.617612499999999898e+01
2.518129000000000062e+00	4.565667299999999784e+01
2.524108000000000018e+00	4.478594999999999970e+01
2.530091999999999786e+00	4.360158799999999957e+01
2.536067000000000071e+00	4.220970299999999753e+01
2.542015999999999831e+00	4.071739699999999829e+01
2.547924000000000078e+00	3.923176800000000242e+01
2.553779000000000021e+00	3.785553999999999775e+01
2.559610000000000163e+00	3.663662999999999670e+01
2.565475000000000172e+00	3.558564100000000252e+01
2.571432000000000162e+00	3.471246299999999962e+01
2.577539999999999942e+00	3.402698399999999879e+01
2.583845999999999865e+00	3.353853099999999898e+01
2.590249000000000024e+00	3.324823099999999698e+01
2.596534000000000120e+00	3.315100199999999830e+01
2.602485000000000159e+00	3.324160599999999732e+01
2.607883000000000173e+00	3.351480600000000010e+01
2.612527000000000044e+00	3.396391799999999961e+01
2.616509000000000196e+00	3.455736499999999722e+01
2.620163999999999938e+00	3.524259800000000098e+01
2.623834000000000000e+00	3.596641600000000238e+01
2.627863000000000060e+00	3.667561599999999800e+01
2.632579999999999920e+00	3.731702899999999801e+01
2.638037000000000187e+00	3.783815799999999996e+01
2.644026000000000209e+00	3.818713900000000194e+01
2.650332000000000132e+00	3.831213000000000335e+01
2.656734000000000151e+00	3.816129200000000310e+01
2.663022999999999918e+00	3.768442300000000245e+01
2.669115000000000126e+00	3.687188799999999844e+01
2.675060999999999911e+00	3.575625000000000142e+01
2.680919999999999970e+00	3.437204100000000295e+01
2.686751000000000111e+00	3.275379300000000171e+01
2.692610999999999866e+00	3.093397399999999919e+01
2.698523999999999923e+00	2.888249499999999870e+01
2.704476000000000102e+00	2.649694200000000066e+01
2.710452000000000083e+00	2.367087300000000027e+01
2.716435999999999851e+00	2.029784499999999881e+01
2.722412999999999972e+00	1.627835200000000171e+01
2.728375999999999912e+00	1.177616300000000038e+01
2.734328000000000092e+00	7.293434999999999668e+00
2.740273999999999877e+00	3.354582999999999871e+00
2.746217000000000130e+00	4.840200000000000058e-01
2.752162000000000219e+00	-8.014139999999999597e-01
2.758110999999999979e+00	-3.539760000000000129e-01
2.764063000000000159e+00	1.446291999999999911e+00
2.770016000000000034e+00	4.178754999999999775e+00
2.775971000000000188e+00	7.422780999999999629e+00
2.781924000000000063e+00	1.075859799999999922e+01
2.787876999999999938e+00	1.382224500000000056e+01
2.793829000000000118e+00	1.633863099999999946e+01
2.799780999999999853e+00	1.804059300000000121e+01
2.805731999999999893e+00	1.866096900000000147e+01
2.811682999999999932e+00	1.793579000000000079e+01
2.817635000000000112e+00	1.588640900000000045e+01
2.823586999999999847e+00	1.304081700000000055e+01
2.829539000000000026e+00	9.979089000000000098e+00
2.835491000000000206e+00	7.281304000000000443e+00
2.841442999999999941e+00	5.525438000000000294e+00
2.847395000000000120e+00	5.015212000000000003e+00
2.853346999999999856e+00	5.510487000000000357e+00
2.859299000000000035e+00	6.707043999999999784e+00
2.865251000000000214e+00	8.300663000000000125e+00
2.871201999999999810e+00	9.988255000000000550e+00
2.877153999999999989e+00	1.170014800000000044e+01
2.883106000000000169e+00	1.388451799999999992e+01
2.889057999999999904e+00	1.705915900000000107e+01
2.895010000000000083e+00	2.174186100000000010e+01
2.900961999999999819e+00	2.844855000000000089e+01
2.906913999999999998e+00	3.700936399999999793e+01
2.912866000000000177e+00	4.554900800000000061e+01
2.918817999999999913e+00	5.193154899999999685e+01
2.924770000000000092e+00	5.402105699999999899e+01
2.930721000000000132e+00	4.968321900000000113e+01
2.936672999999999867e+00	3.805871100000000240e+01
2.942625000000000046e+00	2.184958800000000068e+01
2.948576999999999781e+00	4.374920000000000364e+00
2.954528999999999961e+00	-1.104622400000000049e+01
2.960481000000000140e+00	-2.109523199999999932e+01
2.966432999999999875e+00	-2.355006600000000105e+01
2.972385000000000055e+00	-1.963596000000000075e+01
2.978336999999999790e+00	-1.125382300000000058e+01
2.984288999999999970e+00	-3.045629999999999726e-01
2.990240000000000009e+00	1.131091200000000008e+01
2.996192000000000188e+00	2.169169300000000078e+01
3.002143999999999924e+00	2.893687299999999851e+01
3.008096000000000103e+00	3.114554400000000101e+01
3.014047999999999838e+00	2.641679600000000150e+01
3.020000000000000018e+00	1.284972299999999912e+01
