1.199999999999999956e-01	-3.752030000000000087e-01
1.249780000000000058e-01	-3.284409999999999830e-01
1.305999999999999939e-01	-2.707600000000000007e-01
1.367059999999999942e-01	-2.047609999999999986e-01
1.431360000000000132e-01	-1.330439999999999956e-01
1.497320000000000040e-01	-5.820999999999999786e-02
1.563350000000000017e-01	1.714200000000000099e-02
1.627850000000000130e-01	9.041200000000000625e-02
1.689219999999999888e-01	1.589990000000000014e-01
1.745889999999999942e-01	2.203019999999999978e-01
1.796250000000000069e-01	2.717220000000000191e-01
1.839349999999999874e-01	3.103989999999999805e-01
1.877439999999999942e-01	3.321430000000000216e-01
1.913779999999999926e-01	3.323429999999999995e-01
1.951660000000000061e-01	3.063879999999999937e-01
1.994340000000000002e-01	2.496649999999999980e-01
2.044499999999999929e-01	1.597200000000000009e-01
2.101250000000000062e-01	4.653999999999999804e-02
2.162479999999999958e-01	-7.543300000000000005e-02
2.226049999999999973e-01	-1.917510000000000048e-01
2.289819999999999911e-01	-2.879650000000000265e-01
2.351930000000000132e-01	-3.512049999999999894e-01
2.412249999999999950e-01	-3.789279999999999871e-01
2.471349999999999936e-01	-3.727389999999999870e-01
2.529799999999999827e-01	-3.342579999999999996e-01
2.588170000000000193e-01	-2.651029999999999776e-01
2.646970000000000156e-01	-1.676880000000000037e-01
2.706259999999999777e-01	-5.034099999999999686e-02
2.765880000000000005e-01	7.594099999999999462e-02
2.825679999999999858e-01	2.001499999999999946e-01
2.885510000000000019e-01	3.112779999999999991e-01
2.945229999999999793e-01	3.994710000000000205e-01
3.004809999999999981e-01	4.646700000000000275e-01
3.064310000000000089e-01	5.117589999999999639e-01
3.123750000000000138e-01	5.456550000000000011e-01
3.183190000000000186e-01	5.712800000000000100e-01
3.242650000000000254e-01	5.930320000000000036e-01
3.302149999999999808e-01	6.102410000000000334e-01
3.361680000000000224e-01	6.193800000000000416e-01
3.421210000000000084e-01	6.168940000000000534e-01
3.480759999999999965e-01	5.992250000000000076e-01
3.540289999999999826e-01	5.636750000000000371e-01
3.599809999999999954e-01	5.171689999999999898e-01
3.659330000000000083e-01	4.726770000000000138e-01
3.718839999999999923e-01	4.432599999999999874e-01
3.778360000000000052e-01	4.419819999999999860e-01
3.837869999999999893e-01	4.806400000000000117e-01
3.897390000000000021e-01	5.545679999999999499e-01
3.956910000000000149e-01	6.475919999999999455e-01
4.016429999999999723e-01	7.432999999999999607e-01
4.075949999999999851e-01	8.252800000000000136e-01
4.135469999999999979e-01	8.779810000000000114e-01
4.194979999999999820e-01	8.989530000000000021e-01
4.254499999999999948e-01	8.959399999999999586e-01
4.314009999999999789e-01	8.769519999999999538e-01
4.373540000000000205e-01	8.499999999999999778e-01
4.433079999999999798e-01	8.229539999999999633e-01
4.492619999999999947e-01	8.011559999999999793e-01
4.552160000000000095e-01	7.877570000000000405e-01
4.611680000000000224e-01	7.858410000000000117e-01
4.671170000000000044e-01	7.984860000000000291e-01
4.730619999999999825e-01	8.286369999999999569e-01
4.790059999999999873e-01	8.762539999999999774e-01
4.849510000000000209e-01	9.384369999999999656e-01
4.909020000000000050e-01	1.012167000000000039e+00
4.968629999999999991e-01	1.094427999999999956e+00
5.028390000000000359e-01	1.182187000000000099e+00
5.088230000000000253e-01	1.272038000000000002e+00
5.148009999999999531e-01	1.360176999999999969e+00
5.207570000000000254e-01	1.442777999999999894e+00
5.266750000000000043e-01	1.516016999999999948e+00
5.325410000000000421e-01	1.576157999999999948e+00
5.383719999999999617e-01	1.622279000000000027e+00
5.442249999999999588e-01	1.656803999999999943e+00
5.501580000000000359e-01	1.682349000000000094e+00
5.562289999999999734e-01	1.701529999999999987e+00
5.624930000000000208e-01	1.716974999999999918e+00
5.688929999999999820e-01	1.731726000000000099e+00
5.752220000000000111e-01	1.749373999999999985e+00
5.812610000000000277e-01	1.773546999999999985e+00
5.867949999999999555e-01	1.807873999999999981e+00
5.916080000000000227e-01	1.855939999999999923e+00
5.957040000000000113e-01	1.919091000000000102e+00
5.993990000000000151e-01	1.995384000000000047e+00
6.030370000000000452e-01	2.082612999999999825e+00
6.069609999999999728e-01	2.178571999999999953e+00
6.115110000000000268e-01	2.281041000000000096e+00
6.168270000000000142e-01	2.386816000000000049e+00
6.227219999999999978e-01	2.491086999999999829e+00
6.289789999999999548e-01	2.588893999999999807e+00
6.353790000000000271e-01	2.675276000000000209e+00
6.417070000000000274e-01	2.745311000000000057e+00
6.478369999999999962e-01	2.797778000000000098e+00
6.538089999999999735e-01	2.838207999999999842e+00
6.596819999999999906e-01	2.872850000000000126e+00
6.655140000000000500e-01	2.907954999999999846e+00
6.713630000000000431e-01	2.949761000000000077e+00
6.772660000000000347e-01	3.003009000000000039e+00
6.832110000000000127e-01	3.069382000000000055e+00
6.891829999999999901e-01	3.150192000000000103e+00
6.951669999999999794e-01	3.246751000000000165e+00
7.011469999999999647e-01	3.360360000000000014e+00
7.071119999999999628e-01	3.490099999999999980e+00
7.130670000000000064e-01	3.629990999999999968e+00
7.190130000000000132e-01	3.773344999999999949e+00
7.249569999999999625e-01	3.913476999999999872e+00
7.309010000000000229e-01	4.043707000000000384e+00
7.368489999999999762e-01	4.160581999999999780e+00
7.428000000000000158e-01	4.268905000000000172e+00
7.487530000000000019e-01	4.374780999999999587e+00
7.547080000000000455e-01	4.484314999999999607e+00
7.606619999999999493e-01	4.603608999999999618e+00
7.666140000000000176e-01	4.737403999999999726e+00
7.725670000000000037e-01	4.886511999999999745e+00
7.785180000000000433e-01	5.051046000000000369e+00
7.844689999999999719e-01	5.231117000000000239e+00
7.904210000000000402e-01	5.426838000000000051e+00
7.963729999999999976e-01	5.638488999999999862e+00
8.023249999999999549e-01	5.866901999999999617e+00
8.082770000000000232e-01	6.113016000000000005e+00
8.142289999999999806e-01	6.377772000000000219e+00
8.201800000000000201e-01	6.662111999999999590e+00
8.261319999999999775e-01	6.965550999999999604e+00
8.320830000000000171e-01	7.282398999999999845e+00
8.380349999999999744e-01	7.605775000000000396e+00
8.439870000000000427e-01	7.928803000000000267e+00
8.499400000000000288e-01	8.244602999999999682e+00
8.558940000000000436e-01	8.548933999999999145e+00
8.618479999999999475e-01	8.848435999999999524e+00
8.678010000000000446e-01	9.152549000000000490e+00
8.737519999999999731e-01	9.470717999999999748e+00
8.797000000000000375e-01	9.812381999999999493e+00
8.856439999999999868e-01	1.018320600000000020e+01
8.915870000000000184e-01	1.057125100000000018e+01
8.975349999999999717e-01	1.095946499999999979e+01
9.034900000000000153e-01	1.133079299999999989e+01
9.094569999999999599e-01	1.166818199999999983e+01
9.154379999999999740e-01	1.195712600000000059e+01
9.214210000000000456e-01	1.219653100000000023e+01
9.273909999999999654e-01	1.238969400000000043e+01
9.333329999999999682e-01	1.253991899999999937e+01
9.392300000000000093e-01	1.265050600000000003e+01
9.450749999999999984e-01	1.272342899999999943e+01
9.509090000000000042e-01	1.275274899999999967e+01
9.567890000000000006e-01	1.272961100000000023e+01
9.627750000000000474e-01	1.264515600000000006e+01
9.689229999999999787e-01	1.249052400000000063e+01
9.752680000000000238e-01	1.225957700000000017e+01
9.816639999999999810e-01	1.196455599999999997e+01
9.878930000000000211e-01	1.162530800000000042e+01
9.937399999999999567e-01	1.126170600000000022e+01
9.989850000000000119e-01	1.089362000000000030e+01
1.003457999999999961e+00	1.053972399999999965e+01
1.007338000000000067e+00	1.020947600000000044e+01
1.010966000000000031e+00	9.908063000000000287e+00
1.014685999999999977e+00	9.640648000000000550e+00
1.018841000000000108e+00	9.412392999999999788e+00
1.023735000000000062e+00	9.227676999999999907e+00
1.029328999999999938e+00	9.083970000000000766e+00
1.035408000000000106e+00	8.975165000000000504e+00
1.041754000000000069e+00	8.895123999999999143e+00
1.048148999999999997e+00	8.837709999999999511e+00
1.054391999999999996e+00	8.796948000000000434e+00
1.060446000000000000e+00	8.768504000000000076e+00
1.066368999999999900e+00	8.748998999999999526e+00
1.072216999999999976e+00	8.735060000000000713e+00
1.078049000000000035e+00	8.723318000000000794e+00
1.083920999999999912e+00	8.710834000000000188e+00
1.089842999999999895e+00	8.699681999999999249e+00
1.095801999999999943e+00	8.695171000000000205e+00
1.101780999999999899e+00	8.702662999999999371e+00
1.107765000000000111e+00	8.727520000000000167e+00
1.113739999999999952e+00	8.774806999999999135e+00
1.119699999999999918e+00	8.845546999999999827e+00
1.125650000000000039e+00	8.937860999999999834e+00
1.131594999999999906e+00	9.049810000000000798e+00
1.137537999999999938e+00	9.179451999999999501e+00
1.143483999999999945e+00	9.324723000000000539e+00
1.149432999999999927e+00	9.481635000000000701e+00
1.155386000000000024e+00	9.644660999999999262e+00
1.161338999999999899e+00	9.808229000000000752e+00
1.167294000000000054e+00	9.966770000000000351e+00
1.173246999999999929e+00	1.011485899999999916e+01
1.179200000000000026e+00	1.024979100000000010e+01
1.185151999999999983e+00	1.037128000000000050e+01
1.191103000000000023e+00	1.047912499999999980e+01
1.197054000000000062e+00	1.057312100000000044e+01
1.203006000000000020e+00	1.065325699999999998e+01
1.208957999999999977e+00	1.072377400000000058e+01
1.214909999999999934e+00	1.079311399999999921e+01
1.220861999999999892e+00	1.086989499999999964e+01
1.226814000000000071e+00	1.096273899999999912e+01
1.232765000000000111e+00	1.108000799999999941e+01
1.238717000000000068e+00	1.122308899999999987e+01
1.244668000000000108e+00	1.138571100000000058e+01
1.250620000000000065e+00	1.156121500000000069e+01
1.256572000000000022e+00	1.174294100000000007e+01
1.262526000000000037e+00	1.192427700000000002e+01
1.268480000000000052e+00	1.210025100000000009e+01
1.274434000000000067e+00	1.226788699999999999e+01
1.280386000000000024e+00	1.242432799999999915e+01
1.286335999999999924e+00	1.256672099999999936e+01
1.292281999999999931e+00	1.269230899999999984e+01
1.298224999999999962e+00	1.280258700000000083e+01
1.304170000000000051e+00	1.290481600000000029e+01
1.310119999999999951e+00	1.300666400000000067e+01
1.316079999999999917e+00	1.311580000000000013e+01
1.322052999999999923e+00	1.323980599999999974e+01
1.328036999999999912e+00	1.338124299999999955e+01
1.334017000000000008e+00	1.353510900000000028e+01
1.339976000000000056e+00	1.369577100000000058e+01
1.345900000000000096e+00	1.385759900000000044e+01
1.351774000000000031e+00	1.401499100000000020e+01
1.357607000000000008e+00	1.416455799999999954e+01
1.363453000000000026e+00	1.430663299999999971e+01
1.369372000000000034e+00	1.444190900000000077e+01
1.375421999999999922e+00	1.457107599999999969e+01
1.381658999999999970e+00	1.469482099999999924e+01
1.388052000000000064e+00	1.481339299999999959e+01
1.394403000000000059e+00	1.492622399999999949e+01
1.400492999999999988e+00	1.503265400000000085e+01
1.406104999999999938e+00	1.513202500000000050e+01
1.411021999999999998e+00	1.522368699999999997e+01
1.415195999999999898e+00	1.530861999999999945e+01
1.418924000000000074e+00	1.539121600000000001e+01
1.422549999999999981e+00	1.547630099999999942e+01
1.426417000000000046e+00	1.556869799999999948e+01
1.430868000000000029e+00	1.567322200000000088e+01
1.436091000000000006e+00	1.579227799999999959e+01
1.441923000000000066e+00	1.592260600000000004e+01
1.448144000000000098e+00	1.606013799999999847e+01
1.454538000000000109e+00	1.620080400000000154e+01
1.460887000000000047e+00	1.634053700000000120e+01
1.467041999999999957e+00	1.647684200000000132e+01
1.473030999999999979e+00	1.661136499999999927e+01
1.478914000000000062e+00	1.674642700000000062e+01
1.484749000000000096e+00	1.688434900000000027e+01
1.490591999999999917e+00	1.702745000000000175e+01
1.496488000000000040e+00	1.717620499999999950e+01
1.502428000000000097e+00	1.732563299999999984e+01
1.508397999999999906e+00	1.746974399999999861e+01
1.514380999999999977e+00	1.760254899999999978e+01
1.520361999999999991e+00	1.771806000000000125e+01
1.526329999999999965e+00	1.781200099999999864e+01
1.532284999999999897e+00	1.788581599999999838e+01
1.538232999999999961e+00	1.794214099999999945e+01
1.544175999999999993e+00	1.798360900000000129e+01
1.550119999999999942e+00	1.801285800000000137e+01
1.556068000000000007e+00	1.803390399999999971e+01
1.562019000000000046e+00	1.805597099999999955e+01
1.567971999999999921e+00	1.808950499999999906e+01
1.573925999999999936e+00	1.814495499999999950e+01
1.579879999999999951e+00	1.823276900000000111e+01
1.585833000000000048e+00	1.836127700000000118e+01
1.591785000000000005e+00	1.852981899999999982e+01
1.597736999999999963e+00	1.873534400000000133e+01
1.603688000000000002e+00	1.897480300000000142e+01
1.609639000000000042e+00	1.924514699999999934e+01
1.615590999999999999e+00	1.954122600000000176e+01
1.621542999999999957e+00	1.984781999999999869e+01
1.627494999999999914e+00	2.014668999999999954e+01
1.633447000000000093e+00	2.041959999999999908e+01
1.639399000000000051e+00	2.064830800000000011e+01
1.645350000000000090e+00	2.081741999999999848e+01
1.651302000000000048e+00	2.092696400000000168e+01
1.657253000000000087e+00	2.098217800000000111e+01
1.663205000000000044e+00	2.098830099999999987e+01
1.669157999999999920e+00	2.095057299999999856e+01
1.675111999999999934e+00	2.087601700000000093e+01
1.681065999999999949e+00	2.078261799999999937e+01
1.687019000000000046e+00	2.069251699999999872e+01
1.692971000000000004e+00	2.062786499999999990e+01
1.698919000000000068e+00	2.061081199999999924e+01
1.704863000000000017e+00	2.066125900000000115e+01
1.710806999999999967e+00	2.078341400000000050e+01
1.716752999999999973e+00	2.097480699999999842e+01
1.722706999999999988e+00	2.123293999999999926e+01
1.728671999999999986e+00	2.155531600000000125e+01
1.734652000000000083e+00	2.193805400000000105e+01
1.740636000000000072e+00	2.236628500000000130e+01
1.746609000000000078e+00	2.281989799999999846e+01
1.752555000000000085e+00	2.327874900000000125e+01
1.758458000000000077e+00	2.372269599999999912e+01
1.764308999999999905e+00	2.413267899999999955e+01
1.770140999999999964e+00	2.449947299999999828e+01
1.776011999999999924e+00	2.481909399999999977e+01
1.781979999999999897e+00	2.508760699999999844e+01
1.788105000000000055e+00	2.530107999999999890e+01
1.794426999999999994e+00	2.545692599999999928e+01
1.800829000000000013e+00	2.556663500000000155e+01
1.807091999999999921e+00	2.565007200000000154e+01
1.813002000000000002e+00	2.572720899999999844e+01
1.818338000000000010e+00	2.581802000000000064e+01
1.822912000000000088e+00	2.594165200000000127e+01
1.826850000000000085e+00	2.610728100000000040e+01
1.830492000000000008e+00	2.631747400000000070e+01
1.834179999999999922e+00	2.657468199999999925e+01
1.838259000000000087e+00	2.688135300000000072e+01
1.843048000000000020e+00	2.723928300000000036e+01
1.848562000000000038e+00	2.764107600000000176e+01
1.854589999999999961e+00	2.807255500000000126e+01
1.860913000000000039e+00	2.851938699999999827e+01
1.867313999999999918e+00	2.896723700000000079e+01
1.873583999999999916e+00	2.940188699999999855e+01
1.879660000000000108e+00	2.981102200000000124e+01
1.885596000000000050e+00	3.018388799999999961e+01
1.891450999999999993e+00	3.050977699999999970e+01
1.897281999999999913e+00	3.077798200000000151e+01
1.903146999999999922e+00	3.097854699999999895e+01
1.909062999999999954e+00	3.111626400000000103e+01
1.915018000000000109e+00	3.120936999999999983e+01
1.920995999999999926e+00	3.127659399999999934e+01
1.926979999999999915e+00	3.133666499999999999e+01
1.932955999999999896e+00	3.140805500000000094e+01
1.938917999999999919e+00	3.150316700000000125e+01
1.944868999999999959e+00	3.162825199999999981e+01
1.950814000000000048e+00	3.178928799999999910e+01
1.956757999999999997e+00	3.199225500000000011e+01
1.962703000000000086e+00	3.224306299999999936e+01
1.968652000000000069e+00	3.254570100000000110e+01
1.974604000000000026e+00	3.290198900000000037e+01
1.980558000000000041e+00	3.331363400000000041e+01
1.986512000000000056e+00	3.378233999999999781e+01
1.992466000000000070e+00	3.430951900000000165e+01
1.998418000000000028e+00	3.488598400000000055e+01
2.004370000000000207e+00	3.548928899999999942e+01
2.010321999999999942e+00	3.609614799999999946e+01
2.016272999999999982e+00	3.668327899999999886e+01
2.022224000000000022e+00	3.722746000000000066e+01
2.028176000000000201e+00	3.770845099999999661e+01
2.034127999999999936e+00	3.811015799999999842e+01
2.040080000000000116e+00	3.841679100000000346e+01
2.046031999999999851e+00	3.861256199999999694e+01
2.051984000000000030e+00	3.868204200000000270e+01
2.057935000000000070e+00	3.863126400000000160e+01
2.063886999999999805e+00	3.849952900000000255e+01
2.069837999999999845e+00	3.832900399999999763e+01
2.075791000000000164e+00	3.816185200000000322e+01
2.081744000000000039e+00	3.804011799999999965e+01
2.087698000000000054e+00	3.799602300000000099e+01
2.093652000000000069e+00	3.804481499999999983e+01
2.099604999999999944e+00	3.820005700000000104e+01
2.105554999999999843e+00	3.847531299999999987e+01
2.111501000000000072e+00	3.888397799999999904e+01
2.117445000000000022e+00	3.941976400000000069e+01
2.123388999999999971e+00	4.003841800000000006e+01
2.129338000000000175e+00	4.069136100000000056e+01
2.135295999999999861e+00	4.133001500000000306e+01
2.141268000000000171e+00	4.190584400000000187e+01
2.147250999999999799e+00	4.237841099999999983e+01
2.153232000000000035e+00	4.272473899999999958e+01
2.159196000000000115e+00	4.292412499999999653e+01
2.165125000000000188e+00	4.295586399999999827e+01
2.171006000000000213e+00	4.279931500000000000e+01
2.176841000000000026e+00	4.245319200000000137e+01
2.182682999999999929e+00	4.196298999999999779e+01
2.188588999999999896e+00	4.138112600000000185e+01
2.194618000000000180e+00	4.076001899999999978e+01
2.200828000000000007e+00	4.015207699999999846e+01
2.207209999999999894e+00	3.960291200000000345e+01
2.213579000000000185e+00	3.913969999999999771e+01
2.219714999999999883e+00	3.878652100000000047e+01
2.225403000000000020e+00	3.856745599999999996e+01
2.230423000000000044e+00	3.850657900000000211e+01
2.234681000000000139e+00	3.861844299999999919e+01
2.238447999999999993e+00	3.888853499999999741e+01
2.242068000000000172e+00	3.929682199999999881e+01
2.245884000000000214e+00	3.982327000000000083e+01
2.250237999999999960e+00	4.044784299999999888e+01
2.255365999999999982e+00	4.114243499999999898e+01
2.261130000000000084e+00	4.185118400000000349e+01
2.267313000000000134e+00	4.251226599999999678e+01
2.273696000000000161e+00	4.306385800000000330e+01
2.280063999999999869e+00	4.344413500000000283e+01
2.286243999999999943e+00	4.360991700000000293e+01
2.292251999999999956e+00	4.359036499999999847e+01
2.298146000000000022e+00	4.343218900000000104e+01
2.303983000000000114e+00	4.318209699999999884e+01
2.309822000000000042e+00	4.288679700000000139e+01
2.315710999999999853e+00	4.258633499999999827e+01
2.321645999999999876e+00	4.229156600000000310e+01
2.327612999999999932e+00	4.200535399999999697e+01
2.333594999999999864e+00	4.173056199999999905e+01
2.339576999999999796e+00	4.147005399999999753e+01
2.345546999999999827e+00	4.122696299999999781e+01
2.351503999999999817e+00	4.100575700000000268e+01
2.357451999999999881e+00	4.081131400000000298e+01
2.363395999999999830e+00	4.064851500000000328e+01
2.369339000000000084e+00	4.052223800000000153e+01
2.375286000000000008e+00	4.043590700000000027e+01
2.381237000000000048e+00	4.038478599999999830e+01
2.387189999999999923e+00	4.036130599999999902e+01
2.393143999999999938e+00	4.035789299999999713e+01
2.399097999999999953e+00	4.036697499999999650e+01
2.405050999999999828e+00	4.038110900000000214e+01
2.411004000000000147e+00	4.039367399999999719e+01
2.416955999999999882e+00	4.039837099999999737e+01
2.422906999999999922e+00	4.038890200000000164e+01
2.428857999999999961e+00	4.035896699999999981e+01
2.434809000000000001e+00	4.030684600000000017e+01
2.440760000000000041e+00	4.026377200000000300e+01
2.446712000000000220e+00	4.027542199999999895e+01
2.452663999999999955e+00	4.038753100000000273e+01
2.458616999999999830e+00	4.064583799999999769e+01
2.464570999999999845e+00	4.108704500000000337e+01
2.470524999999999860e+00	4.167371599999999887e+01
2.476478000000000179e+00	4.233205300000000193e+01
2.482429999999999914e+00	4.298800800000000066e+01
2.488377999999999979e+00	4.356753299999999740e+01
2.494323000000000068e+00	4.399998399999999776e+01
2.500265999999999877e+00	4.424670499999999862e+01
2.506212000000000106e+00	4.428656600000000054e+01
2.512164999999999981e+00	4.409861699999999729e+01
2.518129000000000062e+00	4.366190799999999683e+01
2.524108000000000018e+00	4.295864199999999755e+01
2.530091999999999786e+00	4.200513000000000119e+01
2.536067000000000071e+00	4.083852699999999913e+01
2.542015999999999831e+00	3.949628899999999732e+01
2.547924000000000078e+00	3.801586999999999961e+01
2.553779000000000021e+00	3.643794799999999867e+01
2.559610000000000163e+00	3.484356400000000065e+01
2.565475000000000172e+00	3.334123900000000162e+01
2.571432000000000162e+00	3.204001999999999839e+01
2.577539999999999942e+00	3.104895600000000044e+01
2.583845999999999865e+00	3.046906699999999901e+01
2.590249000000000024e+00	3.028409200000000112e+01
2.596534000000000120e+00	3.038891200000000126e+01
2.602485000000000159e+00	3.067620600000000053e+01
2.607883000000000173e+00	3.103865400000000108e+01
2.612527000000000044e+00	3.137500800000000112e+01
2.616509000000000196e+00	3.168855299999999886e+01
2.620163999999999938e+00	3.207062799999999925e+01
2.623834000000000000e+00	3.261532400000000109e+01
2.627863000000000060e+00	3.341673200000000321e+01
2.632579999999999920e+00	3.456005499999999842e+01
2.638037000000000187e+00	3.594843699999999842e+01
2.644026000000000209e+00	3.731456699999999671e+01
2.650332000000000132e+00	3.838457400000000064e+01
2.656734000000000151e+00	3.888458700000000334e+01
2.663022999999999918e+00	3.855016299999999774e+01
2.669115000000000126e+00	3.734996000000000294e+01
2.675060999999999911e+00	3.549513300000000271e+01
2.680919999999999970e+00	3.320814899999999881e+01
2.686751000000000111e+00	3.071147300000000158e+01
2.692610999999999866e+00	2.822232199999999835e+01
2.698523999999999923e+00	2.579875099999999932e+01
2.704476000000000102e+00	2.331480799999999931e+01
2.710452000000000083e+00	2.063428800000000152e+01
2.716435999999999851e+00	1.762098999999999904e+01
2.722412999999999972e+00	1.414467299999999916e+01
2.728375999999999912e+00	1.030147499999999994e+01
2.734328000000000092e+00	6.478501999999999761e+00
2.740273999999999877e+00	3.081993000000000205e+00
2.746217000000000130e+00	5.181879999999999820e-01
2.752162000000000219e+00	-8.122770000000000268e-01
2.758110999999999979e+00	-7.819549999999999557e-01
2.764063000000000159e+00	3.459599999999999898e-01
2.770016000000000034e+00	2.278232000000000035e+00
2.775971000000000188e+00	4.721624000000000265e+00
2.781924000000000063e+00	7.382933000000000412e+00
2.787876999999999938e+00	9.971118999999999843e+00
2.793829000000000118e+00	1.219858900000000013e+01
2.799780999999999853e+00	1.377805700000000044e+01
2.805731999999999893e+00	1.442223800000000011e+01
2.811682999999999932e+00	1.384692399999999957e+01
2.817635000000000112e+00	1.204291100000000014e+01
2.823586999999999847e+00	9.489311999999999969e+00
2.829539000000000026e+00	6.715442999999999607e+00
2.835491000000000206e+00	4.250619000000000369e+00
2.841442999999999941e+00	2.622352999999999934e+00
2.847395000000000120e+00	2.122584999999999944e+00
2.853346999999999856e+00	2.576106999999999925e+00
2.859299000000000035e+00	3.752667999999999893e+00
2.865251000000000214e+00	5.422018999999999700e+00
2.871201999999999810e+00	7.354789000000000243e+00
2.877153999999999989e+00	9.503557999999999950e+00
2.883106000000000169e+00	1.222456099999999957e+01
2.889057999999999904e+00	1.592829799999999985e+01
2.895010000000000083e+00	2.102526999999999902e+01
2.900961999999999819e+00	2.792425199999999919e+01
2.906913999999999998e+00	3.640039199999999653e+01
2.912866000000000177e+00	4.465310699999999855e+01
2.918817999999999913e+00	5.064100499999999982e+01
2.924770000000000092e+00	5.232269200000000353e+01
2.930721000000000132e+00	4.765834499999999707e+01
2.936672999999999867e+00	3.584515400000000085e+01
2.942625000000000046e+00	1.953560600000000136e+01
2.948576999999999781e+00	1.980823999999999918e+00
2.954528999999999961e+00	-1.356806599999999996e+01
2.960481000000000140e+00	-2.386038800000000037e+01
2.966432999999999875e+00	-2.671139900000000011e+01
2.972385000000000055e+00	-2.328732899999999972e+01
2.978336999999999790e+00	-1.541120100000000015e+01
2.984288999999999970e+00	-4.906039999999999957e+00
2.990240000000000009e+00	6.405128000000000377e+00
2.996192000000000188e+00	1.669928000000000168e+01
3.002143999999999924e+00	2.415339000000000169e+01
3.008096000000000103e+00	2.694443499999999858e+01
3.014047999999999838e+00	2.324938900000000075e+01
3.020000000000000018e+00	1.124522699999999986e+01
