1.199999999999999956e-01	-1.256086038384595760e+00
1.249780000000000058e-01	-1.116097294192825995e+00
1.305999999999999939e-01	-7.680828119512772556e-01
1.367059999999999942e-01	-7.412249738573479796e-01
1.431360000000000132e-01	-2.718699417839084420e-01
1.497320000000000040e-01	-3.274822022216631878e-01
1.563350000000000017e-01	-1.570887413762619145e-01
1.627850000000000130e-01	2.971542614476373467e-01
1.689219999999999888e-01	3.708716826520438437e-01
1.745889999999999942e-01	4.859480820277926050e-01
1.796250000000000069e-01	5.192203387186588026e-01
1.839349999999999874e-01	9.136442496725249995e-01
1.877439999999999942e-01	9.074896765658505560e-01
1.913779999999999926e-01	9.640782830094348776e-01
1.951660000000000061e-01	8.889248512946937852e-01
1.994340000000000002e-01	1.173186220498849464e+00
2.044499999999999929e-01	1.058704780502531362e+00
2.101250000000000062e-01	9.410336331090665141e-01
2.162479999999999958e-01	1.069407418960569789e+00
2.226049999999999973e-01	1.027012122887626333e+00
2.289819999999999911e-01	9.817925562709564069e-01
2.351930000000000132e-01	1.019825994414208070e+00
2.412249999999999950e-01	1.004352167433470111e+00
2.471349999999999936e-01	1.034992568343805486e+00
2.529799999999999827e-01	9.388849246479653576e-01
2.588170000000000193e-01	7.543675452926944525e-01
2.646970000000000156e-01	7.386001281258921525e-01
2.706259999999999777e-01	4.274781198888151224e-01
2.765880000000000005e-01	3.871525877340958877e-01
2.825679999999999858e-01	-5.847239913424462365e-02
2.885510000000000019e-01	2.746839162787591548e-01
2.945229999999999793e-01	5.086611487773881057e-01
3.004809999999999981e-01	7.746496169402600218e-01
3.064310000000000089e-01	1.394195833477382740e+00
3.123750000000000138e-01	1.885753929261366979e+00
3.183190000000000186e-01	2.234279367038749964e+00
3.242650000000000254e-01	2.275432113857167593e+00
3.302149999999999808e-01	2.298248319539189399e+00
3.361680000000000224e-01	2.081480386426008522e+00
3.421210000000000084e-01	1.961739871960108461e+00
3.480759999999999965e-01	1.708717317371196032e+00
3.540289999999999826e-01	1.543439064372039038e+00
3.599809999999999954e-01	1.527258972047719876e+00
3.659330000000000083e-01	1.439144818615152532e+00
3.718839999999999923e-01	1.353189081457620180e+00
3.778360000000000052e-01	1.420976967938933244e+00
3.837869999999999893e-01	1.535683164010524182e+00
3.897390000000000021e-01	1.672709348585430966e+00
3.956910000000000149e-01	1.637362602489861318e+00
4.016429999999999723e-01	1.861458689084132478e+00
4.075949999999999851e-01	1.918561631956025026e+00
4.135469999999999979e-01	1.869496280133463362e+00
4.194979999999999820e-01	1.559611962721066281e+00
4.254499999999999948e-01	1.752236648047915679e+00
4.314009999999999789e-01	1.328222346786773089e+00
4.373540000000000205e-01	1.144030360301029559e+00
4.433079999999999798e-01	1.290462285318358715e+00
4.492619999999999947e-01	1.274176384288187913e+00
4.552160000000000095e-01	1.371836968368003395e+00
4.611680000000000224e-01	1.535582692924316817e+00
4.671170000000000044e-01	1.643715550406497306e+00
4.730619999999999825e-01	1.859542551994418869e+00
4.790059999999999873e-01	1.913978568764599819e+00
4.849510000000000209e-01	1.842052776693366756e+00
4.909020000000000050e-01	2.045067757919505791e+00
4.968629999999999991e-01	2.244684177746469000e+00
5.028390000000000359e-01	2.574665203624981746e+00
5.088230000000000253e-01	2.789138934936093772e+00
5.148009999999999531e-01	2.982812210958497356e+00
5.207570000000000254e-01	3.475500934156923183e+00
5.266750000000000043e-01	3.699269436024613444e+00
5.325410000000000421e-01	3.901413290835250347e+00
5.383719999999999617e-01	3.922279783345231419e+00
5.442249999999999588e-01	3.962532206392138878e+00
5.501580000000000359e-01	3.931480647403035711e+00
5.562289999999999734e-01	3.813721711426172778e+00
5.624930000000000208e-01	3.658471061347290831e+00
5.688929999999999820e-01	3.155002643504060345e+00
5.752220000000000111e-01	2.781743003299411043e+00
5.812610000000000277e-01	2.581243391236506035e+00
5.867949999999999555e-01	2.280546276093480706e+00
5.916080000000000227e-01	2.162493015683988329e+00
5.957040000000000113e-01	2.322081028717939422e+00
5.993990000000000151e-01	2.622118774558956478e+00
6.030370000000000452e-01	2.945868964326275208e+00
6.069609999999999728e-01	2.968670139719093548e+00
6.115110000000000268e-01	3.014432785098934531e+00
6.168270000000000142e-01	3.353298030700966326e+00
6.227219999999999978e-01	3.365423924725057248e+00
6.289789999999999548e-01	3.364682939881487922e+00
6.353790000000000271e-01	3.330518793759453366e+00
6.417070000000000274e-01	3.109913899900866863e+00
6.478369999999999962e-01	3.428327485579755862e+00
6.538089999999999735e-01	3.371475538679010064e+00
6.596819999999999906e-01	3.401670839695744686e+00
6.655140000000000500e-01	3.595426634065219673e+00
6.713630000000000431e-01	3.570778281221658634e+00
6.772660000000000347e-01	4.086968970168496362e+00
6.832110000000000127e-01	4.066049470521647002e+00
6.891829999999999901e-01	4.241443978566488582e+00
6.951669999999999794e-01	4.300644368509568771e+00
7.011469999999999647e-01	4.411492490709984615e+00
7.071119999999999628e-01	4.712655678879752230e+00
7.130670000000000064e-01	5.195664847900026473e+00
7.190130000000000132e-01	5.581236327234629258e+00
7.249569999999999625e-01	5.690609725642556960e+00
7.309010000000000229e-01	5.870095564335446880e+00
7.368489999999999762e-01	5.726140930903145687e+00
7.428000000000000158e-01	5.552677303063996206e+00
7.487530000000000019e-01	5.371102061176333820e+00
7.547080000000000455e-01	5.288081248779109345e+00
7.606619999999999493e-01	5.182649910067063992e+00
7.666140000000000176e-01	4.965726699657342813e+00
7.725670000000000037e-01	5.335806958658711352e+00
7.785180000000000433e-01	5.499053481937052013e+00
7.844689999999999719e-01	5.601163281531619020e+00
7.904210000000000402e-01	5.766800355703971981e+00
7.963729999999999976e-01	6.073879004653872649e+00
8.023249999999999549e-01	6.344759166166783260e+00
8.082770000000000232e-01	6.433898466937782779e+00
8.142289999999999806e-01	6.941161643261166247e+00
8.201800000000000201e-01	7.126921604366111218e+00
8.261319999999999775e-01	7.675114085990108137e+00
8.320830000000000171e-01	8.145768951903569643e+00
8.380349999999999744e-01	8.334548258610979588e+00
8.439870000000000427e-01	8.883906923621474050e+00
8.499400000000000288e-01	9.142692897743613045e+00
8.558940000000000436e-01	9.367355733118431615e+00
8.618479999999999475e-01	9.367339736468199618e+00
8.678010000000000446e-01	9.312001048534186864e+00
8.737519999999999731e-01	9.676788208997686880e+00
8.797000000000000375e-01	9.963314027013948859e+00
8.856439999999999868e-01	1.075093437758606285e+01
8.915870000000000184e-01	1.147378692992077909e+01
8.975349999999999717e-01	1.234265418934284675e+01
9.034900000000000153e-01	1.326078769668999335e+01
9.094569999999999599e-01	1.404974079334742321e+01
9.154379999999999740e-01	1.479004326152608151e+01
9.214210000000000456e-01	1.505559104028707118e+01
9.273909999999999654e-01	1.500305576312082145e+01
9.333329999999999682e-01	1.529181956725636660e+01
9.392300000000000093e-01	1.517141127823966684e+01
9.450749999999999984e-01	1.534733209212019922e+01
9.509090000000000042e-01	1.530125417166053658e+01
9.567890000000000006e-01	1.546270200166633657e+01
9.627750000000000474e-01	1.511472257148385800e+01
9.689229999999999787e-01	1.443065185949833484e+01
9.752680000000000238e-01	1.398125172046049514e+01
9.816639999999999810e-01	1.276111879299103258e+01
9.878930000000000211e-01	1.190673900921873418e+01
9.937399999999999567e-01	1.082194804150530310e+01
9.989850000000000119e-01	1.014081692103001586e+01
1.003457999999999961e+00	9.987642701974822401e+00
1.007338000000000067e+00	9.688902138764769134e+00
1.010966000000000031e+00	9.844372059489584714e+00
1.014685999999999977e+00	1.020428570568870263e+01
1.018841000000000108e+00	1.024077817554342751e+01
1.023735000000000062e+00	1.031224308104935794e+01
1.029328999999999938e+00	1.016730875468381790e+01
1.035408000000000106e+00	1.006395776675552511e+01
1.041754000000000069e+00	9.630565066450690992e+00
1.048148999999999997e+00	9.754276325748932663e+00
1.054391999999999996e+00	9.639126671031597482e+00
1.060446000000000000e+00	1.008092888555786182e+01
1.066368999999999900e+00	9.989197268960168685e+00
1.072216999999999976e+00	1.018336576301473428e+01
1.078049000000000035e+00	1.053437572934251065e+01
1.083920999999999912e+00	1.033459180207181305e+01
1.089842999999999895e+00	1.030260101726543986e+01
1.095801999999999943e+00	9.964236494791810728e+00
1.101780999999999899e+00	9.719778037894418077e+00
1.107765000000000111e+00	9.520194002878010764e+00
1.113739999999999952e+00	9.184295393495753856e+00
1.119699999999999918e+00	9.180670549829670790e+00
1.125650000000000039e+00	8.990231914225631726e+00
1.131594999999999906e+00	9.247755893372477942e+00
1.137537999999999938e+00	9.292196307312481807e+00
1.143483999999999945e+00	9.549782054476747106e+00
1.149432999999999927e+00	9.994286990367651669e+00
1.155386000000000024e+00	1.065543538477983532e+01
1.161338999999999899e+00	1.104321174437097142e+01
1.167294000000000054e+00	1.155662834758905433e+01
1.173246999999999929e+00	1.163537131073148245e+01
1.179200000000000026e+00	1.171849921583868870e+01
1.185151999999999983e+00	1.174857915618636994e+01
1.191103000000000023e+00	1.130274551604216171e+01
1.197054000000000062e+00	1.107588124506126270e+01
1.203006000000000020e+00	1.094161458186267133e+01
1.208957999999999977e+00	1.047119098631451806e+01
1.214909999999999934e+00	1.006804009364346442e+01
1.220861999999999892e+00	9.983892062524970967e+00
1.226814000000000071e+00	1.022828598979908854e+01
1.232765000000000111e+00	1.045956670249571197e+01
1.238717000000000068e+00	1.113054710472516184e+01
1.244668000000000108e+00	1.203470370193049455e+01
1.250620000000000065e+00	1.269249019719468130e+01
1.256572000000000022e+00	1.325185075670175472e+01
1.262526000000000037e+00	1.376020817186266498e+01
1.268480000000000052e+00	1.361374760211813140e+01
1.274434000000000067e+00	1.339458698053698882e+01
1.280386000000000024e+00	1.314686610926808541e+01
1.286335999999999924e+00	1.263637564462239382e+01
1.292281999999999931e+00	1.263520704720505705e+01
1.298224999999999962e+00	1.248795920515762958e+01
1.304170000000000051e+00	1.277022129296771169e+01
1.310119999999999951e+00	1.288529988759075273e+01
1.316079999999999917e+00	1.314346890891926911e+01
1.322052999999999923e+00	1.345952358143635763e+01
1.328036999999999912e+00	1.410277592344289488e+01
1.334017000000000008e+00	1.435336198984797207e+01
1.339976000000000056e+00	1.497591029059584500e+01
1.345900000000000096e+00	1.508786798961298636e+01
1.351774000000000031e+00	1.522247453651921845e+01
1.357607000000000008e+00	1.545970637112868928e+01
1.363453000000000026e+00	1.533758961542625876e+01
1.369372000000000034e+00	1.531082063903288137e+01
1.375421999999999922e+00	1.530297625222092250e+01
1.381658999999999970e+00	1.517462236802416875e+01
1.388052000000000064e+00	1.524248506013579707e+01
1.394403000000000059e+00	1.528969144207405328e+01
1.400492999999999988e+00	1.558247812939295152e+01
1.406104999999999938e+00	1.588861093528842261e+01
1.411021999999999998e+00	1.595779467014667752e+01
1.415195999999999898e+00	1.609657171758502159e+01
1.418924000000000074e+00	1.664899037584088859e+01
1.422549999999999981e+00	1.668093820415024808e+01
1.426417000000000046e+00	1.688307906905971478e+01
1.430868000000000029e+00	1.701637251186772204e+01
1.436091000000000006e+00	1.661631060154840611e+01
1.441923000000000066e+00	1.643350730853485331e+01
1.448144000000000098e+00	1.623243682723552794e+01
1.454538000000000109e+00	1.620198733677147018e+01
1.460887000000000047e+00	1.610144509398414669e+01
1.467041999999999957e+00	1.654903908924449496e+01
1.473030999999999979e+00	1.651980387356841362e+01
1.478914000000000062e+00	1.728585606047918333e+01
1.484749000000000096e+00	1.777456677433040610e+01
1.490591999999999917e+00	1.797366915468383652e+01
1.496488000000000040e+00	1.801398713322156198e+01
1.502428000000000097e+00	1.790203513422557791e+01
1.508397999999999906e+00	1.782170717873742660e+01
1.514380999999999977e+00	1.775369186273549715e+01
1.520361999999999991e+00	1.766272365051298721e+01
1.526329999999999965e+00	1.773162534268046997e+01
1.532284999999999897e+00	1.786460671327894190e+01
1.538232999999999961e+00	1.813547355584595877e+01
1.544175999999999993e+00	1.810678644874264620e+01
1.550119999999999942e+00	1.840503488163794188e+01
1.556068000000000007e+00	1.841670332224178708e+01
1.562019000000000046e+00	1.844737339470521320e+01
1.567971999999999921e+00	1.844699171733733678e+01
1.573925999999999936e+00	1.834032221036972032e+01
1.579879999999999951e+00	1.834533204738456291e+01
1.585833000000000048e+00	1.835936243006624835e+01
1.591785000000000005e+00	1.849646757330282298e+01
1.597736999999999963e+00	1.913427357007762453e+01
1.603688000000000002e+00	1.947357197064898315e+01
1.609639000000000042e+00	1.993931565078676726e+01
1.615590999999999999e+00	2.088268623913994304e+01
1.621542999999999957e+00	2.140437751181262982e+01
1.627494999999999914e+00	2.229722144262113659e+01
1.633447000000000093e+00	2.294992008819537688e+01
1.639399000000000051e+00	2.300721209437175219e+01
1.645350000000000090e+00	2.299110846266496821e+01
1.651302000000000048e+00	2.279779183262514763e+01
1.657253000000000087e+00	2.219521362675120457e+01
1.663205000000000044e+00	2.177554190102516785e+01
1.669157999999999920e+00	2.157334111777946362e+01
1.675111999999999934e+00	2.159360529595544875e+01
1.681065999999999949e+00	2.177737525648764816e+01
1.687019000000000046e+00	2.226362697718341366e+01
1.692971000000000004e+00	2.240541563705577133e+01
1.698919000000000068e+00	2.238800585229932238e+01
1.704863000000000017e+00	2.231196952589532501e+01
1.710806999999999967e+00	2.173759381914791078e+01
1.716752999999999973e+00	2.120657942741423341e+01
1.722706999999999988e+00	2.069084475134433276e+01
1.728671999999999986e+00	2.063585026094159502e+01
1.734652000000000083e+00	2.078347429714494510e+01
1.740636000000000072e+00	2.144618132467289584e+01
1.746609000000000078e+00	2.242204293790571512e+01
1.752555000000000085e+00	2.311348814321898004e+01
1.758458000000000077e+00	2.386453904088445555e+01
1.764308999999999905e+00	2.454802763708207181e+01
1.770140999999999964e+00	2.504707934830195271e+01
1.776011999999999924e+00	2.527093503614379699e+01
1.781979999999999897e+00	2.517245485529566196e+01
1.788105000000000055e+00	2.553868199544381312e+01
1.794426999999999994e+00	2.542828178159867392e+01
1.800829000000000013e+00	2.552344650994830744e+01
1.807091999999999921e+00	2.569456219952387954e+01
1.813002000000000002e+00	2.577696631938270144e+01
1.818338000000000010e+00	2.627230696067177362e+01
1.822912000000000088e+00	2.635742348761665355e+01
1.826850000000000085e+00	2.716138407919039821e+01
1.830492000000000008e+00	2.740929526561853535e+01
1.834179999999999922e+00	2.786119753465152016e+01
1.838259000000000087e+00	2.824815062708570679e+01
1.843048000000000020e+00	2.846505523456023568e+01
1.848562000000000038e+00	2.863911068639383473e+01
1.854589999999999961e+00	2.838243033742124410e+01
1.860913000000000039e+00	2.886846647978647340e+01
1.867313999999999918e+00	2.906199740146767496e+01
1.873583999999999916e+00	2.943360058027309023e+01
1.879660000000000108e+00	3.007310167855381167e+01
1.885596000000000050e+00	3.063280267439942151e+01
1.891450999999999993e+00	3.134575370086264812e+01
1.897281999999999913e+00	3.176273054226563985e+01
1.903146999999999922e+00	3.190474041248888781e+01
1.909062999999999954e+00	3.188507729490809695e+01
1.915018000000000109e+00	3.163651736503364731e+01
1.920995999999999926e+00	3.119889722814236066e+01
1.926979999999999915e+00	3.092670151186490202e+01
1.932955999999999896e+00	3.097391104112715610e+01
1.938917999999999919e+00	3.131590671914223378e+01
1.944868999999999959e+00	3.182610742217482525e+01
1.950814000000000048e+00	3.215906192495747007e+01
1.956757999999999997e+00	3.288854256695641709e+01
1.962703000000000086e+00	3.320529729990131784e+01
1.968652000000000069e+00	3.362598679509945754e+01
1.974604000000000026e+00	3.403882247078150414e+01
1.980558000000000041e+00	3.422685910251188801e+01
1.986512000000000056e+00	3.479873265780442182e+01
1.992466000000000070e+00	3.493337913445348875e+01
1.998418000000000028e+00	3.549894761679886557e+01
2.004370000000000207e+00	3.599021180216891480e+01
2.010321999999999942e+00	3.654404408204126042e+01
2.016272999999999982e+00	3.713750238721251407e+01
2.022224000000000022e+00	3.780891144676206039e+01
2.028176000000000201e+00	3.830479297217188162e+01
2.034127999999999936e+00	3.868180484143062614e+01
2.040080000000000116e+00	3.912478875474381113e+01
2.046031999999999851e+00	3.977414023946323596e+01
2.051984000000000030e+00	3.980260507996239028e+01
2.057935000000000070e+00	4.002628693178957064e+01
2.063886999999999805e+00	4.019631108585191726e+01
2.069837999999999845e+00	4.042536090471789834e+01
2.075791000000000164e+00	4.027129087515972117e+01
2.081744000000000039e+00	4.027912278414597580e+01
2.087698000000000054e+00	4.017122769827987838e+01
2.093652000000000069e+00	3.988219926226460643e+01
2.099604999999999944e+00	3.974246591952431373e+01
2.105554999999999843e+00	4.005028794506355894e+01
2.111501000000000072e+00	4.021571915270661179e+01
2.117445000000000022e+00	4.091833789535124311e+01
2.123388999999999971e+00	4.139484768898179112e+01
2.129338000000000175e+00	4.221691735622665931e+01
2.135295999999999861e+00	4.284200063779595524e+01
2.141268000000000171e+00	4.359510246466305006e+01
2.147250999999999799e+00	4.387102136020199339e+01
2.153232000000000035e+00	4.397414070719691637e+01
2.159196000000000115e+00	4.381862155565305272e+01
2.165125000000000188e+00	4.367134866751564459e+01
2.171006000000000213e+00	4.340752352365275613e+01
2.176841000000000026e+00	4.267507278630333900e+01
2.182682999999999929e+00	4.202622807164757290e+01
2.188588999999999896e+00	4.125168783522639870e+01
2.194618000000000180e+00	4.063334498218627289e+01
2.200828000000000007e+00	3.989313740686405652e+01
2.207209999999999894e+00	3.911989776752894699e+01
2.213579000000000185e+00	3.882191683732685306e+01
2.219714999999999883e+00	3.839657208252845066e+01
2.225403000000000020e+00	3.838196737775426470e+01
2.230423000000000044e+00	3.863331169191688730e+01
2.234681000000000139e+00	3.938065204749616299e+01
2.238447999999999993e+00	4.015628347454351399e+01
2.242068000000000172e+00	4.100664946160871693e+01
2.245884000000000214e+00	4.198779687351226642e+01
2.250237999999999960e+00	4.267468611008640522e+01
2.255365999999999982e+00	4.356601621707812200e+01
2.261130000000000084e+00	4.381508169619204551e+01
2.267313000000000134e+00	4.439622086977333737e+01
2.273696000000000161e+00	4.448673997024946658e+01
2.280063999999999869e+00	4.472136538049267784e+01
2.286243999999999943e+00	4.452205892168078805e+01
2.292251999999999956e+00	4.425760227348187925e+01
2.298146000000000022e+00	4.433071643969547893e+01
2.303983000000000114e+00	4.401093105807211714e+01
2.309822000000000042e+00	4.405818347961163539e+01
2.315710999999999853e+00	4.401672778224299520e+01
2.321645999999999876e+00	4.410801223835674278e+01
2.327612999999999932e+00	4.422447978005913427e+01
2.333594999999999864e+00	4.428775198744894226e+01
2.339576999999999796e+00	4.374498740430360044e+01
2.345546999999999827e+00	4.340092366914145572e+01
2.351503999999999817e+00	4.273731060976084706e+01
2.357451999999999881e+00	4.201710122504499623e+01
2.363395999999999830e+00	4.161214316148153358e+01
2.369339000000000084e+00	4.080061023220734029e+01
2.375286000000000008e+00	4.087141487966010800e+01
2.381237000000000048e+00	4.071455325960973681e+01
2.387189999999999923e+00	4.080526134964524942e+01
2.393143999999999938e+00	4.109007451609387829e+01
2.399097999999999953e+00	4.126270068173784011e+01
2.405050999999999828e+00	4.136475705863934138e+01
2.411004000000000147e+00	4.128867704719097986e+01
2.416955999999999882e+00	4.130522160551480226e+01
2.422906999999999922e+00	4.113489927472356555e+01
2.428857999999999961e+00	4.092460254394127617e+01
2.434809000000000001e+00	4.055653400613398674e+01
2.440760000000000041e+00	4.038745351261582783e+01
2.446712000000000220e+00	4.020260239750864173e+01
2.452663999999999955e+00	4.009077094951857845e+01
2.458616999999999830e+00	4.051113175032147495e+01
2.464570999999999845e+00	4.149457245289609375e+01
2.470524999999999860e+00	4.261452109351120754e+01
2.476478000000000179e+00	4.368947678080257901e+01
2.482429999999999914e+00	4.468684929355286073e+01
2.488377999999999979e+00	4.569444099207987620e+01
2.494323000000000068e+00	4.622068835726745561e+01
2.500265999999999877e+00	4.628936593769336838e+01
2.506212000000000106e+00	4.590401513446924042e+01
2.512164999999999981e+00	4.529799075368782724e+01
2.518129000000000062e+00	4.442177472379506753e+01
2.524108000000000018e+00	4.350741563707067172e+01
2.530091999999999786e+00	4.261726043106917672e+01
2.536067000000000071e+00	4.150774319490943753e+01
2.542015999999999831e+00	4.027309051173842391e+01
2.547924000000000078e+00	3.887990150150378810e+01
2.553779000000000021e+00	3.758015284632224251e+01
2.559610000000000163e+00	3.610494137993260466e+01
2.565475000000000172e+00	3.474393232849388369e+01
2.571432000000000162e+00	3.360873569384784076e+01
2.577539999999999942e+00	3.258561002732990630e+01
2.583845999999999865e+00	3.196392582546686967e+01
2.590249000000000024e+00	3.138575673425985002e+01
2.596534000000000120e+00	3.146179547710826796e+01
2.602485000000000159e+00	3.166197217153503018e+01
2.607883000000000173e+00	3.226611195899307916e+01
2.612527000000000044e+00	3.242782984832074078e+01
2.616509000000000196e+00	3.274602618534118648e+01
2.620163999999999938e+00	3.340786948003550805e+01
2.623834000000000000e+00	3.438503301102209520e+01
2.627863000000000060e+00	3.504126703749309257e+01
2.632579999999999920e+00	3.648720959310052336e+01
2.638037000000000187e+00	3.781958476817451498e+01
2.644026000000000209e+00	3.898245940547845123e+01
2.650332000000000132e+00	3.991893618262325560e+01
2.656734000000000151e+00	4.030429009919735250e+01
2.663022999999999918e+00	3.972273962758764299e+01
2.669115000000000126e+00	3.845694790858163969e+01
2.675060999999999911e+00	3.651843899404585869e+01
2.680919999999999970e+00	3.410607458396550840e+01
2.686751000000000111e+00	3.169902802700079647e+01
2.692610999999999866e+00	2.921466793390106531e+01
2.698523999999999923e+00	2.692924151767707741e+01
2.704476000000000102e+00	2.447750830830427660e+01
2.710452000000000083e+00	2.185036823556179186e+01
2.716435999999999851e+00	1.911324869062061893e+01
2.722412999999999972e+00	1.562417312942030811e+01
2.728375999999999912e+00	1.130221601027221645e+01
2.734328000000000092e+00	7.331361459554406323e+00
2.740273999999999877e+00	3.894558664430446626e+00
2.746217000000000130e+00	1.163112304828176846e+00
2.752162000000000219e+00	-1.961196987555808846e-01
2.758110999999999979e+00	-3.487245215711156088e-01
2.764063000000000159e+00	9.313673353301044067e-01
2.770016000000000034e+00	2.690645328941901226e+00
2.775971000000000188e+00	5.376053549567860301e+00
2.781924000000000063e+00	8.287866661905161081e+00
2.787876999999999938e+00	1.083656957431010426e+01
2.793829000000000118e+00	1.325518451833746347e+01
2.799780999999999853e+00	1.476277666684827494e+01
2.805731999999999893e+00	1.563476322877067837e+01
2.811682999999999932e+00	1.509161891007552825e+01
2.817635000000000112e+00	1.323546484065667528e+01
2.823586999999999847e+00	1.081983450298726801e+01
2.829539000000000026e+00	7.841997235712359959e+00
2.835491000000000206e+00	5.592252921040139491e+00
2.841442999999999941e+00	3.974594684392482424e+00
2.847395000000000120e+00	3.259138836713985743e+00
2.853346999999999856e+00	3.524609091292504104e+00
2.859299000000000035e+00	4.955442697557320919e+00
2.865251000000000214e+00	6.365297141496390587e+00
2.871201999999999810e+00	8.180823436797345138e+00
2.877153999999999989e+00	9.956130644965968557e+00
2.883106000000000169e+00	1.249029064004370149e+01
2.889057999999999904e+00	1.591636444278176654e+01
2.895010000000000083e+00	2.096468827371719357e+01
2.900961999999999819e+00	2.762037067721853845e+01
2.906913999999999998e+00	3.641795783243700413e+01
2.912866000000000177e+00	4.509492862182647599e+01
2.918817999999999913e+00	5.122413130513663049e+01
2.924770000000000092e+00	5.313331543400567369e+01
2.930721000000000132e+00	4.885209587309342538e+01
2.936672999999999867e+00	3.691323105728976373e+01
2.942625000000000046e+00	2.068045773728580983e+01
2.948576999999999781e+00	3.153170299024122158e+00
2.954528999999999961e+00	-1.253847694183797401e+01
2.960481000000000140e+00	-2.278834211467508197e+01
2.966432999999999875e+00	-2.578105730899285675e+01
2.972385000000000055e+00	-2.229838196513436799e+01
2.978336999999999790e+00	-1.428261625329022699e+01
2.984288999999999970e+00	-3.629855299691862491e+00
2.990240000000000009e+00	7.772925525811585246e+00
2.996192000000000188e+00	1.803366613508312355e+01
3.002143999999999924e+00	2.560732762192451162e+01
3.008096000000000103e+00	2.825899562564417877e+01
3.014047999999999838e+00	2.451460052609426299e+01
3.020000000000000018e+00	1.190417988654152026e+01
