1.199999999999999956e-01	1.049414861467263593e+00
1.249780000000000058e-01	2.124640768829471338e-01
1.305999999999999939e-01	-5.044535098021389885e-01
1.367059999999999942e-01	-9.108387511394304692e-01
1.431360000000000132e-01	-1.375891511263796829e+00
1.497320000000000040e-01	-9.101022649003133180e-01
1.563350000000000017e-01	-8.421981451279748621e-01
1.627850000000000130e-01	-6.481887160599699715e-01
1.689219999999999888e-01	2.170598315723290539e-02
1.745889999999999942e-01	3.526036403681555020e-01
1.796250000000000069e-01	9.661152266026762359e-01
1.839349999999999874e-01	1.581894682559745968e+00
1.877439999999999942e-01	1.992144471660970861e+00
1.913779999999999926e-01	2.481279691368801110e+00
1.951660000000000061e-01	2.741035443362032975e+00
1.994340000000000002e-01	2.871348147026972164e+00
2.044499999999999929e-01	2.617619524084750626e+00
2.101250000000000062e-01	2.374610904628735586e+00
2.162479999999999958e-01	1.780285166641442540e+00
2.226049999999999973e-01	1.240314142150185539e+00
2.289819999999999911e-01	9.308402358308509594e-01
2.351930000000000132e-01	7.840587474992065653e-01
2.412249999999999950e-01	6.960944811996375714e-01
2.471349999999999936e-01	5.197073899001637409e-01
2.529799999999999827e-01	8.004037148192943985e-01
2.588170000000000193e-01	9.324120470239307679e-01
2.646970000000000156e-01	8.869533021030163722e-01
2.706259999999999777e-01	1.219426633058872778e+00
2.765880000000000005e-01	1.320360617367021927e+00
2.825679999999999858e-01	1.581433182350880040e+00
2.885510000000000019e-01	1.687257034985004900e+00
2.945229999999999793e-01	1.530641092065077258e+00
3.004809999999999981e-01	1.386394531691970577e+00
3.064310000000000089e-01	1.090169404475975767e+00
3.123750000000000138e-01	1.250201703662072283e+00
3.183190000000000186e-01	1.360542350353918239e+00
3.242650000000000254e-01	1.356098676597141672e+00
3.302149999999999808e-01	1.457869285086485167e+00
3.361680000000000224e-01	1.772553473486653042e+00
3.421210000000000084e-01	1.952696691261418982e+00
3.480759999999999965e-01	2.058066044976240683e+00
3.540289999999999826e-01	1.976560484306828291e+00
3.599809999999999954e-01	1.732215492770273535e+00
3.659330000000000083e-01	1.341354182151425878e+00
3.718839999999999923e-01	1.225697499062105233e+00
3.778360000000000052e-01	6.763242711551383790e-01
3.837869999999999893e-01	8.760399439109506359e-01
3.897390000000000021e-01	1.006680273292413164e+00
3.956910000000000149e-01	1.201452435843912259e+00
4.016429999999999723e-01	1.878230070506612615e+00
4.075949999999999851e-01	2.350042100887063778e+00
4.135469999999999979e-01	2.547208823888327700e+00
4.194979999999999820e-01	2.443364849894007040e+00
4.254499999999999948e-01	2.538568517659103740e+00
4.314009999999999789e-01	2.130243259112066134e+00
4.373540000000000205e-01	1.745341199592427284e+00
4.433079999999999798e-01	1.459438740945869561e+00
4.492619999999999947e-01	9.960796291968457838e-01
4.552160000000000095e-01	5.923801588228428949e-01
4.611680000000000224e-01	4.423280903342395876e-01
4.671170000000000044e-01	2.307470173122436186e-01
4.730619999999999825e-01	2.631653609154852580e-01
4.790059999999999873e-01	6.564081058100642574e-01
4.849510000000000209e-01	1.309683257854959093e+00
4.909020000000000050e-01	1.901974662170310415e+00
4.968629999999999991e-01	2.347328661100497982e+00
5.028390000000000359e-01	2.557120959012580297e+00
5.088230000000000253e-01	2.616826866714993205e+00
5.148009999999999531e-01	2.695771892344429155e+00
5.207570000000000254e-01	2.519735331308412096e+00
5.266750000000000043e-01	2.471548035143349864e+00
5.325410000000000421e-01	2.795840189780742779e+00
5.383719999999999617e-01	3.081667678855473103e+00
5.442249999999999588e-01	3.493466480140577701e+00
5.501580000000000359e-01	3.717354651241608909e+00
5.562289999999999734e-01	3.759309166169427563e+00
5.624930000000000208e-01	3.457171174848788997e+00
5.688929999999999820e-01	3.300785397837176838e+00
5.752220000000000111e-01	2.642210797345760032e+00
5.812610000000000277e-01	2.305304554592147337e+00
5.867949999999999555e-01	1.876053884652678194e+00
5.916080000000000227e-01	2.158573189816136217e+00
5.957040000000000113e-01	2.492956448143268666e+00
5.993990000000000151e-01	3.561209582365416182e+00
6.030370000000000452e-01	4.330179404350671390e+00
6.069609999999999728e-01	5.095984347581047125e+00
6.115110000000000268e-01	5.418134058401899544e+00
6.168270000000000142e-01	5.494003763904448334e+00
6.227219999999999978e-01	5.021543301466865117e+00
6.289789999999999548e-01	4.685892250520391045e+00
6.353790000000000271e-01	4.408604233611845835e+00
6.417070000000000274e-01	3.964433596575129837e+00
6.478369999999999962e-01	3.970250769332790863e+00
6.538089999999999735e-01	4.247485087366550616e+00
6.596819999999999906e-01	4.217142973358318336e+00
6.655140000000000500e-01	4.377071063438237708e+00
6.713630000000000431e-01	4.322978910117580398e+00
6.772660000000000347e-01	4.307947249697377856e+00
6.832110000000000127e-01	4.044815147038440806e+00
6.891829999999999901e-01	4.193006274674229594e+00
6.951669999999999794e-01	4.012080686845686195e+00
7.011469999999999647e-01	4.334428746146442357e+00
7.071119999999999628e-01	4.203592539500701442e+00
7.130670000000000064e-01	4.376814406209367903e+00
7.190130000000000132e-01	4.840669032091372337e+00
7.249569999999999625e-01	4.953226554564241546e+00
7.309010000000000229e-01	4.910245566255282412e+00
7.368489999999999762e-01	5.237975202829211696e+00
7.428000000000000158e-01	5.218054615094493087e+00
7.487530000000000019e-01	5.300909240011140611e+00
7.547080000000000455e-01	5.452601212063179936e+00
7.606619999999999493e-01	5.480371408781235409e+00
7.666140000000000176e-01	5.489326234333639754e+00
7.725670000000000037e-01	5.974617708636209557e+00
7.785180000000000433e-01	6.209237548794052763e+00
7.844689999999999719e-01	6.425377769598910938e+00
7.904210000000000402e-01	6.838996012435378802e+00
7.963729999999999976e-01	6.803886615113421854e+00
8.023249999999999549e-01	6.789412306555344223e+00
8.082770000000000232e-01	7.102337891508765821e+00
8.142289999999999806e-01	7.446174772000060393e+00
8.201800000000000201e-01	7.781322145323324335e+00
8.261319999999999775e-01	7.877915027655018498e+00
8.320830000000000171e-01	8.641277936619633948e+00
8.380349999999999744e-01	9.260276140285807145e+00
8.439870000000000427e-01	9.720097135881426098e+00
8.499400000000000288e-01	9.927983563274075607e+00
8.558940000000000436e-01	1.015205614892641073e+01
8.618479999999999475e-01	1.041537248293028561e+01
8.678010000000000446e-01	1.035700000165785895e+01
8.737519999999999731e-01	1.018824618986306341e+01
8.797000000000000375e-01	1.049791263504342709e+01
8.856439999999999868e-01	1.073863583033641156e+01
8.915870000000000184e-01	1.125061759520581717e+01
8.975349999999999717e-01	1.152412278679670088e+01
9.034900000000000153e-01	1.225843192050030872e+01
9.094569999999999599e-01	1.284594421796177954e+01
9.154379999999999740e-01	1.337752703639804608e+01
9.214210000000000456e-01	1.402398178218289004e+01
9.273909999999999654e-01	1.463500784929499687e+01
9.333329999999999682e-01	1.525897782705463435e+01
9.392300000000000093e-01	1.529789044724484448e+01
9.450749999999999984e-01	1.552079772962682291e+01
9.509090000000000042e-01	1.510691875310708454e+01
9.567890000000000006e-01	1.477451449543679551e+01
9.627750000000000474e-01	1.441746802632176916e+01
9.689229999999999787e-01	1.387616507200895022e+01
9.752680000000000238e-01	1.362356440380113654e+01
9.816639999999999810e-01	1.307428728093129422e+01
9.878930000000000211e-01	1.282515394359691818e+01
9.937399999999999567e-01	1.225385310069563438e+01
9.989850000000000119e-01	1.203433037229080860e+01
1.003457999999999961e+00	1.141852191176862874e+01
1.007338000000000067e+00	1.113612427952401163e+01
1.010966000000000031e+00	1.090868999977274711e+01
1.014685999999999977e+00	1.071955887386613782e+01
1.018841000000000108e+00	1.068698768246187569e+01
1.023735000000000062e+00	1.025494344752331166e+01
1.029328999999999938e+00	1.012270071268153870e+01
1.035408000000000106e+00	1.022688267328627987e+01
1.041754000000000069e+00	1.020347314722919130e+01
1.048148999999999997e+00	1.030028266707288154e+01
1.054391999999999996e+00	9.971200012329079598e+00
1.060446000000000000e+00	9.818727939617568623e+00
1.066368999999999900e+00	9.833264847436458567e+00
1.072216999999999976e+00	9.605895522027626754e+00
1.078049000000000035e+00	9.720271753901807088e+00
1.083920999999999912e+00	9.936601846510665581e+00
1.089842999999999895e+00	1.025014605289788783e+01
1.095801999999999943e+00	1.050521957274599316e+01
1.101780999999999899e+00	1.045799658361927165e+01
1.107765000000000111e+00	1.059645233118122043e+01
1.113739999999999952e+00	1.053407019767796982e+01
1.119699999999999918e+00	1.012674263385094342e+01
1.125650000000000039e+00	9.670243823025344909e+00
1.131594999999999906e+00	9.424373690498294209e+00
1.137537999999999938e+00	9.157090360215903502e+00
1.143483999999999945e+00	9.135607112213486758e+00
1.149432999999999927e+00	8.801657215293300141e+00
1.155386000000000024e+00	9.234216478240679038e+00
1.161338999999999899e+00	9.418218526511786592e+00
1.167294000000000054e+00	9.825155192403988380e+00
1.173246999999999929e+00	1.037079386091408040e+01
1.179200000000000026e+00	1.065285254019907946e+01
1.185151999999999983e+00	1.132166920164146795e+01
1.191103000000000023e+00	1.177925119561694345e+01
1.197054000000000062e+00	1.224148617775060544e+01
1.203006000000000020e+00	1.273471315981375085e+01
1.208957999999999977e+00	1.329898264367669647e+01
1.214909999999999934e+00	1.370911768019717769e+01
1.220861999999999892e+00	1.359026930917025844e+01
1.226814000000000071e+00	1.394660186418584757e+01
1.232765000000000111e+00	1.388954288958356820e+01
1.238717000000000068e+00	1.383283379601132879e+01
1.244668000000000108e+00	1.374425771903119475e+01
1.250620000000000065e+00	1.366062815320955082e+01
1.256572000000000022e+00	1.340469110815548603e+01
1.262526000000000037e+00	1.327753368007504164e+01
1.268480000000000052e+00	1.325089254237284564e+01
1.274434000000000067e+00	1.334962245776653944e+01
1.280386000000000024e+00	1.355897496589155260e+01
1.286335999999999924e+00	1.361950258467472707e+01
1.292281999999999931e+00	1.372968364872477665e+01
1.298224999999999962e+00	1.383970649525416619e+01
1.304170000000000051e+00	1.400066280067612468e+01
1.310119999999999951e+00	1.404699265498348204e+01
1.316079999999999917e+00	1.418670291324769828e+01
1.322052999999999923e+00	1.406386319463018708e+01
1.328036999999999912e+00	1.418104960725940522e+01
1.334017000000000008e+00	1.418985265124840289e+01
1.339976000000000056e+00	1.414959871142065673e+01
1.345900000000000096e+00	1.419334978993819441e+01
1.351774000000000031e+00	1.437169710264132227e+01
1.357607000000000008e+00	1.442665913687301327e+01
1.363453000000000026e+00	1.483035459406570489e+01
1.369372000000000034e+00	1.500163668956478524e+01
1.375421999999999922e+00	1.539147232239828433e+01
1.381658999999999970e+00	1.536450205429468063e+01
1.388052000000000064e+00	1.602559910877550919e+01
1.394403000000000059e+00	1.638508217054080873e+01
1.400492999999999988e+00	1.678105949758366222e+01
1.406104999999999938e+00	1.710667385092977355e+01
1.411021999999999998e+00	1.719266004091898026e+01
1.415195999999999898e+00	1.695899372584348441e+01
1.418924000000000074e+00	1.713089130229704438e+01
1.422549999999999981e+00	1.684411244227214866e+01
1.426417000000000046e+00	1.659021407981535035e+01
1.430868000000000029e+00	1.619119249910516345e+01
1.436091000000000006e+00	1.588503481820143470e+01
1.441923000000000066e+00	1.580277961165224987e+01
1.448144000000000098e+00	1.578171111921363412e+01
1.454538000000000109e+00	1.568831892067361444e+01
1.460887000000000047e+00	1.585563449372746447e+01
1.467041999999999957e+00	1.616512331969652294e+01
1.473030999999999979e+00	1.633585497529547581e+01
1.478914000000000062e+00	1.652229150392189183e+01
1.484749000000000096e+00	1.687834420521308587e+01
1.490591999999999917e+00	1.731059692852121046e+01
1.496488000000000040e+00	1.753364425935836124e+01
1.502428000000000097e+00	1.801163244421956833e+01
1.508397999999999906e+00	1.832862553755006374e+01
1.514380999999999977e+00	1.834876919270265816e+01
1.520361999999999991e+00	1.870429426180499632e+01
1.526329999999999965e+00	1.912465020487078249e+01
1.532284999999999897e+00	1.925573718493982511e+01
1.538232999999999961e+00	1.933899281391521541e+01
1.544175999999999993e+00	1.931898471713895660e+01
1.550119999999999942e+00	1.968673433531736450e+01
1.556068000000000007e+00	1.919588296315924225e+01
1.562019000000000046e+00	1.912353512293316626e+01
1.567971999999999921e+00	1.920414434913811164e+01
1.573925999999999936e+00	1.884579643714934249e+01
1.579879999999999951e+00	1.890635418956041036e+01
1.585833000000000048e+00	1.887951598984962231e+01
1.591785000000000005e+00	1.919825031257486359e+01
1.597736999999999963e+00	1.955825010049452573e+01
1.603688000000000002e+00	1.997279458677637365e+01
1.609639000000000042e+00	2.016760148886513804e+01
1.615590999999999999e+00	2.047704679606612288e+01
1.621542999999999957e+00	2.068512753693106987e+01
1.627494999999999914e+00	2.083890315311343144e+01
1.633447000000000093e+00	2.081918525938501574e+01
1.639399000000000051e+00	2.099135864909075622e+01
1.645350000000000090e+00	2.083163557523675991e+01
1.651302000000000048e+00	2.081165430899398672e+01
1.657253000000000087e+00	2.051294694477757119e+01
1.663205000000000044e+00	2.053624640755498376e+01
1.669157999999999920e+00	2.052940588448644732e+01
1.675111999999999934e+00	2.082243215983927698e+01
1.681065999999999949e+00	2.086113192599102817e+01
1.687019000000000046e+00	2.137975195913606186e+01
1.692971000000000004e+00	2.155094162568773442e+01
1.698919000000000068e+00	2.207029353639088143e+01
1.704863000000000017e+00	2.242329902041434408e+01
1.710806999999999967e+00	2.275854630620888486e+01
1.716752999999999973e+00	2.319013883385897756e+01
1.722706999999999988e+00	2.362622159994965898e+01
1.728671999999999986e+00	2.409086350038866797e+01
1.734652000000000083e+00	2.463588082829138415e+01
1.740636000000000072e+00	2.542475541551086948e+01
1.746609000000000078e+00	2.603214442202129675e+01
1.752555000000000085e+00	2.649809596455418514e+01
1.758458000000000077e+00	2.661306000538147032e+01
1.764308999999999905e+00	2.683544093979924483e+01
1.770140999999999964e+00	2.664032428272944131e+01
1.776011999999999924e+00	2.649574691524674819e+01
1.781979999999999897e+00	2.598568657612889510e+01
1.788105000000000055e+00	2.554907538001922163e+01
1.794426999999999994e+00	2.521039630313732616e+01
1.800829000000000013e+00	2.509257291142066748e+01
1.807091999999999921e+00	2.523918671228535615e+01
1.813002000000000002e+00	2.520076652073947088e+01
1.818338000000000010e+00	2.535836152161420998e+01
1.822912000000000088e+00	2.542752124251243728e+01
1.826850000000000085e+00	2.568364719256281248e+01
1.830492000000000008e+00	2.622053088693742495e+01
1.834179999999999922e+00	2.714645093177888668e+01
1.838259000000000087e+00	2.726274202422158055e+01
1.843048000000000020e+00	2.798958097663023636e+01
1.848562000000000038e+00	2.879515843293869892e+01
1.854589999999999961e+00	2.952592656662044490e+01
1.860913000000000039e+00	3.038251185233813345e+01
1.867313999999999918e+00	3.110157347531961847e+01
1.873583999999999916e+00	3.176414606294660459e+01
1.879660000000000108e+00	3.211084834541981081e+01
1.885596000000000050e+00	3.248451641185108940e+01
1.891450999999999993e+00	3.270078586168796164e+01
1.897281999999999913e+00	3.278958543557856586e+01
1.903146999999999922e+00	3.270907866408627029e+01
1.909062999999999954e+00	3.249501404730560239e+01
1.915018000000000109e+00	3.236885301592624131e+01
1.920995999999999926e+00	3.223711314909188275e+01
1.926979999999999915e+00	3.200944558970834919e+01
1.932955999999999896e+00	3.183417189045336926e+01
1.938917999999999919e+00	3.199548182416772235e+01
1.944868999999999959e+00	3.217538448329050027e+01
1.950814000000000048e+00	3.234859263377069993e+01
1.956757999999999997e+00	3.245549039266528268e+01
1.962703000000000086e+00	3.310644094304328888e+01
1.968652000000000069e+00	3.336491914956400251e+01
1.974604000000000026e+00	3.394454526370698488e+01
1.980558000000000041e+00	3.438549730408644933e+01
1.986512000000000056e+00	3.482207595550118384e+01
1.992466000000000070e+00	3.512672027401732322e+01
1.998418000000000028e+00	3.576561265366110831e+01
2.004370000000000207e+00	3.619591906657937130e+01
2.010321999999999942e+00	3.694102548335704483e+01
2.016272999999999982e+00	3.779034958520721688e+01
2.022224000000000022e+00	3.827456331005328849e+01
2.028176000000000201e+00	3.875586888227441307e+01
2.034127999999999936e+00	3.936407560874101819e+01
2.040080000000000116e+00	3.974989164012282572e+01
2.046031999999999851e+00	3.996966635861725337e+01
2.051984000000000030e+00	4.016418116061890231e+01
2.057935000000000070e+00	3.980344122446185651e+01
2.063886999999999805e+00	3.969726210094714958e+01
2.069837999999999845e+00	3.923516115999506582e+01
2.075791000000000164e+00	3.899209521088376107e+01
2.081744000000000039e+00	3.886375906249637069e+01
2.087698000000000054e+00	3.916417187549071599e+01
2.093652000000000069e+00	3.926586621227035323e+01
2.099604999999999944e+00	4.013609549580746005e+01
2.105554999999999843e+00	4.037652953127079769e+01
2.111501000000000072e+00	4.075686799663834137e+01
2.117445000000000022e+00	4.076750725306577294e+01
2.123388999999999971e+00	4.094136694861997228e+01
2.129338000000000175e+00	4.075401901067116484e+01
2.135295999999999861e+00	4.104288128768312305e+01
2.141268000000000171e+00	4.149769477433439135e+01
2.147250999999999799e+00	4.203896201936525046e+01
2.153232000000000035e+00	4.239369974073497360e+01
2.159196000000000115e+00	4.329634017226195652e+01
2.165125000000000188e+00	4.378661853888075939e+01
2.171006000000000213e+00	4.397246936557742458e+01
2.176841000000000026e+00	4.371560556939856212e+01
2.182682999999999929e+00	4.320042558387001463e+01
2.188588999999999896e+00	4.278042241295754877e+01
2.194618000000000180e+00	4.188837014836765604e+01
2.200828000000000007e+00	4.098964486398152474e+01
2.207209999999999894e+00	3.998873553091812738e+01
2.213579000000000185e+00	3.935905145885583067e+01
2.219714999999999883e+00	3.853860741055448358e+01
2.225403000000000020e+00	3.790898210010273317e+01
2.230423000000000044e+00	3.784688778336841608e+01
2.234681000000000139e+00	3.774782191440125700e+01
2.238447999999999993e+00	3.836619837960826374e+01
2.242068000000000172e+00	3.899122219196675587e+01
2.245884000000000214e+00	4.007574502855236176e+01
2.250237999999999960e+00	4.117546899618336198e+01
2.255365999999999982e+00	4.244380331540628504e+01
2.261130000000000084e+00	4.358676114059502993e+01
2.267313000000000134e+00	4.469197954325249356e+01
2.273696000000000161e+00	4.565225529308404617e+01
2.280063999999999869e+00	4.590810457974507841e+01
2.286243999999999943e+00	4.593052783337672196e+01
2.292251999999999956e+00	4.571478782158672516e+01
2.298146000000000022e+00	4.535225157153656284e+01
2.303983000000000114e+00	4.469327737965479486e+01
2.309822000000000042e+00	4.404617644323467118e+01
2.315710999999999853e+00	4.380808101392094756e+01
2.321645999999999876e+00	4.327960379611158004e+01
2.327612999999999932e+00	4.297427821414916593e+01
2.333594999999999864e+00	4.303399023121958322e+01
2.339576999999999796e+00	4.245461329116508153e+01
2.345546999999999827e+00	4.217780816227705287e+01
2.351503999999999817e+00	4.180222222851249114e+01
2.357451999999999881e+00	4.102489205346962819e+01
2.363395999999999830e+00	4.067855284244178193e+01
2.369339000000000084e+00	4.015605733758025053e+01
2.375286000000000008e+00	4.003533768317280561e+01
2.381237000000000048e+00	4.010930690250206965e+01
2.387189999999999923e+00	4.002478518494004334e+01
2.393143999999999938e+00	4.019044629254446477e+01
2.399097999999999953e+00	4.054022838222822145e+01
2.405050999999999828e+00	4.073337719749511621e+01
2.411004000000000147e+00	4.114871089355973766e+01
2.416955999999999882e+00	4.150904405232584793e+01
2.422906999999999922e+00	4.194974754743904555e+01
2.428857999999999961e+00	4.212494638960442472e+01
2.434809000000000001e+00	4.215635404810829101e+01
2.440760000000000041e+00	4.224094627888814557e+01
2.446712000000000220e+00	4.205335265678137091e+01
2.452663999999999955e+00	4.186179853537557705e+01
2.458616999999999830e+00	4.144419418736798377e+01
2.464570999999999845e+00	4.161039284777137937e+01
2.470524999999999860e+00	4.135128275556742494e+01
2.476478000000000179e+00	4.158461159165059939e+01
2.482429999999999914e+00	4.200744579219280439e+01
2.488377999999999979e+00	4.231202570877876923e+01
2.494323000000000068e+00	4.279179325246103360e+01
2.500265999999999877e+00	4.351799199885475389e+01
2.506212000000000106e+00	4.426731637925285412e+01
2.512164999999999981e+00	4.445841016386273026e+01
2.518129000000000062e+00	4.426383039712089129e+01
2.524108000000000018e+00	4.377151243106614942e+01
2.530091999999999786e+00	4.274719558999235858e+01
2.536067000000000071e+00	4.148077146427389295e+01
2.542015999999999831e+00	3.987781454217982002e+01
2.547924000000000078e+00	3.804784979625075181e+01
2.553779000000000021e+00	3.683236361196494357e+01
2.559610000000000163e+00	3.523025215671592036e+01
2.565475000000000172e+00	3.415162033049378465e+01
2.571432000000000162e+00	3.322412731390354423e+01
2.577539999999999942e+00	3.232550560571800702e+01
2.583845999999999865e+00	3.151952020533073195e+01
2.590249000000000024e+00	3.118231208204051086e+01
2.596534000000000120e+00	3.088321676322685505e+01
2.602485000000000159e+00	3.098638703550896878e+01
2.607883000000000173e+00	3.123996118604254235e+01
2.612527000000000044e+00	3.131463468433732444e+01
2.616509000000000196e+00	3.190327443252350292e+01
2.620163999999999938e+00	3.234271810891493715e+01
2.623834000000000000e+00	3.351860361335850769e+01
2.627863000000000060e+00	3.441839522610137436e+01
2.632579999999999920e+00	3.584085170123339736e+01
2.638037000000000187e+00	3.751359016803622382e+01
2.644026000000000209e+00	3.890609256555588757e+01
2.650332000000000132e+00	4.003719946273742636e+01
2.656734000000000151e+00	4.035232868267861051e+01
2.663022999999999918e+00	3.987713254263437079e+01
2.669115000000000126e+00	3.844236670288554336e+01
2.675060999999999911e+00	3.654831101596097653e+01
2.680919999999999970e+00	3.394906049728932373e+01
2.686751000000000111e+00	3.119834648977607472e+01
2.692610999999999866e+00	2.871713939809413318e+01
2.698523999999999923e+00	2.609579545303676795e+01
2.704476000000000102e+00	2.361956005299717631e+01
2.710452000000000083e+00	2.089950658918812465e+01
2.716435999999999851e+00	1.800045956005619985e+01
2.722412999999999972e+00	1.463861332818215644e+01
2.728375999999999912e+00	1.118081727011807303e+01
2.734328000000000092e+00	7.234805131894043839e+00
2.740273999999999877e+00	4.200820589815045025e+00
2.746217000000000130e+00	1.789130760218205385e+00
2.752162000000000219e+00	4.809111160265144846e-01
2.758110999999999979e+00	3.953297831576377819e-01
2.764063000000000159e+00	1.288206378752748238e+00
2.770016000000000034e+00	2.911564188251449803e+00
2.775971000000000188e+00	5.271171340107838610e+00
2.781924000000000063e+00	7.696678488863410550e+00
2.787876999999999938e+00	1.035289979953292061e+01
2.793829000000000118e+00	1.263923541269901918e+01
2.799780999999999853e+00	1.423108538607890594e+01
2.805731999999999893e+00	1.480696523679277377e+01
2.811682999999999932e+00	1.438211793337601208e+01
2.817635000000000112e+00	1.250941487090933890e+01
2.823586999999999847e+00	1.002741189897356655e+01
2.829539000000000026e+00	6.967472355056554711e+00
2.835491000000000206e+00	4.439084357009423165e+00
2.841442999999999941e+00	2.899599546686476792e+00
2.847395000000000120e+00	2.426646994705405902e+00
2.853346999999999856e+00	2.905173161496869660e+00
2.859299000000000035e+00	4.132116489392802627e+00
2.865251000000000214e+00	6.017327424848701867e+00
2.871201999999999810e+00	8.119620173770561777e+00
2.877153999999999989e+00	1.098910631273470173e+01
2.883106000000000169e+00	1.416125459916305651e+01
2.889057999999999904e+00	1.832601799534465670e+01
2.895010000000000083e+00	2.389515984111401181e+01
2.900961999999999819e+00	3.103183969459621849e+01
2.906913999999999998e+00	3.956876300714375105e+01
2.912866000000000177e+00	4.774124308547735751e+01
2.918817999999999913e+00	5.339507508715928452e+01
2.924770000000000092e+00	5.488601386427560413e+01
2.930721000000000132e+00	4.988335397111294611e+01
2.936672999999999867e+00	3.785002828604175562e+01
2.942625000000000046e+00	2.146853247169483581e+01
2.948576999999999781e+00	3.669809967601387779e+00
2.954528999999999961e+00	-1.196522026958415275e+01
2.960481000000000140e+00	-2.240661071184686648e+01
2.966432999999999875e+00	-2.532021295663185612e+01
2.972385000000000055e+00	-2.199872562626930161e+01
2.978336999999999790e+00	-1.414260174523847802e+01
2.984288999999999970e+00	-3.648758401106930283e+00
2.990240000000000009e+00	7.461612611147684149e+00
2.996192000000000188e+00	1.795586466534128789e+01
3.002143999999999924e+00	2.520434661875356142e+01
3.008096000000000103e+00	2.776073370694428277e+01
3.014047999999999838e+00	2.402843836610308514e+01
3.020000000000000018e+00	1.192883497453027886e+01
