1.199999999999999956e-01	-2.747367266694865084e-01
1.249780000000000058e-01	5.409355849639801983e-01
1.305999999999999939e-01	4.848250954152520942e-01
1.367059999999999942e-01	1.116996743699960160e+00
1.431360000000000132e-01	7.347098030660076384e-01
1.497320000000000040e-01	1.624614713086612205e+00
1.563350000000000017e-01	1.832781873684250051e+00
1.627850000000000130e-01	1.795151795447462062e+00
1.689219999999999888e-01	1.675463720082101426e+00
1.745889999999999942e-01	1.770280866435584022e+00
1.796250000000000069e-01	1.573781082962409261e+00
1.839349999999999874e-01	1.772217749118681684e+00
1.877439999999999942e-01	2.125835467939366730e+00
1.913779999999999926e-01	1.636110148327449831e+00
1.951660000000000061e-01	1.925406470415116367e+00
1.994340000000000002e-01	1.938880571645880346e+00
2.044499999999999929e-01	7.895642127570895452e-01
2.101250000000000062e-01	1.524422808879045022e+00
2.162479999999999958e-01	5.673517626246162848e-01
2.226049999999999973e-01	2.018253905299092765e-01
2.289819999999999911e-01	5.116848536120532920e-02
2.351930000000000132e-01	4.978389504179062119e-02
2.412249999999999950e-01	6.400344515531705691e-02
2.471349999999999936e-01	2.248462257328293079e-01
2.529799999999999827e-01	4.339295299250826021e-01
2.588170000000000193e-01	7.679127837143209234e-01
2.646970000000000156e-01	1.008755444760242037e+00
2.706259999999999777e-01	1.653468498993582392e+00
2.765880000000000005e-01	6.884300646054841710e-01
2.825679999999999858e-01	1.300531954537144097e+00
2.885510000000000019e-01	1.305727630597295574e+00
2.945229999999999793e-01	1.440562983866430891e+00
3.004809999999999981e-01	1.758231011630269958e+00
3.064310000000000089e-01	2.532360064198096339e+00
3.123750000000000138e-01	1.412205167178429921e+00
3.183190000000000186e-01	2.080622999862069555e+00
3.242650000000000254e-01	2.304879429071206687e+00
3.302149999999999808e-01	8.443249015619396225e-01
3.361680000000000224e-01	9.093631346196588972e-01
3.421210000000000084e-01	1.503962288689542959e+00
3.480759999999999965e-01	2.429935327931901590e+00
3.540289999999999826e-01	8.989388730392912086e-01
3.599809999999999954e-01	1.126638845030304426e+00
3.659330000000000083e-01	1.402280289749599618e+00
3.718839999999999923e-01	1.407009330241761669e+00
3.778360000000000052e-01	1.791332106805519242e+00
3.837869999999999893e-01	1.339882719279445134e+00
3.897390000000000021e-01	1.634617936702944085e+00
3.956910000000000149e-01	1.911469181179164423e+00
4.016429999999999723e-01	2.118898156557103452e+00
4.075949999999999851e-01	2.336546828840297074e+00
4.135469999999999979e-01	1.698508333607145593e+00
4.194979999999999820e-01	1.224795019646731209e+00
4.254499999999999948e-01	1.399300803136510840e+00
4.314009999999999789e-01	1.361201008917666933e+00
4.373540000000000205e-01	4.905575509663429035e-01
4.433079999999999798e-01	4.744151950773606297e-02
4.492619999999999947e-01	5.012107740626994268e-01
4.552160000000000095e-01	1.111565281891573775e+00
4.611680000000000224e-01	1.105642732489224178e+00
4.671170000000000044e-01	1.313144951809151362e+00
4.730619999999999825e-01	1.270725262813653833e+00
4.790059999999999873e-01	1.190498483419638820e+00
4.849510000000000209e-01	1.608016833554727132e+00
4.909020000000000050e-01	7.168030479732396820e-01
4.968629999999999991e-01	1.576996445520077117e+00
5.028390000000000359e-01	2.227827360066984230e+00
5.088230000000000253e-01	2.450628548565023657e+00
5.148009999999999531e-01	2.798682917214563304e+00
5.207570000000000254e-01	2.241136839409895387e+00
5.266750000000000043e-01	2.166429766618533925e+00
5.325410000000000421e-01	3.598809981038039396e+00
5.383719999999999617e-01	2.503731385278016308e+00
5.442249999999999588e-01	2.410822520393056667e+00
5.501580000000000359e-01	2.982285874515577362e+00
5.562289999999999734e-01	2.342862171870288890e+00
5.624930000000000208e-01	2.207665743862869068e+00
5.688929999999999820e-01	1.798713876785357879e+00
5.752220000000000111e-01	1.987154679264691914e+00
5.812610000000000277e-01	1.559530305866834166e+00
5.867949999999999555e-01	2.124306404983892005e+00
5.916080000000000227e-01	1.822328881409720713e+00
5.957040000000000113e-01	3.100144346543107332e+00
5.993990000000000151e-01	3.317272503890249968e+00
6.030370000000000452e-01	3.767085918452116378e+00
6.069609999999999728e-01	3.528705612379149592e+00
6.115110000000000268e-01	3.024175260857991709e+00
6.168270000000000142e-01	3.808213725350882761e+00
6.227219999999999978e-01	3.845797968795534150e+00
6.289789999999999548e-01	4.078406498583414752e+00
6.353790000000000271e-01	4.552724072619428242e+00
6.417070000000000274e-01	3.960050011643282186e+00
6.478369999999999962e-01	3.446261425078172458e+00
6.538089999999999735e-01	4.213493919327138570e+00
6.596819999999999906e-01	4.107853527890767964e+00
6.655140000000000500e-01	3.291477966719136727e+00
6.713630000000000431e-01	3.935420254114197824e+00
6.772660000000000347e-01	3.188728334896140826e+00
6.832110000000000127e-01	4.002334219106279178e+00
6.891829999999999901e-01	4.856403366923462528e+00
6.951669999999999794e-01	4.809985069011742276e+00
7.011469999999999647e-01	5.129371695502530137e+00
7.071119999999999628e-01	4.689918577593075177e+00
7.130670000000000064e-01	5.305747939598296270e+00
7.190130000000000132e-01	5.343756746916695555e+00
7.249569999999999625e-01	6.220970717843826492e+00
7.309010000000000229e-01	5.519997342106096383e+00
7.368489999999999762e-01	5.255444985826043691e+00
7.428000000000000158e-01	4.994639251897107002e+00
7.487530000000000019e-01	4.424814820844312990e+00
7.547080000000000455e-01	5.217638262207222155e+00
7.606619999999999493e-01	5.065703188939914448e+00
7.666140000000000176e-01	5.165255596188488951e+00
7.725670000000000037e-01	5.891271435391163713e+00
7.785180000000000433e-01	6.522928570145884564e+00
7.844689999999999719e-01	7.137424918754774694e+00
7.904210000000000402e-01	7.199779961023753394e+00
7.963729999999999976e-01	7.382737132701917560e+00
8.023249999999999549e-01	6.148234044453548819e+00
8.082770000000000232e-01	6.236177116543596632e+00
8.142289999999999806e-01	6.413716737337634477e+00
8.201800000000000201e-01	6.863004351292208760e+00
8.261319999999999775e-01	7.280183502344073077e+00
8.320830000000000171e-01	6.827452983413224707e+00
8.380349999999999744e-01	8.282147025749871716e+00
8.439870000000000427e-01	9.625690331667037469e+00
8.499400000000000288e-01	1.032233819527902874e+01
8.558940000000000436e-01	1.107471293388190681e+01
8.618479999999999475e-01	1.081779005383664227e+01
8.678010000000000446e-01	1.097079646321100022e+01
8.737519999999999731e-01	1.097165490144019273e+01
8.797000000000000375e-01	1.209962136000011412e+01
8.856439999999999868e-01	1.120875175698422588e+01
8.915870000000000184e-01	1.218831533191581862e+01
8.975349999999999717e-01	1.189963453161088403e+01
9.034900000000000153e-01	1.164803225270574316e+01
9.094569999999999599e-01	1.230160058484010577e+01
9.154379999999999740e-01	1.168531562009586544e+01
9.214210000000000456e-01	1.252780210156489638e+01
9.273909999999999654e-01	1.315734113665056171e+01
9.333329999999999682e-01	1.336956876903594527e+01
9.392300000000000093e-01	1.399365314331977395e+01
9.450749999999999984e-01	1.459623701620236247e+01
9.509090000000000042e-01	1.409899804636399878e+01
9.567890000000000006e-01	1.398190919587518799e+01
9.627750000000000474e-01	1.437050354728339840e+01
9.689229999999999787e-01	1.397144948073005288e+01
9.752680000000000238e-01	1.354754716303022732e+01
9.816639999999999810e-01	1.245814973093676414e+01
9.878930000000000211e-01	1.208068694496355100e+01
9.937399999999999567e-01	1.203891044652708864e+01
9.989850000000000119e-01	1.135581937160595523e+01
1.003457999999999961e+00	1.151569206011649804e+01
1.007338000000000067e+00	1.055613236110618836e+01
1.010966000000000031e+00	1.038540268384092791e+01
1.014685999999999977e+00	1.043488174331181284e+01
1.018841000000000108e+00	9.323676735556126971e+00
1.023735000000000062e+00	1.033838498172151077e+01
1.029328999999999938e+00	1.013645720330445954e+01
1.035408000000000106e+00	8.734622662175249630e+00
1.041754000000000069e+00	7.264758366718062632e+00
1.048148999999999997e+00	8.878103213520073922e+00
1.054391999999999996e+00	8.404878178856797888e+00
1.060446000000000000e+00	8.413327789785386202e+00
1.066368999999999900e+00	9.227548743948970511e+00
1.072216999999999976e+00	9.978187703764781702e+00
1.078049000000000035e+00	9.850900535966873761e+00
1.083920999999999912e+00	1.026777240285828796e+01
1.089842999999999895e+00	9.232789534683949029e+00
1.095801999999999943e+00	9.367203769620349618e+00
1.101780999999999899e+00	1.033058067159627846e+01
1.107765000000000111e+00	9.672256309468872715e+00
1.113739999999999952e+00	1.020553466411621990e+01
1.119699999999999918e+00	1.017828643791710874e+01
1.125650000000000039e+00	9.789663043800329589e+00
1.131594999999999906e+00	1.027564505111867987e+01
1.137537999999999938e+00	9.722155994947730306e+00
1.143483999999999945e+00	1.032648010990715370e+01
1.149432999999999927e+00	1.071126036960863814e+01
1.155386000000000024e+00	1.020137137690301188e+01
1.161338999999999899e+00	1.011072590384240577e+01
1.167294000000000054e+00	1.085770423807538521e+01
1.173246999999999929e+00	1.084152310385739426e+01
1.179200000000000026e+00	1.075846643033077576e+01
1.185151999999999983e+00	1.117343933441502024e+01
1.191103000000000023e+00	1.211580436101425207e+01
1.197054000000000062e+00	1.204793729727439100e+01
1.203006000000000020e+00	1.265144969649776385e+01
1.208957999999999977e+00	1.258012005103143061e+01
1.214909999999999934e+00	1.346824410962709706e+01
1.220861999999999892e+00	1.220611283710923800e+01
1.226814000000000071e+00	1.355040294333756101e+01
1.232765000000000111e+00	1.265272872652600000e+01
1.238717000000000068e+00	1.262892012943942888e+01
1.244668000000000108e+00	1.216967378406676303e+01
1.250620000000000065e+00	1.169538847695255157e+01
1.256572000000000022e+00	1.150634572239501630e+01
1.262526000000000037e+00	1.170443044070850114e+01
1.268480000000000052e+00	1.159865183412168932e+01
1.274434000000000067e+00	1.181464553628548764e+01
1.280386000000000024e+00	1.257740832260355113e+01
1.286335999999999924e+00	1.301728786786694947e+01
1.292281999999999931e+00	1.320176235472308335e+01
1.298224999999999962e+00	1.259407160266818337e+01
1.304170000000000051e+00	1.315778675782542351e+01
1.310119999999999951e+00	1.383867786373195408e+01
1.316079999999999917e+00	1.488871320699988843e+01
1.322052999999999923e+00	1.491184083017531314e+01
1.328036999999999912e+00	1.471490945886672819e+01
1.334017000000000008e+00	1.446272051541109249e+01
1.339976000000000056e+00	1.469252159612245201e+01
1.345900000000000096e+00	1.558313593616655268e+01
1.351774000000000031e+00	1.501860723976393963e+01
1.357607000000000008e+00	1.534159883467697050e+01
1.363453000000000026e+00	1.515520196745409720e+01
1.369372000000000034e+00	1.579695744884648256e+01
1.375421999999999922e+00	1.585282903869561544e+01
1.381658999999999970e+00	1.591355132727927923e+01
1.388052000000000064e+00	1.543542208424176110e+01
1.394403000000000059e+00	1.651559615966356276e+01
1.400492999999999988e+00	1.632163364937080630e+01
1.406104999999999938e+00	1.609783742182638377e+01
1.411021999999999998e+00	1.671456773004778285e+01
1.415195999999999898e+00	1.558242185392608370e+01
1.418924000000000074e+00	1.550615808217052560e+01
1.422549999999999981e+00	1.568413005458260123e+01
1.426417000000000046e+00	1.573673207369690452e+01
1.430868000000000029e+00	1.667512038313786249e+01
1.436091000000000006e+00	1.637472942881468541e+01
1.441923000000000066e+00	1.665443470997022857e+01
1.448144000000000098e+00	1.668237664327597258e+01
1.454538000000000109e+00	1.744521816650268420e+01
1.460887000000000047e+00	1.789030930728790025e+01
1.467041999999999957e+00	1.726120841360052083e+01
1.473030999999999979e+00	1.851439875410146030e+01
1.478914000000000062e+00	1.811992231502145856e+01
1.484749000000000096e+00	1.753983764556792480e+01
1.490591999999999917e+00	1.897481122464448688e+01
1.496488000000000040e+00	1.832217800118188578e+01
1.502428000000000097e+00	1.814396885617244948e+01
1.508397999999999906e+00	1.901969344251252991e+01
1.514380999999999977e+00	1.848798684622983757e+01
1.520361999999999991e+00	1.980658312439078017e+01
1.526329999999999965e+00	1.871896152818577619e+01
1.532284999999999897e+00	1.847249367827058109e+01
1.538232999999999961e+00	1.860148205022723644e+01
1.544175999999999993e+00	1.845913863279056244e+01
1.550119999999999942e+00	1.875513946472675642e+01
1.556068000000000007e+00	1.841450211202848308e+01
1.562019000000000046e+00	1.924519528529777546e+01
1.567971999999999921e+00	1.988402008410937682e+01
1.573925999999999936e+00	1.934880877827844614e+01
1.579879999999999951e+00	2.052076768486289637e+01
1.585833000000000048e+00	1.898408871795878028e+01
1.591785000000000005e+00	2.016978050271113077e+01
1.597736999999999963e+00	1.993040792818401030e+01
1.603688000000000002e+00	1.974271099483805969e+01
1.609639000000000042e+00	2.014133019013763359e+01
1.615590999999999999e+00	2.117837450480838513e+01
1.621542999999999957e+00	2.111502411633659193e+01
1.627494999999999914e+00	2.098980228797095293e+01
1.633447000000000093e+00	2.184327723920831588e+01
1.639399000000000051e+00	2.129769315863395462e+01
1.645350000000000090e+00	2.211021441357427975e+01
1.651302000000000048e+00	2.220837693618263131e+01
1.657253000000000087e+00	2.290688403050576483e+01
1.663205000000000044e+00	2.230017134217629149e+01
1.669157999999999920e+00	2.225928069579119395e+01
1.675111999999999934e+00	2.228474114106280624e+01
1.681065999999999949e+00	2.230225131069898836e+01
1.687019000000000046e+00	2.221710009596766255e+01
1.692971000000000004e+00	2.274892173573916665e+01
1.698919000000000068e+00	2.208949996601641885e+01
1.704863000000000017e+00	2.362482669120511858e+01
1.710806999999999967e+00	2.271885787309474480e+01
1.716752999999999973e+00	2.207416259403730407e+01
1.722706999999999988e+00	2.194547140728886347e+01
1.728671999999999986e+00	2.304353121888503608e+01
1.734652000000000083e+00	2.340896891016001646e+01
1.740636000000000072e+00	2.259409628336943143e+01
1.746609000000000078e+00	2.308128711143781331e+01
1.752555000000000085e+00	2.411120326509250589e+01
1.758458000000000077e+00	2.434882271450208790e+01
1.764308999999999905e+00	2.516890236101928480e+01
1.770140999999999964e+00	2.566553639071483772e+01
1.776011999999999924e+00	2.596099391472193574e+01
1.781979999999999897e+00	2.620609048905155092e+01
1.788105000000000055e+00	2.632376478469256043e+01
1.794426999999999994e+00	2.637740001830290026e+01
1.800829000000000013e+00	2.587085117969528980e+01
1.807091999999999921e+00	2.687889937253060424e+01
1.813002000000000002e+00	2.685790188355462860e+01
1.818338000000000010e+00	2.689304996045997953e+01
1.822912000000000088e+00	2.681463761552810965e+01
1.826850000000000085e+00	2.751195127476247748e+01
1.830492000000000008e+00	2.686544496975274399e+01
1.834179999999999922e+00	2.771828050376389996e+01
1.838259000000000087e+00	2.762543810586211634e+01
1.843048000000000020e+00	2.816337722740068727e+01
1.848562000000000038e+00	2.845402150658270557e+01
1.854589999999999961e+00	2.886976285451135027e+01
1.860913000000000039e+00	2.880051352610042770e+01
1.867313999999999918e+00	2.864072385972025714e+01
1.873583999999999916e+00	2.979400812877895532e+01
1.879660000000000108e+00	2.919407377895477751e+01
1.885596000000000050e+00	3.090580008772573350e+01
1.891450999999999993e+00	3.157542546909781223e+01
1.897281999999999913e+00	3.108634914286885476e+01
1.903146999999999922e+00	3.207587572212609928e+01
1.909062999999999954e+00	3.154476768605351111e+01
1.915018000000000109e+00	3.105267206491016907e+01
1.920995999999999926e+00	3.127183737973547295e+01
1.926979999999999915e+00	3.107729397050225373e+01
1.932955999999999896e+00	3.124247097046859167e+01
1.938917999999999919e+00	3.167964348516463602e+01
1.944868999999999959e+00	3.162811679614083005e+01
1.950814000000000048e+00	3.206459870871502460e+01
1.956757999999999997e+00	3.262089298644058033e+01
1.962703000000000086e+00	3.333859751549216099e+01
1.968652000000000069e+00	3.338665988666045337e+01
1.974604000000000026e+00	3.383801311167974291e+01
1.980558000000000041e+00	3.516861490486576258e+01
1.986512000000000056e+00	3.532838506993585526e+01
1.992466000000000070e+00	3.533068044867123803e+01
1.998418000000000028e+00	3.673376695194662744e+01
2.004370000000000207e+00	3.674209161585905292e+01
2.010321999999999942e+00	3.680957102295181471e+01
2.016272999999999982e+00	3.832966158234435738e+01
2.022224000000000022e+00	3.818423185677555409e+01
2.028176000000000201e+00	3.840833342064018296e+01
2.034127999999999936e+00	3.988860214163950246e+01
2.040080000000000116e+00	3.891852473168489013e+01
2.046031999999999851e+00	3.951743518281369205e+01
2.051984000000000030e+00	3.975447681878426209e+01
2.057935000000000070e+00	3.930616836513203083e+01
2.063886999999999805e+00	3.993950296048605964e+01
2.069837999999999845e+00	3.926073467671683659e+01
2.075791000000000164e+00	3.962808307376360517e+01
2.081744000000000039e+00	3.938390541922282750e+01
2.087698000000000054e+00	3.925711748631440656e+01
2.093652000000000069e+00	4.045114660194972345e+01
2.099604999999999944e+00	4.000013778435771883e+01
2.105554999999999843e+00	4.058628088989292593e+01
2.111501000000000072e+00	4.067244489232226101e+01
2.117445000000000022e+00	4.096258511521654810e+01
2.123388999999999971e+00	4.194853401705649532e+01
2.129338000000000175e+00	4.236792156411444665e+01
2.135295999999999861e+00	4.283718620762898155e+01
2.141268000000000171e+00	4.254090242758108076e+01
2.147250999999999799e+00	4.360652352544493482e+01
2.153232000000000035e+00	4.360878873047918347e+01
2.159196000000000115e+00	4.381943967803611173e+01
2.165125000000000188e+00	4.389892259806402564e+01
2.171006000000000213e+00	4.437503506528369712e+01
2.176841000000000026e+00	4.368859091616899093e+01
2.182682999999999929e+00	4.318316971101475588e+01
2.188588999999999896e+00	4.221073510501113901e+01
2.194618000000000180e+00	4.143722050051412964e+01
2.200828000000000007e+00	4.047816119488494735e+01
2.207209999999999894e+00	4.023695193626265620e+01
2.213579000000000185e+00	3.939784308776891208e+01
2.219714999999999883e+00	3.902022399024669141e+01
2.225403000000000020e+00	3.896709710989923536e+01
2.230423000000000044e+00	3.906207896533073409e+01
2.234681000000000139e+00	3.950952829959030055e+01
2.238447999999999993e+00	3.915920763614681022e+01
2.242068000000000172e+00	4.013919477045360651e+01
2.245884000000000214e+00	4.014945387746443828e+01
2.250237999999999960e+00	4.110939954127756835e+01
2.255365999999999982e+00	4.190059587215735348e+01
2.261130000000000084e+00	4.283693889548484890e+01
2.267313000000000134e+00	4.295156087235961451e+01
2.273696000000000161e+00	4.350465208751870705e+01
2.280063999999999869e+00	4.420672970611123276e+01
2.286243999999999943e+00	4.462670658840284688e+01
2.292251999999999956e+00	4.448803435596192912e+01
2.298146000000000022e+00	4.452792228338864078e+01
2.303983000000000114e+00	4.451223015525798843e+01
2.309822000000000042e+00	4.345866441919655188e+01
2.315710999999999853e+00	4.372620973697576829e+01
2.321645999999999876e+00	4.364382678025452122e+01
2.327612999999999932e+00	4.289048700377786361e+01
2.333594999999999864e+00	4.193438155393848632e+01
2.339576999999999796e+00	4.203032927056079160e+01
2.345546999999999827e+00	4.198690735093927628e+01
2.351503999999999817e+00	4.078412111643601889e+01
2.357451999999999881e+00	4.192951033700474284e+01
2.363395999999999830e+00	4.198870941166675408e+01
2.369339000000000084e+00	4.169052479743130135e+01
2.375286000000000008e+00	4.124335842588622114e+01
2.381237000000000048e+00	4.148105640800333305e+01
2.387189999999999923e+00	4.224368982804719508e+01
2.393143999999999938e+00	4.198625188128623620e+01
2.399097999999999953e+00	4.119403876476798843e+01
2.405050999999999828e+00	4.129891936050531598e+01
2.411004000000000147e+00	4.145825288792183017e+01
2.416955999999999882e+00	4.141007074103249863e+01
2.422906999999999922e+00	4.112255936870466400e+01
2.428857999999999961e+00	4.081245598068464631e+01
2.434809000000000001e+00	4.133078251267740910e+01
2.440760000000000041e+00	4.054487441440768691e+01
2.446712000000000220e+00	4.191583900212592084e+01
2.452663999999999955e+00	4.163278329996315819e+01
2.458616999999999830e+00	4.211503691785839720e+01
2.464570999999999845e+00	4.219068437487452883e+01
2.470524999999999860e+00	4.283972236766337716e+01
2.476478000000000179e+00	4.409001187503194075e+01
2.482429999999999914e+00	4.433696143325613548e+01
2.488377999999999979e+00	4.448276063985827733e+01
2.494323000000000068e+00	4.457977861411293929e+01
2.500265999999999877e+00	4.452255010074100738e+01
2.506212000000000106e+00	4.481296089312596109e+01
2.512164999999999981e+00	4.499767989605697238e+01
2.518129000000000062e+00	4.428842874296465482e+01
2.524108000000000018e+00	4.381621141007316567e+01
2.530091999999999786e+00	4.300791678712685950e+01
2.536067000000000071e+00	4.092859971982797163e+01
2.542015999999999831e+00	3.899598954478858559e+01
2.547924000000000078e+00	3.814528852154537475e+01
2.553779000000000021e+00	3.736617532852442736e+01
2.559610000000000163e+00	3.540122560616148206e+01
2.565475000000000172e+00	3.322478371286506160e+01
2.571432000000000162e+00	3.285745075103653789e+01
2.577539999999999942e+00	3.179640788781410166e+01
2.583845999999999865e+00	3.140828608382973641e+01
2.590249000000000024e+00	3.136698038802020960e+01
2.596534000000000120e+00	3.156067777877790803e+01
2.602485000000000159e+00	3.126474131974907777e+01
2.607883000000000173e+00	3.125153033539702818e+01
2.612527000000000044e+00	3.194891303983957442e+01
2.616509000000000196e+00	3.251456913523319514e+01
2.620163999999999938e+00	3.310827203852354472e+01
2.623834000000000000e+00	3.471829377179581400e+01
2.627863000000000060e+00	3.478292835887550183e+01
2.632579999999999920e+00	3.625691731506638149e+01
2.638037000000000187e+00	3.729714924300461121e+01
2.644026000000000209e+00	3.872150894980372726e+01
2.650332000000000132e+00	3.932609899300405232e+01
2.656734000000000151e+00	3.971997094329152134e+01
2.663022999999999918e+00	3.950876804104360929e+01
2.669115000000000126e+00	3.803276297809741635e+01
2.675060999999999911e+00	3.556630703022479167e+01
2.680919999999999970e+00	3.310077707737642783e+01
2.686751000000000111e+00	3.115717247605468998e+01
2.692610999999999866e+00	2.819429741534152711e+01
2.698523999999999923e+00	2.581594891990681973e+01
2.704476000000000102e+00	2.261725605969392561e+01
2.710452000000000083e+00	2.030886229486342387e+01
2.716435999999999851e+00	1.752535204222169085e+01
2.722412999999999972e+00	1.444026571137546888e+01
2.728375999999999912e+00	1.085231295739251145e+01
2.734328000000000092e+00	7.658115688311474045e+00
2.740273999999999877e+00	4.421332902057049985e+00
2.746217000000000130e+00	1.292106939460824666e+00
2.752162000000000219e+00	-1.136967188807379292e-01
2.758110999999999979e+00	5.243081598750871930e-02
2.764063000000000159e+00	1.293132800947503380e+00
2.770016000000000034e+00	2.729655216455884936e+00
2.775971000000000188e+00	4.314284527372132416e+00
2.781924000000000063e+00	7.208127006536793502e+00
2.787876999999999938e+00	1.051729329403806901e+01
2.793829000000000118e+00	1.253951731442619355e+01
2.799780999999999853e+00	1.500583947882441294e+01
2.805731999999999893e+00	1.619162264761935432e+01
2.811682999999999932e+00	1.545965971122131855e+01
2.817635000000000112e+00	1.425910386489011472e+01
2.823586999999999847e+00	1.078024529403952414e+01
2.829539000000000026e+00	8.014037613680439875e+00
2.835491000000000206e+00	4.202034903597577475e+00
2.841442999999999941e+00	2.427887669102243517e+00
2.847395000000000120e+00	2.082298159695521456e+00
2.853346999999999856e+00	3.234026705274237301e+00
2.859299000000000035e+00	4.011923397148834169e+00
2.865251000000000214e+00	6.071097611531244276e+00
2.871201999999999810e+00	6.777623101817536799e+00
2.877153999999999989e+00	9.794921049659961909e+00
2.883106000000000169e+00	1.217975162234720976e+01
2.889057999999999904e+00	1.662641914336060012e+01
2.895010000000000083e+00	2.246095021924150004e+01
2.900961999999999819e+00	2.837612425346535616e+01
2.906913999999999998e+00	3.710294911763557479e+01
2.912866000000000177e+00	4.593715196252040300e+01
2.918817999999999913e+00	5.129673179007582462e+01
2.924770000000000092e+00	5.254354771335382424e+01
2.930721000000000132e+00	4.830227357011170142e+01
2.936672999999999867e+00	3.665899873255532526e+01
2.942625000000000046e+00	2.025321545702582426e+01
2.948576999999999781e+00	3.505631771150361065e+00
2.954528999999999961e+00	-1.361183179449842484e+01
2.960481000000000140e+00	-2.311869497894847925e+01
2.966432999999999875e+00	-2.599396797659294123e+01
2.972385000000000055e+00	-2.181610598157699954e+01
2.978336999999999790e+00	-1.401121097765908985e+01
2.984288999999999970e+00	-4.487448302356320085e+00
2.990240000000000009e+00	7.839146766019525536e+00
2.996192000000000188e+00	1.900833830358615373e+01
3.002143999999999924e+00	2.549263192812363954e+01
3.008096000000000103e+00	2.931238211047262965e+01
3.014047999999999838e+00	2.504539549209313165e+01
3.020000000000000018e+00	1.290502608582570332e+01
