1.199999999999999956e-01	4.258391203330859298e+00
1.249780000000000058e-01	2.854036838576834434e+00
1.305999999999999939e-01	2.897898751415899365e+00
1.367059999999999942e-01	1.979255477374152861e+00
1.431360000000000132e-01	1.248083277956836712e+00
1.497320000000000040e-01	1.804829251187349826e+00
1.563350000000000017e-01	1.677972321131544708e+00
1.627850000000000130e-01	2.102532958943796881e+00
1.689219999999999888e-01	1.846321507396750050e+00
1.745889999999999942e-01	2.240339049723867326e+00
1.796250000000000069e-01	2.255049292591943200e+00
1.839349999999999874e-01	2.932399686197058486e+00
1.877439999999999942e-01	4.180065466037214961e+00
1.913779999999999926e-01	3.446079352636207460e+00
1.951660000000000061e-01	3.449017888210431426e+00
1.994340000000000002e-01	3.425658041228018647e+00
2.044499999999999929e-01	2.771304012953581530e+00
2.101250000000000062e-01	1.883895676424730770e+00
2.162479999999999958e-01	9.646243070761721938e-01
2.226049999999999973e-01	3.052205695868919211e-01
2.289819999999999911e-01	-9.259826729234217346e-01
2.351930000000000132e-01	-6.413980858036031352e-01
2.412249999999999950e-01	-3.488238242398876143e-01
2.471349999999999936e-01	-7.458177543681733246e-01
2.529799999999999827e-01	4.858257926819474770e-01
2.588170000000000193e-01	1.564651552013975211e+00
2.646970000000000156e-01	2.336819281684141547e+00
2.706259999999999777e-01	2.962191538316005346e+00
2.765880000000000005e-01	3.041605663443973651e+00
2.825679999999999858e-01	3.536076397073462108e+00
2.885510000000000019e-01	2.014344626713301611e+00
2.945229999999999793e-01	1.579516182420892978e+00
3.004809999999999981e-01	6.513448138471823468e-01
3.064310000000000089e-01	2.001993399204339275e-01
3.123750000000000138e-01	-1.561275073582310657e+00
3.183190000000000186e-01	-8.053229216604685936e-01
3.242650000000000254e-01	-7.804697695664430945e-01
3.302149999999999808e-01	6.350042414886844511e-02
3.361680000000000224e-01	1.985746213957942485e+00
3.421210000000000084e-01	3.617437363914491666e+00
3.480759999999999965e-01	3.468357912128943621e+00
3.540289999999999826e-01	4.311606263969462560e+00
3.599809999999999954e-01	2.547552525739753104e+00
3.659330000000000083e-01	2.196243327399115763e+00
3.718839999999999923e-01	2.610127242074145038e-01
3.778360000000000052e-01	-3.229629809159174636e-01
3.837869999999999893e-01	-5.939923758781336938e-01
3.897390000000000021e-01	-4.716788353085482055e-01
3.956910000000000149e-01	1.199895645298139524e+00
4.016429999999999723e-01	1.880921627784908789e+00
4.075949999999999851e-01	2.346270736163599047e+00
4.135469999999999979e-01	2.782581193548274268e+00
4.194979999999999820e-01	4.096114291356867554e+00
4.254499999999999948e-01	3.252384847684719915e+00
4.314009999999999789e-01	4.036374860963588773e+00
4.373540000000000205e-01	2.584087397926517760e+00
4.433079999999999798e-01	3.669994620484994030e+00
4.492619999999999947e-01	2.498113415960902195e+00
4.552160000000000095e-01	2.839733880506486230e+00
4.611680000000000224e-01	2.717085253127276445e+00
4.671170000000000044e-01	2.389839988816791383e+00
4.730619999999999825e-01	2.307852664663336384e+00
4.790059999999999873e-01	3.036786231571064310e+00
4.849510000000000209e-01	1.988421194113313639e+00
4.909020000000000050e-01	2.212179109862773441e+00
4.968629999999999991e-01	3.233114596314690559e+00
5.028390000000000359e-01	2.749759195804716949e+00
5.088230000000000253e-01	2.330773236649571700e+00
5.148009999999999531e-01	3.398860939187168029e+00
5.207570000000000254e-01	1.995102371841263267e+00
5.266750000000000043e-01	2.920786125810280076e+00
5.325410000000000421e-01	4.190720441250967099e+00
5.383719999999999617e-01	4.025934824204763451e+00
5.442249999999999588e-01	4.308747744074493013e+00
5.501580000000000359e-01	4.190362475899474859e+00
5.562289999999999734e-01	4.738234895244213263e+00
5.624930000000000208e-01	5.143916101261423179e+00
5.688929999999999820e-01	4.410701846928732017e+00
5.752220000000000111e-01	3.762080168150550463e+00
5.812610000000000277e-01	3.623818535877233238e+00
5.867949999999999555e-01	3.369383187694451998e+00
5.916080000000000227e-01	3.284436744123330421e+00
5.957040000000000113e-01	4.168362131729514530e+00
5.993990000000000151e-01	3.609322863945924276e+00
6.030370000000000452e-01	3.979512077816343307e+00
6.069609999999999728e-01	4.679751053823240525e+00
6.115110000000000268e-01	4.870112399681402415e+00
6.168270000000000142e-01	5.239205700387529419e+00
6.227219999999999978e-01	5.062648125642692953e+00
6.289789999999999548e-01	4.523763534407746256e+00
6.353790000000000271e-01	4.823237962910791765e+00
6.417070000000000274e-01	3.481294902438699435e+00
6.478369999999999962e-01	3.032389997091415879e+00
6.538089999999999735e-01	3.207086823303025191e+00
6.596819999999999906e-01	2.462382545824461921e+00
6.655140000000000500e-01	1.458606652262596448e+00
6.713630000000000431e-01	2.487186701225915009e+00
6.772660000000000347e-01	2.270285560741784447e+00
6.832110000000000127e-01	4.274120430346389554e+00
6.891829999999999901e-01	5.510766260648036763e+00
6.951669999999999794e-01	6.933475308505544277e+00
7.011469999999999647e-01	7.062712791408186419e+00
7.071119999999999628e-01	7.462667655667243771e+00
7.130670000000000064e-01	7.898477924019340790e+00
7.190130000000000132e-01	8.086996488042048625e+00
7.249569999999999625e-01	7.824487719891340731e+00
7.309010000000000229e-01	7.516927356972145091e+00
7.368489999999999762e-01	7.050832455227552309e+00
7.428000000000000158e-01	8.361502131806165750e+00
7.487530000000000019e-01	8.492845499614775306e+00
7.547080000000000455e-01	8.206221806756335724e+00
7.606619999999999493e-01	8.671706513551576734e+00
7.666140000000000176e-01	7.962435163338584587e+00
7.725670000000000037e-01	7.983867707837436711e+00
7.785180000000000433e-01	8.424219054172244370e+00
7.844689999999999719e-01	8.590220490064249148e+00
7.904210000000000402e-01	7.883407797676027506e+00
7.963729999999999976e-01	8.468497134974484197e+00
8.023249999999999549e-01	8.139808869961306925e+00
8.082770000000000232e-01	8.642646746799433899e+00
8.142289999999999806e-01	8.040858240067631613e+00
8.201800000000000201e-01	9.388803153736695606e+00
8.261319999999999775e-01	9.023222668777572508e+00
8.320830000000000171e-01	9.738674899235318705e+00
8.380349999999999744e-01	9.682678250904029227e+00
8.439870000000000427e-01	9.961923503822717407e+00
8.499400000000000288e-01	1.070519266242230927e+01
8.558940000000000436e-01	1.125800155180358963e+01
8.618479999999999475e-01	1.058067505650091178e+01
8.678010000000000446e-01	1.081153527447857954e+01
8.737519999999999731e-01	1.141525456021846274e+01
8.797000000000000375e-01	1.059200359358106525e+01
8.856439999999999868e-01	1.017400494984542902e+01
8.915870000000000184e-01	1.099006498365984896e+01
8.975349999999999717e-01	1.015913439676290508e+01
9.034900000000000153e-01	9.940260323701604506e+00
9.094569999999999599e-01	1.015731011928808591e+01
9.154379999999999740e-01	1.184421903149229571e+01
9.214210000000000456e-01	1.422484934298868886e+01
9.273909999999999654e-01	1.496253794010515215e+01
9.333329999999999682e-01	1.601410893323254214e+01
9.392300000000000093e-01	1.711884196621571874e+01
9.450749999999999984e-01	1.684513247169465799e+01
9.509090000000000042e-01	1.634493502486802896e+01
9.567890000000000006e-01	1.451043568709767762e+01
9.627750000000000474e-01	1.342485148227031289e+01
9.689229999999999787e-01	1.166348600794496981e+01
9.752680000000000238e-01	1.240169938501712110e+01
9.816639999999999810e-01	1.122245895076188660e+01
9.878930000000000211e-01	1.156150448777240314e+01
9.937399999999999567e-01	1.188819339475315573e+01
9.989850000000000119e-01	1.150951056859736354e+01
1.003457999999999961e+00	1.133868260231699665e+01
1.007338000000000067e+00	9.872027929482097619e+00
1.010966000000000031e+00	1.006455060384286782e+01
1.014685999999999977e+00	9.034734552469551261e+00
1.018841000000000108e+00	8.253642098445306274e+00
1.023735000000000062e+00	7.732898361068047954e+00
1.029328999999999938e+00	8.118470045351715569e+00
1.035408000000000106e+00	8.466712009411825335e+00
1.041754000000000069e+00	9.041792142408521471e+00
1.048148999999999997e+00	9.170894440725666286e+00
1.054391999999999996e+00	1.033712325739100635e+01
1.060446000000000000e+00	1.002530136872998412e+01
1.066368999999999900e+00	9.989381470333176694e+00
1.072216999999999976e+00	1.067164105471281133e+01
1.078049000000000035e+00	1.068321116569209828e+01
1.083920999999999912e+00	1.023958487644252990e+01
1.089842999999999895e+00	9.634883030822274819e+00
1.095801999999999943e+00	1.008169811909785984e+01
1.101780999999999899e+00	1.056181499974540827e+01
1.107765000000000111e+00	9.502517967152314782e+00
1.113739999999999952e+00	1.035044328609193443e+01
1.119699999999999918e+00	1.135105499932371309e+01
1.125650000000000039e+00	1.247406755500039743e+01
1.131594999999999906e+00	1.329063845531295485e+01
1.137537999999999938e+00	1.529870035756826852e+01
1.143483999999999945e+00	1.452998154002136921e+01
1.149432999999999927e+00	1.564010559147994783e+01
1.155386000000000024e+00	1.510522767672631694e+01
1.161338999999999899e+00	1.407761360997981193e+01
1.167294000000000054e+00	1.365098507357600077e+01
1.173246999999999929e+00	1.365612774849907218e+01
1.179200000000000026e+00	1.313928674827873522e+01
1.185151999999999983e+00	1.290732394753786316e+01
1.191103000000000023e+00	1.340948811613968061e+01
1.197054000000000062e+00	1.397764149830033276e+01
1.203006000000000020e+00	1.476567939951899078e+01
1.208957999999999977e+00	1.384774382176759921e+01
1.214909999999999934e+00	1.361708212505260107e+01
1.220861999999999892e+00	1.371251387440523040e+01
1.226814000000000071e+00	1.422635998773509769e+01
1.232765000000000111e+00	1.489820025731382991e+01
1.238717000000000068e+00	1.411092025485510248e+01
1.244668000000000108e+00	1.376928136506278477e+01
1.250620000000000065e+00	1.425148339203221681e+01
1.256572000000000022e+00	1.438959934711128419e+01
1.262526000000000037e+00	1.544680147468341325e+01
1.268480000000000052e+00	1.525469535068724802e+01
1.274434000000000067e+00	1.598679477932780379e+01
1.280386000000000024e+00	1.646872987462323223e+01
1.286335999999999924e+00	1.640467301301666936e+01
1.292281999999999931e+00	1.647877293411941579e+01
1.298224999999999962e+00	1.696531500059977660e+01
1.304170000000000051e+00	1.653168425732462055e+01
1.310119999999999951e+00	1.577904055102206371e+01
1.316079999999999917e+00	1.466870088783224801e+01
1.322052999999999923e+00	1.560962217779292160e+01
1.328036999999999912e+00	1.541958992864525158e+01
1.334017000000000008e+00	1.569612357402315972e+01
1.339976000000000056e+00	1.716228820847717174e+01
1.345900000000000096e+00	1.757584542086572199e+01
1.351774000000000031e+00	1.808906480023823704e+01
1.357607000000000008e+00	1.892212771576968322e+01
1.363453000000000026e+00	1.949136000638542754e+01
1.369372000000000034e+00	1.828191454723126341e+01
1.375421999999999922e+00	1.915844002902694854e+01
1.381658999999999970e+00	1.823630155511036222e+01
1.388052000000000064e+00	1.769018779819520049e+01
1.394403000000000059e+00	1.565948173789977282e+01
1.400492999999999988e+00	1.541705218892002982e+01
1.406104999999999938e+00	1.506771113755267777e+01
1.411021999999999998e+00	1.513173128565806813e+01
1.415195999999999898e+00	1.535020893325075519e+01
1.418924000000000074e+00	1.722452987823396597e+01
1.422549999999999981e+00	1.796982503997868363e+01
1.426417000000000046e+00	1.829891855454851068e+01
1.430868000000000029e+00	1.923255629970229919e+01
1.436091000000000006e+00	1.841180412293517321e+01
1.441923000000000066e+00	1.798581810760531496e+01
1.448144000000000098e+00	1.693707829351935601e+01
1.454538000000000109e+00	1.679295416269225427e+01
1.460887000000000047e+00	1.653686451547526914e+01
1.467041999999999957e+00	1.694050549764470404e+01
1.473030999999999979e+00	1.853452612322758242e+01
1.478914000000000062e+00	2.012065199654514913e+01
1.484749000000000096e+00	2.135986706895801746e+01
1.490591999999999917e+00	2.188673340387182620e+01
1.496488000000000040e+00	2.366202332664562036e+01
1.502428000000000097e+00	2.296885369878223671e+01
1.508397999999999906e+00	2.138413319443504790e+01
1.514380999999999977e+00	2.145756587164668261e+01
1.520361999999999991e+00	2.034432827443798786e+01
1.526329999999999965e+00	1.957173990462258928e+01
1.532284999999999897e+00	1.976683410136628538e+01
1.538232999999999961e+00	1.920279417259812149e+01
1.544175999999999993e+00	1.932223913191587172e+01
1.550119999999999942e+00	1.892569076253998617e+01
1.556068000000000007e+00	1.971021733606174564e+01
1.562019000000000046e+00	2.027660943564418261e+01
1.567971999999999921e+00	2.040247126160782187e+01
1.573925999999999936e+00	2.015358221959532159e+01
1.579879999999999951e+00	2.095190111526346044e+01
1.585833000000000048e+00	2.068433344690450326e+01
1.591785000000000005e+00	2.073777230881482936e+01
1.597736999999999963e+00	2.009054980030763105e+01
1.603688000000000002e+00	2.123570496471544544e+01
1.609639000000000042e+00	2.015783990904335354e+01
1.615590999999999999e+00	2.118824827950214740e+01
1.621542999999999957e+00	2.126037411601289051e+01
1.627494999999999914e+00	2.236163307289097091e+01
1.633447000000000093e+00	2.204671551234048366e+01
1.639399000000000051e+00	2.350421218098680498e+01
1.645350000000000090e+00	2.288860607322971674e+01
1.651302000000000048e+00	2.280204538012291238e+01
1.657253000000000087e+00	2.309962787418075436e+01
1.663205000000000044e+00	2.172719282078134384e+01
1.669157999999999920e+00	2.110122980849878616e+01
1.675111999999999934e+00	2.097113615623407412e+01
1.681065999999999949e+00	2.045938206998652120e+01
1.687019000000000046e+00	1.992029106126099336e+01
1.692971000000000004e+00	1.985452509099387797e+01
1.698919000000000068e+00	2.007572956203112824e+01
1.704863000000000017e+00	2.087581936404171046e+01
1.710806999999999967e+00	2.149731550139486558e+01
1.716752999999999973e+00	2.246895967688577400e+01
1.722706999999999988e+00	2.381800734749606718e+01
1.728671999999999986e+00	2.449844213751331523e+01
1.734652000000000083e+00	2.437647116890741472e+01
1.740636000000000072e+00	2.453305730225202197e+01
1.746609000000000078e+00	2.477084123359880508e+01
1.752555000000000085e+00	2.482703495896678803e+01
1.758458000000000077e+00	2.441548122499801821e+01
1.764308999999999905e+00	2.436041636859059878e+01
1.770140999999999964e+00	2.539395743220287116e+01
1.776011999999999924e+00	2.588291410007599325e+01
1.781979999999999897e+00	2.570067363127958515e+01
1.788105000000000055e+00	2.600863053535627856e+01
1.794426999999999994e+00	2.672788069663205945e+01
1.800829000000000013e+00	2.593427377592469085e+01
1.807091999999999921e+00	2.680355792717630337e+01
1.813002000000000002e+00	2.698778482144804158e+01
1.818338000000000010e+00	2.797073970792146014e+01
1.822912000000000088e+00	2.742704017168403041e+01
1.826850000000000085e+00	2.760507326781391058e+01
1.830492000000000008e+00	2.849059231139520776e+01
1.834179999999999922e+00	2.885634988248588684e+01
1.838259000000000087e+00	2.839795931007427399e+01
1.843048000000000020e+00	2.985376239841225399e+01
1.848562000000000038e+00	2.991684132599157309e+01
1.854589999999999961e+00	2.991709269664837834e+01
1.860913000000000039e+00	3.026034641659206414e+01
1.867313999999999918e+00	3.065655420658611519e+01
1.873583999999999916e+00	3.093960514041308585e+01
1.879660000000000108e+00	3.150446913592983833e+01
1.885596000000000050e+00	3.350175041173741874e+01
1.891450999999999993e+00	3.358852044593707831e+01
1.897281999999999913e+00	3.385544676940884301e+01
1.903146999999999922e+00	3.517525858673586470e+01
1.909062999999999954e+00	3.537769581210238812e+01
1.915018000000000109e+00	3.623363229968222754e+01
1.920995999999999926e+00	3.592566096912803175e+01
1.926979999999999915e+00	3.593473650913978901e+01
1.932955999999999896e+00	3.663303272819587875e+01
1.938917999999999919e+00	3.627891614199548798e+01
1.944868999999999959e+00	3.479884001410120931e+01
1.950814000000000048e+00	3.337978852301566235e+01
1.956757999999999997e+00	3.426337985520100915e+01
1.962703000000000086e+00	3.346751050942826566e+01
1.968652000000000069e+00	3.328974832406252204e+01
1.974604000000000026e+00	3.286600831713324311e+01
1.980558000000000041e+00	3.374365007477000944e+01
1.986512000000000056e+00	3.464168184525243532e+01
1.992466000000000070e+00	3.530994079937783425e+01
1.998418000000000028e+00	3.627182484152996267e+01
2.004370000000000207e+00	3.728420485969636644e+01
2.010321999999999942e+00	3.859394876890412718e+01
2.016272999999999982e+00	4.061279328999032145e+01
2.022224000000000022e+00	4.181919130567519716e+01
2.028176000000000201e+00	4.212543936394595079e+01
2.034127999999999936e+00	4.265137347243175014e+01
2.040080000000000116e+00	4.266986327182694794e+01
2.046031999999999851e+00	4.246911618175062131e+01
2.051984000000000030e+00	4.141148075358770342e+01
2.057935000000000070e+00	4.192153253670792168e+01
2.063886999999999805e+00	4.028418515143754064e+01
2.069837999999999845e+00	4.030976960098606554e+01
2.075791000000000164e+00	3.982433564026328554e+01
2.081744000000000039e+00	3.895473463068177011e+01
2.087698000000000054e+00	3.992746528725525224e+01
2.093652000000000069e+00	3.985461292306479919e+01
2.099604999999999944e+00	4.008595872685221195e+01
2.105554999999999843e+00	3.987998384980074462e+01
2.111501000000000072e+00	4.051257769506175066e+01
2.117445000000000022e+00	4.023994465953951050e+01
2.123388999999999971e+00	3.998709189341017378e+01
2.129338000000000175e+00	4.016581181597472039e+01
2.135295999999999861e+00	4.079065644392252210e+01
2.141268000000000171e+00	4.088345001851699578e+01
2.147250999999999799e+00	4.172791183745348320e+01
2.153232000000000035e+00	4.283507367980305247e+01
2.159196000000000115e+00	4.311531183214967200e+01
2.165125000000000188e+00	4.411658115151934112e+01
2.171006000000000213e+00	4.334325553979088141e+01
2.176841000000000026e+00	4.382763808015662477e+01
2.182682999999999929e+00	4.317794827328508944e+01
2.188588999999999896e+00	4.209935076286344469e+01
2.194618000000000180e+00	4.210612126105484521e+01
2.200828000000000007e+00	4.091041283763799186e+01
2.207209999999999894e+00	3.985867355262914202e+01
2.213579000000000185e+00	3.929815147589935975e+01
2.219714999999999883e+00	3.733092441534428474e+01
2.225403000000000020e+00	3.681449218205479923e+01
2.230423000000000044e+00	3.670555233355162983e+01
2.234681000000000139e+00	3.650054049110877941e+01
2.238447999999999993e+00	3.873462867883877436e+01
2.242068000000000172e+00	4.043009156765786827e+01
2.245884000000000214e+00	4.097477271642436136e+01
2.250237999999999960e+00	4.247353717146063445e+01
2.255365999999999982e+00	4.367553786859564724e+01
2.261130000000000084e+00	4.374245065019260892e+01
2.267313000000000134e+00	4.295803771922995651e+01
2.273696000000000161e+00	4.376974209965509743e+01
2.280063999999999869e+00	4.362972835957290130e+01
2.286243999999999943e+00	4.451072660590584462e+01
2.292251999999999956e+00	4.414746643124884429e+01
2.298146000000000022e+00	4.556743750976416152e+01
2.303983000000000114e+00	4.484652704620513219e+01
2.309822000000000042e+00	4.599656002105351149e+01
2.315710999999999853e+00	4.602583364526279297e+01
2.321645999999999876e+00	4.504581456476758916e+01
2.327612999999999932e+00	4.625175511346498070e+01
2.333594999999999864e+00	4.498601364047684115e+01
2.339576999999999796e+00	4.372198043128124567e+01
2.345546999999999827e+00	4.332101695219125759e+01
2.351503999999999817e+00	4.411506132344234032e+01
2.357451999999999881e+00	4.225778797438781709e+01
2.363395999999999830e+00	4.199923351908122271e+01
2.369339000000000084e+00	4.138900557515151490e+01
2.375286000000000008e+00	4.149310745336826756e+01
2.381237000000000048e+00	4.011683808389310002e+01
2.387189999999999923e+00	3.993696210158358184e+01
2.393143999999999938e+00	3.976177571287506396e+01
2.399097999999999953e+00	3.987190002970136504e+01
2.405050999999999828e+00	4.043153679199490824e+01
2.411004000000000147e+00	4.115557951042227813e+01
2.416955999999999882e+00	4.163746738586705476e+01
2.422906999999999922e+00	4.209273035039819177e+01
2.428857999999999961e+00	4.339153050941420275e+01
2.434809000000000001e+00	4.300780564463794065e+01
2.440760000000000041e+00	4.261141944270266890e+01
2.446712000000000220e+00	4.185791674422693376e+01
2.452663999999999955e+00	4.259399307406822999e+01
2.458616999999999830e+00	4.108573541513310801e+01
2.464570999999999845e+00	4.202342028680528330e+01
2.470524999999999860e+00	4.290149601650931999e+01
2.476478000000000179e+00	4.396782858164875307e+01
2.482429999999999914e+00	4.464774194004152008e+01
2.488377999999999979e+00	4.568000467739947368e+01
2.494323000000000068e+00	4.732525583627576538e+01
2.500265999999999877e+00	4.758321662815617969e+01
2.506212000000000106e+00	4.803287649040341734e+01
2.512164999999999981e+00	4.757093271813273105e+01
2.518129000000000062e+00	4.742803288181563914e+01
2.524108000000000018e+00	4.594194251731354228e+01
2.530091999999999786e+00	4.414626702561048432e+01
2.536067000000000071e+00	4.252453622853239068e+01
2.542015999999999831e+00	4.130819881299900942e+01
2.547924000000000078e+00	3.929261680516960098e+01
2.553779000000000021e+00	3.721661243439545075e+01
2.559610000000000163e+00	3.712449963385764562e+01
2.565475000000000172e+00	3.697403624373679065e+01
2.571432000000000162e+00	3.504004947107629420e+01
2.577539999999999942e+00	3.442393779731964543e+01
2.583845999999999865e+00	3.360079086002959059e+01
2.590249000000000024e+00	3.357100917799284190e+01
2.596534000000000120e+00	3.278074470535272411e+01
2.602485000000000159e+00	3.227517401829876320e+01
2.607883000000000173e+00	3.192789777709039356e+01
2.612527000000000044e+00	3.289948525483519859e+01
2.616509000000000196e+00	3.373327482670622146e+01
2.620163999999999938e+00	3.496445257968465370e+01
2.623834000000000000e+00	3.531325447970399267e+01
2.627863000000000060e+00	3.745980390700403007e+01
2.632579999999999920e+00	3.895296976043709947e+01
2.638037000000000187e+00	3.923430871786231933e+01
2.644026000000000209e+00	4.141884280263078466e+01
2.650332000000000132e+00	4.103605876042306733e+01
2.656734000000000151e+00	4.151209694024593944e+01
2.663022999999999918e+00	4.115261229625497919e+01
2.669115000000000126e+00	4.025093741048009122e+01
2.675060999999999911e+00	3.786243796829054986e+01
2.680919999999999970e+00	3.677073904667199145e+01
2.686751000000000111e+00	3.351439969526301610e+01
2.692610999999999866e+00	3.172502793138945165e+01
2.698523999999999923e+00	2.884746825809196480e+01
2.704476000000000102e+00	2.757416012751643919e+01
2.710452000000000083e+00	2.437622564316465912e+01
2.716435999999999851e+00	2.080699529971264639e+01
2.722412999999999972e+00	1.792252938329999878e+01
2.728375999999999912e+00	1.368225020153118976e+01
2.734328000000000092e+00	9.445467742527977606e+00
2.740273999999999877e+00	5.729804235577500293e+00
2.746217000000000130e+00	3.450984940453697636e+00
2.752162000000000219e+00	1.707046134913296820e+00
2.758110999999999979e+00	6.683141121018406627e-01
2.764063000000000159e+00	1.841795941323704167e+00
2.770016000000000034e+00	4.232403339465060199e+00
2.775971000000000188e+00	6.991537224882542034e+00
2.781924000000000063e+00	9.817156083615422801e+00
2.787876999999999938e+00	1.207726441683869645e+01
2.793829000000000118e+00	1.365454692971830930e+01
2.799780999999999853e+00	1.568193762171171457e+01
2.805731999999999893e+00	1.636281362085795266e+01
2.811682999999999932e+00	1.626909133552418396e+01
2.817635000000000112e+00	1.355634030579131633e+01
2.823586999999999847e+00	1.107143068624825233e+01
2.829539000000000026e+00	9.479731982743171415e+00
2.835491000000000206e+00	6.367499017182677967e+00
2.841442999999999941e+00	4.754107513842908084e+00
2.847395000000000120e+00	3.507914525790785998e+00
2.853346999999999856e+00	3.850912399046345413e+00
2.859299000000000035e+00	5.289559507147268747e+00
2.865251000000000214e+00	5.362065651970444158e+00
2.871201999999999810e+00	7.869830907408707610e+00
2.877153999999999989e+00	9.800521528021647555e+00
2.883106000000000169e+00	1.197941943531762554e+01
2.889057999999999904e+00	1.608959063979756365e+01
2.895010000000000083e+00	2.241233684860744191e+01
2.900961999999999819e+00	2.924184342094337907e+01
2.906913999999999998e+00	3.853401224955051418e+01
2.912866000000000177e+00	4.660185901497187899e+01
2.918817999999999913e+00	5.244380251831204021e+01
2.924770000000000092e+00	5.435005369498636441e+01
2.930721000000000132e+00	5.043002017311960117e+01
2.936672999999999867e+00	3.832615888980462415e+01
2.942625000000000046e+00	2.204102061248905997e+01
2.948576999999999781e+00	4.480058841827729843e+00
2.954528999999999961e+00	-1.102457053144548205e+01
2.960481000000000140e+00	-2.208883497596211498e+01
2.966432999999999875e+00	-2.445289137495771570e+01
2.972385000000000055e+00	-2.046781541798689474e+01
2.978336999999999790e+00	-1.201337461308898291e+01
2.984288999999999970e+00	-1.754392770655495815e+00
2.990240000000000009e+00	9.274828239414892650e+00
2.996192000000000188e+00	1.985631366602773795e+01
3.002143999999999924e+00	2.746904090830363643e+01
3.008096000000000103e+00	2.942464858320616017e+01
3.014047999999999838e+00	2.620578066484042523e+01
3.020000000000000018e+00	1.389995373116338762e+01
