1.199999999999999956e-01	4.881689614472292105e-01
1.249780000000000058e-01	7.566846126202875222e-01
1.305999999999999939e-01	1.146592248886529442e+00
1.367059999999999942e-01	3.673251655636478041e-01
1.431360000000000132e-01	8.193383418379993621e-01
1.497320000000000040e-01	7.521542279482559268e-01
1.563350000000000017e-01	1.650966449646903866e+00
1.627850000000000130e-01	9.361473225890935002e-01
1.689219999999999888e-01	1.620404846440731461e+00
1.745889999999999942e-01	1.227540805860636297e+00
1.796250000000000069e-01	7.618196089056902265e-01
1.839349999999999874e-01	1.052453146025240649e+00
1.877439999999999942e-01	9.192050395867292778e-01
1.913779999999999926e-01	-1.550092547464224091e-01
1.951660000000000061e-01	4.766023591428197870e-01
1.994340000000000002e-01	-1.257284094307606348e-01
2.044499999999999929e-01	7.805329681106252249e-01
2.101250000000000062e-01	4.595771208941641928e-01
2.162479999999999958e-01	4.479661103194609861e-01
2.226049999999999973e-01	8.910800276468671122e-01
2.289819999999999911e-01	9.618858670524406129e-01
2.351930000000000132e-01	-3.026860965033743023e-01
2.412249999999999950e-01	4.888476053165417834e-02
2.471349999999999936e-01	1.076173109838523406e-01
2.529799999999999827e-01	1.173173381291625766e-01
2.588170000000000193e-01	6.525916354726906121e-01
2.646970000000000156e-01	9.456767206580907192e-01
2.706259999999999777e-01	1.699265413421005899e+00
2.765880000000000005e-01	9.267490245262153259e-01
2.825679999999999858e-01	2.336068790737870327e+00
2.885510000000000019e-01	2.534268002098191808e+00
2.945229999999999793e-01	2.564983385163015495e+00
3.004809999999999981e-01	2.431513972885453345e+00
3.064310000000000089e-01	2.505606809233585253e+00
3.123750000000000138e-01	1.670054608783267280e+00
3.183190000000000186e-01	1.822513120253628216e+00
3.242650000000000254e-01	1.680661154508430233e+00
3.302149999999999808e-01	8.119979956391519815e-01
3.361680000000000224e-01	1.116534681093574344e+00
3.421210000000000084e-01	1.017649950688217952e+00
3.480759999999999965e-01	2.575614298758507337e-01
3.540289999999999826e-01	1.672454118893377473e+00
3.599809999999999954e-01	1.381719908647354167e+00
3.659330000000000083e-01	9.068210108532408498e-01
3.718839999999999923e-01	1.193045510181867996e+00
3.778360000000000052e-01	1.113087740874104892e+00
3.837869999999999893e-01	1.260320511604198002e+00
3.897390000000000021e-01	1.790274929607262422e+00
3.956910000000000149e-01	2.002741511288789855e+00
4.016429999999999723e-01	1.101170865064039717e+00
4.075949999999999851e-01	1.442683526204760369e+00
4.135469999999999979e-01	1.111094215709238053e+00
4.194979999999999820e-01	1.351217451331128361e+00
4.254499999999999948e-01	3.981562126686748471e-01
4.314009999999999789e-01	1.559119507386753645e+00
4.373540000000000205e-01	2.046621430293806387e+00
4.433079999999999798e-01	1.284381760057526245e+00
4.492619999999999947e-01	2.271631857213268102e+00
4.552160000000000095e-01	3.063540772884395302e+00
4.611680000000000224e-01	2.822573260758914238e+00
4.671170000000000044e-01	2.172917787165244974e+00
4.730619999999999825e-01	2.318870675956114180e+00
4.790059999999999873e-01	1.748798170653418804e+00
4.849510000000000209e-01	1.692400396242454974e+00
4.909020000000000050e-01	1.458862965368074471e+00
4.968629999999999991e-01	1.675724437498327557e+00
5.028390000000000359e-01	1.427813830714038890e+00
5.088230000000000253e-01	1.531374182715780075e+00
5.148009999999999531e-01	1.113456975816499606e+00
5.207570000000000254e-01	2.253781568597501117e+00
5.266750000000000043e-01	1.061539483180440557e+00
5.325410000000000421e-01	1.865884456451633033e+00
5.383719999999999617e-01	2.288502129828078324e+00
5.442249999999999588e-01	1.920224191523314694e+00
5.501580000000000359e-01	2.582626798794136036e+00
5.562289999999999734e-01	2.364180723329426748e+00
5.624930000000000208e-01	2.566704497888842251e+00
5.688929999999999820e-01	2.430656611691983660e+00
5.752220000000000111e-01	3.173017048439702226e+00
5.812610000000000277e-01	2.668222523348638298e+00
5.867949999999999555e-01	3.058318276610341169e+00
5.916080000000000227e-01	2.263309939980106655e+00
5.957040000000000113e-01	1.613939525216025572e+00
5.993990000000000151e-01	2.028298982066501388e+00
6.030370000000000452e-01	1.841075739519477672e+00
6.069609999999999728e-01	1.585339261029037106e+00
6.115110000000000268e-01	1.624086761836340376e+00
6.168270000000000142e-01	1.755565940613974751e+00
6.227219999999999978e-01	2.815394802791563400e+00
6.289789999999999548e-01	2.649800267833209322e+00
6.353790000000000271e-01	2.921547408492647158e+00
6.417070000000000274e-01	4.367030455682040291e+00
6.478369999999999962e-01	5.445335165625794005e+00
6.538089999999999735e-01	5.489132051337394458e+00
6.596819999999999906e-01	6.198466061658885806e+00
6.655140000000000500e-01	6.397721332035185782e+00
6.713630000000000431e-01	5.638825207478114443e+00
6.772660000000000347e-01	5.582700596147638805e+00
6.832110000000000127e-01	4.357183507866703387e+00
6.891829999999999901e-01	4.386861110283830634e+00
6.951669999999999794e-01	4.222984574033204375e+00
7.011469999999999647e-01	4.392873402746884537e+00
7.071119999999999628e-01	4.106410782387762026e+00
7.130670000000000064e-01	4.237846749826063686e+00
7.190130000000000132e-01	4.866940323464822526e+00
7.249569999999999625e-01	4.561015932785438487e+00
7.309010000000000229e-01	4.465211360005593377e+00
7.368489999999999762e-01	4.347472510527160772e+00
7.428000000000000158e-01	4.633024841258905901e+00
7.487530000000000019e-01	4.811739894480880686e+00
7.547080000000000455e-01	4.250008919273764008e+00
7.606619999999999493e-01	4.554741544245244356e+00
7.666140000000000176e-01	4.863824205386810817e+00
7.725670000000000037e-01	5.134596749828858719e+00
7.785180000000000433e-01	5.649922242190590360e+00
7.844689999999999719e-01	6.580887439104534664e+00
7.904210000000000402e-01	7.578886222600346834e+00
7.963729999999999976e-01	8.194639731942029215e+00
8.023249999999999549e-01	7.766219756053997614e+00
8.082770000000000232e-01	7.401951966822999829e+00
8.142289999999999806e-01	7.302260303340406544e+00
8.201800000000000201e-01	7.638937054967341211e+00
8.261319999999999775e-01	8.151415412685187434e+00
8.320830000000000171e-01	8.153086181274215249e+00
8.380349999999999744e-01	8.071242295685189916e+00
8.439870000000000427e-01	8.758540624172040268e+00
8.499400000000000288e-01	9.343366462233406722e+00
8.558940000000000436e-01	9.078831386386262636e+00
8.618479999999999475e-01	9.799398501821968921e+00
8.678010000000000446e-01	1.065538359469273644e+01
8.737519999999999731e-01	1.077493824072260686e+01
8.797000000000000375e-01	1.138214776512605475e+01
8.856439999999999868e-01	1.101984663502689443e+01
8.915870000000000184e-01	1.251243046672774106e+01
8.975349999999999717e-01	1.332778651136885095e+01
9.034900000000000153e-01	1.294305163368182576e+01
9.094569999999999599e-01	1.332709935529617162e+01
9.154379999999999740e-01	1.278015198169666533e+01
9.214210000000000456e-01	1.273519827161117135e+01
9.273909999999999654e-01	1.333546073393879539e+01
9.333329999999999682e-01	1.290058351006051929e+01
9.392300000000000093e-01	1.322484341420798870e+01
9.450749999999999984e-01	1.290061941049682126e+01
9.509090000000000042e-01	1.358425947460941252e+01
9.567890000000000006e-01	1.451135376990609593e+01
9.627750000000000474e-01	1.453775122312753432e+01
9.689229999999999787e-01	1.516757631152897545e+01
9.752680000000000238e-01	1.414233484220424764e+01
9.816639999999999810e-01	1.339504064792167171e+01
9.878930000000000211e-01	1.201976803628649293e+01
9.937399999999999567e-01	1.187470804317044859e+01
9.989850000000000119e-01	1.094577627706844147e+01
1.003457999999999961e+00	9.973403162895699836e+00
1.007338000000000067e+00	1.121116930060138728e+01
1.010966000000000031e+00	1.003047295268935457e+01
1.014685999999999977e+00	1.016041552162151085e+01
1.018841000000000108e+00	1.030459564859103416e+01
1.023735000000000062e+00	1.060482561942204782e+01
1.029328999999999938e+00	1.116360803160396742e+01
1.035408000000000106e+00	1.115145041580426444e+01
1.041754000000000069e+00	1.079977669796148199e+01
1.048148999999999997e+00	1.003518700401162889e+01
1.054391999999999996e+00	1.042670048306308495e+01
1.060446000000000000e+00	9.530645290909101064e+00
1.066368999999999900e+00	8.965243710380805808e+00
1.072216999999999976e+00	9.225057749143735109e+00
1.078049000000000035e+00	8.343224027350176542e+00
1.083920999999999912e+00	8.989411685857726653e+00
1.089842999999999895e+00	9.443386658336374140e+00
1.095801999999999943e+00	1.007073879139639949e+01
1.101780999999999899e+00	1.106034417743158649e+01
1.107765000000000111e+00	1.072442448418175687e+01
1.113739999999999952e+00	1.071579551903968941e+01
1.119699999999999918e+00	1.109891613966561330e+01
1.125650000000000039e+00	1.063161982664815142e+01
1.131594999999999906e+00	1.077121123451971130e+01
1.137537999999999938e+00	9.657615195703092681e+00
1.143483999999999945e+00	9.874106742176095963e+00
1.149432999999999927e+00	1.044748724622250968e+01
1.155386000000000024e+00	1.082482711659311292e+01
1.161338999999999899e+00	1.021420154141954306e+01
1.167294000000000054e+00	1.093962219884490672e+01
1.173246999999999929e+00	1.111605869558028559e+01
1.179200000000000026e+00	1.016909182828800162e+01
1.185151999999999983e+00	1.048176258964791074e+01
1.191103000000000023e+00	1.115743923352425782e+01
1.197054000000000062e+00	1.025404603070606058e+01
1.203006000000000020e+00	1.047134514681128792e+01
1.208957999999999977e+00	1.136541623448290750e+01
1.214909999999999934e+00	1.167361924500870352e+01
1.220861999999999892e+00	1.172907259716196471e+01
1.226814000000000071e+00	1.188596076107905652e+01
1.232765000000000111e+00	1.187602335106982210e+01
1.238717000000000068e+00	1.218979337300575772e+01
1.244668000000000108e+00	1.206775320345084346e+01
1.250620000000000065e+00	1.105685301253191000e+01
1.256572000000000022e+00	1.100591487110247968e+01
1.262526000000000037e+00	1.073754960592260943e+01
1.268480000000000052e+00	1.109530726342654283e+01
1.274434000000000067e+00	1.138997931096110960e+01
1.280386000000000024e+00	1.291869195824578398e+01
1.286335999999999924e+00	1.220229212713244671e+01
1.292281999999999931e+00	1.330401902490097221e+01
1.298224999999999962e+00	1.331630930208582697e+01
1.304170000000000051e+00	1.382304591189397769e+01
1.310119999999999951e+00	1.398983999124450861e+01
1.316079999999999917e+00	1.435886883499380318e+01
1.322052999999999923e+00	1.442656092308305560e+01
1.328036999999999912e+00	1.384507959845436709e+01
1.334017000000000008e+00	1.426586311949969677e+01
1.339976000000000056e+00	1.416387395114804448e+01
1.345900000000000096e+00	1.410986732401120136e+01
1.351774000000000031e+00	1.528385005360705406e+01
1.357607000000000008e+00	1.533025517004551119e+01
1.363453000000000026e+00	1.495145959928238355e+01
1.369372000000000034e+00	1.573160249268505062e+01
1.375421999999999922e+00	1.560149278336200318e+01
1.381658999999999970e+00	1.655439542617126847e+01
1.388052000000000064e+00	1.534775485014241880e+01
1.394403000000000059e+00	1.577111395585440157e+01
1.400492999999999988e+00	1.597664871632964889e+01
1.406104999999999938e+00	1.580840836209927680e+01
1.411021999999999998e+00	1.563839459879309324e+01
1.415195999999999898e+00	1.613959580865492782e+01
1.418924000000000074e+00	1.557833320138656497e+01
1.422549999999999981e+00	1.736585944327930875e+01
1.426417000000000046e+00	1.660053885694597042e+01
1.430868000000000029e+00	1.829380787027185207e+01
1.436091000000000006e+00	1.818331554043553666e+01
1.441923000000000066e+00	1.804853566747716087e+01
1.448144000000000098e+00	1.852090664342155080e+01
1.454538000000000109e+00	1.841903499899533259e+01
1.460887000000000047e+00	1.825885304272694754e+01
1.467041999999999957e+00	1.794300181939442496e+01
1.473030999999999979e+00	1.794648091419534808e+01
1.478914000000000062e+00	1.918258768915488233e+01
1.484749000000000096e+00	1.836254414917068090e+01
1.490591999999999917e+00	1.839646522908702764e+01
1.496488000000000040e+00	1.854293160571857868e+01
1.502428000000000097e+00	1.731738032589530718e+01
1.508397999999999906e+00	1.750815638929675799e+01
1.514380999999999977e+00	1.755923004379265606e+01
1.520361999999999991e+00	1.851309977046438604e+01
1.526329999999999965e+00	1.837832388274665618e+01
1.532284999999999897e+00	1.780064317288262643e+01
1.538232999999999961e+00	1.840473559190545316e+01
1.544175999999999993e+00	1.834211038425964446e+01
1.550119999999999942e+00	1.915019894091637909e+01
1.556068000000000007e+00	1.895152320314144134e+01
1.562019000000000046e+00	1.864101350516521194e+01
1.567971999999999921e+00	1.902107457795952072e+01
1.573925999999999936e+00	1.885135321408108311e+01
1.579879999999999951e+00	1.844465181921426833e+01
1.585833000000000048e+00	1.855582739501582168e+01
1.591785000000000005e+00	1.862994717235250874e+01
1.597736999999999963e+00	1.998103124214028625e+01
1.603688000000000002e+00	2.025270015529679668e+01
1.609639000000000042e+00	2.118162400682577839e+01
1.615590999999999999e+00	2.091485488874225496e+01
1.621542999999999957e+00	2.134750529921209150e+01
1.627494999999999914e+00	2.179872128839069845e+01
1.633447000000000093e+00	2.162683461013530817e+01
1.639399000000000051e+00	2.225376085923765146e+01
1.645350000000000090e+00	2.129742768771522421e+01
1.651302000000000048e+00	2.137103125766333278e+01
1.657253000000000087e+00	2.175468310800651750e+01
1.663205000000000044e+00	2.174283974245595275e+01
1.669157999999999920e+00	2.192073285635086322e+01
1.675111999999999934e+00	2.133321394934218418e+01
1.681065999999999949e+00	2.231421232711264935e+01
1.687019000000000046e+00	2.277617557828861194e+01
1.692971000000000004e+00	2.247525041604852802e+01
1.698919000000000068e+00	2.268005105899879936e+01
1.704863000000000017e+00	2.281130132272060962e+01
1.710806999999999967e+00	2.278058533469063462e+01
1.716752999999999973e+00	2.288474451457928183e+01
1.722706999999999988e+00	2.188802171448983458e+01
1.728671999999999986e+00	2.312279759829493386e+01
1.734652000000000083e+00	2.392351135492136294e+01
1.740636000000000072e+00	2.385765002179553562e+01
1.746609000000000078e+00	2.426076235009629301e+01
1.752555000000000085e+00	2.526795987185176173e+01
1.758458000000000077e+00	2.602569660937290763e+01
1.764308999999999905e+00	2.648853308074259161e+01
1.770140999999999964e+00	2.668964840764421709e+01
1.776011999999999924e+00	2.595259769302056796e+01
1.781979999999999897e+00	2.626240349563134302e+01
1.788105000000000055e+00	2.591762657761153932e+01
1.794426999999999994e+00	2.625380067010161866e+01
1.800829000000000013e+00	2.621194874417403753e+01
1.807091999999999921e+00	2.681313621635910849e+01
1.813002000000000002e+00	2.710674148580483234e+01
1.818338000000000010e+00	2.617006097258065722e+01
1.822912000000000088e+00	2.750536582358976645e+01
1.826850000000000085e+00	2.693107891509228935e+01
1.830492000000000008e+00	2.632738565660233832e+01
1.834179999999999922e+00	2.675561175583487739e+01
1.838259000000000087e+00	2.749093544436347969e+01
1.843048000000000020e+00	2.771377455492785913e+01
1.848562000000000038e+00	2.826366833150004254e+01
1.854589999999999961e+00	2.938577828855709839e+01
1.860913000000000039e+00	3.011215678367899073e+01
1.867313999999999918e+00	3.085043896243053041e+01
1.873583999999999916e+00	3.137573236898756690e+01
1.879660000000000108e+00	3.180245125892272284e+01
1.885596000000000050e+00	3.153629536706909420e+01
1.891450999999999993e+00	3.200523412883345031e+01
1.897281999999999913e+00	3.148205497721833268e+01
1.903146999999999922e+00	3.059810974935481198e+01
1.909062999999999954e+00	3.156734314707108524e+01
1.915018000000000109e+00	3.184486541234162615e+01
1.920995999999999926e+00	3.166607682190059236e+01
1.926979999999999915e+00	3.209255204016788809e+01
1.932955999999999896e+00	3.281487541681311626e+01
1.938917999999999919e+00	3.325505569187235722e+01
1.944868999999999959e+00	3.375705901840629508e+01
1.950814000000000048e+00	3.286057206044636558e+01
1.956757999999999997e+00	3.319380553205191831e+01
1.962703000000000086e+00	3.311759621959271271e+01
1.968652000000000069e+00	3.292113981104537856e+01
1.974604000000000026e+00	3.394815631186541083e+01
1.980558000000000041e+00	3.444262474072864677e+01
1.986512000000000056e+00	3.374644092027865128e+01
1.992466000000000070e+00	3.407544152176965468e+01
1.998418000000000028e+00	3.531291526551378723e+01
2.004370000000000207e+00	3.586502872753201387e+01
2.010321999999999942e+00	3.734980161152089551e+01
2.016272999999999982e+00	3.677842739315202891e+01
2.022224000000000022e+00	3.813164511054143446e+01
2.028176000000000201e+00	3.900111625688765571e+01
2.034127999999999936e+00	3.928431542239224683e+01
2.040080000000000116e+00	3.928346694183507992e+01
2.046031999999999851e+00	3.932970693049342259e+01
2.051984000000000030e+00	3.930514488380267579e+01
2.057935000000000070e+00	3.850563555396912818e+01
2.063886999999999805e+00	3.889641138188352443e+01
2.069837999999999845e+00	3.852725164458937002e+01
2.075791000000000164e+00	3.792258713304736517e+01
2.081744000000000039e+00	3.869469823973361144e+01
2.087698000000000054e+00	3.911014469219814060e+01
2.093652000000000069e+00	3.857779301919172354e+01
2.099604999999999944e+00	4.015767107652434476e+01
2.105554999999999843e+00	3.938656553788891301e+01
2.111501000000000072e+00	4.047702369926842891e+01
2.117445000000000022e+00	4.102097642175773728e+01
2.123388999999999971e+00	4.074455623875936539e+01
2.129338000000000175e+00	4.214472902853494674e+01
2.135295999999999861e+00	4.280332702346457552e+01
2.141268000000000171e+00	4.295397077398176577e+01
2.147250999999999799e+00	4.367513924116747148e+01
2.153232000000000035e+00	4.381558410978139051e+01
2.159196000000000115e+00	4.512715332070011698e+01
2.165125000000000188e+00	4.496202009743453942e+01
2.171006000000000213e+00	4.436837381838451222e+01
2.176841000000000026e+00	4.388381900320261053e+01
2.182682999999999929e+00	4.393539956471042274e+01
2.188588999999999896e+00	4.321921528079067798e+01
2.194618000000000180e+00	4.279558715680641967e+01
2.200828000000000007e+00	4.253811441671080473e+01
2.207209999999999894e+00	4.108758320738198933e+01
2.213579000000000185e+00	4.034650197410767447e+01
2.219714999999999883e+00	4.039332069371622680e+01
2.225403000000000020e+00	3.915509224284152623e+01
2.230423000000000044e+00	3.966235094746233614e+01
2.234681000000000139e+00	3.961907802116488853e+01
2.238447999999999993e+00	3.899295892416712661e+01
2.242068000000000172e+00	3.974762835578118114e+01
2.245884000000000214e+00	4.099481126868995773e+01
2.250237999999999960e+00	4.165401892945749296e+01
2.255365999999999982e+00	4.247126756285726401e+01
2.261130000000000084e+00	4.269135656296644754e+01
2.267313000000000134e+00	4.424643979809792427e+01
2.273696000000000161e+00	4.485603242149760916e+01
2.280063999999999869e+00	4.489485102894992963e+01
2.286243999999999943e+00	4.478731075866929956e+01
2.292251999999999956e+00	4.470671477972209829e+01
2.298146000000000022e+00	4.443215712959097630e+01
2.303983000000000114e+00	4.351316678662986703e+01
2.309822000000000042e+00	4.330418965987083624e+01
2.315710999999999853e+00	4.272451448115598538e+01
2.321645999999999876e+00	4.296462367858412534e+01
2.327612999999999932e+00	4.369828531127861737e+01
2.333594999999999864e+00	4.343675077882717517e+01
2.339576999999999796e+00	4.289513617644043819e+01
2.345546999999999827e+00	4.318317164640800598e+01
2.351503999999999817e+00	4.353402772823994837e+01
2.357451999999999881e+00	4.310863426833397938e+01
2.363395999999999830e+00	4.350403400970562018e+01
2.369339000000000084e+00	4.235032221489460369e+01
2.375286000000000008e+00	4.208754107508762132e+01
2.381237000000000048e+00	4.184673954475542956e+01
2.387189999999999923e+00	4.217546820637475946e+01
2.393143999999999938e+00	4.208239690438296776e+01
2.399097999999999953e+00	4.156987239537368595e+01
2.405050999999999828e+00	4.158606279982561205e+01
2.411004000000000147e+00	4.037664963974278720e+01
2.416955999999999882e+00	3.970215497375067315e+01
2.422906999999999922e+00	4.032542824782522928e+01
2.428857999999999961e+00	4.007131105574170959e+01
2.434809000000000001e+00	3.969738947656973949e+01
2.440760000000000041e+00	4.028375414990584602e+01
2.446712000000000220e+00	3.985366706957775307e+01
2.452663999999999955e+00	4.057556615130670252e+01
2.458616999999999830e+00	4.225480504635751799e+01
2.464570999999999845e+00	4.150463505183257240e+01
2.470524999999999860e+00	4.247396248185643941e+01
2.476478000000000179e+00	4.375085374247885284e+01
2.482429999999999914e+00	4.422635050552386815e+01
2.488377999999999979e+00	4.399711355437838733e+01
2.494323000000000068e+00	4.476509090638756305e+01
2.500265999999999877e+00	4.532412378914624895e+01
2.506212000000000106e+00	4.520202157841954005e+01
2.512164999999999981e+00	4.416751451464857325e+01
2.518129000000000062e+00	4.423187821590232716e+01
2.524108000000000018e+00	4.366180097028492924e+01
2.530091999999999786e+00	4.245154856253397213e+01
2.536067000000000071e+00	4.202708438952942060e+01
2.542015999999999831e+00	4.017867111293619331e+01
2.547924000000000078e+00	3.965114236388201618e+01
2.553779000000000021e+00	3.791621014947554613e+01
2.559610000000000163e+00	3.595977414792015026e+01
2.565475000000000172e+00	3.435166855628629889e+01
2.571432000000000162e+00	3.374463682785953011e+01
2.577539999999999942e+00	3.206597485602571851e+01
2.583845999999999865e+00	3.081162984625824564e+01
2.590249000000000024e+00	3.102595620102847107e+01
2.596534000000000120e+00	3.109928696945356208e+01
2.602485000000000159e+00	3.140690613494167138e+01
2.607883000000000173e+00	3.259070623120435783e+01
2.612527000000000044e+00	3.170644819616722998e+01
2.616509000000000196e+00	3.235754015795710359e+01
2.620163999999999938e+00	3.382421843475248835e+01
2.623834000000000000e+00	3.320635942611451696e+01
2.627863000000000060e+00	3.433548801066531553e+01
2.632579999999999920e+00	3.600781014483685283e+01
2.638037000000000187e+00	3.721296227115738020e+01
2.644026000000000209e+00	3.808578233082507580e+01
2.650332000000000132e+00	3.904393548314811824e+01
2.656734000000000151e+00	3.905302753674673255e+01
2.663022999999999918e+00	3.963854301945684711e+01
2.669115000000000126e+00	3.759734145713683517e+01
2.675060999999999911e+00	3.659621136184010481e+01
2.680919999999999970e+00	3.450974881496431834e+01
2.686751000000000111e+00	3.291738032214627907e+01
2.692610999999999866e+00	3.075922491525572866e+01
2.698523999999999923e+00	2.853091130674160425e+01
2.704476000000000102e+00	2.525203602507798450e+01
2.710452000000000083e+00	2.301742845187190412e+01
2.716435999999999851e+00	1.931052221624036136e+01
2.722412999999999972e+00	1.566238225792989525e+01
2.728375999999999912e+00	1.166359408352441562e+01
2.734328000000000092e+00	8.472597890216981398e+00
2.740273999999999877e+00	5.307813734701890773e+00
2.746217000000000130e+00	2.601897015423965343e+00
2.752162000000000219e+00	4.148512653371407843e-01
2.758110999999999979e+00	-2.877860075007553087e-02
2.764063000000000159e+00	1.298343916097363770e+00
2.770016000000000034e+00	2.767836252391379759e+00
2.775971000000000188e+00	4.236189945179153149e+00
2.781924000000000063e+00	7.583411641552736171e+00
2.787876999999999938e+00	1.022565264385891659e+01
2.793829000000000118e+00	1.267902782861080624e+01
2.799780999999999853e+00	1.527365649525132341e+01
2.805731999999999893e+00	1.637933331986695862e+01
2.811682999999999932e+00	1.540956224702390287e+01
2.817635000000000112e+00	1.349738906778596004e+01
2.823586999999999847e+00	1.166707802434651242e+01
2.829539000000000026e+00	8.634234536016080597e+00
2.835491000000000206e+00	5.334038037941696508e+00
2.841442999999999941e+00	3.343101770053299227e+00
2.847395000000000120e+00	3.081832736242488213e+00
2.853346999999999856e+00	3.842624670044513469e+00
2.859299000000000035e+00	4.454813372978123631e+00
2.865251000000000214e+00	5.968504003286563275e+00
2.871201999999999810e+00	8.517357894444295141e+00
2.877153999999999989e+00	1.010912293621226254e+01
2.883106000000000169e+00	1.306781031813689609e+01
2.889057999999999904e+00	1.601099095685343698e+01
2.895010000000000083e+00	2.156166462488744884e+01
2.900961999999999819e+00	2.844256990422567100e+01
2.906913999999999998e+00	3.793139027206695602e+01
2.912866000000000177e+00	4.594685911946081092e+01
2.918817999999999913e+00	5.169960360590249593e+01
2.924770000000000092e+00	5.284950377919391684e+01
2.930721000000000132e+00	4.928274966240773125e+01
2.936672999999999867e+00	3.715307567581383807e+01
2.942625000000000046e+00	2.094341248548586165e+01
2.948576999999999781e+00	3.029559041587868151e+00
2.954528999999999961e+00	-1.236102860084358035e+01
2.960481000000000140e+00	-2.243813780699575844e+01
2.966432999999999875e+00	-2.564563739543172716e+01
2.972385000000000055e+00	-2.144563086031455512e+01
2.978336999999999790e+00	-1.448771747805491117e+01
2.984288999999999970e+00	-3.333324056399612711e+00
2.990240000000000009e+00	7.230413137150256908e+00
2.996192000000000188e+00	1.729373894917191379e+01
3.002143999999999924e+00	2.556413988795674186e+01
3.008096000000000103e+00	2.744487418477898188e+01
3.014047999999999838e+00	2.440503798539377556e+01
3.020000000000000018e+00	1.209744407310630088e+01
