1.199999999999999956e-01	5.422733516715739555e+00
1.249780000000000058e-01	2.621382654381166244e+00
1.305999999999999939e-01	-3.457876162336027126e-01
1.367059999999999942e-01	-2.517337024440490012e+00
1.431360000000000132e-01	-3.404383109062225632e+00
1.497320000000000040e-01	-4.466795145962397129e+00
1.563350000000000017e-01	-4.396278604679382696e+00
1.627850000000000130e-01	-3.842080066862329168e+00
1.689219999999999888e-01	-3.174691997067041083e+00
1.745889999999999942e-01	-2.764266753704118784e+00
1.796250000000000069e-01	-1.713468580589551760e+00
1.839349999999999874e-01	-3.924545706296493908e-01
1.877439999999999942e-01	8.869681564606408664e-01
1.913779999999999926e-01	1.762058782798024525e+00
1.951660000000000061e-01	2.106920452138877575e+00
1.994340000000000002e-01	2.296627025173023640e+00
2.044499999999999929e-01	3.265116620855645913e+00
2.101250000000000062e-01	3.250789004627080203e+00
2.162479999999999958e-01	2.819308367214904631e+00
2.226049999999999973e-01	2.461259888277847363e+00
2.289819999999999911e-01	2.352754747721027329e+00
2.351930000000000132e-01	2.127978395270214484e+00
2.412249999999999950e-01	2.016388698876440344e+00
2.471349999999999936e-01	1.895199839553221688e+00
2.529799999999999827e-01	9.191154629343658566e-01
2.588170000000000193e-01	4.621695260001433825e-01
2.646970000000000156e-01	-1.330462261884517439e-01
2.706259999999999777e-01	7.811574889106360775e-01
2.765880000000000005e-01	1.621138102905219092e-01
2.825679999999999858e-01	-5.989918115198630821e-02
2.885510000000000019e-01	4.693306695407928886e-01
2.945229999999999793e-01	-1.121401751309457767e-01
3.004809999999999981e-01	8.809662017264008327e-01
3.064310000000000089e-01	5.029352392219605949e-01
3.123750000000000138e-01	1.086765104703100837e+00
3.183190000000000186e-01	3.978330920043234853e-01
3.242650000000000254e-01	1.787689993010861178e+00
3.302149999999999808e-01	2.265863349565542695e+00
3.361680000000000224e-01	2.324735907141704860e+00
3.421210000000000084e-01	3.013947180111667290e+00
3.480759999999999965e-01	2.246979628858380096e+00
3.540289999999999826e-01	2.040782228829732148e+00
3.599809999999999954e-01	2.184086895741669476e+00
3.659330000000000083e-01	2.398514813775754817e+00
3.718839999999999923e-01	3.295491342421606351e+00
3.778360000000000052e-01	2.190341823307766056e+00
3.837869999999999893e-01	1.645864651893126585e+00
3.897390000000000021e-01	2.195570046851060830e+00
3.956910000000000149e-01	1.419232832580296755e+00
4.016429999999999723e-01	2.945566627342194099e+00
4.075949999999999851e-01	1.922157277152336086e+00
4.135469999999999979e-01	1.932674150772591082e+00
4.194979999999999820e-01	2.025126034679093134e+00
4.254499999999999948e-01	1.416083384683712421e+00
4.314009999999999789e-01	1.405294271724488953e+00
4.373540000000000205e-01	1.130406857905211115e+00
4.433079999999999798e-01	1.691009579531504770e+00
4.492619999999999947e-01	1.639790137799467029e+00
4.552160000000000095e-01	1.724081699447688854e+00
4.611680000000000224e-01	1.349645047669827180e+00
4.671170000000000044e-01	2.141772817526949702e+00
4.730619999999999825e-01	2.330942787644366021e+00
4.790059999999999873e-01	2.387931744933475819e+00
4.849510000000000209e-01	2.502245713505849345e+00
4.909020000000000050e-01	4.000398996763705917e+00
4.968629999999999991e-01	4.163587072304051340e+00
5.028390000000000359e-01	4.394656632192115886e+00
5.088230000000000253e-01	5.136990011697921688e+00
5.148009999999999531e-01	6.491539634602796482e+00
5.207570000000000254e-01	7.387505202649360392e+00
5.266750000000000043e-01	6.267865310139845825e+00
5.325410000000000421e-01	6.304520776882906574e+00
5.383719999999999617e-01	7.125148720923853318e+00
5.442249999999999588e-01	6.738051947957875321e+00
5.501580000000000359e-01	6.418938466489614747e+00
5.562289999999999734e-01	6.104735228795178159e+00
5.624930000000000208e-01	5.293784611551497044e+00
5.688929999999999820e-01	5.140241918089479611e+00
5.752220000000000111e-01	4.196030521536193270e+00
5.812610000000000277e-01	4.339246531349828295e+00
5.867949999999999555e-01	2.809932207644516566e+00
5.916080000000000227e-01	2.920506714261195569e+00
5.957040000000000113e-01	2.507067791261653689e+00
5.993990000000000151e-01	2.946903552413834504e+00
6.030370000000000452e-01	1.421684140846199984e+00
6.069609999999999728e-01	2.219042114489066631e+00
6.115110000000000268e-01	1.317154215462650324e+00
6.168270000000000142e-01	2.329012775474665453e+00
6.227219999999999978e-01	1.664856133256363169e+00
6.289789999999999548e-01	1.697480024430835677e+00
6.353790000000000271e-01	2.263244783534895443e+00
6.417070000000000274e-01	2.492079284653205828e+00
6.478369999999999962e-01	3.241538322701711827e+00
6.538089999999999735e-01	2.291367969742782673e+00
6.596819999999999906e-01	3.149651660157870126e+00
6.655140000000000500e-01	3.462058061279347232e+00
6.713630000000000431e-01	3.291209767957110621e+00
6.772660000000000347e-01	3.118830206571866270e+00
6.832110000000000127e-01	3.247197005226250877e+00
6.891829999999999901e-01	2.367274149023522067e+00
6.951669999999999794e-01	2.818186774658985705e+00
7.011469999999999647e-01	2.594416217827832494e+00
7.071119999999999628e-01	2.511364219688478450e+00
7.130670000000000064e-01	2.216319937379557459e+00
7.190130000000000132e-01	2.659275475989044679e+00
7.249569999999999625e-01	1.420591906721653697e+00
7.309010000000000229e-01	1.951065219992118571e+00
7.368489999999999762e-01	2.177927384138177214e+00
7.428000000000000158e-01	1.991793303476835364e+00
7.487530000000000019e-01	2.634093583312640430e+00
7.547080000000000455e-01	3.725000806736594061e+00
7.606619999999999493e-01	2.902594342474695832e+00
7.666140000000000176e-01	2.545729983644408279e+00
7.725670000000000037e-01	2.671599594455969395e+00
7.785180000000000433e-01	2.740454052053619360e+00
7.844689999999999719e-01	3.591059439745014181e+00
7.904210000000000402e-01	3.254959014495196978e+00
7.963729999999999976e-01	3.543491889208914003e+00
8.023249999999999549e-01	3.114178515464989694e+00
8.082770000000000232e-01	3.711172229066632688e+00
8.142289999999999806e-01	2.708678593091542908e+00
8.201800000000000201e-01	3.989778820177651841e+00
8.261319999999999775e-01	3.064109067510099038e+00
8.320830000000000171e-01	3.303145088759670500e+00
8.380349999999999744e-01	3.643614926299115986e+00
8.439870000000000427e-01	3.389569205122704432e+00
8.499400000000000288e-01	4.083110004246877978e+00
8.558940000000000436e-01	2.778226576935592718e+00
8.618479999999999475e-01	4.284920675767394549e+00
8.678010000000000446e-01	3.088984458863278881e+00
8.737519999999999731e-01	4.141095797863098227e+00
8.797000000000000375e-01	4.207857954468898320e+00
8.856439999999999868e-01	3.573055922944353924e+00
8.915870000000000184e-01	3.631106250589051676e+00
8.975349999999999717e-01	3.778747093777118593e+00
9.034900000000000153e-01	3.813257236664727934e+00
9.094569999999999599e-01	3.863586328437328188e+00
9.154379999999999740e-01	4.041533064270019793e+00
9.214210000000000456e-01	3.976470859009095804e+00
9.273909999999999654e-01	4.917005813012578663e+00
9.333329999999999682e-01	4.287816718417008843e+00
9.392300000000000093e-01	4.175539858132447435e+00
9.450749999999999984e-01	3.770686197314808030e+00
9.509090000000000042e-01	3.047571588020999478e+00
9.567890000000000006e-01	3.621245696538834657e+00
9.627750000000000474e-01	3.087438027131561569e+00
9.689229999999999787e-01	2.779262159342945182e+00
9.752680000000000238e-01	2.827740415256758233e+00
9.816639999999999810e-01	3.258564158275285116e+00
9.878930000000000211e-01	3.448985799077900261e+00
9.937399999999999567e-01	2.979099517524629537e+00
9.989850000000000119e-01	3.493293737678300204e+00
1.003457999999999961e+00	4.114624728500000828e+00
1.007338000000000067e+00	3.781616692694759863e+00
1.010966000000000031e+00	4.553238794358122732e+00
1.014685999999999977e+00	4.201048368432855007e+00
1.018841000000000108e+00	5.268067060349830300e+00
1.023735000000000062e+00	5.155732156591536608e+00
1.029328999999999938e+00	4.871500190231854432e+00
1.035408000000000106e+00	5.271867494044038871e+00
1.041754000000000069e+00	5.364328187512504620e+00
1.048148999999999997e+00	5.010913324521220957e+00
1.054391999999999996e+00	4.455390504798509177e+00
1.060446000000000000e+00	4.551095428130002674e+00
1.066368999999999900e+00	3.810698319105914500e+00
1.072216999999999976e+00	3.853010413597697248e+00
1.078049000000000035e+00	3.849434262596516554e+00
1.083920999999999912e+00	3.354441954487845656e+00
1.089842999999999895e+00	4.166429259392965712e+00
1.095801999999999943e+00	3.932215891733180868e+00
1.101780999999999899e+00	3.137624007256941017e+00
1.107765000000000111e+00	4.626656297704960785e+00
1.113739999999999952e+00	4.576728803520445865e+00
1.119699999999999918e+00	3.984837996937680149e+00
1.125650000000000039e+00	4.659432192657507521e+00
1.131594999999999906e+00	5.520077246737508325e+00
1.137537999999999938e+00	5.034023446718756567e+00
1.143483999999999945e+00	5.289500658681440370e+00
1.149432999999999927e+00	5.892677965165969312e+00
1.155386000000000024e+00	5.985381539020227848e+00
1.161338999999999899e+00	6.188670238624585096e+00
1.167294000000000054e+00	7.004279082673924961e+00
1.173246999999999929e+00	5.851130344941467776e+00
1.179200000000000026e+00	5.689698614952952482e+00
1.185151999999999983e+00	6.232003584196237789e+00
1.191103000000000023e+00	6.973702040066863006e+00
1.197054000000000062e+00	6.127003411351481077e+00
1.203006000000000020e+00	6.207173405893830598e+00
1.208957999999999977e+00	6.774593223373366335e+00
1.214909999999999934e+00	6.160831936481040216e+00
1.220861999999999892e+00	6.664311558224116361e+00
1.226814000000000071e+00	7.063852299849589400e+00
1.232765000000000111e+00	6.902185653138419141e+00
1.238717000000000068e+00	6.705670378909811546e+00
1.244668000000000108e+00	5.808212470063160993e+00
1.250620000000000065e+00	5.636543130269956237e+00
1.256572000000000022e+00	5.639468853554444827e+00
1.262526000000000037e+00	6.631812623853917010e+00
1.268480000000000052e+00	6.162505044304925406e+00
1.274434000000000067e+00	6.481130717021965637e+00
1.280386000000000024e+00	6.757148586479187813e+00
1.286335999999999924e+00	5.932971833483568602e+00
1.292281999999999931e+00	6.401318609379226032e+00
1.298224999999999962e+00	5.227375763041123058e+00
1.304170000000000051e+00	6.574370417829061175e+00
1.310119999999999951e+00	7.417466915398972738e+00
1.316079999999999917e+00	7.511928644552416934e+00
1.322052999999999923e+00	8.216680232382691074e+00
1.328036999999999912e+00	9.121717134644779179e+00
1.334017000000000008e+00	1.022345800216885436e+01
1.339976000000000056e+00	1.209902098425212102e+01
1.345900000000000096e+00	1.437668374410739958e+01
1.351774000000000031e+00	1.531207121439992136e+01
1.357607000000000008e+00	1.848871637619649988e+01
1.363453000000000026e+00	2.099612465155603758e+01
1.369372000000000034e+00	2.270924249603510248e+01
1.375421999999999922e+00	2.369762732970032459e+01
1.381658999999999970e+00	2.372443482344942467e+01
1.388052000000000064e+00	2.324885318990370209e+01
1.394403000000000059e+00	2.240879201319046743e+01
1.400492999999999988e+00	1.912390549616657509e+01
1.406104999999999938e+00	1.741583821750931094e+01
1.411021999999999998e+00	1.596534892057316313e+01
1.415195999999999898e+00	1.291957721579674434e+01
1.418924000000000074e+00	1.078534964205538849e+01
1.422549999999999981e+00	1.055533326273656414e+01
1.426417000000000046e+00	8.984067484129269587e+00
1.430868000000000029e+00	7.901011382071717826e+00
1.436091000000000006e+00	5.965360786726100706e+00
1.441923000000000066e+00	5.353303211538744222e+00
1.448144000000000098e+00	6.587387735517136633e+00
1.454538000000000109e+00	5.211900717985739284e+00
1.460887000000000047e+00	5.200671744134776731e+00
1.467041999999999957e+00	4.885498225719888232e+00
1.473030999999999979e+00	4.625271453873573080e+00
1.478914000000000062e+00	5.397355159050787776e+00
1.484749000000000096e+00	5.252985604671321695e+00
1.490591999999999917e+00	5.336838568195275911e+00
1.496488000000000040e+00	5.968030766384342378e+00
1.502428000000000097e+00	6.336508055950016427e+00
1.508397999999999906e+00	5.724662769612650415e+00
1.514380999999999977e+00	6.600517613337510525e+00
1.520361999999999991e+00	6.637716182403538667e+00
1.526329999999999965e+00	6.912311933265489650e+00
1.532284999999999897e+00	6.850175052892966576e+00
1.538232999999999961e+00	6.318928912048523472e+00
1.544175999999999993e+00	5.677949418287042249e+00
1.550119999999999942e+00	6.033456125403619197e+00
1.556068000000000007e+00	4.836942303219992745e+00
1.562019000000000046e+00	4.864999862910160289e+00
1.567971999999999921e+00	4.355282534401490047e+00
1.573925999999999936e+00	4.829635296219072060e+00
1.579879999999999951e+00	5.674947432557312155e+00
1.585833000000000048e+00	5.259773347143536171e+00
1.591785000000000005e+00	6.100303880768779052e+00
1.597736999999999963e+00	6.155901295740745738e+00
1.603688000000000002e+00	7.278887190727870049e+00
1.609639000000000042e+00	6.445141055194334889e+00
1.615590999999999999e+00	7.043903214180382122e+00
1.621542999999999957e+00	7.831212652936649476e+00
1.627494999999999914e+00	7.756820443111197783e+00
1.633447000000000093e+00	8.247307562283143767e+00
1.639399000000000051e+00	7.706728107577912823e+00
1.645350000000000090e+00	7.854852299177934150e+00
1.651302000000000048e+00	8.224820638228484526e+00
1.657253000000000087e+00	7.958824088702225907e+00
1.663205000000000044e+00	8.142512317403737043e+00
1.669157999999999920e+00	7.409744321405024259e+00
1.675111999999999934e+00	7.867130075728302252e+00
1.681065999999999949e+00	7.510391213173996938e+00
1.687019000000000046e+00	7.630719807087153583e+00
1.692971000000000004e+00	7.483901067670454488e+00
1.698919000000000068e+00	8.049024726216757131e+00
1.704863000000000017e+00	8.209114867887544520e+00
1.710806999999999967e+00	8.845933053488286291e+00
1.716752999999999973e+00	8.645556298358881619e+00
1.722706999999999988e+00	9.048506279767027038e+00
1.728671999999999986e+00	9.139714522651955164e+00
1.734652000000000083e+00	8.524458983849244831e+00
1.740636000000000072e+00	9.566450243680350241e+00
1.746609000000000078e+00	9.390802040579345089e+00
1.752555000000000085e+00	9.431397412037618722e+00
1.758458000000000077e+00	1.093944088659752900e+01
1.764308999999999905e+00	9.340847052973682452e+00
1.770140999999999964e+00	8.705507502199715475e+00
1.776011999999999924e+00	9.205844872829775483e+00
1.781979999999999897e+00	7.538404262690875157e+00
1.788105000000000055e+00	8.241178258221330211e+00
1.794426999999999994e+00	8.924437006514192916e+00
1.800829000000000013e+00	1.001789096083724218e+01
1.807091999999999921e+00	1.020523696639452815e+01
1.813002000000000002e+00	9.966998595875363520e+00
1.818338000000000010e+00	1.068874500164677066e+01
1.822912000000000088e+00	1.207936481800382467e+01
1.826850000000000085e+00	1.358285533012851864e+01
1.830492000000000008e+00	1.360015180166288395e+01
1.834179999999999922e+00	1.438741159523930868e+01
1.838259000000000087e+00	1.456276659376677785e+01
1.843048000000000020e+00	1.393479019722037648e+01
1.848562000000000038e+00	1.387717100846388085e+01
1.854589999999999961e+00	1.205872981810730238e+01
1.860913000000000039e+00	1.208045350593936540e+01
1.867313999999999918e+00	1.013374667033069088e+01
1.873583999999999916e+00	9.129784942968447226e+00
1.879660000000000108e+00	7.506248095298735379e+00
1.885596000000000050e+00	6.499412707850882320e+00
1.891450999999999993e+00	5.377170742890466038e+00
1.897281999999999913e+00	3.725808229345619171e+00
1.903146999999999922e+00	3.074309509298275955e+00
1.909062999999999954e+00	2.450686508855135504e+00
1.915018000000000109e+00	1.793642085764419747e+00
1.920995999999999926e+00	2.648030459545547721e+00
1.926979999999999915e+00	2.938324087440691734e+00
1.932955999999999896e+00	3.640685279893905779e+00
1.938917999999999919e+00	4.879787711272502548e+00
1.944868999999999959e+00	5.834001992389175051e+00
1.950814000000000048e+00	6.476314772615625159e+00
1.956757999999999997e+00	7.187936488072436347e+00
1.962703000000000086e+00	7.791479553292322002e+00
1.968652000000000069e+00	9.268817056114594166e+00
1.974604000000000026e+00	9.970497235937111569e+00
1.980558000000000041e+00	1.073896321859292691e+01
1.986512000000000056e+00	1.075304797336543849e+01
1.992466000000000070e+00	9.800095643189914441e+00
1.998418000000000028e+00	1.036763775655659181e+01
2.004370000000000207e+00	9.640654714053381369e+00
2.010321999999999942e+00	9.866601317010619709e+00
2.016272999999999982e+00	9.556818825241890636e+00
2.022224000000000022e+00	9.407028118353819579e+00
2.028176000000000201e+00	8.947430133389783435e+00
2.034127999999999936e+00	9.452824776865753620e+00
2.040080000000000116e+00	1.021887298063954752e+01
2.046031999999999851e+00	9.883079253652608642e+00
2.051984000000000030e+00	1.077142699165601414e+01
2.057935000000000070e+00	1.114300314558325411e+01
2.063886999999999805e+00	1.069529726306334005e+01
2.069837999999999845e+00	1.111159236513271331e+01
2.075791000000000164e+00	1.155675016264544652e+01
2.081744000000000039e+00	1.088594239648540274e+01
2.087698000000000054e+00	1.035240542281813170e+01
2.093652000000000069e+00	9.889557263746542759e+00
2.099604999999999944e+00	9.841388272378800650e+00
2.105554999999999843e+00	9.302641564699962728e+00
2.111501000000000072e+00	7.644613268882085144e+00
2.117445000000000022e+00	8.252299310021147249e+00
2.123388999999999971e+00	6.536691036181597525e+00
2.129338000000000175e+00	6.214220991852461573e+00
2.135295999999999861e+00	6.078582739701160698e+00
2.141268000000000171e+00	5.404527989973862745e+00
2.147250999999999799e+00	5.563801864736349856e+00
2.153232000000000035e+00	5.522751036245243661e+00
2.159196000000000115e+00	6.457323045386770488e+00
2.165125000000000188e+00	6.112130145471603271e+00
2.171006000000000213e+00	6.512076806670845208e+00
2.176841000000000026e+00	8.041453517556721664e+00
2.182682999999999929e+00	8.876893513307482664e+00
2.188588999999999896e+00	1.020629961125268181e+01
2.194618000000000180e+00	1.209806772699668365e+01
2.200828000000000007e+00	1.274481412161753191e+01
2.207209999999999894e+00	1.467672611508195502e+01
2.213579000000000185e+00	1.642894432989334064e+01
2.219714999999999883e+00	1.942759457035407422e+01
2.225403000000000020e+00	1.944530252637354906e+01
2.230423000000000044e+00	1.943510417152507586e+01
2.234681000000000139e+00	1.945851864146651877e+01
2.238447999999999993e+00	1.904160260230995405e+01
2.242068000000000172e+00	1.735016493137995042e+01
2.245884000000000214e+00	1.547471109470025752e+01
2.250237999999999960e+00	1.392885309080120670e+01
2.255365999999999982e+00	1.171546848911219385e+01
2.261130000000000084e+00	9.922996739383240339e+00
2.267313000000000134e+00	8.979458941285702878e+00
2.273696000000000161e+00	7.831289511017392790e+00
2.280063999999999869e+00	6.888566107569993768e+00
2.286243999999999943e+00	7.572924913085120835e+00
2.292251999999999956e+00	6.906096107587543109e+00
2.298146000000000022e+00	8.332343670453866480e+00
2.303983000000000114e+00	9.614282763038323409e+00
2.309822000000000042e+00	1.249339236287999810e+01
2.315710999999999853e+00	1.457888673427839699e+01
2.321645999999999876e+00	1.737455181808806159e+01
2.327612999999999932e+00	2.021249608532480835e+01
2.333594999999999864e+00	2.156222846734721443e+01
2.339576999999999796e+00	2.359472635019463382e+01
2.345546999999999827e+00	2.402790908700642447e+01
2.351503999999999817e+00	2.456527334178820965e+01
2.357451999999999881e+00	2.455158079680107619e+01
2.363395999999999830e+00	2.370648584636191814e+01
2.369339000000000084e+00	2.093561890580902229e+01
2.375286000000000008e+00	1.928594126795498553e+01
2.381237000000000048e+00	1.671459359180726523e+01
2.387189999999999923e+00	1.395158558908068258e+01
2.393143999999999938e+00	1.163869139445888479e+01
2.399097999999999953e+00	9.917725738162847193e+00
2.405050999999999828e+00	9.490092973184392378e+00
2.411004000000000147e+00	7.748071104396935915e+00
2.416955999999999882e+00	8.916229005931775475e+00
2.422906999999999922e+00	9.448805473364824792e+00
2.428857999999999961e+00	1.146225298481902399e+01
2.434809000000000001e+00	1.451096783766155163e+01
2.440760000000000041e+00	1.896610564306410751e+01
2.446712000000000220e+00	2.340969713507645622e+01
2.452663999999999955e+00	2.726224604315669353e+01
2.458616999999999830e+00	3.243781580868345316e+01
2.464570999999999845e+00	3.638983426392144338e+01
2.470524999999999860e+00	4.105836695571649386e+01
2.476478000000000179e+00	4.345860084018693925e+01
2.482429999999999914e+00	4.471762664138014287e+01
2.488377999999999979e+00	4.387537153747049956e+01
2.494323000000000068e+00	3.951242027140146007e+01
2.500265999999999877e+00	3.327167622794414115e+01
2.506212000000000106e+00	2.562468242821387321e+01
2.512164999999999981e+00	1.750527377343554747e+01
2.518129000000000062e+00	1.119538875396835564e+01
2.524108000000000018e+00	5.346466046680824924e+00
2.530091999999999786e+00	1.823020069185412817e+00
2.536067000000000071e+00	7.346685191141684168e-01
2.542015999999999831e+00	-1.214854026422642175e+00
2.547924000000000078e+00	-7.087705798814073477e-01
2.553779000000000021e+00	1.755670971764289323e-01
2.559610000000000163e+00	4.300048380520212765e-01
2.565475000000000172e+00	2.054407860702987421e+00
2.571432000000000162e+00	2.879906258413958309e+00
2.577539999999999942e+00	6.030207250614935788e+00
2.583845999999999865e+00	7.560304531080623391e+00
2.590249000000000024e+00	1.059295068642229154e+01
2.596534000000000120e+00	1.259212910458576218e+01
2.602485000000000159e+00	1.435216295263488462e+01
2.607883000000000173e+00	1.547660929727943113e+01
2.612527000000000044e+00	1.469852302157263324e+01
2.616509000000000196e+00	1.515547506171393088e+01
2.620163999999999938e+00	1.373050062691321038e+01
2.623834000000000000e+00	1.177734100458464717e+01
2.627863000000000060e+00	8.785572492487366603e+00
2.632579999999999920e+00	7.408995921737361101e+00
2.638037000000000187e+00	5.459914756032000938e+00
2.644026000000000209e+00	4.562690795949171374e+00
2.650332000000000132e+00	2.944154030852085491e+00
2.656734000000000151e+00	4.275856323154902938e+00
2.663022999999999918e+00	5.782401107142582042e+00
2.669115000000000126e+00	8.921357867409984266e+00
2.675060999999999911e+00	1.069633580588949506e+01
2.680919999999999970e+00	1.468372725368981513e+01
2.686751000000000111e+00	1.511224654049304483e+01
2.692610999999999866e+00	1.440107243539380022e+01
2.698523999999999923e+00	1.015533656220242875e+01
2.704476000000000102e+00	6.489854471057945773e+00
2.710452000000000083e+00	7.482147365746787404e-01
2.716435999999999851e+00	-4.616223855847061408e+00
2.722412999999999972e+00	-8.649048217714124576e+00
2.728375999999999912e+00	-1.119643939372764940e+01
2.734328000000000092e+00	-1.375710081665666706e+01
2.740273999999999877e+00	-1.472614344493030991e+01
2.746217000000000130e+00	-1.491602728466471994e+01
2.752162000000000219e+00	-1.716807354640817351e+01
2.758110999999999979e+00	-1.696592731335443105e+01
2.764063000000000159e+00	-1.847105408255372438e+01
2.770016000000000034e+00	-1.875140327532396256e+01
2.775971000000000188e+00	-1.889394475907540283e+01
2.781924000000000063e+00	-1.644706750771123183e+01
2.787876999999999938e+00	-1.398609539633955201e+01
2.793829000000000118e+00	-9.309126916444613542e+00
2.799780999999999853e+00	-5.772843791998155005e+00
2.805731999999999893e+00	-3.043261157133974493e+00
2.811682999999999932e+00	-1.513036210677203508e+00
2.817635000000000112e+00	-1.995340136887722160e+00
2.823586999999999847e+00	-2.778356224197181312e+00
2.829539000000000026e+00	-5.296055926927420998e+00
2.835491000000000206e+00	-6.377528338937624497e+00
2.841442999999999941e+00	-6.571802022781689345e+00
2.847395000000000120e+00	-5.856164556183909298e+00
2.853346999999999856e+00	-3.373420319985882987e+00
2.859299000000000035e+00	-1.424001997480426329e+00
2.865251000000000214e+00	2.364946547233907070e-01
2.871201999999999810e+00	5.415191981037061897e-01
2.877153999999999989e+00	-1.999691936607002063e-01
2.883106000000000169e+00	-2.663820967324537214e+00
2.889057999999999904e+00	-3.815942699083820777e+00
2.895010000000000083e+00	-6.873263447997796760e+00
2.900961999999999819e+00	-7.760485259718493900e+00
2.906913999999999998e+00	-7.822750796590825395e+00
2.912866000000000177e+00	-7.731639384590830666e+00
2.918817999999999913e+00	-6.372637296334540125e+00
2.924770000000000092e+00	-7.044429980347636899e+00
2.930721000000000132e+00	-1.050535102516241004e+01
2.936672999999999867e+00	-1.409549581294072418e+01
2.942625000000000046e+00	-1.988336936131610955e+01
2.948576999999999781e+00	-2.531646938774480660e+01
2.954528999999999961e+00	-3.032930738917724156e+01
2.960481000000000140e+00	-3.292098916322900948e+01
2.966432999999999875e+00	-3.456911925294224375e+01
2.972385000000000055e+00	-3.264503731703625533e+01
2.978336999999999790e+00	-3.002941434150264044e+01
2.984288999999999970e+00	-2.420101678348428464e+01
2.990240000000000009e+00	-1.847058510810634147e+01
2.996192000000000188e+00	-1.194968786165446240e+01
3.002143999999999924e+00	-4.931891891709333287e+00
3.008096000000000103e+00	2.479932511063965617e+00
3.014047999999999838e+00	1.053142975537353543e+01
3.020000000000000018e+00	1.756678038633391736e+01
