1.199999999999999956e-01	1.544261435035028329e+00
1.249780000000000058e-01	1.880757208265184666e-01
1.305999999999999939e-01	-1.237345093986766509e+00
1.367059999999999942e-01	-2.031300424924340930e+00
1.431360000000000132e-01	-2.783337999647591321e+00
1.497320000000000040e-01	-3.199867845576997549e+00
1.563350000000000017e-01	-3.433938768435488509e+00
1.627850000000000130e-01	-3.718988141671400349e+00
1.689219999999999888e-01	-3.486656405657974744e+00
1.745889999999999942e-01	-3.575763119052986383e+00
1.796250000000000069e-01	-3.372473779194444354e+00
1.839349999999999874e-01	-3.121316897045445682e+00
1.877439999999999942e-01	-3.029214487414725099e+00
1.913779999999999926e-01	-2.754057431602368045e+00
1.951660000000000061e-01	-2.552554885714983346e+00
1.994340000000000002e-01	-2.399937372783675471e+00
2.044499999999999929e-01	-2.283660197337312070e+00
2.101250000000000062e-01	-2.199365796766350023e+00
2.162479999999999958e-01	-2.156267290295613481e+00
2.226049999999999973e-01	-1.949463766292175437e+00
2.289819999999999911e-01	-1.951528453618117664e+00
2.351930000000000132e-01	-1.964961248379552439e+00
2.412249999999999950e-01	-1.995814784379654316e+00
2.471349999999999936e-01	-2.049673853043543215e+00
2.529799999999999827e-01	-2.208339779344740794e+00
2.588170000000000193e-01	-2.158873797504522685e+00
2.646970000000000156e-01	-2.099896241724735990e+00
2.706259999999999777e-01	-2.233758669641285000e+00
2.765880000000000005e-01	-2.339169072332004884e+00
2.825679999999999858e-01	-2.439602009971680197e+00
2.885510000000000019e-01	-2.552129924839657615e+00
2.945229999999999793e-01	-2.531055157293879976e+00
3.004809999999999981e-01	-2.565913472099220272e+00
3.064310000000000089e-01	-2.488299020717365639e+00
3.123750000000000138e-01	-2.642079416594913965e+00
3.183190000000000186e-01	-2.445629500317507254e+00
3.242650000000000254e-01	-2.415088223217376040e+00
3.302149999999999808e-01	-2.408534889693163539e+00
3.361680000000000224e-01	-2.390032054058899735e+00
3.421210000000000084e-01	-2.224511838548649756e+00
3.480759999999999965e-01	-2.209080413526866238e+00
3.540289999999999826e-01	-2.344611821765774984e+00
3.599809999999999954e-01	-2.148408037532149706e+00
3.659330000000000083e-01	-1.808557857301711591e+00
3.718839999999999923e-01	-2.007102708803159885e+00
3.778360000000000052e-01	-1.863973277935613737e+00
3.837869999999999893e-01	-1.766568484970902242e+00
3.897390000000000021e-01	-1.909143174245213181e+00
3.956910000000000149e-01	-1.900032745836151005e+00
4.016429999999999723e-01	-2.060180801981773335e+00
4.075949999999999851e-01	-2.158950365999766863e+00
4.135469999999999979e-01	-2.125792262327758753e+00
4.194979999999999820e-01	-2.065512514628466079e+00
4.254499999999999948e-01	-2.477724825994549906e+00
4.314009999999999789e-01	-2.802525152888938553e+00
4.373540000000000205e-01	-2.806308710603552914e+00
4.433079999999999798e-01	-3.000606944978578383e+00
4.492619999999999947e-01	-2.715782778264083763e+00
4.552160000000000095e-01	-2.791419262044620098e+00
4.611680000000000224e-01	-2.628435888752340244e+00
4.671170000000000044e-01	-2.238026488610834974e+00
4.730619999999999825e-01	-1.837834652565764948e+00
4.790059999999999873e-01	-1.634102505099479741e+00
4.849510000000000209e-01	-1.051087612147395545e+00
4.909020000000000050e-01	-4.855676769808795479e-01
4.968629999999999991e-01	-1.021756307396651381e-01
5.028390000000000359e-01	5.919044676035781771e-01
5.088230000000000253e-01	1.085374784395625625e+00
5.148009999999999531e-01	1.642897632733941959e+00
5.207570000000000254e-01	2.141720964965550422e+00
5.266750000000000043e-01	2.487399567941099843e+00
5.325410000000000421e-01	2.763942009098655728e+00
5.383719999999999617e-01	2.331533986636722400e+00
5.442249999999999588e-01	2.254860179292398570e+00
5.501580000000000359e-01	1.798286171404529954e+00
5.562289999999999734e-01	1.496993657229949148e+00
5.624930000000000208e-01	9.787344496057526211e-01
5.688929999999999820e-01	3.855875126720151314e-01
5.752220000000000111e-01	-1.018686744317624654e-01
5.812610000000000277e-01	-6.510953940191970268e-01
5.867949999999999555e-01	-1.170944743867051718e+00
5.916080000000000227e-01	-1.308919157119024623e+00
5.957040000000000113e-01	-1.744261085905078223e+00
5.993990000000000151e-01	-2.012990250774293166e+00
6.030370000000000452e-01	-2.121286137717328657e+00
6.069609999999999728e-01	-2.331947178917649133e+00
6.115110000000000268e-01	-2.222997885354168979e+00
6.168270000000000142e-01	-2.315608438709141126e+00
6.227219999999999978e-01	-2.207869621697092111e+00
6.289789999999999548e-01	-2.296600129914585509e+00
6.353790000000000271e-01	-2.299832586279871638e+00
6.417070000000000274e-01	-2.158324096336821540e+00
6.478369999999999962e-01	-1.934604147004211905e+00
6.538089999999999735e-01	-1.852112896085551963e+00
6.596819999999999906e-01	-1.824860410971917535e+00
6.655140000000000500e-01	-1.639802294525654069e+00
6.713630000000000431e-01	-1.652058993543012111e+00
6.772660000000000347e-01	-1.693313605443663938e+00
6.832110000000000127e-01	-1.683584388520205088e+00
6.891829999999999901e-01	-1.494578532665557402e+00
6.951669999999999794e-01	-1.975150837761796785e+00
7.011469999999999647e-01	-1.645284898825539965e+00
7.071119999999999628e-01	-1.758646166688484058e+00
7.130670000000000064e-01	-1.835856938940117589e+00
7.190130000000000132e-01	-1.960773460744476893e+00
7.249569999999999625e-01	-1.985310388376849478e+00
7.309010000000000229e-01	-1.991676234128043177e+00
7.368489999999999762e-01	-2.196241531111665868e+00
7.428000000000000158e-01	-2.125269809851910718e+00
7.487530000000000019e-01	-2.018663835529502126e+00
7.547080000000000455e-01	-2.029585493350604786e+00
7.606619999999999493e-01	-1.894075908359343252e+00
7.666140000000000176e-01	-2.069869763883758651e+00
7.725670000000000037e-01	-1.823484446164614470e+00
7.785180000000000433e-01	-1.686104931229254866e+00
7.844689999999999719e-01	-1.729446329463043774e+00
7.904210000000000402e-01	-1.780082947348778033e+00
7.963729999999999976e-01	-1.904256249936297163e+00
8.023249999999999549e-01	-1.615741431914014425e+00
8.082770000000000232e-01	-1.550418020598737900e+00
8.142289999999999806e-01	-1.822701034754020233e+00
8.201800000000000201e-01	-1.517372870730506973e+00
8.261319999999999775e-01	-1.538077146406846119e+00
8.320830000000000171e-01	-1.861488155345189410e+00
8.380349999999999744e-01	-1.859807142253025347e+00
8.439870000000000427e-01	-1.836314498467787715e+00
8.499400000000000288e-01	-2.175571632791425625e+00
8.558940000000000436e-01	-1.988723733479501377e+00
8.618479999999999475e-01	-2.129654007406130312e+00
8.678010000000000446e-01	-2.003617504343678579e+00
8.737519999999999731e-01	-1.985345096967779721e+00
8.797000000000000375e-01	-2.136959700157058162e+00
8.856439999999999868e-01	-1.578346986240351635e+00
8.915870000000000184e-01	-1.666979425370844092e+00
8.975349999999999717e-01	-1.455749027435407239e+00
9.034900000000000153e-01	-1.373912208732508633e+00
9.094569999999999599e-01	-1.558155998099275186e+00
9.154379999999999740e-01	-1.309404774105747293e+00
9.214210000000000456e-01	-1.262937042984872749e+00
9.273909999999999654e-01	-1.261198447778923981e+00
9.333329999999999682e-01	-1.070874960395498565e+00
9.392300000000000093e-01	-1.038404966761997894e+00
9.450749999999999984e-01	-1.103172243346498105e+00
9.509090000000000042e-01	-1.124318429015920495e+00
9.567890000000000006e-01	-1.222695632155447409e+00
9.627750000000000474e-01	-1.271747858416807819e+00
9.689229999999999787e-01	-1.323394291580695992e+00
9.752680000000000238e-01	-1.354131971144327595e+00
9.816639999999999810e-01	-1.205695917053874577e+00
9.878930000000000211e-01	-1.219184138000933171e+00
9.937399999999999567e-01	-1.159255166217829647e+00
9.989850000000000119e-01	-1.198280434001590677e+00
1.003457999999999961e+00	-1.099469389445199674e+00
1.007338000000000067e+00	-9.023386689840650066e-01
1.010966000000000031e+00	-8.193485674445629696e-01
1.014685999999999977e+00	-9.671089860496736579e-01
1.018841000000000108e+00	-6.904766673079705264e-01
1.023735000000000062e+00	-7.950013941811544527e-01
1.029328999999999938e+00	-8.416969663087082720e-01
1.035408000000000106e+00	-6.285621193360397818e-01
1.041754000000000069e+00	-5.453653376972151801e-01
1.048148999999999997e+00	-5.201553984500164596e-01
1.054391999999999996e+00	-6.106897591258679814e-01
1.060446000000000000e+00	-5.972236360733853555e-01
1.066368999999999900e+00	-6.593181236389009658e-01
1.072216999999999976e+00	-5.150714301824553809e-01
1.078049000000000035e+00	-6.192377595220202036e-01
1.083920999999999912e+00	-4.802804671039064832e-01
1.089842999999999895e+00	-4.330412782917528736e-01
1.095801999999999943e+00	-6.342316493867065086e-01
1.101780999999999899e+00	-4.126764651924953453e-01
1.107765000000000111e+00	-3.105598813823279292e-01
1.113739999999999952e+00	-1.949362876280621992e-01
1.119699999999999918e+00	-3.960436140743292532e-02
1.125650000000000039e+00	-3.334788208607716853e-02
1.131594999999999906e+00	1.951920635650487013e-01
1.137537999999999938e+00	4.915299706017828285e-01
1.143483999999999945e+00	5.204421650024889656e-01
1.149432999999999927e+00	6.495886279356191118e-01
1.155386000000000024e+00	8.183931487584634734e-01
1.161338999999999899e+00	1.096933660045995573e+00
1.167294000000000054e+00	1.163862204991015448e+00
1.173246999999999929e+00	1.253038560059160478e+00
1.179200000000000026e+00	1.314563653606585003e+00
1.185151999999999983e+00	1.607891449591057897e+00
1.191103000000000023e+00	1.587442198836466867e+00
1.197054000000000062e+00	2.019030659240756531e+00
1.203006000000000020e+00	1.922993780343149606e+00
1.208957999999999977e+00	2.084249276834965414e+00
1.214909999999999934e+00	2.195530940804867548e+00
1.220861999999999892e+00	2.378705621648067314e+00
1.226814000000000071e+00	2.319454190826303108e+00
1.232765000000000111e+00	2.380115382428499515e+00
1.238717000000000068e+00	2.029260329187350109e+00
1.244668000000000108e+00	2.136756523014232467e+00
1.250620000000000065e+00	2.022141412095185498e+00
1.256572000000000022e+00	1.694736015429775922e+00
1.262526000000000037e+00	1.497696395357920318e+00
1.268480000000000052e+00	1.403300621394103054e+00
1.274434000000000067e+00	1.439924260473272710e+00
1.280386000000000024e+00	1.148983365023333869e+00
1.286335999999999924e+00	1.255549376387850691e+00
1.292281999999999931e+00	1.005341576361427069e+00
1.298224999999999962e+00	1.237195539272651912e+00
1.304170000000000051e+00	1.668050910083694882e+00
1.310119999999999951e+00	2.184789581605286024e+00
1.316079999999999917e+00	2.582228076019663199e+00
1.322052999999999923e+00	3.418693330806334973e+00
1.328036999999999912e+00	4.227333187875615295e+00
1.334017000000000008e+00	5.498337255399692758e+00
1.339976000000000056e+00	6.762407030732889623e+00
1.345900000000000096e+00	8.431334645052951160e+00
1.351774000000000031e+00	1.035816603150144211e+01
1.357607000000000008e+00	1.271511913389533710e+01
1.363453000000000026e+00	1.495427588897858229e+01
1.369372000000000034e+00	1.673685855787423549e+01
1.375421999999999922e+00	1.840270483553051051e+01
1.381658999999999970e+00	1.857431720516832740e+01
1.388052000000000064e+00	1.813736458395622719e+01
1.394403000000000059e+00	1.691046955483431447e+01
1.400492999999999988e+00	1.509104863416297704e+01
1.406104999999999938e+00	1.304329290440947453e+01
1.411021999999999998e+00	1.091914799446988127e+01
1.415195999999999898e+00	9.195077638514950635e+00
1.418924000000000074e+00	7.468510677570439960e+00
1.422549999999999981e+00	6.211157858857612624e+00
1.426417000000000046e+00	5.251063409596348208e+00
1.430868000000000029e+00	4.084756597964355862e+00
1.436091000000000006e+00	3.594664979098691759e+00
1.441923000000000066e+00	2.883297707352956873e+00
1.448144000000000098e+00	2.377885151283975596e+00
1.454538000000000109e+00	2.305678878209479699e+00
1.460887000000000047e+00	1.939479038932166777e+00
1.467041999999999957e+00	1.920354963496149425e+00
1.473030999999999979e+00	2.213839396188927999e+00
1.478914000000000062e+00	2.178917919721842011e+00
1.484749000000000096e+00	2.317262008705695209e+00
1.490591999999999917e+00	2.346731941402750099e+00
1.496488000000000040e+00	2.376971381063410327e+00
1.502428000000000097e+00	2.753668107042622104e+00
1.508397999999999906e+00	2.538745299967634761e+00
1.514380999999999977e+00	2.540696313186048272e+00
1.520361999999999991e+00	2.682196030143373822e+00
1.526329999999999965e+00	2.597987644791067918e+00
1.532284999999999897e+00	2.324562051471176005e+00
1.538232999999999961e+00	2.376129034832145770e+00
1.544175999999999993e+00	1.960035039736357287e+00
1.550119999999999942e+00	1.759564944647549423e+00
1.556068000000000007e+00	1.876004776916813999e+00
1.562019000000000046e+00	1.491678707657622782e+00
1.567971999999999921e+00	1.406479779434005595e+00
1.573925999999999936e+00	1.657418942332550937e+00
1.579879999999999951e+00	1.706071559713285168e+00
1.585833000000000048e+00	1.798586633781608324e+00
1.591785000000000005e+00	1.784444042537223218e+00
1.597736999999999963e+00	2.223871265157461696e+00
1.603688000000000002e+00	2.399125118110141841e+00
1.609639000000000042e+00	2.481228961049257276e+00
1.615590999999999999e+00	2.730524082868441837e+00
1.621542999999999957e+00	3.042308819805529030e+00
1.627494999999999914e+00	2.956890453031213450e+00
1.633447000000000093e+00	3.118439991296664271e+00
1.639399000000000051e+00	3.104762701807232350e+00
1.645350000000000090e+00	2.685367456607351766e+00
1.651302000000000048e+00	2.744299765041777306e+00
1.657253000000000087e+00	2.562358274844791062e+00
1.663205000000000044e+00	2.373491460593694757e+00
1.669157999999999920e+00	1.957970675408670758e+00
1.675111999999999934e+00	1.960171414834758652e+00
1.681065999999999949e+00	2.105518602299734088e+00
1.687019000000000046e+00	1.973858963362246532e+00
1.692971000000000004e+00	2.092233642574653718e+00
1.698919000000000068e+00	2.321256866074139502e+00
1.704863000000000017e+00	2.315188700889032614e+00
1.710806999999999967e+00	2.731000051583362787e+00
1.716752999999999973e+00	2.935213417508347078e+00
1.722706999999999988e+00	3.313942691062544021e+00
1.728671999999999986e+00	3.603422054955549125e+00
1.734652000000000083e+00	3.863750248659386877e+00
1.740636000000000072e+00	4.023266979870451898e+00
1.746609000000000078e+00	4.236986358345133930e+00
1.752555000000000085e+00	4.465436555135252839e+00
1.758458000000000077e+00	4.475009273798256970e+00
1.764308999999999905e+00	4.554535373325941272e+00
1.770140999999999964e+00	4.434072674156582572e+00
1.776011999999999924e+00	4.550958468579104910e+00
1.781979999999999897e+00	4.740248741666031052e+00
1.788105000000000055e+00	4.646330222213810757e+00
1.794426999999999994e+00	4.900255474371426168e+00
1.800829000000000013e+00	4.861343752526553708e+00
1.807091999999999921e+00	5.062177106637827606e+00
1.813002000000000002e+00	5.544070490811747298e+00
1.818338000000000010e+00	5.572737025168890135e+00
1.822912000000000088e+00	5.745480674377464680e+00
1.826850000000000085e+00	5.777697652848522658e+00
1.830492000000000008e+00	5.960011497990767459e+00
1.834179999999999922e+00	6.034792802599494799e+00
1.838259000000000087e+00	6.064127794755056478e+00
1.843048000000000020e+00	5.826308706989504316e+00
1.848562000000000038e+00	5.859007800963961898e+00
1.854589999999999961e+00	5.474478850690116971e+00
1.860913000000000039e+00	5.388828563655390091e+00
1.867313999999999918e+00	4.833346689672181284e+00
1.873583999999999916e+00	4.776667641393106400e+00
1.879660000000000108e+00	4.249368707529221467e+00
1.885596000000000050e+00	4.194410256064524667e+00
1.891450999999999993e+00	3.871834016809337253e+00
1.897281999999999913e+00	3.463285682144403133e+00
1.903146999999999922e+00	3.502997580980817371e+00
1.909062999999999954e+00	3.390044219484009247e+00
1.915018000000000109e+00	3.506761691414178372e+00
1.920995999999999926e+00	3.629422914121142707e+00
1.926979999999999915e+00	3.523603179853012524e+00
1.932955999999999896e+00	3.912624366793882036e+00
1.938917999999999919e+00	4.083176868507639057e+00
1.944868999999999959e+00	4.455589459945055175e+00
1.950814000000000048e+00	4.757668896797841995e+00
1.956757999999999997e+00	4.915445516060539255e+00
1.962703000000000086e+00	5.241089812829786254e+00
1.968652000000000069e+00	5.325888604937828674e+00
1.974604000000000026e+00	5.508253505353329693e+00
1.980558000000000041e+00	5.494655074661425331e+00
1.986512000000000056e+00	5.584918703791964312e+00
1.992466000000000070e+00	5.270768041120648562e+00
1.998418000000000028e+00	5.251414160032071621e+00
2.004370000000000207e+00	5.107292562575529438e+00
2.010321999999999942e+00	4.953327916352162852e+00
2.016272999999999982e+00	4.599483756896558084e+00
2.022224000000000022e+00	4.628550380281803101e+00
2.028176000000000201e+00	4.618928360205591055e+00
2.034127999999999936e+00	4.643192466547019670e+00
2.040080000000000116e+00	4.569332262479355755e+00
2.046031999999999851e+00	4.690414696521768789e+00
2.051984000000000030e+00	4.815878219259988491e+00
2.057935000000000070e+00	4.793892285244002238e+00
2.063886999999999805e+00	5.060306478693010312e+00
2.069837999999999845e+00	5.458334934991397880e+00
2.075791000000000164e+00	5.593725270370446090e+00
2.081744000000000039e+00	5.827910375253675390e+00
2.087698000000000054e+00	6.072184678639119149e+00
2.093652000000000069e+00	6.328775669397789017e+00
2.099604999999999944e+00	6.369825614815360026e+00
2.105554999999999843e+00	6.486417927589242183e+00
2.111501000000000072e+00	6.540923082294251678e+00
2.117445000000000022e+00	6.580648409746002514e+00
2.123388999999999971e+00	6.376532051365166431e+00
2.129338000000000175e+00	6.279878257121169760e+00
2.135295999999999861e+00	6.014793667244173747e+00
2.141268000000000171e+00	5.996177738762355602e+00
2.147250999999999799e+00	6.097834427552757397e+00
2.153232000000000035e+00	5.959058687717309510e+00
2.159196000000000115e+00	6.175487024119872714e+00
2.165125000000000188e+00	6.211857672698201327e+00
2.171006000000000213e+00	6.468154086399803937e+00
2.176841000000000026e+00	6.672258818406816339e+00
2.182682999999999929e+00	7.007189632764270648e+00
2.188588999999999896e+00	7.465006208797599463e+00
2.194618000000000180e+00	7.804508853048940153e+00
2.200828000000000007e+00	7.885654167415671267e+00
2.207209999999999894e+00	8.088819433111313018e+00
2.213579000000000185e+00	8.098695935122032452e+00
2.219714999999999883e+00	8.019601484819997239e+00
2.225403000000000020e+00	7.884452191652885134e+00
2.230423000000000044e+00	7.644424067423043034e+00
2.234681000000000139e+00	7.117031910550000617e+00
2.238447999999999993e+00	6.639581367157894043e+00
2.242068000000000172e+00	6.061948052219460870e+00
2.245884000000000214e+00	5.685153188377253919e+00
2.250237999999999960e+00	5.211569328558279146e+00
2.255365999999999982e+00	4.880387889079289998e+00
2.261130000000000084e+00	4.471661666542576796e+00
2.267313000000000134e+00	4.463228188882558456e+00
2.273696000000000161e+00	4.454568858290451239e+00
2.280063999999999869e+00	4.692274220459306200e+00
2.286243999999999943e+00	5.225367500930283349e+00
2.292251999999999956e+00	5.628493160682372931e+00
2.298146000000000022e+00	6.128771962501757820e+00
2.303983000000000114e+00	7.097362080425408060e+00
2.309822000000000042e+00	7.864693116071125090e+00
2.315710999999999853e+00	8.719935451379205560e+00
2.321645999999999876e+00	9.872719764961630062e+00
2.327612999999999932e+00	1.030018149963804674e+01
2.333594999999999864e+00	1.122802363194655406e+01
2.339576999999999796e+00	1.176132430205246671e+01
2.345546999999999827e+00	1.222311586136410355e+01
2.351503999999999817e+00	1.231749451975779230e+01
2.357451999999999881e+00	1.232123714192866615e+01
2.363395999999999830e+00	1.229654094532999054e+01
2.369339000000000084e+00	1.181267508592800297e+01
2.375286000000000008e+00	1.156822139497891833e+01
2.381237000000000048e+00	1.109349779955795157e+01
2.387189999999999923e+00	1.059046190982443214e+01
2.393143999999999938e+00	9.995131283127054900e+00
2.399097999999999953e+00	9.447138131131069372e+00
2.405050999999999828e+00	8.963197173866376488e+00
2.411004000000000147e+00	8.776595017736704918e+00
2.416955999999999882e+00	8.512575821966523293e+00
2.422906999999999922e+00	8.242202748527450495e+00
2.428857999999999961e+00	8.294709744759414249e+00
2.434809000000000001e+00	8.682099997253388324e+00
2.440760000000000041e+00	9.118442878689537068e+00
2.446712000000000220e+00	9.341086132730760383e+00
2.452663999999999955e+00	9.944733277369383728e+00
2.458616999999999830e+00	1.073312597974960170e+01
2.464570999999999845e+00	1.157433721654901149e+01
2.470524999999999860e+00	1.234126529224193014e+01
2.476478000000000179e+00	1.315397693816032465e+01
2.482429999999999914e+00	1.406753169549352123e+01
2.488377999999999979e+00	1.464023263238728845e+01
2.494323000000000068e+00	1.560432803033560845e+01
2.500265999999999877e+00	1.611715257021744563e+01
2.506212000000000106e+00	1.667442629244832375e+01
2.512164999999999981e+00	1.742392740185329458e+01
2.518129000000000062e+00	1.812248831343024591e+01
2.524108000000000018e+00	1.880987427544812363e+01
2.530091999999999786e+00	1.979659866194869267e+01
2.536067000000000071e+00	2.063255252643480375e+01
2.542015999999999831e+00	2.179156462747404888e+01
2.547924000000000078e+00	2.284660270019062622e+01
2.553779000000000021e+00	2.416655290149465429e+01
2.559610000000000163e+00	2.565760019708918449e+01
2.565475000000000172e+00	2.651238150148489225e+01
2.571432000000000162e+00	2.744960114090543613e+01
2.577539999999999942e+00	2.726311419074862030e+01
2.583845999999999865e+00	2.655040077133017817e+01
2.590249000000000024e+00	2.506742684087139494e+01
2.596534000000000120e+00	2.290947040558020120e+01
2.602485000000000159e+00	2.046712078266180868e+01
2.607883000000000173e+00	1.788211511625667782e+01
2.612527000000000044e+00	1.542691046711159686e+01
2.616509000000000196e+00	1.288498813244279972e+01
2.620163999999999938e+00	1.050851143437802193e+01
2.623834000000000000e+00	8.302607824393613001e+00
2.627863000000000060e+00	6.426818017214655399e+00
2.632579999999999920e+00	4.640791596810051267e+00
2.638037000000000187e+00	2.701550684687505921e+00
2.644026000000000209e+00	1.482263594601481271e+00
2.650332000000000132e+00	6.780992808015773310e-01
2.656734000000000151e+00	4.307677736129034707e-01
2.663022999999999918e+00	8.236489207634390963e-01
2.669115000000000126e+00	2.173202877334600380e+00
2.675060999999999911e+00	4.085999258573665749e+00
2.680919999999999970e+00	6.504658800353138481e+00
2.686751000000000111e+00	8.973749052192113496e+00
2.692610999999999866e+00	1.139678562568971287e+01
2.698523999999999923e+00	1.339834890147218083e+01
2.704476000000000102e+00	1.519104266389228464e+01
2.710452000000000083e+00	1.628708753985830526e+01
2.716435999999999851e+00	1.652121317050993099e+01
2.722412999999999972e+00	1.605227337391533382e+01
2.728375999999999912e+00	1.431157667381009269e+01
2.734328000000000092e+00	1.208474758891660095e+01
2.740273999999999877e+00	9.258835428266209533e+00
2.746217000000000130e+00	6.785624438423105254e+00
2.752162000000000219e+00	4.681543657356337818e+00
2.758110999999999979e+00	3.137755862190267919e+00
2.764063000000000159e+00	2.573336568972251825e+00
2.770016000000000034e+00	3.060332579332378344e+00
2.775971000000000188e+00	5.192496446324246229e+00
2.781924000000000063e+00	8.503086774490130395e+00
2.787876999999999938e+00	1.329739716884122025e+01
2.793829000000000118e+00	1.900056578771836868e+01
2.799780999999999853e+00	2.408221890541197396e+01
2.805731999999999893e+00	2.814694066910571024e+01
2.811682999999999932e+00	3.024772944233911076e+01
2.817635000000000112e+00	2.960299320050613048e+01
2.823586999999999847e+00	2.718239380004132144e+01
2.829539000000000026e+00	2.391760363515121668e+01
2.835491000000000206e+00	2.040341542729440505e+01
2.841442999999999941e+00	1.727077432429161163e+01
2.847395000000000120e+00	1.497371025354111929e+01
2.853346999999999856e+00	1.352470378701864639e+01
2.859299000000000035e+00	1.255658881208037592e+01
2.865251000000000214e+00	1.162435856401280176e+01
2.871201999999999810e+00	1.053187209812339020e+01
2.877153999999999989e+00	9.104454340914513111e+00
2.883106000000000169e+00	8.089131851375785942e+00
2.889057999999999904e+00	7.236025525428710026e+00
2.895010000000000083e+00	7.556897258190134359e+00
2.900961999999999819e+00	9.335909440974170082e+00
2.906913999999999998e+00	1.251022605718709357e+01
2.912866000000000177e+00	1.653032820853924179e+01
2.918817999999999913e+00	2.003980363186422764e+01
2.924770000000000092e+00	2.279982034908057642e+01
2.930721000000000132e+00	2.346664480750190407e+01
2.936672999999999867e+00	2.176931292253944505e+01
2.942625000000000046e+00	1.825426508443270635e+01
2.948576999999999781e+00	1.351287602054211412e+01
2.954528999999999961e+00	8.660835177543168228e+00
2.960481000000000140e+00	4.334243792733837530e+00
2.966432999999999875e+00	1.216991223769802177e+00
2.972385000000000055e+00	-4.521025510510985335e-01
2.978336999999999790e+00	-1.101121939520255832e+00
2.984288999999999970e+00	-6.880891717439665545e-01
2.990240000000000009e+00	5.604985368986109551e-01
2.996192000000000188e+00	3.002026655471992989e+00
3.002143999999999924e+00	5.882542746019666424e+00
3.008096000000000103e+00	9.592043776454714177e+00
3.014047999999999838e+00	1.383070919463511927e+01
3.020000000000000018e+00	1.856313362681586554e+01
