1.199999999999999956e-01	3.916669000000000178e+00
1.249780000000000058e-01	2.347910999999999859e+00
1.305999999999999939e-01	1.162004000000000037e+00
1.367059999999999942e-01	3.134779999999999789e-01
1.431360000000000132e-01	-2.431369999999999920e-01
1.497320000000000040e-01	-5.533109999999999973e-01
1.563350000000000017e-01	-6.625130000000000186e-01
1.627850000000000130e-01	-6.162130000000000107e-01
1.689219999999999888e-01	-4.598809999999999842e-01
1.745889999999999942e-01	-2.389850000000000030e-01
1.796250000000000069e-01	1.002999999999999985e-03
1.839349999999999874e-01	2.213100000000000067e-01
1.877439999999999942e-01	4.173200000000000243e-01
1.913779999999999926e-01	5.952830000000000066e-01
1.951660000000000061e-01	7.614539999999999642e-01
1.994340000000000002e-01	9.220869999999999900e-01
2.044499999999999929e-01	1.082248000000000099e+00
2.101250000000000062e-01	1.240137000000000045e+00
2.162479999999999958e-01	1.391496000000000066e+00
2.226049999999999973e-01	1.532064000000000092e+00
2.289819999999999911e-01	1.657580000000000053e+00
2.351930000000000132e-01	1.763695000000000013e+00
2.412249999999999950e-01	1.845475999999999894e+00
2.471349999999999936e-01	1.897756999999999916e+00
2.529799999999999827e-01	1.915370999999999935e+00
2.588170000000000193e-01	1.893151000000000028e+00
2.646970000000000156e-01	1.827951000000000104e+00
2.706259999999999777e-01	1.731673000000000018e+00
2.765880000000000005e-01	1.622994000000000048e+00
2.825679999999999858e-01	1.520629000000000008e+00
2.885510000000000019e-01	1.443289999999999962e+00
2.945229999999999793e-01	1.407631999999999994e+00
3.004809999999999981e-01	1.412846999999999964e+00
3.064310000000000089e-01	1.449319000000000024e+00
3.123750000000000138e-01	1.507363999999999926e+00
3.183190000000000186e-01	1.577298000000000089e+00
3.242650000000000254e-01	1.649856999999999907e+00
3.302149999999999808e-01	1.719835999999999920e+00
3.361680000000000224e-01	1.784316999999999931e+00
3.421210000000000084e-01	1.840410000000000101e+00
3.480759999999999965e-01	1.885221999999999953e+00
3.540289999999999826e-01	1.916360999999999981e+00
3.599809999999999954e-01	1.937021000000000104e+00
3.659330000000000083e-01	1.953908999999999896e+00
3.718839999999999923e-01	1.973781000000000008e+00
3.778360000000000052e-01	2.003397000000000094e+00
3.837869999999999893e-01	2.048363000000000156e+00
3.897390000000000021e-01	2.099298999999999804e+00
3.956910000000000149e-01	2.136343000000000103e+00
4.016429999999999723e-01	2.139419999999999877e+00
4.075949999999999851e-01	2.088454000000000033e+00
4.135469999999999979e-01	1.965403000000000011e+00
4.194979999999999820e-01	1.783177000000000012e+00
4.254499999999999948e-01	1.578761999999999999e+00
4.314009999999999789e-01	1.389782000000000073e+00
4.373540000000000205e-01	1.253856999999999999e+00
4.433079999999999798e-01	1.207268000000000008e+00
4.492619999999999947e-01	1.262221999999999955e+00
4.552160000000000095e-01	1.410098999999999991e+00
4.611680000000000224e-01	1.641596000000000055e+00
4.671170000000000044e-01	1.947405999999999970e+00
4.730619999999999825e-01	2.318144000000000204e+00
4.790059999999999873e-01	2.742677000000000032e+00
4.849510000000000209e-01	3.208190000000000097e+00
4.909020000000000050e-01	3.701804999999999790e+00
4.968629999999999991e-01	4.210638999999999577e+00
5.028390000000000359e-01	4.721525999999999890e+00
5.088230000000000253e-01	5.213846000000000203e+00
5.148009999999999531e-01	5.659017999999999660e+00
5.207570000000000254e-01	6.028074000000000154e+00
5.266750000000000043e-01	6.292044999999999888e+00
5.325410000000000421e-01	6.422500999999999571e+00
5.383719999999999617e-01	6.408235999999999599e+00
5.442249999999999588e-01	6.258488999999999969e+00
5.501580000000000359e-01	5.983689000000000036e+00
5.562289999999999734e-01	5.594263999999999903e+00
5.624930000000000208e-01	5.100983000000000267e+00
5.688929999999999820e-01	4.528287999999999869e+00
5.752220000000000111e-01	3.918674000000000213e+00
5.812610000000000277e-01	3.315866999999999898e+00
5.867949999999999555e-01	2.763597999999999999e+00
5.916080000000000227e-01	2.305198999999999998e+00
5.957040000000000113e-01	1.963376999999999928e+00
5.993990000000000151e-01	1.730541000000000107e+00
6.030370000000000452e-01	1.596681999999999935e+00
6.069609999999999728e-01	1.551789000000000085e+00
6.115110000000000268e-01	1.585795999999999983e+00
6.168270000000000142e-01	1.684625000000000039e+00
6.227219999999999978e-01	1.827641999999999989e+00
6.289789999999999548e-01	1.993603000000000014e+00
6.353790000000000271e-01	2.161267000000000049e+00
6.417070000000000274e-01	2.309467999999999854e+00
6.478369999999999962e-01	2.424555999999999933e+00
6.538089999999999735e-01	2.506594999999999906e+00
6.596819999999999906e-01	2.557110999999999912e+00
6.655140000000000500e-01	2.577627999999999808e+00
6.713630000000000431e-01	2.569679999999999964e+00
6.772660000000000347e-01	2.536106999999999889e+00
6.832110000000000127e-01	2.482409999999999783e+00
6.891829999999999901e-01	2.414414999999999978e+00
6.951669999999999794e-01	2.337947999999999915e+00
7.011469999999999647e-01	2.258834999999999926e+00
7.071119999999999628e-01	2.182587999999999973e+00
7.130670000000000064e-01	2.114011000000000084e+00
7.190130000000000132e-01	2.057805999999999802e+00
7.249569999999999625e-01	2.018676999999999833e+00
7.309010000000000229e-01	2.001323999999999881e+00
7.368489999999999762e-01	2.007896999999999821e+00
7.428000000000000158e-01	2.034031999999999840e+00
7.487530000000000019e-01	2.074338000000000015e+00
7.547080000000000455e-01	2.123421000000000003e+00
7.606619999999999493e-01	2.175889999999999880e+00
7.666140000000000176e-01	2.226214000000000137e+00
7.725670000000000037e-01	2.268463999999999814e+00
7.785180000000000433e-01	2.296640000000000015e+00
7.844689999999999719e-01	2.304743000000000208e+00
7.904210000000000402e-01	2.286773000000000167e+00
7.963729999999999976e-01	2.240639999999999965e+00
8.023249999999999549e-01	2.176912000000000180e+00
8.082770000000000232e-01	2.108712999999999838e+00
8.142289999999999806e-01	2.049169000000000018e+00
8.201800000000000201e-01	2.011404000000000192e+00
8.261319999999999775e-01	2.004671999999999787e+00
8.320830000000000171e-01	2.024080999999999797e+00
8.380349999999999744e-01	2.061512000000000011e+00
8.439870000000000427e-01	2.108843999999999941e+00
8.499400000000000288e-01	2.157958999999999961e+00
8.558940000000000436e-01	2.202313000000000187e+00
8.618479999999999475e-01	2.241868999999999890e+00
8.678010000000000446e-01	2.278264000000000067e+00
8.737519999999999731e-01	2.313137000000000221e+00
8.797000000000000375e-01	2.348125000000000018e+00
8.856439999999999868e-01	2.383544000000000107e+00
8.915870000000000184e-01	2.413551000000000002e+00
8.975349999999999717e-01	2.430512999999999924e+00
9.034900000000000153e-01	2.426797000000000093e+00
9.094569999999999599e-01	2.394769999999999843e+00
9.154379999999999740e-01	2.329337000000000213e+00
9.214210000000000456e-01	2.238751999999999853e+00
9.273909999999999654e-01	2.135647000000000073e+00
9.333329999999999682e-01	2.032653999999999961e+00
9.392300000000000093e-01	1.942407999999999912e+00
9.450749999999999984e-01	1.875928000000000040e+00
9.509090000000000042e-01	1.834645000000000081e+00
9.567890000000000006e-01	1.816448999999999980e+00
9.627750000000000474e-01	1.819226999999999927e+00
9.689229999999999787e-01	1.840864000000000056e+00
9.752680000000000238e-01	1.879547000000000079e+00
9.816639999999999810e-01	1.935488000000000097e+00
9.878930000000000211e-01	2.009738000000000024e+00
9.937399999999999567e-01	2.103350999999999971e+00
9.989850000000000119e-01	2.217379999999999907e+00
1.003457999999999961e+00	2.352085999999999899e+00
1.007338000000000067e+00	2.501641999999999921e+00
1.010966000000000031e+00	2.657395999999999869e+00
1.014685999999999977e+00	2.810681000000000207e+00
1.018841000000000108e+00	2.952830000000000066e+00
1.023735000000000062e+00	3.075603000000000087e+00
1.029328999999999938e+00	3.174503000000000075e+00
1.035408000000000106e+00	3.246973999999999805e+00
1.041754000000000069e+00	3.290475999999999956e+00
1.048148999999999997e+00	3.302468999999999877e+00
1.054391999999999996e+00	3.281296000000000213e+00
1.060446000000000000e+00	3.234173999999999882e+00
1.066368999999999900e+00	3.173461999999999783e+00
1.072216999999999976e+00	3.111577000000000037e+00
1.078049000000000035e+00	3.060939999999999994e+00
1.083920999999999912e+00	3.033005000000000173e+00
1.089842999999999895e+00	3.028004999999999836e+00
1.095801999999999943e+00	3.038934999999999942e+00
1.101780999999999899e+00	3.058667999999999942e+00
1.107765000000000111e+00	3.080077999999999872e+00
1.113739999999999952e+00	3.096565000000000012e+00
1.119699999999999918e+00	3.108616000000000046e+00
1.125650000000000039e+00	3.121815999999999924e+00
1.131594999999999906e+00	3.141858000000000040e+00
1.137537999999999938e+00	3.174437000000000175e+00
1.143483999999999945e+00	3.224882000000000026e+00
1.149432999999999927e+00	3.292736000000000107e+00
1.155386000000000024e+00	3.372923000000000116e+00
1.161338999999999899e+00	3.460236999999999785e+00
1.167294000000000054e+00	3.549469999999999903e+00
1.173246999999999929e+00	3.635815000000000019e+00
1.179200000000000026e+00	3.721906999999999854e+00
1.185151999999999983e+00	3.816997999999999891e+00
1.191103000000000023e+00	3.930569000000000202e+00
1.197054000000000062e+00	4.072099999999999831e+00
1.203006000000000020e+00	4.250291999999999959e+00
1.208957999999999977e+00	4.456335000000000157e+00
1.214909999999999934e+00	4.664138999999999591e+00
1.220861999999999892e+00	4.846879999999999633e+00
1.226814000000000071e+00	4.977732999999999741e+00
1.232765000000000111e+00	5.030496000000000301e+00
1.238717000000000068e+00	4.995992000000000210e+00
1.244668000000000108e+00	4.883706000000000103e+00
1.250620000000000065e+00	4.704079000000000121e+00
1.256572000000000022e+00	4.467551000000000272e+00
1.262526000000000037e+00	4.184887999999999941e+00
1.268480000000000052e+00	3.877826000000000217e+00
1.274434000000000067e+00	3.581477000000000022e+00
1.280386000000000024e+00	3.331764000000000170e+00
1.286335999999999924e+00	3.164609000000000005e+00
1.292281999999999931e+00	3.115686999999999873e+00
1.298224999999999962e+00	3.210001999999999800e+00
1.304170000000000051e+00	3.458098000000000116e+00
1.310119999999999951e+00	3.869488000000000039e+00
1.316079999999999917e+00	4.453687999999999647e+00
1.322052999999999923e+00	5.220271999999999579e+00
1.328036999999999912e+00	6.182280000000000442e+00
1.334017000000000008e+00	7.357980000000000409e+00
1.339976000000000056e+00	8.766071999999999420e+00
1.345900000000000096e+00	1.042525700000000022e+01
1.351774000000000031e+00	1.235289000000000037e+01
1.357607000000000008e+00	1.446476200000000034e+01
1.363453000000000026e+00	1.650590499999999849e+01
1.369372000000000034e+00	1.820498600000000167e+01
1.375421999999999922e+00	1.929067200000000071e+01
1.381658999999999970e+00	1.949331899999999962e+01
1.388052000000000064e+00	1.872435099999999863e+01
1.394403000000000059e+00	1.723489000000000004e+01
1.400492999999999988e+00	1.531346800000000030e+01
1.406104999999999938e+00	1.324861800000000045e+01
1.411021999999999998e+00	1.132826400000000078e+01
1.415195999999999898e+00	9.741426000000000585e+00
1.418924000000000074e+00	8.469720999999999833e+00
1.422549999999999981e+00	7.468650000000000233e+00
1.426417000000000046e+00	6.693716000000000221e+00
1.430868000000000029e+00	6.100441000000000003e+00
1.436091000000000006e+00	5.650134000000000434e+00
1.441923000000000066e+00	5.317688000000000415e+00
1.448144000000000098e+00	5.079945000000000377e+00
1.454538000000000109e+00	4.913744999999999585e+00
1.460887000000000047e+00	4.795935000000000059e+00
1.467041999999999957e+00	4.704991999999999841e+00
1.473030999999999979e+00	4.623702999999999896e+00
1.478914000000000062e+00	4.535554999999999559e+00
1.484749000000000096e+00	4.424034999999999940e+00
1.490591999999999917e+00	4.272636000000000323e+00
1.496488000000000040e+00	4.071871999999999936e+00
1.502428000000000097e+00	3.833057999999999854e+00
1.508397999999999906e+00	3.571343999999999852e+00
1.514380999999999977e+00	3.301877999999999869e+00
1.520361999999999991e+00	3.039810000000000123e+00
1.526329999999999965e+00	2.803227000000000135e+00
1.532284999999999897e+00	2.620016000000000123e+00
1.538232999999999961e+00	2.520108000000000015e+00
1.544175999999999993e+00	2.533431999999999906e+00
1.550119999999999942e+00	2.689918000000000031e+00
1.556068000000000007e+00	3.007168000000000063e+00
1.562019000000000046e+00	3.456370000000000164e+00
1.567971999999999921e+00	3.997790999999999872e+00
1.573925999999999936e+00	4.591698000000000057e+00
1.579879999999999951e+00	5.198361000000000232e+00
1.585833000000000048e+00	5.781181000000000125e+00
1.591785000000000005e+00	6.316893999999999565e+00
1.597736999999999963e+00	6.785773999999999972e+00
1.603688000000000002e+00	7.168096000000000245e+00
1.609639000000000042e+00	7.444135000000000169e+00
1.615590999999999999e+00	7.596116999999999564e+00
1.621542999999999957e+00	7.615636000000000294e+00
1.627494999999999914e+00	7.497091000000000172e+00
1.633447000000000093e+00	7.234881999999999813e+00
1.639399000000000051e+00	6.823408999999999835e+00
1.645350000000000090e+00	6.264801000000000286e+00
1.651302000000000048e+00	5.603119999999999656e+00
1.657253000000000087e+00	4.896577999999999875e+00
1.663205000000000044e+00	4.203402999999999778e+00
1.669157999999999920e+00	3.581818999999999864e+00
1.675111999999999934e+00	3.084096999999999866e+00
1.681065999999999949e+00	2.725912000000000113e+00
1.687019000000000046e+00	2.509056000000000175e+00
1.692971000000000004e+00	2.435290000000000177e+00
1.698919000000000068e+00	2.506377000000000077e+00
1.704863000000000017e+00	2.720251999999999892e+00
1.710806999999999967e+00	3.048138999999999932e+00
1.716752999999999973e+00	3.449892000000000181e+00
1.722706999999999988e+00	3.885318999999999967e+00
1.728671999999999986e+00	4.314232999999999763e+00
1.734652000000000083e+00	4.698940999999999590e+00
1.740636000000000072e+00	5.021593000000000195e+00
1.746609000000000078e+00	5.273798000000000208e+00
1.752555000000000085e+00	5.447225999999999679e+00
1.758458000000000077e+00	5.533545000000000158e+00
1.764308999999999905e+00	5.527319000000000315e+00
1.770140999999999964e+00	5.449403000000000219e+00
1.776011999999999924e+00	5.334664000000000073e+00
1.781979999999999897e+00	5.218099999999999739e+00
1.788105000000000055e+00	5.134711000000000247e+00
1.794426999999999994e+00	5.116971999999999632e+00
1.800829000000000013e+00	5.171053999999999817e+00
1.807091999999999921e+00	5.287479000000000262e+00
1.813002000000000002e+00	5.456560999999999773e+00
1.818338000000000010e+00	5.668616000000000099e+00
1.822912000000000088e+00	5.912929000000000102e+00
1.826850000000000085e+00	6.166371999999999964e+00
1.830492000000000008e+00	6.397586999999999691e+00
1.834179999999999922e+00	6.575071000000000332e+00
1.838259000000000087e+00	6.667317999999999856e+00
1.843048000000000020e+00	6.644917999999999658e+00
1.848562000000000038e+00	6.507873000000000019e+00
1.854589999999999961e+00	6.277877000000000152e+00
1.860913000000000039e+00	5.977134999999999643e+00
1.867313999999999918e+00	5.627848000000000184e+00
1.873583999999999916e+00	5.252187000000000161e+00
1.879660000000000108e+00	4.871779000000000082e+00
1.885596000000000050e+00	4.507807999999999815e+00
1.891450999999999993e+00	4.181441999999999659e+00
1.897281999999999913e+00	3.913851999999999887e+00
1.903146999999999922e+00	3.725671000000000177e+00
1.909062999999999954e+00	3.626996999999999804e+00
1.915018000000000109e+00	3.618327999999999989e+00
1.920995999999999926e+00	3.699809999999999821e+00
1.926979999999999915e+00	3.871586000000000194e+00
1.932955999999999896e+00	4.132986999999999966e+00
1.938917999999999919e+00	4.464089999999999669e+00
1.944868999999999959e+00	4.825472999999999679e+00
1.950814000000000048e+00	5.176842999999999861e+00
1.956757999999999997e+00	5.477909000000000361e+00
1.962703000000000086e+00	5.689142999999999617e+00
1.968652000000000069e+00	5.793042999999999942e+00
1.974604000000000026e+00	5.796902000000000221e+00
1.980558000000000041e+00	5.709337999999999802e+00
1.986512000000000056e+00	5.538967000000000418e+00
1.992466000000000070e+00	5.294707999999999970e+00
1.998418000000000028e+00	4.996260999999999619e+00
2.004370000000000207e+00	4.676822999999999730e+00
2.010321999999999942e+00	4.370443999999999996e+00
2.016272999999999982e+00	4.111171999999999827e+00
2.022224000000000022e+00	3.932954000000000061e+00
2.028176000000000201e+00	3.865066000000000113e+00
2.034127999999999936e+00	3.930280999999999914e+00
2.040080000000000116e+00	4.150890000000000413e+00
2.046031999999999851e+00	4.549184999999999590e+00
2.051984000000000030e+00	5.146817000000000419e+00
2.057935000000000070e+00	5.927046999999999954e+00
2.063886999999999805e+00	6.813629999999999853e+00
2.069837999999999845e+00	7.725203999999999738e+00
2.075791000000000164e+00	8.580403999999999698e+00
2.081744000000000039e+00	9.298183999999999116e+00
2.087698000000000054e+00	9.823327000000000808e+00
2.093652000000000069e+00	1.014525599999999983e+01
2.099604999999999944e+00	1.025782099999999986e+01
2.105554999999999843e+00	1.015487500000000054e+01
2.111501000000000072e+00	9.830500999999999934e+00
2.117445000000000022e+00	9.306176999999999921e+00
2.123388999999999971e+00	8.656212000000000018e+00
2.129338000000000175e+00	7.960937999999999626e+00
2.135295999999999861e+00	7.300684000000000395e+00
2.141268000000000171e+00	6.755653999999999826e+00
2.147250999999999799e+00	6.383170999999999928e+00
2.153232000000000035e+00	6.191209999999999880e+00
2.159196000000000115e+00	6.181320000000000370e+00
2.165125000000000188e+00	6.355052999999999841e+00
2.171006000000000213e+00	6.713922000000000168e+00
2.176841000000000026e+00	7.246883000000000408e+00
2.182682999999999929e+00	7.912562999999999569e+00
2.188588999999999896e+00	8.665096000000000132e+00
2.194618000000000180e+00	9.458614999999999995e+00
2.200828000000000007e+00	1.024724999999999930e+01
2.207209999999999894e+00	1.098148199999999974e+01
2.213579000000000185e+00	1.160189699999999924e+01
2.219714999999999883e+00	1.204742000000000068e+01
2.225403000000000020e+00	1.225697599999999987e+01
2.230423000000000044e+00	1.216950899999999969e+01
2.234681000000000139e+00	1.175817699999999988e+01
2.238447999999999993e+00	1.110054200000000080e+01
2.242068000000000172e+00	1.029400900000000085e+01
2.245884000000000214e+00	9.435985999999999763e+00
2.250237999999999960e+00	8.623877999999999489e+00
2.255365999999999982e+00	7.942383000000000415e+00
2.261130000000000084e+00	7.432498999999999967e+00
2.267313000000000134e+00	7.125835999999999615e+00
2.273696000000000161e+00	7.054005000000000081e+00
2.280063999999999869e+00	7.248615000000000030e+00
2.286243999999999943e+00	7.729610000000000092e+00
2.292251999999999956e+00	8.471655999999999409e+00
2.298146000000000022e+00	9.438437000000000410e+00
2.303983000000000114e+00	1.059363600000000005e+01
2.309822000000000042e+00	1.190093800000000002e+01
2.315710999999999853e+00	1.330252800000000057e+01
2.321645999999999876e+00	1.464639500000000005e+01
2.327612999999999932e+00	1.575474299999999950e+01
2.333594999999999864e+00	1.644977799999999846e+01
2.339576999999999796e+00	1.655370200000000125e+01
2.345546999999999827e+00	1.594219900000000045e+01
2.351503999999999817e+00	1.475558599999999920e+01
2.357451999999999881e+00	1.321588400000000085e+01
2.363395999999999830e+00	1.154513599999999940e+01
2.369339000000000084e+00	9.965388000000000801e+00
2.375286000000000008e+00	8.669064999999999799e+00
2.381237000000000048e+00	7.682858999999999661e+00
2.387189999999999923e+00	6.975840999999999958e+00
2.393143999999999938e+00	6.517026999999999681e+00
2.399097999999999953e+00	6.275432999999999595e+00
2.405050999999999828e+00	6.239373999999999754e+00
2.411004000000000147e+00	6.519516000000000311e+00
2.416955999999999882e+00	7.274327999999999683e+00
2.422906999999999922e+00	8.662388999999999228e+00
2.428857999999999961e+00	1.084227800000000030e+01
2.434809000000000001e+00	1.392330899999999971e+01
2.440760000000000041e+00	1.766001299999999929e+01
2.446712000000000220e+00	2.165147299999999930e+01
2.452663999999999955e+00	2.549610900000000058e+01
2.458616999999999830e+00	2.879234500000000097e+01
2.464570999999999845e+00	3.116747200000000007e+01
2.470524999999999860e+00	3.248576299999999861e+01
2.476478000000000179e+00	3.272770700000000232e+01
2.482429999999999914e+00	3.187459600000000037e+01
2.488377999999999979e+00	2.990772000000000119e+01
2.494323000000000068e+00	2.683541999999999916e+01
2.500265999999999877e+00	2.292021099999999834e+01
2.506212000000000106e+00	1.856387300000000096e+01
2.512164999999999981e+00	1.416961300000000001e+01
2.518129000000000062e+00	1.014063600000000065e+01
2.524108000000000018e+00	6.854589999999999961e+00
2.530091999999999786e+00	4.412766999999999662e+00
2.536067000000000071e+00	2.747557000000000027e+00
2.542015999999999831e+00	1.788928999999999991e+00
2.547924000000000078e+00	1.466852000000000045e+00
2.553779000000000021e+00	1.703716999999999926e+00
2.559610000000000163e+00	2.327066999999999997e+00
2.565475000000000172e+00	3.099863000000000035e+00
2.571432000000000162e+00	3.783828000000000191e+00
2.577539999999999942e+00	4.140685999999999645e+00
2.583845999999999865e+00	3.979222000000000037e+00
2.590249000000000024e+00	3.795793999999999890e+00
2.596534000000000120e+00	4.607673000000000130e+00
2.602485000000000159e+00	7.445054999999999978e+00
2.607883000000000173e+00	1.333813600000000044e+01
2.612527000000000044e+00	2.320985500000000101e+01
2.616509000000000196e+00	3.613780899999999718e+01
2.620163999999999938e+00	4.964506699999999739e+01
2.623834000000000000e+00	6.120613900000000029e+01
2.627863000000000060e+00	6.829553400000000352e+01
2.632579999999999920e+00	6.851132200000000694e+01
2.638037000000000187e+00	6.198283200000000193e+01
2.644026000000000209e+00	5.120925299999999680e+01
2.650332000000000132e+00	3.878100500000000039e+01
2.656734000000000151e+00	2.728851099999999974e+01
2.663022999999999918e+00	1.924973599999999863e+01
2.669115000000000126e+00	1.539132000000000033e+01
2.675060999999999911e+00	1.457635400000000025e+01
2.680919999999999970e+00	1.558101699999999923e+01
2.686751000000000111e+00	1.718149100000000118e+01
2.692610999999999866e+00	1.817398899999999884e+01
2.698523999999999923e+00	1.796229800000000054e+01
2.704476000000000102e+00	1.665261900000000139e+01
2.710452000000000083e+00	1.439028399999999941e+01
2.716435999999999851e+00	1.132062099999999916e+01
2.722412999999999972e+00	7.591491999999999685e+00
2.728375999999999912e+00	3.446806000000000036e+00
2.734328000000000092e+00	-7.460790000000000477e-01
2.740273999999999877e+00	-4.611684000000000339e+00
2.746217000000000130e+00	-7.774529000000000245e+00
2.752162000000000219e+00	-9.861698999999999771e+00
2.758110999999999979e+00	-1.062521699999999925e+01
2.764063000000000159e+00	-9.995760000000000645e+00
2.770016000000000034e+00	-7.917743999999999893e+00
2.775971000000000188e+00	-4.335586000000000162e+00
2.781924000000000063e+00	7.993810000000000082e-01
2.787876999999999938e+00	7.088932999999999929e+00
2.793829000000000118e+00	1.342319900000000032e+01
2.799780999999999853e+00	1.862881600000000049e+01
2.805731999999999893e+00	2.153242399999999890e+01
2.811682999999999932e+00	2.097023300000000035e+01
2.817635000000000112e+00	1.663346299999999900e+01
2.823586999999999847e+00	9.731545999999999808e+00
2.829539000000000026e+00	1.630004000000000008e+00
2.835491000000000206e+00	-6.305644000000000027e+00
2.841442999999999941e+00	-1.271355600000000052e+01
2.847395000000000120e+00	-1.671218299999999957e+01
2.853346999999999856e+00	-1.837241399999999913e+01
2.859299000000000035e+00	-1.787736400000000003e+01
2.865251000000000214e+00	-1.541014400000000073e+01
2.871201999999999810e+00	-1.115456099999999928e+01
2.877153999999999989e+00	-5.437560000000000393e+00
2.883106000000000169e+00	1.096343000000000067e+00
2.889057999999999904e+00	7.759947000000000372e+00
2.895010000000000083e+00	1.386604600000000076e+01
2.900961999999999819e+00	1.872791199999999989e+01
2.906913999999999998e+00	2.183368899999999968e+01
2.912866000000000177e+00	2.310639099999999857e+01
2.918817999999999913e+00	2.253549299999999889e+01
2.924770000000000092e+00	2.011047200000000146e+01
2.930721000000000132e+00	1.582103399999999915e+01
2.936672999999999867e+00	9.839339999999999975e+00
2.942625000000000046e+00	2.847192999999999863e+00
2.948576999999999781e+00	-4.385309000000000346e+00
2.954528999999999961e+00	-1.108806700000000056e+01
2.960481000000000140e+00	-1.649108800000000130e+01
2.966432999999999875e+00	-2.007878900000000044e+01
2.972385000000000055e+00	-2.213536500000000018e+01
2.978336999999999790e+00	-2.310176799999999986e+01
2.984288999999999970e+00	-2.341895200000000088e+01
2.990240000000000009e+00	-2.352787100000000109e+01
2.996192000000000188e+00	-2.386947699999999983e+01
3.002143999999999924e+00	-2.488472300000000104e+01
3.008096000000000103e+00	-2.701456400000000002e+01
3.014047999999999838e+00	-3.069995199999999969e+01
3.020000000000000018e+00	-3.638183999999999685e+01
