1.199999999999999956e-01	2.342386292455929109e+00
1.249780000000000058e-01	2.054170252627466997e+00
1.305999999999999939e-01	1.127199921649190584e+00
1.367059999999999942e-01	1.022378136362791290e+00
1.431360000000000132e-01	1.572571085034714322e+00
1.497320000000000040e-01	1.374781996146591467e+00
1.563350000000000017e-01	1.176608952496525085e+00
1.627850000000000130e-01	1.435703173222210749e+00
1.689219999999999888e-01	1.021674055333184006e+00
1.745889999999999942e-01	1.733577047475518107e+00
1.796250000000000069e-01	1.442735852535288466e+00
1.839349999999999874e-01	1.263315983994523162e+00
1.877439999999999942e-01	1.483952489199003022e+00
1.913779999999999926e-01	1.219032604583812907e+00
1.951660000000000061e-01	1.709714190663868871e+00
1.994340000000000002e-01	1.007383299430805623e+00
2.044499999999999929e-01	1.088675052470683857e+00
2.101250000000000062e-01	1.943989417009267084e+00
2.162479999999999958e-01	2.236949669400592811e+00
2.226049999999999973e-01	2.467037881575379288e+00
2.289819999999999911e-01	3.017261211476111704e+00
2.351930000000000132e-01	2.760823184883468340e+00
2.412249999999999950e-01	3.430626937347365235e+00
2.471349999999999936e-01	3.728524624510767715e+00
2.529799999999999827e-01	3.692679337844187337e+00
2.588170000000000193e-01	3.083632593925610177e+00
2.646970000000000156e-01	3.518127790658365672e+00
2.706259999999999777e-01	4.286851107927820870e+00
2.765880000000000005e-01	3.755081055621046993e+00
2.825679999999999858e-01	3.848057849594006985e+00
2.885510000000000019e-01	4.065161371564732562e+00
2.945229999999999793e-01	3.076002386869579386e+00
3.004809999999999981e-01	3.520992686865531240e+00
3.064310000000000089e-01	3.232705947568897287e+00
3.123750000000000138e-01	2.634380546498740205e+00
3.183190000000000186e-01	3.325785087980241528e+00
3.242650000000000254e-01	3.032458227361285896e+00
3.302149999999999808e-01	2.600443589471280514e+00
3.361680000000000224e-01	2.614412424545012215e+00
3.421210000000000084e-01	2.300500863858104150e+00
3.480759999999999965e-01	2.360900540382878887e+00
3.540289999999999826e-01	2.053700294413439043e+00
3.599809999999999954e-01	2.409972635667383845e+00
3.659330000000000083e-01	2.519757705577402973e+00
3.718839999999999923e-01	3.345192205375164818e+00
3.778360000000000052e-01	2.961319898790179650e+00
3.837869999999999893e-01	2.849679624432056357e+00
3.897390000000000021e-01	2.842843388233414537e+00
3.956910000000000149e-01	2.982408349353161459e+00
4.016429999999999723e-01	2.905725808430074775e+00
4.075949999999999851e-01	3.280280395956971518e+00
4.135469999999999979e-01	2.787026828299970838e+00
4.194979999999999820e-01	2.484834923434507292e+00
4.254499999999999948e-01	2.878087620730488627e+00
4.314009999999999789e-01	3.006021656493447214e+00
4.373540000000000205e-01	2.672998692793685738e+00
4.433079999999999798e-01	2.372386232031786335e+00
4.492619999999999947e-01	2.093413556165855560e+00
4.552160000000000095e-01	2.867591293178701761e+00
4.611680000000000224e-01	2.585586305027595788e+00
4.671170000000000044e-01	3.028819543198431941e+00
4.730619999999999825e-01	3.453858803324460602e+00
4.790059999999999873e-01	4.189055915530184748e+00
4.849510000000000209e-01	4.077253090098774457e+00
4.909020000000000050e-01	4.520081043535555843e+00
4.968629999999999991e-01	4.328780200076383089e+00
5.028390000000000359e-01	5.402024044656032586e+00
5.088230000000000253e-01	5.982474603607834673e+00
5.148009999999999531e-01	6.926817810960805843e+00
5.207570000000000254e-01	7.823098548835005772e+00
5.266750000000000043e-01	7.253919667754607836e+00
5.325410000000000421e-01	6.956312775094137812e+00
5.383719999999999617e-01	7.490609162273733190e+00
5.442249999999999588e-01	7.026542745945416613e+00
5.501580000000000359e-01	6.186618215260332398e+00
5.562289999999999734e-01	5.973301067791739527e+00
5.624930000000000208e-01	5.674252008787881607e+00
5.688929999999999820e-01	5.216067824814658138e+00
5.752220000000000111e-01	4.462469941001256046e+00
5.812610000000000277e-01	3.323929362467886950e+00
5.867949999999999555e-01	3.267785340852632281e+00
5.916080000000000227e-01	3.494204717664779469e+00
5.957040000000000113e-01	2.514072281650976404e+00
5.993990000000000151e-01	2.205548794731134521e+00
6.030370000000000452e-01	2.391536407979141909e+00
6.069609999999999728e-01	2.592718700717142610e+00
6.115110000000000268e-01	2.536390506771296405e+00
6.168270000000000142e-01	2.580258086442391185e+00
6.227219999999999978e-01	2.501480658874355445e+00
6.289789999999999548e-01	2.515753689024888828e+00
6.353790000000000271e-01	2.968684102931733904e+00
6.417070000000000274e-01	3.724793528467642112e+00
6.478369999999999962e-01	3.561705008091409663e+00
6.538089999999999735e-01	3.103500305673993154e+00
6.596819999999999906e-01	3.643505865449522929e+00
6.655140000000000500e-01	3.939039457163741709e+00
6.713630000000000431e-01	3.671531475516741416e+00
6.772660000000000347e-01	4.161542096392549794e+00
6.832110000000000127e-01	3.251021531279770560e+00
6.891829999999999901e-01	4.061931844939508984e+00
6.951669999999999794e-01	3.409268817492259629e+00
7.011469999999999647e-01	3.095141382312076139e+00
7.071119999999999628e-01	3.184669713211842446e+00
7.130670000000000064e-01	3.254449507978077527e+00
7.190130000000000132e-01	3.787402465256080930e+00
7.249569999999999625e-01	3.137376013011051068e+00
7.309010000000000229e-01	3.017841240101073019e+00
7.368489999999999762e-01	3.272954259565404200e+00
7.428000000000000158e-01	3.258415839984643014e+00
7.487530000000000019e-01	3.264315467941945048e+00
7.547080000000000455e-01	3.324604380218812771e+00
7.606619999999999493e-01	3.395958879768582683e+00
7.666140000000000176e-01	3.126842632053685289e+00
7.725670000000000037e-01	3.545018368426858135e+00
7.785180000000000433e-01	2.991537807507068436e+00
7.844689999999999719e-01	3.883703914001303659e+00
7.904210000000000402e-01	3.719153387652221365e+00
7.963729999999999976e-01	2.900949442557449132e+00
8.023249999999999549e-01	2.868372644667479321e+00
8.082770000000000232e-01	3.396119910656619112e+00
8.142289999999999806e-01	2.506664210313466423e+00
8.201800000000000201e-01	3.476901238813385309e+00
8.261319999999999775e-01	3.104618675283667972e+00
8.320830000000000171e-01	3.503225312814040038e+00
8.380349999999999744e-01	2.758704013286021439e+00
8.439870000000000427e-01	3.057251657226313313e+00
8.499400000000000288e-01	3.370234520166610181e+00
8.558940000000000436e-01	3.659828665802213443e+00
8.618479999999999475e-01	3.517087462175351842e+00
8.678010000000000446e-01	3.079222052268088206e+00
8.737519999999999731e-01	3.441003676992145710e+00
8.797000000000000375e-01	3.139009884765579628e+00
8.856439999999999868e-01	3.235114505508810634e+00
8.915870000000000184e-01	3.403143313753711485e+00
8.975349999999999717e-01	3.595309895788654675e+00
9.034900000000000153e-01	4.023527191794704194e+00
9.094569999999999599e-01	3.786351271039983590e+00
9.154379999999999740e-01	3.764746995151497799e+00
9.214210000000000456e-01	3.548347073252500206e+00
9.273909999999999654e-01	3.324701751633412972e+00
9.333329999999999682e-01	3.634281260116152712e+00
9.392300000000000093e-01	3.641933110489720349e+00
9.450749999999999984e-01	2.900460775264885882e+00
9.509090000000000042e-01	3.225403479957759334e+00
9.567890000000000006e-01	2.882757264287346466e+00
9.627750000000000474e-01	2.890011500103252473e+00
9.689229999999999787e-01	2.595483868231327484e+00
9.752680000000000238e-01	3.216541733833697236e+00
9.816639999999999810e-01	2.987638674726223798e+00
9.878930000000000211e-01	2.638495520675014472e+00
9.937399999999999567e-01	2.540316217572714752e+00
9.989850000000000119e-01	2.629170291094582446e+00
1.003457999999999961e+00	2.876695526120405688e+00
1.007338000000000067e+00	2.655639316617999235e+00
1.010966000000000031e+00	2.918158297396797884e+00
1.014685999999999977e+00	2.668792021763455757e+00
1.018841000000000108e+00	2.784919478856324737e+00
1.023735000000000062e+00	3.247304678277401546e+00
1.029328999999999938e+00	3.343672113666344536e+00
1.035408000000000106e+00	3.390191269512144778e+00
1.041754000000000069e+00	2.738486655695617777e+00
1.048148999999999997e+00	2.961281742713494758e+00
1.054391999999999996e+00	3.193633797959150034e+00
1.060446000000000000e+00	2.906772395898862715e+00
1.066368999999999900e+00	3.248901967327173956e+00
1.072216999999999976e+00	2.986534887192724863e+00
1.078049000000000035e+00	2.902197882400292528e+00
1.083920999999999912e+00	3.124719763755835267e+00
1.089842999999999895e+00	2.822745357339954353e+00
1.095801999999999943e+00	3.042497549931506562e+00
1.101780999999999899e+00	3.017185780604081824e+00
1.107765000000000111e+00	2.811653354009716388e+00
1.113739999999999952e+00	3.372614666812975059e+00
1.119699999999999918e+00	3.005256255193479831e+00
1.125650000000000039e+00	3.809402863227027147e+00
1.131594999999999906e+00	3.169744732489289341e+00
1.137537999999999938e+00	3.205514162602741024e+00
1.143483999999999945e+00	3.807764857613035847e+00
1.149432999999999927e+00	3.410912907034636454e+00
1.155386000000000024e+00	3.412171654938346510e+00
1.161338999999999899e+00	3.999093536301361329e+00
1.167294000000000054e+00	3.474599600142535660e+00
1.173246999999999929e+00	3.920570460761157783e+00
1.179200000000000026e+00	4.121033131460630550e+00
1.185151999999999983e+00	3.450901389536701114e+00
1.191103000000000023e+00	3.560012153264786150e+00
1.197054000000000062e+00	4.518580845154848369e+00
1.203006000000000020e+00	4.591317922489191794e+00
1.208957999999999977e+00	4.474986427246690823e+00
1.214909999999999934e+00	5.047159430220540699e+00
1.220861999999999892e+00	4.959564496025731906e+00
1.226814000000000071e+00	4.129834566038534938e+00
1.232765000000000111e+00	4.487028904779436722e+00
1.238717000000000068e+00	4.838401240086711574e+00
1.244668000000000108e+00	4.435721948079609511e+00
1.250620000000000065e+00	4.573472383448493161e+00
1.256572000000000022e+00	4.293882436283761095e+00
1.262526000000000037e+00	3.449344061951485241e+00
1.268480000000000052e+00	3.956470923030287690e+00
1.274434000000000067e+00	2.988781078624934473e+00
1.280386000000000024e+00	3.447529834631095635e+00
1.286335999999999924e+00	3.064965384106108193e+00
1.292281999999999931e+00	2.969129038397237075e+00
1.298224999999999962e+00	3.645065961924847997e+00
1.304170000000000051e+00	3.817415126310447882e+00
1.310119999999999951e+00	4.685174682825739012e+00
1.316079999999999917e+00	5.173479430110666577e+00
1.322052999999999923e+00	5.816660593676060031e+00
1.328036999999999912e+00	7.921265245349162321e+00
1.334017000000000008e+00	8.158561495555002097e+00
1.339976000000000056e+00	1.021877049344394095e+01
1.345900000000000096e+00	1.148628961299519702e+01
1.351774000000000031e+00	1.263884210830718757e+01
1.357607000000000008e+00	1.437006599157530218e+01
1.363453000000000026e+00	1.634785650902770016e+01
1.369372000000000034e+00	1.723511906649033776e+01
1.375421999999999922e+00	1.784516258664099553e+01
1.381658999999999970e+00	1.746307304142374761e+01
1.388052000000000064e+00	1.731583018514611538e+01
1.394403000000000059e+00	1.527596466293000788e+01
1.400492999999999988e+00	1.467602131465486259e+01
1.406104999999999938e+00	1.188000331773201346e+01
1.411021999999999998e+00	1.032068865998270191e+01
1.415195999999999898e+00	8.777057209709056451e+00
1.418924000000000074e+00	7.860441724990086421e+00
1.422549999999999981e+00	5.530396905369619809e+00
1.426417000000000046e+00	4.959868498852774366e+00
1.430868000000000029e+00	4.223320254497243909e+00
1.436091000000000006e+00	3.621132103527339829e+00
1.441923000000000066e+00	3.027258546231602843e+00
1.448144000000000098e+00	2.622956340730745683e+00
1.454538000000000109e+00	2.088293553437183814e+00
1.460887000000000047e+00	2.573000694639655528e+00
1.467041999999999957e+00	2.496559816871982473e+00
1.473030999999999979e+00	2.662704471838742926e+00
1.478914000000000062e+00	2.415456818717579779e+00
1.484749000000000096e+00	2.872782548906524180e+00
1.490591999999999917e+00	3.081442599292441020e+00
1.496488000000000040e+00	3.410802629080734505e+00
1.502428000000000097e+00	3.689707573191762791e+00
1.508397999999999906e+00	3.672618159469521970e+00
1.514380999999999977e+00	3.628266382553682945e+00
1.520361999999999991e+00	3.785418946718589694e+00
1.526329999999999965e+00	4.176466338226680008e+00
1.532284999999999897e+00	4.012913723471665861e+00
1.538232999999999961e+00	4.033546933675852486e+00
1.544175999999999993e+00	4.645612101284841700e+00
1.550119999999999942e+00	3.913724765312871945e+00
1.556068000000000007e+00	3.732879809928832948e+00
1.562019000000000046e+00	3.627209623508562242e+00
1.567971999999999921e+00	3.561090379389772576e+00
1.573925999999999936e+00	3.214630466496483763e+00
1.579879999999999951e+00	3.501604048704341388e+00
1.585833000000000048e+00	3.117057725236640042e+00
1.591785000000000005e+00	3.662745540261807875e+00
1.597736999999999963e+00	3.014777592327965827e+00
1.603688000000000002e+00	3.002809722464622855e+00
1.609639000000000042e+00	3.616705416960044328e+00
1.615590999999999999e+00	3.464355348228780329e+00
1.621542999999999957e+00	3.610834873043740512e+00
1.627494999999999914e+00	3.864030747924023679e+00
1.633447000000000093e+00	3.319026283068819971e+00
1.639399000000000051e+00	4.058460803177482923e+00
1.645350000000000090e+00	3.953180290969717792e+00
1.651302000000000048e+00	4.321201240880832906e+00
1.657253000000000087e+00	4.719572081923022466e+00
1.663205000000000044e+00	4.329746032716928816e+00
1.669157999999999920e+00	3.769555324359617376e+00
1.675111999999999934e+00	2.523152203788735726e+00
1.681065999999999949e+00	3.007538615422612249e+00
1.687019000000000046e+00	2.812845444076127244e+00
1.692971000000000004e+00	1.743404148736966031e+00
1.698919000000000068e+00	2.448961395243249406e+00
1.704863000000000017e+00	1.903968048793991841e+00
1.710806999999999967e+00	2.108793573726390314e+00
1.716752999999999973e+00	1.838441172137992519e+00
1.722706999999999988e+00	1.964811487938393775e+00
1.728671999999999986e+00	2.603345141500341242e+00
1.734652000000000083e+00	1.684848996738792515e+00
1.740636000000000072e+00	1.703420397217204396e+00
1.746609000000000078e+00	2.066611576714851406e+00
1.752555000000000085e+00	1.880013807332788556e+00
1.758458000000000077e+00	2.451632381604788691e+00
1.764308999999999905e+00	2.679664727309660321e+00
1.770140999999999964e+00	2.361610646533851998e+00
1.776011999999999924e+00	2.263618146446038093e+00
1.781979999999999897e+00	2.943701355782570417e+00
1.788105000000000055e+00	2.740127490560300583e+00
1.794426999999999994e+00	3.522506327401687454e+00
1.800829000000000013e+00	3.628796153384293621e+00
1.807091999999999921e+00	3.872742475017623143e+00
1.813002000000000002e+00	3.300787863715217707e+00
1.818338000000000010e+00	4.439337056165629569e+00
1.822912000000000088e+00	4.080150863275048501e+00
1.826850000000000085e+00	4.285644063438395435e+00
1.830492000000000008e+00	4.387443919773064138e+00
1.834179999999999922e+00	4.438448383881339332e+00
1.838259000000000087e+00	4.353500560576518907e+00
1.843048000000000020e+00	4.981138978349035185e+00
1.848562000000000038e+00	4.741690923856763717e+00
1.854589999999999961e+00	4.666338581243093309e+00
1.860913000000000039e+00	4.656141695974327810e+00
1.867313999999999918e+00	4.275591101400313399e+00
1.873583999999999916e+00	3.762395159649947640e+00
1.879660000000000108e+00	3.886744711221140403e+00
1.885596000000000050e+00	4.186473684619650193e+00
1.891450999999999993e+00	3.685805406991589983e+00
1.897281999999999913e+00	4.241107119464572861e+00
1.903146999999999922e+00	3.756592778751689732e+00
1.909062999999999954e+00	3.467621166415404410e+00
1.915018000000000109e+00	3.800914927580665736e+00
1.920995999999999926e+00	4.268202782578544685e+00
1.926979999999999915e+00	3.719724772251234324e+00
1.932955999999999896e+00	3.863262106681463859e+00
1.938917999999999919e+00	4.008689101838487368e+00
1.944868999999999959e+00	3.985670998376150465e+00
1.950814000000000048e+00	3.562739775144615262e+00
1.956757999999999997e+00	3.989246256806535662e+00
1.962703000000000086e+00	3.752117756183273478e+00
1.968652000000000069e+00	3.580827932939148806e+00
1.974604000000000026e+00	3.987243068293532477e+00
1.980558000000000041e+00	4.539012181558668146e+00
1.986512000000000056e+00	4.042758675181337580e+00
1.992466000000000070e+00	4.300202555848682273e+00
1.998418000000000028e+00	4.522865334982014929e+00
2.004370000000000207e+00	4.493417773366442880e+00
2.010321999999999942e+00	4.967140812161447982e+00
2.016272999999999982e+00	4.785374941996978215e+00
2.022224000000000022e+00	4.935068059271515928e+00
2.028176000000000201e+00	4.607140735686346744e+00
2.034127999999999936e+00	4.077947170522506326e+00
2.040080000000000116e+00	4.054727984967090748e+00
2.046031999999999851e+00	4.231123913322434760e+00
2.051984000000000030e+00	4.021984120712557953e+00
2.057935000000000070e+00	3.524613604141360934e+00
2.063886999999999805e+00	3.158011735951579357e+00
2.069837999999999845e+00	2.751997186224870440e+00
2.075791000000000164e+00	2.602489819206482036e+00
2.081744000000000039e+00	2.677499975118524222e+00
2.087698000000000054e+00	3.091007861584440075e+00
2.093652000000000069e+00	2.156545800213618413e+00
2.099604999999999944e+00	2.546224789110369535e+00
2.105554999999999843e+00	2.840552187717099386e+00
2.111501000000000072e+00	3.377164996741457870e+00
2.117445000000000022e+00	3.886652705563598431e+00
2.123388999999999971e+00	4.069726393865395586e+00
2.129338000000000175e+00	4.985578654081711747e+00
2.135295999999999861e+00	5.388568893406677773e+00
2.141268000000000171e+00	6.151988875919044197e+00
2.147250999999999799e+00	6.118115601987625496e+00
2.153232000000000035e+00	6.436278182121490055e+00
2.159196000000000115e+00	7.174725254767223781e+00
2.165125000000000188e+00	7.555823942806123128e+00
2.171006000000000213e+00	7.419165165251297545e+00
2.176841000000000026e+00	7.458760209035493638e+00
2.182682999999999929e+00	7.354943011296230182e+00
2.188588999999999896e+00	7.203337198274073927e+00
2.194618000000000180e+00	6.821383344411506400e+00
2.200828000000000007e+00	7.178937531602185729e+00
2.207209999999999894e+00	7.134301036229690141e+00
2.213579000000000185e+00	6.451277886231089553e+00
2.219714999999999883e+00	6.806592883593908461e+00
2.225403000000000020e+00	6.510633612093605471e+00
2.230423000000000044e+00	6.604282642079148502e+00
2.234681000000000139e+00	6.022890178971189279e+00
2.238447999999999993e+00	6.552952086872716464e+00
2.242068000000000172e+00	7.112360501649279243e+00
2.245884000000000214e+00	6.638577259820956478e+00
2.250237999999999960e+00	6.940398607768530681e+00
2.255365999999999982e+00	5.948208841002572633e+00
2.261130000000000084e+00	6.297320304256750489e+00
2.267313000000000134e+00	5.757430477252523104e+00
2.273696000000000161e+00	5.782904334300716265e+00
2.280063999999999869e+00	5.342346104685949726e+00
2.286243999999999943e+00	5.763420362864978941e+00
2.292251999999999956e+00	5.973828009545229634e+00
2.298146000000000022e+00	6.081714011092130612e+00
2.303983000000000114e+00	5.384037426418556649e+00
2.309822000000000042e+00	5.177946120195063173e+00
2.315710999999999853e+00	5.761818458315298486e+00
2.321645999999999876e+00	6.364748798761468151e+00
2.327612999999999932e+00	7.236340806522581381e+00
2.333594999999999864e+00	7.140148499516609348e+00
2.339576999999999796e+00	8.162072182085715610e+00
2.345546999999999827e+00	8.478751076531297670e+00
2.351503999999999817e+00	9.013887585672286207e+00
2.357451999999999881e+00	9.188141779004347143e+00
2.363395999999999830e+00	9.044381927129133913e+00
2.369339000000000084e+00	9.892967627805486330e+00
2.375286000000000008e+00	9.560003791407847729e+00
2.381237000000000048e+00	9.473540001115674514e+00
2.387189999999999923e+00	8.969393622346096606e+00
2.393143999999999938e+00	8.252962264887617749e+00
2.399097999999999953e+00	7.086620665666263363e+00
2.405050999999999828e+00	6.487873517846883153e+00
2.411004000000000147e+00	6.220358143319276500e+00
2.416955999999999882e+00	5.699451898320075038e+00
2.422906999999999922e+00	5.357379120716072585e+00
2.428857999999999961e+00	4.899333653016284984e+00
2.434809000000000001e+00	5.358014560728161513e+00
2.440760000000000041e+00	5.088517140190850441e+00
2.446712000000000220e+00	5.072690500113733236e+00
2.452663999999999955e+00	5.886262228469687940e+00
2.458616999999999830e+00	6.135957054949193079e+00
2.464570999999999845e+00	7.212838309061974762e+00
2.470524999999999860e+00	8.036333161361586264e+00
2.476478000000000179e+00	8.668475895225233430e+00
2.482429999999999914e+00	9.804890144473560554e+00
2.488377999999999979e+00	1.070906736309748197e+01
2.494323000000000068e+00	1.081491876773835692e+01
2.500265999999999877e+00	1.131550980303662612e+01
2.506212000000000106e+00	1.245654283954211117e+01
2.512164999999999981e+00	1.318397684892161870e+01
2.518129000000000062e+00	1.362871840798078260e+01
2.524108000000000018e+00	1.407451847797458555e+01
2.530091999999999786e+00	1.445812582020860049e+01
2.536067000000000071e+00	1.470961646558778924e+01
2.542015999999999831e+00	1.412663320816529833e+01
2.547924000000000078e+00	1.429901557106893684e+01
2.553779000000000021e+00	1.484672422705133421e+01
2.559610000000000163e+00	1.446881727802498041e+01
2.565475000000000172e+00	1.468245508810547761e+01
2.571432000000000162e+00	1.343655686910096847e+01
2.577539999999999942e+00	1.429859685455864948e+01
2.583845999999999865e+00	1.372734985165121913e+01
2.590249000000000024e+00	1.429042903812221077e+01
2.596534000000000120e+00	1.482126888470555315e+01
2.602485000000000159e+00	1.484657767071548484e+01
2.607883000000000173e+00	1.402363082074369593e+01
2.612527000000000044e+00	1.428069236055859825e+01
2.616509000000000196e+00	1.383254535794608309e+01
2.620163999999999938e+00	1.417898097734513740e+01
2.623834000000000000e+00	1.272677892945333333e+01
2.627863000000000060e+00	1.194321901735863811e+01
2.632579999999999920e+00	1.080462876100084380e+01
2.638037000000000187e+00	9.697362031599706000e+00
2.644026000000000209e+00	8.308577625346263318e+00
2.650332000000000132e+00	7.233158065920361146e+00
2.656734000000000151e+00	6.265083281905273083e+00
2.663022999999999918e+00	5.070924535307458569e+00
2.669115000000000126e+00	5.053475595268268172e+00
2.675060999999999911e+00	4.724050861848252403e+00
2.680919999999999970e+00	4.885860883000216148e+00
2.686751000000000111e+00	5.356223616050439063e+00
2.692610999999999866e+00	6.813065094457100734e+00
2.698523999999999923e+00	9.186562655814626055e+00
2.704476000000000102e+00	1.345747384255237300e+01
2.710452000000000083e+00	1.617052819651959084e+01
2.716435999999999851e+00	2.113373243258291367e+01
2.722412999999999972e+00	2.632765812398386984e+01
2.728375999999999912e+00	3.194453620834581642e+01
2.734328000000000092e+00	3.721911139456824458e+01
2.740273999999999877e+00	4.230245497338406580e+01
2.746217000000000130e+00	4.533791055300626027e+01
2.752162000000000219e+00	4.689453863696325442e+01
2.758110999999999979e+00	4.539544231882116065e+01
2.764063000000000159e+00	4.366226686828512982e+01
2.770016000000000034e+00	4.102481143728041246e+01
2.775971000000000188e+00	3.650390475159632331e+01
2.781924000000000063e+00	3.296463683898377894e+01
2.787876999999999938e+00	2.947858448672405984e+01
2.793829000000000118e+00	2.638711297846724335e+01
2.799780999999999853e+00	2.355557574060824777e+01
2.805731999999999893e+00	2.035417854924746806e+01
2.811682999999999932e+00	1.735996305361636871e+01
2.817635000000000112e+00	1.252953566185430745e+01
2.823586999999999847e+00	8.883218445335316460e+00
2.829539000000000026e+00	5.319807604030650339e+00
2.835491000000000206e+00	2.548329929348114309e+00
2.841442999999999941e+00	4.297833699740374325e-01
2.847395000000000120e+00	-3.581397402415428810e-01
2.853346999999999856e+00	-5.682661852244759171e-01
2.859299000000000035e+00	-2.407722198207294662e-01
2.865251000000000214e+00	2.116954735632623930e+00
2.871201999999999810e+00	4.683846840329690231e+00
2.877153999999999989e+00	7.858464848038808626e+00
2.883106000000000169e+00	1.119931495733201920e+01
2.889057999999999904e+00	1.461397489629829316e+01
2.895010000000000083e+00	1.724215633169168171e+01
2.900961999999999819e+00	1.966987102196345205e+01
2.906913999999999998e+00	2.089268345413049488e+01
2.912866000000000177e+00	1.998303153902821094e+01
2.918817999999999913e+00	1.923075716262342638e+01
2.924770000000000092e+00	1.739627379118768147e+01
2.930721000000000132e+00	1.645245410243231632e+01
2.936672999999999867e+00	1.471578683740563598e+01
2.942625000000000046e+00	1.261760357211399253e+01
2.948576999999999781e+00	1.082383985379346569e+01
2.954528999999999961e+00	9.971350140479136925e+00
2.960481000000000140e+00	9.663057114578911921e+00
2.966432999999999875e+00	1.048432414881944830e+01
2.972385000000000055e+00	1.228554508628709563e+01
2.978336999999999790e+00	1.414938034203409245e+01
2.984288999999999970e+00	1.705631866316154444e+01
2.990240000000000009e+00	2.041565472520297320e+01
2.996192000000000188e+00	2.404150315881388877e+01
3.002143999999999924e+00	2.792615083214834115e+01
3.008096000000000103e+00	3.083202269072769752e+01
3.014047999999999838e+00	3.511590475855225435e+01
3.020000000000000018e+00	3.767196536152824393e+01
