1.199999999999999956e-01	7.663647117976741363e+00
1.249780000000000058e-01	3.550111288736573556e+00
1.305999999999999939e-01	1.973302703298897010e-01
1.367059999999999942e-01	-2.385899338694458471e+00
1.431360000000000132e-01	-3.897276660870711229e+00
1.497320000000000040e-01	-4.496102242125992632e+00
1.563350000000000017e-01	-4.650370801345077076e+00
1.627850000000000130e-01	-4.274013450345854004e+00
1.689219999999999888e-01	-3.640921369981809708e+00
1.745889999999999942e-01	-2.618330840025320683e+00
1.796250000000000069e-01	-1.707894962979559894e+00
1.839349999999999874e-01	-8.782738606625712929e-01
1.877439999999999942e-01	5.101468889007670926e-01
1.913779999999999926e-01	9.100052679161332314e-01
1.951660000000000061e-01	1.790376024868461480e+00
1.994340000000000002e-01	2.278639903426968427e+00
2.044499999999999929e-01	2.821410726838626370e+00
2.101250000000000062e-01	2.809868734788449895e+00
2.162479999999999958e-01	3.131492044674547781e+00
2.226049999999999973e-01	3.049896664061864104e+00
2.289819999999999911e-01	2.759183300842890763e+00
2.351930000000000132e-01	2.488529709420872482e+00
2.412249999999999950e-01	1.564879538609465826e+00
2.471349999999999936e-01	1.031604639733696427e+00
2.529799999999999827e-01	4.170525996824784865e-01
2.588170000000000193e-01	-1.128398674869117990e-01
2.646970000000000156e-01	-3.426144845021298346e-01
2.706259999999999777e-01	-7.684445199515281821e-01
2.765880000000000005e-01	-8.986722384127477925e-01
2.825679999999999858e-01	-7.913282299685610033e-01
2.885510000000000019e-01	-5.835467051655600645e-01
2.945229999999999793e-01	-2.100785209577490653e-01
3.004809999999999981e-01	-1.530769844343295716e-01
3.064310000000000089e-01	4.631001663701080906e-01
3.123750000000000138e-01	5.590071048439042567e-01
3.183190000000000186e-01	1.106611689487807304e+00
3.242650000000000254e-01	1.405896816949646411e+00
3.302149999999999808e-01	1.821729354733905071e+00
3.361680000000000224e-01	1.908183727195064794e+00
3.421210000000000084e-01	2.089857020519209296e+00
3.480759999999999965e-01	2.441486709893355478e+00
3.540289999999999826e-01	2.512813432105823974e+00
3.599809999999999954e-01	2.555535805566539587e+00
3.659330000000000083e-01	2.518281341569202691e+00
3.718839999999999923e-01	2.535645505093891749e+00
3.778360000000000052e-01	2.403080721664490049e+00
3.837869999999999893e-01	2.557941530980703426e+00
3.897390000000000021e-01	2.407724366701312846e+00
3.956910000000000149e-01	2.463330872294692053e+00
4.016429999999999723e-01	2.220584412015273568e+00
4.075949999999999851e-01	2.057178662928373036e+00
4.135469999999999979e-01	2.163432638550769838e+00
4.194979999999999820e-01	1.772841875205959816e+00
4.254499999999999948e-01	1.572515444291497255e+00
4.314009999999999789e-01	1.376390392678907615e+00
4.373540000000000205e-01	1.214397243670975124e+00
4.433079999999999798e-01	1.145458393661438423e+00
4.492619999999999947e-01	9.612265744797963141e-01
4.552160000000000095e-01	1.167121118584791617e+00
4.611680000000000224e-01	1.323174443168493530e+00
4.671170000000000044e-01	1.692035747927925327e+00
4.730619999999999825e-01	1.912156368002672746e+00
4.790059999999999873e-01	2.470525954889662312e+00
4.849510000000000209e-01	2.841923567468134681e+00
4.909020000000000050e-01	3.151234086784213240e+00
4.968629999999999991e-01	4.063656652550837300e+00
5.028390000000000359e-01	4.508576236373579960e+00
5.088230000000000253e-01	5.247512490031680521e+00
5.148009999999999531e-01	5.941467260937576711e+00
5.207570000000000254e-01	6.465280234379453539e+00
5.266750000000000043e-01	6.701974431518293862e+00
5.325410000000000421e-01	6.826144142808397319e+00
5.383719999999999617e-01	6.891989900551187986e+00
5.442249999999999588e-01	6.641533704961520179e+00
5.501580000000000359e-01	6.176081951989062624e+00
5.562289999999999734e-01	5.646620002766290725e+00
5.624930000000000208e-01	5.318796741126745609e+00
5.688929999999999820e-01	4.595226121775626282e+00
5.752220000000000111e-01	3.983448379551079999e+00
5.812610000000000277e-01	3.244943972322096304e+00
5.867949999999999555e-01	2.846620224658035880e+00
5.916080000000000227e-01	2.308611277004565032e+00
5.957040000000000113e-01	1.799449363626687282e+00
5.993990000000000151e-01	1.460982267785075672e+00
6.030370000000000452e-01	1.238805333483089521e+00
6.069609999999999728e-01	1.327860092886775645e+00
6.115110000000000268e-01	1.353549555980911201e+00
6.168270000000000142e-01	1.352979119404082109e+00
6.227219999999999978e-01	1.748713010025975345e+00
6.289789999999999548e-01	1.823120038232242335e+00
6.353790000000000271e-01	2.269604637087598409e+00
6.417070000000000274e-01	2.780273401908605280e+00
6.478369999999999962e-01	2.710558238214036297e+00
6.538089999999999735e-01	2.901108268079255925e+00
6.596819999999999906e-01	2.930195771353786949e+00
6.655140000000000500e-01	3.056734264281583791e+00
6.713630000000000431e-01	2.967636570719950573e+00
6.772660000000000347e-01	2.881197450950567784e+00
6.832110000000000127e-01	2.668712159519155858e+00
6.891829999999999901e-01	2.448437651882494404e+00
6.951669999999999794e-01	2.531257911041774555e+00
7.011469999999999647e-01	2.261577627743192487e+00
7.071119999999999628e-01	2.228758373799415882e+00
7.130670000000000064e-01	2.076523239641641094e+00
7.190130000000000132e-01	1.913673380020548542e+00
7.249569999999999625e-01	2.097769019722166561e+00
7.309010000000000229e-01	2.290649824711787019e+00
7.368489999999999762e-01	2.069193167338300388e+00
7.428000000000000158e-01	2.257245093024487836e+00
7.487530000000000019e-01	2.318214184827621871e+00
7.547080000000000455e-01	2.351547889071189612e+00
7.606619999999999493e-01	2.434209244996663468e+00
7.666140000000000176e-01	2.636470023681197983e+00
7.725670000000000037e-01	2.826807658013782198e+00
7.785180000000000433e-01	2.987546061411525677e+00
7.844689999999999719e-01	3.196413847658162943e+00
7.904210000000000402e-01	3.218474599931752778e+00
7.963729999999999976e-01	3.346981608975639233e+00
8.023249999999999549e-01	3.457480866964874888e+00
8.082770000000000232e-01	3.435248139553087832e+00
8.142289999999999806e-01	3.651007311448287940e+00
8.201800000000000201e-01	3.485884322998534568e+00
8.261319999999999775e-01	3.437333245472403043e+00
8.320830000000000171e-01	3.415769901007353226e+00
8.380349999999999744e-01	3.368471279139582997e+00
8.439870000000000427e-01	3.206338987299138132e+00
8.499400000000000288e-01	3.315837458267722582e+00
8.558940000000000436e-01	3.277972601222270299e+00
8.618479999999999475e-01	3.083312019496918577e+00
8.678010000000000446e-01	2.968062384814532439e+00
8.737519999999999731e-01	3.127929301214088742e+00
8.797000000000000375e-01	3.212128992129719585e+00
8.856439999999999868e-01	3.374866963659272745e+00
8.915870000000000184e-01	3.300183912363335192e+00
8.975349999999999717e-01	3.162656907015757746e+00
9.034900000000000153e-01	3.261109740650253830e+00
9.094569999999999599e-01	3.341984174710408428e+00
9.154379999999999740e-01	3.473761583290467581e+00
9.214210000000000456e-01	3.455674423283730423e+00
9.273909999999999654e-01	3.377787036710194091e+00
9.333329999999999682e-01	3.513635310107828147e+00
9.392300000000000093e-01	3.434815924118376884e+00
9.450749999999999984e-01	3.277956957697827800e+00
9.509090000000000042e-01	3.305523813933974431e+00
9.567890000000000006e-01	3.156228547614388980e+00
9.627750000000000474e-01	2.854793663004774107e+00
9.689229999999999787e-01	2.949646982517100113e+00
9.752680000000000238e-01	2.873214328686866992e+00
9.816639999999999810e-01	3.198838133195237798e+00
9.878930000000000211e-01	3.249222059710516586e+00
9.937399999999999567e-01	3.683052979303495178e+00
9.989850000000000119e-01	3.978173014486418246e+00
1.003457999999999961e+00	4.327244862185049001e+00
1.007338000000000067e+00	4.636977468207142294e+00
1.010966000000000031e+00	4.977647315994613741e+00
1.014685999999999977e+00	5.111376317384562995e+00
1.018841000000000108e+00	5.107876026299464023e+00
1.023735000000000062e+00	5.328836851882924108e+00
1.029328999999999938e+00	5.287484512867379749e+00
1.035408000000000106e+00	5.123057665887374768e+00
1.041754000000000069e+00	5.159956868423739351e+00
1.048148999999999997e+00	4.951525892765439529e+00
1.054391999999999996e+00	4.681821928359834573e+00
1.060446000000000000e+00	4.461091760771060954e+00
1.066368999999999900e+00	4.141651017566157833e+00
1.072216999999999976e+00	3.934137508916244030e+00
1.078049000000000035e+00	3.915305808604843563e+00
1.083920999999999912e+00	3.583502638550099650e+00
1.089842999999999895e+00	3.391930822853810312e+00
1.095801999999999943e+00	3.492988546007101736e+00
1.101780999999999899e+00	3.252003597384934164e+00
1.107765000000000111e+00	3.636086491309448387e+00
1.113739999999999952e+00	3.826872526972973976e+00
1.119699999999999918e+00	4.013714522049702360e+00
1.125650000000000039e+00	4.370009086961442968e+00
1.131594999999999906e+00	4.871030004264247815e+00
1.137537999999999938e+00	5.038080490236913178e+00
1.143483999999999945e+00	5.364808627204140201e+00
1.149432999999999927e+00	5.464366864187170769e+00
1.155386000000000024e+00	5.460922452617616329e+00
1.161338999999999899e+00	5.604868024942607718e+00
1.167294000000000054e+00	5.589187182200124226e+00
1.173246999999999929e+00	5.637305944875675046e+00
1.179200000000000026e+00	5.514743457815832528e+00
1.185151999999999983e+00	5.236556658602347092e+00
1.191103000000000023e+00	5.168446011794431527e+00
1.197054000000000062e+00	4.949364773451704558e+00
1.203006000000000020e+00	4.985153274766165765e+00
1.208957999999999977e+00	4.847742770752789809e+00
1.214909999999999934e+00	4.793387286127938296e+00
1.220861999999999892e+00	4.766078441607303873e+00
1.226814000000000071e+00	4.871141577681469492e+00
1.232765000000000111e+00	4.834726881075913418e+00
1.238717000000000068e+00	4.977908953758999999e+00
1.244668000000000108e+00	5.246946026758780413e+00
1.250620000000000065e+00	5.178320604249690540e+00
1.256572000000000022e+00	5.346707211035849561e+00
1.262526000000000037e+00	5.444448895464297777e+00
1.268480000000000052e+00	5.631858471987583492e+00
1.274434000000000067e+00	5.814384220727024655e+00
1.280386000000000024e+00	6.003275277629390949e+00
1.286335999999999924e+00	6.185744314285741119e+00
1.292281999999999931e+00	6.506020162615977043e+00
1.298224999999999962e+00	6.678794160426926751e+00
1.304170000000000051e+00	7.045604680502429495e+00
1.310119999999999951e+00	7.542127790087914008e+00
1.316079999999999917e+00	8.031877149605801236e+00
1.322052999999999923e+00	8.386715869614548069e+00
1.328036999999999912e+00	9.270458675709651430e+00
1.334017000000000008e+00	1.017442133264640702e+01
1.339976000000000056e+00	1.123049497404764985e+01
1.345900000000000096e+00	1.256267453974124848e+01
1.351774000000000031e+00	1.456241736294301248e+01
1.357607000000000008e+00	1.645697545170761700e+01
1.363453000000000026e+00	1.888504866785958214e+01
1.369372000000000034e+00	2.077399438243667618e+01
1.375421999999999922e+00	2.224236801682798514e+01
1.381658999999999970e+00	2.288671085077413991e+01
1.388052000000000064e+00	2.243200305464731059e+01
1.394403000000000059e+00	2.133470686925322823e+01
1.400492999999999988e+00	1.932963222801574332e+01
1.406104999999999938e+00	1.735308351740868105e+01
1.411021999999999998e+00	1.538615367539250833e+01
1.415195999999999898e+00	1.353814924428783328e+01
1.418924000000000074e+00	1.179734218542944113e+01
1.422549999999999981e+00	1.000026381068640724e+01
1.426417000000000046e+00	8.873135398744205204e+00
1.430868000000000029e+00	7.712944189849683774e+00
1.436091000000000006e+00	6.750256341510350921e+00
1.441923000000000066e+00	6.081780639936547495e+00
1.448144000000000098e+00	6.033414577477152818e+00
1.454538000000000109e+00	5.676577805403585586e+00
1.460887000000000047e+00	5.531142149423653898e+00
1.467041999999999957e+00	5.464189558782182488e+00
1.473030999999999979e+00	5.877983672254342373e+00
1.478914000000000062e+00	6.162594553496313132e+00
1.484749000000000096e+00	6.358263103360044965e+00
1.490591999999999917e+00	6.814686597376114818e+00
1.496488000000000040e+00	7.054813412257745497e+00
1.502428000000000097e+00	7.312314308198923030e+00
1.508397999999999906e+00	7.697897803379056825e+00
1.514380999999999977e+00	7.775529806005053501e+00
1.520361999999999991e+00	7.707418543947788692e+00
1.526329999999999965e+00	7.554906163813149611e+00
1.532284999999999897e+00	7.279733640306098152e+00
1.538232999999999961e+00	6.856037703924805271e+00
1.544175999999999993e+00	6.396804209426825594e+00
1.550119999999999942e+00	5.597473225957948273e+00
1.556068000000000007e+00	5.082584036784908221e+00
1.562019000000000046e+00	4.930446947523282830e+00
1.567971999999999921e+00	4.245245871863892795e+00
1.573925999999999936e+00	3.963821727923863225e+00
1.579879999999999951e+00	3.906940913583216268e+00
1.585833000000000048e+00	3.895226914859348355e+00
1.591785000000000005e+00	4.236787584710798527e+00
1.597736999999999963e+00	4.630531381099977750e+00
1.603688000000000002e+00	4.996305536568277361e+00
1.609639000000000042e+00	5.415393994051397542e+00
1.615590999999999999e+00	5.914345661318450631e+00
1.621542999999999957e+00	6.462088500925807999e+00
1.627494999999999914e+00	6.954752864002180957e+00
1.633447000000000093e+00	7.285790127426059470e+00
1.639399000000000051e+00	7.381190268913195851e+00
1.645350000000000090e+00	7.684044193303861014e+00
1.651302000000000048e+00	7.264212641183780406e+00
1.657253000000000087e+00	7.072338134877734994e+00
1.663205000000000044e+00	6.606442670083133351e+00
1.669157999999999920e+00	6.246495354784921794e+00
1.675111999999999934e+00	6.040830548810326661e+00
1.681065999999999949e+00	5.788782730828527789e+00
1.687019000000000046e+00	5.926924948605537757e+00
1.692971000000000004e+00	5.617622695735614791e+00
1.698919000000000068e+00	5.689703648160323368e+00
1.704863000000000017e+00	6.087563748690853593e+00
1.710806999999999967e+00	6.386838698219927224e+00
1.716752999999999973e+00	6.467079710703418804e+00
1.722706999999999988e+00	6.748973570796836796e+00
1.728671999999999986e+00	7.465202502520504879e+00
1.734652000000000083e+00	7.840097472616358587e+00
1.740636000000000072e+00	8.368265885699173623e+00
1.746609000000000078e+00	8.291875319516661236e+00
1.752555000000000085e+00	8.693217187020874093e+00
1.758458000000000077e+00	8.654881226785139603e+00
1.764308999999999905e+00	8.548265267628536890e+00
1.770140999999999964e+00	8.137774284636586586e+00
1.776011999999999924e+00	7.793495802983199994e+00
1.781979999999999897e+00	7.130188887030408651e+00
1.788105000000000055e+00	6.940269142001357139e+00
1.794426999999999994e+00	6.633775390191326338e+00
1.800829000000000013e+00	6.946376323448762768e+00
1.807091999999999921e+00	6.953326988443774503e+00
1.813002000000000002e+00	7.318132246936406737e+00
1.818338000000000010e+00	7.977017769866781904e+00
1.822912000000000088e+00	8.432142476555538835e+00
1.826850000000000085e+00	9.068270812844099638e+00
1.830492000000000008e+00	9.851862804733551471e+00
1.834179999999999922e+00	1.068612091588784452e+01
1.838259000000000087e+00	1.130258194726519250e+01
1.843048000000000020e+00	1.177287318710779473e+01
1.848562000000000038e+00	1.197300984721075956e+01
1.854589999999999961e+00	1.198232974880307111e+01
1.860913000000000039e+00	1.182757586946626382e+01
1.867313999999999918e+00	1.148478091391477385e+01
1.873583999999999916e+00	1.086679999177633071e+01
1.879660000000000108e+00	1.023644119692571763e+01
1.885596000000000050e+00	9.522056812367285517e+00
1.891450999999999993e+00	8.428050636789329531e+00
1.897281999999999913e+00	7.522136813537926514e+00
1.903146999999999922e+00	6.992216671181218146e+00
1.909062999999999954e+00	6.474552065889064956e+00
1.915018000000000109e+00	5.924143453016339045e+00
1.920995999999999926e+00	5.794876329878303700e+00
1.926979999999999915e+00	5.412189977451845380e+00
1.932955999999999896e+00	5.345186520476088887e+00
1.938917999999999919e+00	5.550799352263801723e+00
1.944868999999999959e+00	5.428022156719931601e+00
1.950814000000000048e+00	5.668681885616560834e+00
1.956757999999999997e+00	5.724996085036467619e+00
1.962703000000000086e+00	6.023174916230957798e+00
1.968652000000000069e+00	6.217647143366657581e+00
1.974604000000000026e+00	6.238997283051568310e+00
1.980558000000000041e+00	6.613921060463523460e+00
1.986512000000000056e+00	6.533424703748881512e+00
1.992466000000000070e+00	6.792107595317871116e+00
1.998418000000000028e+00	7.266517712615787161e+00
2.004370000000000207e+00	7.402452778092091457e+00
2.010321999999999942e+00	7.846295995377850829e+00
2.016272999999999982e+00	8.010477438508385006e+00
2.022224000000000022e+00	8.672308785377994766e+00
2.028176000000000201e+00	9.196124313279286255e+00
2.034127999999999936e+00	9.681839950879460588e+00
2.040080000000000116e+00	1.013904451881270852e+01
2.046031999999999851e+00	1.078739826658858902e+01
2.051984000000000030e+00	1.165407219514378667e+01
2.057935000000000070e+00	1.237848946150856833e+01
2.063886999999999805e+00	1.344808245372313849e+01
2.069837999999999845e+00	1.400694585131512682e+01
2.075791000000000164e+00	1.476259230738529027e+01
2.081744000000000039e+00	1.536519968696825522e+01
2.087698000000000054e+00	1.563521650647576600e+01
2.093652000000000069e+00	1.562912302233997153e+01
2.099604999999999944e+00	1.544752216543175116e+01
2.105554999999999843e+00	1.502287082901087345e+01
2.111501000000000072e+00	1.410056078200029539e+01
2.117445000000000022e+00	1.317699464791205344e+01
2.123388999999999971e+00	1.187566409178878679e+01
2.129338000000000175e+00	1.049433197221220126e+01
2.135295999999999861e+00	9.115161011554340220e+00
2.141268000000000171e+00	7.968228069915621603e+00
2.147250999999999799e+00	6.880954321326755441e+00
2.153232000000000035e+00	6.247643737298225197e+00
2.159196000000000115e+00	5.590302475350464206e+00
2.165125000000000188e+00	5.344194455703119573e+00
2.171006000000000213e+00	5.650208150564941079e+00
2.176841000000000026e+00	5.875939984146016926e+00
2.182682999999999929e+00	6.221887718746270224e+00
2.188588999999999896e+00	7.191766973412914155e+00
2.194618000000000180e+00	8.360488841481931388e+00
2.200828000000000007e+00	9.379042160580659981e+00
2.207209999999999894e+00	1.136627504091109664e+01
2.213579000000000185e+00	1.289963311548346780e+01
2.219714999999999883e+00	1.461019525824653975e+01
2.225403000000000020e+00	1.579331286536912948e+01
2.230423000000000044e+00	1.674662326709746907e+01
2.234681000000000139e+00	1.708161821239327693e+01
2.238447999999999993e+00	1.637727550976090285e+01
2.242068000000000172e+00	1.537089872881336028e+01
2.245884000000000214e+00	1.372426298160137925e+01
2.250237999999999960e+00	1.222481481709416862e+01
2.255365999999999982e+00	1.033608425919363860e+01
2.261130000000000084e+00	8.312001344858499507e+00
2.267313000000000134e+00	6.126363782054937701e+00
2.273696000000000161e+00	4.670272710561449436e+00
2.280063999999999869e+00	3.153831998031750850e+00
2.286243999999999943e+00	1.951265502602118840e+00
2.292251999999999956e+00	1.852284885267655223e+00
2.298146000000000022e+00	1.860146407877769859e+00
2.303983000000000114e+00	2.212210390768420520e+00
2.309822000000000042e+00	3.291728952436254740e+00
2.315710999999999853e+00	4.816551752530359387e+00
2.321645999999999876e+00	6.606540933956170036e+00
2.327612999999999932e+00	9.104263381397592170e+00
2.333594999999999864e+00	1.182650534389691011e+01
2.339576999999999796e+00	1.480769367005721904e+01
2.345546999999999827e+00	1.826932640740606573e+01
2.351503999999999817e+00	2.166168539727281939e+01
2.357451999999999881e+00	2.490704641719483803e+01
2.363395999999999830e+00	2.698156961902268591e+01
2.369339000000000084e+00	2.843227083925938103e+01
2.375286000000000008e+00	2.804530738090206299e+01
2.381237000000000048e+00	2.639589078885017059e+01
2.387189999999999923e+00	2.387816797023280557e+01
2.393143999999999938e+00	2.089575734462354362e+01
2.399097999999999953e+00	1.776253822690953044e+01
2.405050999999999828e+00	1.498451957400227919e+01
2.411004000000000147e+00	1.213648719623448002e+01
2.416955999999999882e+00	9.914373322510016351e+00
2.422906999999999922e+00	7.980121110309791987e+00
2.428857999999999961e+00	7.129391924938052405e+00
2.434809000000000001e+00	6.441027262260030639e+00
2.440760000000000041e+00	6.417918060899971522e+00
2.446712000000000220e+00	6.890507830062512440e+00
2.452663999999999955e+00	7.720046069258168941e+00
2.458616999999999830e+00	8.718637047284646613e+00
2.464570999999999845e+00	9.841281005737958054e+00
2.470524999999999860e+00	1.100961022504925424e+01
2.476478000000000179e+00	1.196064054417298550e+01
2.482429999999999914e+00	1.311021007109208192e+01
2.488377999999999979e+00	1.367180200578201266e+01
2.494323000000000068e+00	1.428133092117244196e+01
2.500265999999999877e+00	1.441547086524959020e+01
2.506212000000000106e+00	1.457665415097292438e+01
2.512164999999999981e+00	1.407032274162871843e+01
2.518129000000000062e+00	1.389808951422768324e+01
2.524108000000000018e+00	1.328114461189836781e+01
2.530091999999999786e+00	1.283827752039883663e+01
2.536067000000000071e+00	1.208770090201908687e+01
2.542015999999999831e+00	1.139379231238171286e+01
2.547924000000000078e+00	1.078223865792108960e+01
2.553779000000000021e+00	1.048966257750885056e+01
2.559610000000000163e+00	9.960089631806667398e+00
2.565475000000000172e+00	9.941554639685659112e+00
2.571432000000000162e+00	9.880098937075885601e+00
2.577539999999999942e+00	1.004324297967945689e+01
2.583845999999999865e+00	1.035484621737749755e+01
2.590249000000000024e+00	1.108095993812031566e+01
2.596534000000000120e+00	1.163672809545148468e+01
2.602485000000000159e+00	1.230859933400559214e+01
2.607883000000000173e+00	1.275538665767876623e+01
2.612527000000000044e+00	1.268117935988120060e+01
2.616509000000000196e+00	1.211139827171615302e+01
2.620163999999999938e+00	1.153915027867068943e+01
2.623834000000000000e+00	1.058394976953874789e+01
2.627863000000000060e+00	9.685776918019294968e+00
2.632579999999999920e+00	8.647119170093590768e+00
2.638037000000000187e+00	7.778379052420981488e+00
2.644026000000000209e+00	6.994036410783328606e+00
2.650332000000000132e+00	6.809001822856473929e+00
2.656734000000000151e+00	6.751977014579898295e+00
2.663022999999999918e+00	7.736068793434660584e+00
2.669115000000000126e+00	9.220299460112183709e+00
2.675060999999999911e+00	1.120837560687880341e+01
2.680919999999999970e+00	1.395729080817618417e+01
2.686751000000000111e+00	1.688130118648563993e+01
2.692610999999999866e+00	2.054008662489864179e+01
2.698523999999999923e+00	2.418677882341162899e+01
2.704476000000000102e+00	2.677740242796545900e+01
2.710452000000000083e+00	2.764260000620960867e+01
2.716435999999999851e+00	2.646714687045469105e+01
2.722412999999999972e+00	2.168624582180429172e+01
2.728375999999999912e+00	1.388107575495888391e+01
2.734328000000000092e+00	4.452960526188999069e+00
2.740273999999999877e+00	-5.342404908662982344e+00
2.746217000000000130e+00	-1.418881422082914234e+01
2.752162000000000219e+00	-2.000016851602970647e+01
2.758110999999999979e+00	-2.302187246254346675e+01
2.764063000000000159e+00	-2.324563930214681662e+01
2.770016000000000034e+00	-2.252641411669343086e+01
2.775971000000000188e+00	-2.050976804213773264e+01
2.781924000000000063e+00	-1.868720703849269427e+01
2.787876999999999938e+00	-1.754337155813102811e+01
2.793829000000000118e+00	-1.674087188445082219e+01
2.799780999999999853e+00	-1.581886077740679397e+01
2.805731999999999893e+00	-1.514821078145277333e+01
2.811682999999999932e+00	-1.422773160142033610e+01
2.817635000000000112e+00	-1.283481331507454293e+01
2.823586999999999847e+00	-1.100581566730536132e+01
2.829539000000000026e+00	-8.668301803547748818e+00
2.835491000000000206e+00	-5.389181363136494873e+00
2.841442999999999941e+00	-9.498866109349409781e-01
2.847395000000000120e+00	4.575699473037976972e+00
2.853346999999999856e+00	9.582346976858271859e+00
2.859299000000000035e+00	1.470560281473516007e+01
2.865251000000000214e+00	1.914771789170587368e+01
2.871201999999999810e+00	2.217951489609471594e+01
2.877153999999999989e+00	2.359083083261729641e+01
2.883106000000000169e+00	2.335214460453557450e+01
2.889057999999999904e+00	2.232379005799465688e+01
2.895010000000000083e+00	2.070639042915917116e+01
2.900961999999999819e+00	1.859387976625288985e+01
2.906913999999999998e+00	1.623660785419385277e+01
2.912866000000000177e+00	1.362754583033032674e+01
2.918817999999999913e+00	1.058563496875041388e+01
2.924770000000000092e+00	6.860486240472535968e+00
2.930721000000000132e+00	2.025915251956415197e+00
2.936672999999999867e+00	-3.711777189105131214e+00
2.942625000000000046e+00	-9.911114327164293414e+00
2.948576999999999781e+00	-1.560344371118984519e+01
2.954528999999999961e+00	-1.983946759895418310e+01
2.960481000000000140e+00	-2.233408974799286995e+01
2.966432999999999875e+00	-2.249348191049810097e+01
2.972385000000000055e+00	-2.051805579951582814e+01
2.978336999999999790e+00	-1.704115662008916132e+01
2.984288999999999970e+00	-1.288296236259616379e+01
2.990240000000000009e+00	-8.925978323879176557e+00
2.996192000000000188e+00	-5.209576019727348850e+00
3.002143999999999924e+00	-2.267238119883257852e+00
3.008096000000000103e+00	-1.396228434590742529e+00
3.014047999999999838e+00	-2.694499639912478539e+00
3.020000000000000018e+00	-6.688935477719590850e+00
