1.199999999999999956e-01	9.333721999999999852e+00
1.249780000000000058e-01	4.539331999999999923e+00
1.305999999999999939e-01	9.266130000000000200e-01
1.367059999999999942e-01	-1.637950999999999935e+00
1.431360000000000132e-01	-3.287876999999999938e+00
1.497320000000000040e-01	-4.156681999999999988e+00
1.563350000000000017e-01	-4.377881000000000355e+00
1.627850000000000130e-01	-4.084991999999999734e+00
1.689219999999999888e-01	-3.411531000000000091e+00
1.745889999999999942e-01	-2.491013000000000144e+00
1.796250000000000069e-01	-1.456955999999999918e+00
1.839349999999999874e-01	-4.300619999999999998e-01
1.877439999999999942e-01	5.343419999999999837e-01
1.913779999999999926e-01	1.401726000000000028e+00
1.951660000000000061e-01	2.137569000000000052e+00
1.994340000000000002e-01	2.707348999999999783e+00
2.044499999999999929e-01	3.082021999999999817e+00
2.101250000000000062e-01	3.264172999999999991e+00
2.162479999999999958e-01	3.267707999999999835e+00
2.226049999999999973e-01	3.106546999999999947e+00
2.289819999999999911e-01	2.794608999999999899e+00
2.351930000000000132e-01	2.348993999999999804e+00
2.412249999999999950e-01	1.807603000000000071e+00
2.471349999999999936e-01	1.216701999999999950e+00
2.529799999999999827e-01	6.225789999999999935e-01
2.588170000000000193e-01	7.152300000000000324e-02
2.646970000000000156e-01	-3.924400000000000110e-01
2.706259999999999777e-01	-7.421119999999999939e-01
2.765880000000000005e-01	-9.578799999999999537e-01
2.825679999999999858e-01	-1.020167999999999964e+00
2.885510000000000019e-01	-9.093980000000000397e-01
2.945229999999999793e-01	-6.119900000000000340e-01
3.004809999999999981e-01	-1.652420000000000000e-01
3.064310000000000089e-01	3.678890000000000216e-01
3.123750000000000138e-01	9.242529999999999912e-01
3.183190000000000186e-01	1.440696999999999894e+00
3.242650000000000254e-01	1.858454000000000050e+00
3.302149999999999808e-01	2.161423999999999790e+00
3.361680000000000224e-01	2.357531999999999961e+00
3.421210000000000084e-01	2.454975000000000129e+00
3.480759999999999965e-01	2.461946000000000190e+00
3.540289999999999826e-01	2.387433000000000138e+00
3.599809999999999954e-01	2.249277999999999889e+00
3.659330000000000083e-01	2.070889000000000202e+00
3.718839999999999923e-01	1.875758999999999954e+00
3.778360000000000052e-01	1.687381000000000020e+00
3.837869999999999893e-01	1.527957999999999927e+00
3.897390000000000021e-01	1.402902000000000093e+00
3.956910000000000149e-01	1.305889999999999995e+00
4.016429999999999723e-01	1.230353000000000030e+00
4.075949999999999851e-01	1.169724999999999904e+00
4.135469999999999979e-01	1.117798000000000069e+00
4.194979999999999820e-01	1.073814000000000046e+00
4.254499999999999948e-01	1.041258000000000017e+00
4.314009999999999789e-01	1.023722999999999939e+00
4.373540000000000205e-01	1.024807000000000023e+00
4.433079999999999798e-01	1.048305000000000042e+00
4.492619999999999947e-01	1.101612999999999953e+00
4.552160000000000095e-01	1.195246000000000031e+00
4.611680000000000224e-01	1.339815999999999896e+00
4.671170000000000044e-01	1.545941000000000010e+00
4.730619999999999825e-01	1.823814999999999964e+00
4.790059999999999873e-01	2.174665000000000070e+00
4.849510000000000209e-01	2.591092000000000173e+00
4.909020000000000050e-01	3.065348999999999879e+00
4.968629999999999991e-01	3.589688999999999908e+00
5.028390000000000359e-01	4.155649999999999622e+00
5.088230000000000253e-01	4.736144999999999605e+00
5.148009999999999531e-01	5.284202999999999761e+00
5.207570000000000254e-01	5.751879999999999882e+00
5.266750000000000043e-01	6.091234000000000037e+00
5.325410000000000421e-01	6.255353999999999637e+00
5.383719999999999617e-01	6.230465999999999838e+00
5.442249999999999588e-01	6.042126999999999803e+00
5.501580000000000359e-01	5.718180000000000263e+00
5.562289999999999734e-01	5.286465999999999887e+00
5.624930000000000208e-01	4.774904000000000259e+00
5.688929999999999820e-01	4.214399000000000228e+00
5.752220000000000111e-01	3.639800999999999842e+00
5.812610000000000277e-01	3.086231999999999864e+00
5.867949999999999555e-01	2.588811999999999891e+00
5.916080000000000227e-01	2.182303999999999800e+00
5.957040000000000113e-01	1.882792000000000021e+00
5.993990000000000151e-01	1.678921000000000108e+00
6.030370000000000452e-01	1.557147000000000059e+00
6.069609999999999728e-01	1.503924999999999956e+00
6.115110000000000268e-01	1.505732000000000070e+00
6.168270000000000142e-01	1.550537000000000054e+00
6.227219999999999978e-01	1.628751999999999978e+00
6.289789999999999548e-01	1.731016000000000110e+00
6.353790000000000271e-01	1.847966999999999915e+00
6.417070000000000274e-01	1.970256000000000007e+00
6.478369999999999962e-01	2.089846000000000092e+00
6.538089999999999735e-01	2.201092000000000048e+00
6.596819999999999906e-01	2.298604999999999787e+00
6.655140000000000500e-01	2.376996000000000109e+00
6.713630000000000431e-01	2.430896999999999863e+00
6.772660000000000347e-01	2.458269000000000037e+00
6.832110000000000127e-01	2.463853999999999989e+00
6.891829999999999901e-01	2.453221999999999792e+00
6.951669999999999794e-01	2.431941000000000130e+00
7.011469999999999647e-01	2.405578999999999912e+00
7.071119999999999628e-01	2.379305000000000003e+00
7.130670000000000064e-01	2.357371999999999801e+00
7.190130000000000132e-01	2.343909000000000020e+00
7.249569999999999625e-01	2.343043999999999905e+00
7.309010000000000229e-01	2.358897999999999939e+00
7.368489999999999762e-01	2.392522000000000038e+00
7.428000000000000158e-01	2.437103000000000019e+00
7.487530000000000019e-01	2.484589000000000159e+00
7.547080000000000455e-01	2.526927999999999841e+00
7.606619999999999493e-01	2.556071999999999900e+00
7.666140000000000176e-01	2.568001000000000200e+00
7.725670000000000037e-01	2.570282000000000178e+00
7.785180000000000433e-01	2.572551999999999950e+00
7.844689999999999719e-01	2.584449999999999914e+00
7.904210000000000402e-01	2.615610999999999908e+00
7.963729999999999976e-01	2.671701000000000104e+00
8.023249999999999549e-01	2.745530000000000026e+00
8.082770000000000232e-01	2.827307999999999932e+00
8.142289999999999806e-01	2.907243999999999939e+00
8.201800000000000201e-01	2.975548999999999999e+00
8.261319999999999775e-01	3.024322000000000177e+00
8.320830000000000171e-01	3.052554999999999907e+00
8.380349999999999744e-01	3.060818999999999956e+00
8.439870000000000427e-01	3.049681999999999782e+00
8.499400000000000288e-01	3.019712000000000174e+00
8.558940000000000436e-01	2.974295000000000133e+00
8.618479999999999475e-01	2.928427000000000113e+00
8.678010000000000446e-01	2.900100999999999818e+00
8.737519999999999731e-01	2.907306000000000168e+00
8.797000000000000375e-01	2.968032000000000004e+00
8.856439999999999868e-01	3.094257999999999953e+00
8.915870000000000184e-01	3.269969000000000126e+00
8.975349999999999717e-01	3.471013000000000126e+00
9.034900000000000153e-01	3.673236999999999863e+00
9.094569999999999599e-01	3.852486999999999995e+00
9.154379999999999740e-01	3.986803999999999792e+00
9.214210000000000456e-01	4.065775999999999613e+00
9.273909999999999654e-01	4.082772000000000290e+00
9.333329999999999682e-01	4.031166999999999945e+00
9.392300000000000093e-01	3.904332999999999831e+00
9.450749999999999984e-01	3.700267000000000195e+00
9.509090000000000042e-01	3.444497999999999838e+00
9.567890000000000006e-01	3.172703999999999969e+00
9.627750000000000474e-01	2.920579000000000036e+00
9.689229999999999787e-01	2.723815999999999793e+00
9.752680000000000238e-01	2.613411000000000151e+00
9.816639999999999810e-01	2.588624999999999954e+00
9.878930000000000211e-01	2.635587000000000124e+00
9.937399999999999567e-01	2.740383000000000013e+00
9.989850000000000119e-01	2.889100000000000001e+00
1.003457999999999961e+00	3.067832000000000114e+00
1.007338000000000067e+00	3.262722999999999818e+00
1.010966000000000031e+00	3.459941000000000155e+00
1.014685999999999977e+00	3.645655999999999786e+00
1.018841000000000108e+00	3.806036000000000197e+00
1.023735000000000062e+00	3.927903000000000144e+00
1.029328999999999938e+00	4.003805999999999976e+00
1.035408000000000106e+00	4.029263000000000261e+00
1.041754000000000069e+00	3.999819000000000013e+00
1.048148999999999997e+00	3.911017000000000188e+00
1.054391999999999996e+00	3.760610999999999926e+00
1.060446000000000000e+00	3.568617999999999846e+00
1.066368999999999900e+00	3.367938999999999794e+00
1.072216999999999976e+00	3.191635000000000222e+00
1.078049000000000035e+00	3.072763999999999829e+00
1.083920999999999912e+00	3.042292999999999914e+00
1.089842999999999895e+00	3.106853999999999782e+00
1.095801999999999943e+00	3.257384000000000057e+00
1.101780999999999899e+00	3.484555999999999987e+00
1.107765000000000111e+00	3.779044999999999987e+00
1.113739999999999952e+00	4.130768999999999913e+00
1.119699999999999918e+00	4.519425000000000026e+00
1.125650000000000039e+00	4.917372000000000298e+00
1.131594999999999906e+00	5.296808999999999656e+00
1.137537999999999938e+00	5.629932000000000158e+00
1.143483999999999945e+00	5.890102999999999867e+00
1.149432999999999927e+00	6.069094999999999906e+00
1.155386000000000024e+00	6.173392999999999908e+00
1.161338999999999899e+00	6.209891999999999967e+00
1.167294000000000054e+00	6.185488999999999571e+00
1.173246999999999929e+00	6.107549999999999812e+00
1.179200000000000026e+00	5.992275000000000240e+00
1.185151999999999983e+00	5.863710000000000200e+00
1.191103000000000023e+00	5.746173999999999893e+00
1.197054000000000062e+00	5.663984000000000130e+00
1.203006000000000020e+00	5.640558999999999656e+00
1.208957999999999977e+00	5.679114000000000217e+00
1.214909999999999934e+00	5.762920000000000265e+00
1.220861999999999892e+00	5.874404000000000181e+00
1.226814000000000071e+00	5.995992000000000210e+00
1.232765000000000111e+00	6.110278000000000098e+00
1.238717000000000068e+00	6.204411999999999594e+00
1.244668000000000108e+00	6.270546999999999649e+00
1.250620000000000065e+00	6.301086999999999883e+00
1.256572000000000022e+00	6.288439000000000334e+00
1.262526000000000037e+00	6.225575000000000081e+00
1.268480000000000052e+00	6.124657000000000018e+00
1.274434000000000067e+00	6.021232000000000362e+00
1.280386000000000024e+00	5.952264999999999695e+00
1.286335999999999924e+00	5.954722000000000293e+00
1.292281999999999931e+00	6.065318000000000431e+00
1.298224999999999962e+00	6.310003000000000029e+00
1.304170000000000051e+00	6.700137999999999927e+00
1.310119999999999951e+00	7.246044999999999625e+00
1.316079999999999917e+00	7.958045000000000258e+00
1.322052999999999923e+00	8.846387000000000000e+00
1.328036999999999912e+00	9.917153000000000773e+00
1.334017000000000008e+00	1.117014400000000052e+01
1.339976000000000056e+00	1.260463900000000059e+01
1.345900000000000096e+00	1.421991799999999984e+01
1.351774000000000031e+00	1.601412699999999845e+01
1.357607000000000008e+00	1.789996500000000168e+01
1.363453000000000026e+00	1.964646099999999862e+01
1.369372000000000034e+00	2.100887600000000077e+01
1.375421999999999922e+00	2.174247000000000085e+01
1.381658999999999970e+00	2.160412300000000130e+01
1.388052000000000064e+00	2.052403800000000089e+01
1.394403000000000059e+00	1.875759499999999846e+01
1.400492999999999988e+00	1.659598599999999990e+01
1.406104999999999938e+00	1.433040199999999942e+01
1.411021999999999998e+00	1.225138100000000030e+01
1.415195999999999898e+00	1.054311599999999949e+01
1.418924000000000074e+00	9.166798999999999253e+00
1.422549999999999981e+00	8.055543000000000120e+00
1.426417000000000046e+00	7.142460999999999949e+00
1.430868000000000029e+00	6.360748000000000069e+00
1.436091000000000006e+00	5.666115999999999708e+00
1.441923000000000066e+00	5.067148000000000430e+00
1.448144000000000098e+00	4.580010999999999832e+00
1.454538000000000109e+00	4.220869000000000426e+00
1.460887000000000047e+00	4.005870999999999960e+00
1.467041999999999957e+00	3.941730999999999874e+00
1.473030999999999979e+00	4.010309999999999597e+00
1.478914000000000062e+00	4.189423999999999815e+00
1.484749000000000096e+00	4.456889000000000323e+00
1.490591999999999917e+00	4.790521000000000029e+00
1.496488000000000040e+00	5.169997000000000398e+00
1.502428000000000097e+00	5.580498000000000403e+00
1.508397999999999906e+00	6.008219000000000420e+00
1.514380999999999977e+00	6.439356000000000080e+00
1.520361999999999991e+00	6.860106000000000037e+00
1.526329999999999965e+00	7.256124999999999936e+00
1.532284999999999897e+00	7.611265000000000391e+00
1.538232999999999961e+00	7.909004000000000367e+00
1.544175999999999993e+00	8.132820000000000604e+00
1.550119999999999942e+00	8.266189999999999927e+00
1.556068000000000007e+00	8.300881000000000398e+00
1.562019000000000046e+00	8.259873000000000687e+00
1.567971999999999921e+00	8.173486999999999725e+00
1.573925999999999936e+00	8.072046999999999528e+00
1.579879999999999951e+00	7.985875000000000057e+00
1.585833000000000048e+00	7.937986000000000431e+00
1.591785000000000005e+00	7.920344000000000051e+00
1.597736999999999963e+00	7.916662999999999784e+00
1.603688000000000002e+00	7.910658999999999885e+00
1.609639000000000042e+00	7.886046000000000333e+00
1.615590999999999999e+00	7.828950999999999993e+00
1.621542999999999957e+00	7.737078999999999596e+00
1.627494999999999914e+00	7.611604999999999954e+00
1.633447000000000093e+00	7.453704000000000107e+00
1.639399000000000051e+00	7.264548999999999701e+00
1.645350000000000090e+00	7.047911000000000037e+00
1.651302000000000048e+00	6.821622999999999770e+00
1.657253000000000087e+00	6.608272000000000368e+00
1.663205000000000044e+00	6.430444999999999744e+00
1.669157999999999920e+00	6.310730000000000395e+00
1.675111999999999934e+00	6.270209000000000366e+00
1.681065999999999949e+00	6.320712999999999582e+00
1.687019000000000046e+00	6.470556000000000196e+00
1.692971000000000004e+00	6.728050999999999782e+00
1.698919000000000068e+00	7.101505999999999652e+00
1.704863000000000017e+00	7.592486000000000068e+00
1.710806999999999967e+00	8.155495000000000161e+00
1.716752999999999973e+00	8.725001000000000673e+00
1.722706999999999988e+00	9.235397999999999996e+00
1.728671999999999986e+00	9.621076000000000406e+00
1.734652000000000083e+00	9.823745999999999867e+00
1.740636000000000072e+00	9.843213999999999686e+00
1.746609000000000078e+00	9.706993000000000649e+00
1.752555000000000085e+00	9.442766000000000659e+00
1.758458000000000077e+00	9.078215000000000146e+00
1.764308999999999905e+00	8.642374999999999474e+00
1.770140999999999964e+00	8.176538000000000750e+00
1.776011999999999924e+00	7.728531000000000262e+00
1.781979999999999897e+00	7.346243000000000301e+00
1.788105000000000055e+00	7.077562999999999604e+00
1.794426999999999994e+00	6.966807000000000194e+00
1.800829000000000013e+00	7.021029999999999660e+00
1.807091999999999921e+00	7.225120999999999682e+00
1.813002000000000002e+00	7.563676000000000066e+00
1.818338000000000010e+00	8.021290999999999727e+00
1.822912000000000088e+00	8.579629999999999868e+00
1.826850000000000085e+00	9.184979000000000227e+00
1.830492000000000008e+00	9.760175999999999519e+00
1.834179999999999922e+00	1.022763800000000067e+01
1.838259000000000087e+00	1.050978600000000007e+01
1.843048000000000020e+00	1.053399199999999958e+01
1.848562000000000038e+00	1.029720900000000050e+01
1.854589999999999961e+00	9.847727000000000785e+00
1.860913000000000039e+00	9.235027000000000541e+00
1.867313999999999918e+00	8.508596000000000714e+00
1.873583999999999916e+00	7.718015000000000292e+00
1.879660000000000108e+00	6.914503999999999984e+00
1.885596000000000050e+00	6.150623000000000395e+00
1.891450999999999993e+00	5.478970999999999592e+00
1.897281999999999913e+00	4.952149000000000356e+00
1.903146999999999922e+00	4.620762000000000036e+00
1.909062999999999954e+00	4.496348000000000233e+00
1.915018000000000109e+00	4.554820999999999565e+00
1.920995999999999926e+00	4.770791000000000004e+00
1.926979999999999915e+00	5.118866999999999834e+00
1.932955999999999896e+00	5.573207000000000022e+00
1.938917999999999919e+00	6.097317999999999572e+00
1.944868999999999959e+00	6.643918000000000212e+00
1.950814000000000048e+00	7.165242000000000111e+00
1.956757999999999997e+00	7.613527000000000378e+00
1.962703000000000086e+00	7.942207999999999934e+00
1.968652000000000069e+00	8.139253999999999323e+00
1.974604000000000026e+00	8.231515999999999167e+00
1.980558000000000041e+00	8.247920000000000584e+00
1.986512000000000056e+00	8.217389999999999972e+00
1.992466000000000070e+00	8.168701999999999686e+00
1.998418000000000028e+00	8.125308999999999671e+00
2.004370000000000207e+00	8.103996999999999673e+00
2.010321999999999942e+00	8.121131000000000100e+00
2.016272999999999982e+00	8.193075999999999581e+00
2.022224000000000022e+00	8.335943999999999576e+00
2.028176000000000201e+00	8.554233999999999227e+00
2.034127999999999936e+00	8.836277000000000825e+00
2.040080000000000116e+00	9.169209999999999638e+00
2.046031999999999851e+00	9.540167999999999537e+00
2.051984000000000030e+00	9.936184000000000793e+00
2.057935000000000070e+00	1.033813400000000016e+01
2.063886999999999805e+00	1.071734799999999943e+01
2.069837999999999845e+00	1.104433500000000024e+01
2.075791000000000164e+00	1.128960599999999914e+01
2.081744000000000039e+00	1.142398000000000025e+01
2.087698000000000054e+00	1.144364099999999951e+01
2.093652000000000069e+00	1.138860099999999953e+01
2.099604999999999944e+00	1.130322299999999913e+01
2.105554999999999843e+00	1.123186899999999966e+01
2.111501000000000072e+00	1.121870599999999918e+01
2.117445000000000022e+00	1.128479600000000005e+01
2.123388999999999971e+00	1.140664400000000001e+01
2.129338000000000175e+00	1.155567500000000081e+01
2.135295999999999861e+00	1.170331400000000066e+01
2.141268000000000171e+00	1.182105499999999942e+01
2.147250999999999799e+00	1.189235200000000070e+01
2.153232000000000035e+00	1.192646799999999985e+01
2.159196000000000115e+00	1.193602300000000049e+01
2.165125000000000188e+00	1.193363500000000066e+01
2.171006000000000213e+00	1.193190399999999940e+01
2.176841000000000026e+00	1.193666100000000085e+01
2.182682999999999929e+00	1.193739599999999967e+01
2.188588999999999896e+00	1.192117499999999986e+01
2.194618000000000180e+00	1.187506499999999932e+01
2.200828000000000007e+00	1.178613799999999934e+01
2.207209999999999894e+00	1.164394099999999987e+01
2.213579000000000185e+00	1.144474199999999975e+01
2.219714999999999883e+00	1.118593300000000035e+01
2.225403000000000020e+00	1.086490900000000082e+01
2.230423000000000044e+00	1.047907000000000011e+01
2.234681000000000139e+00	1.003353599999999979e+01
2.238447999999999993e+00	9.556993999999999545e+00
2.242068000000000172e+00	9.082610999999999990e+00
2.245884000000000214e+00	8.643551000000000428e+00
2.250237999999999960e+00	8.272980000000000445e+00
2.255365999999999982e+00	7.996190999999999605e+00
2.261130000000000084e+00	7.811401000000000039e+00
2.267313000000000134e+00	7.711013000000000339e+00
2.273696000000000161e+00	7.687427999999999706e+00
2.280063999999999869e+00	7.733050999999999675e+00
2.286243999999999943e+00	7.847262999999999877e+00
2.292251999999999956e+00	8.056540999999999286e+00
2.298146000000000022e+00	8.393933000000000533e+00
2.303983000000000114e+00	8.892485999999999891e+00
2.309822000000000042e+00	9.585247000000000739e+00
2.315710999999999853e+00	1.049573900000000037e+01
2.321645999999999876e+00	1.160576599999999914e+01
2.327612999999999932e+00	1.288570900000000030e+01
2.333594999999999864e+00	1.430594800000000077e+01
2.339576999999999796e+00	1.583686400000000027e+01
2.345546999999999827e+00	1.743629100000000065e+01
2.351503999999999817e+00	1.899996900000000011e+01
2.357451999999999881e+00	2.040447199999999839e+01
2.363395999999999830e+00	2.152636499999999842e+01
2.369339000000000084e+00	2.224221400000000060e+01
2.375286000000000008e+00	2.245819300000000140e+01
2.381237000000000048e+00	2.224614499999999850e+01
2.387189999999999923e+00	2.173550900000000041e+01
2.393143999999999938e+00	2.105577900000000113e+01
2.399097999999999953e+00	2.033645200000000131e+01
2.405050999999999828e+00	1.969563700000000139e+01
2.411004000000000147e+00	1.917925100000000072e+01
2.416955999999999882e+00	1.880500800000000083e+01
2.422906999999999922e+00	1.859055700000000044e+01
2.428857999999999961e+00	1.855354600000000076e+01
2.434809000000000001e+00	1.870176100000000119e+01
2.440760000000000041e+00	1.897194700000000012e+01
2.446712000000000220e+00	1.926972200000000157e+01
2.452663999999999955e+00	1.950057500000000132e+01
2.458616999999999830e+00	1.956999100000000169e+01
2.464570999999999845e+00	1.939426699999999926e+01
2.470524999999999860e+00	1.897841700000000031e+01
2.476478000000000179e+00	1.837096299999999971e+01
2.482429999999999914e+00	1.762072999999999823e+01
2.488377999999999979e+00	1.677654000000000067e+01
2.494323000000000068e+00	1.588528799999999919e+01
2.500265999999999877e+00	1.497575600000000051e+01
2.506212000000000106e+00	1.406680000000000064e+01
2.512164999999999981e+00	1.317717500000000008e+01
2.518129000000000062e+00	1.232563599999999937e+01
2.524108000000000018e+00	1.153136499999999920e+01
2.530091999999999786e+00	1.081818499999999972e+01
2.536067000000000071e+00	1.021274999999999977e+01
2.542015999999999831e+00	9.741756999999999778e+00
2.547924000000000078e+00	9.431900999999999868e+00
2.553779000000000021e+00	9.299784000000000717e+00
2.559610000000000163e+00	9.235630000000000450e+00
2.565475000000000172e+00	9.043618000000000379e+00
2.571432000000000162e+00	8.526277000000000328e+00
2.577539999999999942e+00	7.486136000000000124e+00
2.583845999999999865e+00	5.746856000000000186e+00
2.590249000000000024e+00	3.440834000000000170e+00
2.596534000000000120e+00	9.343700000000000339e-01
2.602485000000000159e+00	-1.400433000000000039e+00
2.607883000000000173e+00	-3.191470999999999947e+00
2.612527000000000044e+00	-4.074213999999999558e+00
2.616509000000000196e+00	-3.814433999999999880e+00
2.620163999999999938e+00	-2.287669000000000175e+00
2.623834000000000000e+00	6.271120000000000028e-01
2.627863000000000060e+00	5.050943000000000183e+00
2.632579999999999920e+00	1.107630799999999915e+01
2.638037000000000187e+00	1.821085000000000065e+01
2.644026000000000209e+00	2.541466499999999940e+01
2.650332000000000132e+00	3.162676700000000096e+01
2.656734000000000151e+00	3.578617200000000054e+01
2.663022999999999918e+00	3.686751699999999943e+01
2.669115000000000126e+00	3.472612000000000165e+01
2.675060999999999911e+00	3.013348600000000133e+01
2.680919999999999970e+00	2.390384999999999849e+01
2.686751000000000111e+00	1.685144499999999823e+01
2.692610999999999866e+00	9.781539999999999679e+00
2.698523999999999923e+00	3.227510999999999797e+00
2.704476000000000102e+00	-2.591603000000000101e+00
2.710452000000000083e+00	-7.474269999999999747e+00
2.716435999999999851e+00	-1.121896100000000018e+01
2.722412999999999972e+00	-1.363061500000000059e+01
2.728375999999999912e+00	-1.475972999999999935e+01
2.734328000000000092e+00	-1.497242400000000018e+01
2.740273999999999877e+00	-1.465557199999999938e+01
2.746217000000000130e+00	-1.419605100000000064e+01
2.752162000000000219e+00	-1.397275600000000040e+01
2.758110999999999979e+00	-1.397566899999999990e+01
2.764063000000000159e+00	-1.363865099999999941e+01
2.770016000000000034e+00	-1.235279099999999985e+01
2.775971000000000188e+00	-9.509180999999999884e+00
2.781924000000000063e+00	-4.510854000000000141e+00
2.787876999999999938e+00	2.467559000000000058e+00
2.793829000000000118e+00	1.002269899999999936e+01
2.799780999999999853e+00	1.664158600000000021e+01
2.805731999999999893e+00	2.081124099999999899e+01
2.811682999999999932e+00	2.103179700000000096e+01
2.817635000000000112e+00	1.697468100000000035e+01
2.823586999999999847e+00	1.039115400000000022e+01
2.829539000000000026e+00	3.246300999999999881e+00
2.835491000000000206e+00	-2.494790000000000063e+00
2.841442999999999941e+00	-4.876205999999999818e+00
2.847395000000000120e+00	-3.140033999999999992e+00
2.853346999999999856e+00	1.095957000000000070e+00
2.859299000000000035e+00	5.934083000000000219e+00
2.865251000000000214e+00	9.476660000000000750e+00
2.871201999999999810e+00	9.831317000000000306e+00
2.877153999999999989e+00	6.203753999999999991e+00
2.883106000000000169e+00	2.357819999999999916e-01
2.889057999999999904e+00	-6.103296000000000276e+00
2.895010000000000083e+00	-1.084418199999999999e+01
2.900961999999999819e+00	-1.202023100000000078e+01
2.906913999999999998e+00	-8.640606999999999260e+00
2.912866000000000177e+00	-2.141153000000000084e+00
2.918817999999999913e+00	5.671431000000000111e+00
2.924770000000000092e+00	1.299044499999999935e+01
2.930721000000000132e+00	1.800973499999999916e+01
2.936672999999999867e+00	1.935445400000000049e+01
2.942625000000000046e+00	1.685450300000000112e+01
2.948576999999999781e+00	1.054850800000000000e+01
2.954528999999999961e+00	4.750949999999999895e-01
2.960481000000000140e+00	-1.332690700000000028e+01
2.966432999999999875e+00	-3.033909699999999887e+01
2.972385000000000055e+00	-4.853543200000000013e+01
2.978336999999999790e+00	-6.559437099999999532e+01
2.984288999999999970e+00	-7.919437299999999880e+01
2.990240000000000009e+00	-8.701389600000000257e+01
2.996192000000000188e+00	-8.673139899999999614e+01
3.002143999999999924e+00	-7.602534099999999739e+01
3.008096000000000103e+00	-5.257417999999999836e+01
3.014047999999999838e+00	-1.405637499999999918e+01
3.020000000000000018e+00	4.184961599999999748e+01
