1.199999999999999956e-01	6.294986999999999888e+00
1.249780000000000058e-01	4.543975999999999793e+00
1.305999999999999939e-01	3.143495999999999846e+00
1.367059999999999942e-01	2.058092999999999950e+00
1.431360000000000132e-01	1.252316999999999902e+00
1.497320000000000040e-01	6.907130000000000214e-01
1.563350000000000017e-01	3.378289999999999904e-01
1.627850000000000130e-01	1.582129999999999925e-01
1.689219999999999888e-01	1.164120000000000016e-01
1.745889999999999942e-01	1.769729999999999914e-01
1.796250000000000069e-01	3.044439999999999924e-01
1.839349999999999874e-01	4.667220000000000257e-01
1.877439999999999942e-01	6.487979999999999858e-01
1.913779999999999926e-01	8.410990000000000411e-01
1.951660000000000061e-01	1.034056000000000086e+00
1.994340000000000002e-01	1.218097999999999903e+00
2.044499999999999929e-01	1.384635999999999978e+00
2.101250000000000062e-01	1.530742000000000047e+00
2.162479999999999958e-01	1.655510999999999955e+00
2.226049999999999973e-01	1.758043999999999940e+00
2.289819999999999911e-01	1.837439999999999962e+00
2.351930000000000132e-01	1.893034000000000106e+00
2.412249999999999950e-01	1.925697999999999910e+00
2.471349999999999936e-01	1.936922000000000033e+00
2.529799999999999827e-01	1.928196000000000021e+00
2.588170000000000193e-01	1.901013000000000064e+00
2.646970000000000156e-01	1.857310999999999934e+00
2.706259999999999777e-01	1.802354999999999929e+00
2.765880000000000005e-01	1.742912000000000017e+00
2.825679999999999858e-01	1.685753999999999975e+00
2.885510000000000019e-01	1.637653000000000025e+00
2.945229999999999793e-01	1.604481999999999964e+00
3.004809999999999981e-01	1.584464000000000095e+00
3.064310000000000089e-01	1.571966999999999892e+00
3.123750000000000138e-01	1.561328000000000049e+00
3.183190000000000186e-01	1.546885000000000066e+00
3.242650000000000254e-01	1.523814999999999920e+00
3.302149999999999808e-01	1.495446000000000053e+00
3.361680000000000224e-01	1.469700000000000006e+00
3.421210000000000084e-01	1.454547999999999952e+00
3.480759999999999965e-01	1.457964000000000038e+00
3.540289999999999826e-01	1.487125000000000030e+00
3.599809999999999954e-01	1.540329999999999977e+00
3.659330000000000083e-01	1.610295000000000032e+00
3.718839999999999923e-01	1.689651999999999932e+00
3.778360000000000052e-01	1.771031999999999940e+00
3.837869999999999893e-01	1.847091000000000038e+00
3.897390000000000021e-01	1.910816000000000070e+00
3.956910000000000149e-01	1.955421000000000076e+00
4.016429999999999723e-01	1.974126000000000047e+00
4.075949999999999851e-01	1.960151999999999894e+00
4.135469999999999979e-01	1.907469999999999999e+00
4.194979999999999820e-01	1.821466999999999947e+00
4.254499999999999948e-01	1.716417000000000082e+00
4.314009999999999789e-01	1.606826000000000088e+00
4.373540000000000205e-01	1.507200000000000095e+00
4.433079999999999798e-01	1.432088000000000028e+00
4.492619999999999947e-01	1.396816999999999975e+00
4.552160000000000095e-01	1.417386000000000035e+00
4.611680000000000224e-01	1.509814999999999907e+00
4.671170000000000044e-01	1.690125000000000099e+00
4.730619999999999825e-01	1.973510000000000097e+00
4.790059999999999873e-01	2.357448999999999906e+00
4.849510000000000209e-01	2.822392999999999930e+00
4.909020000000000050e-01	3.348103000000000051e+00
4.968629999999999991e-01	3.914339000000000013e+00
5.028390000000000359e-01	4.500493999999999772e+00
5.088230000000000253e-01	5.076380000000000337e+00
5.148009999999999531e-01	5.601579000000000086e+00
5.207570000000000254e-01	6.035172000000000203e+00
5.266750000000000043e-01	6.336238999999999955e+00
5.325410000000000421e-01	6.464808999999999806e+00
5.383719999999999617e-01	6.411240000000000272e+00
5.442249999999999588e-01	6.201896999999999771e+00
5.501580000000000359e-01	5.865234000000000059e+00
5.562289999999999734e-01	5.429706000000000365e+00
5.624930000000000208e-01	4.923795000000000144e+00
5.688929999999999820e-01	4.376933000000000185e+00
5.752220000000000111e-01	3.819815999999999878e+00
5.812610000000000277e-01	3.283227000000000118e+00
5.867949999999999555e-01	2.797947000000000184e+00
5.916080000000000227e-01	2.394454999999999778e+00
5.957040000000000113e-01	2.087432999999999872e+00
5.993990000000000151e-01	1.868362999999999996e+00
6.030370000000000452e-01	1.726869999999999905e+00
6.069609999999999728e-01	1.652582999999999913e+00
6.115110000000000268e-01	1.635135999999999923e+00
6.168270000000000142e-01	1.664652999999999938e+00
6.227219999999999978e-01	1.732054999999999900e+00
6.289789999999999548e-01	1.828340999999999994e+00
6.353790000000000271e-01	1.944506999999999985e+00
6.417070000000000274e-01	2.071544999999999970e+00
6.478369999999999962e-01	2.199898000000000131e+00
6.538089999999999735e-01	2.319014000000000131e+00
6.596819999999999906e-01	2.418233999999999995e+00
6.655140000000000500e-01	2.486896999999999913e+00
6.713630000000000431e-01	2.514397999999999911e+00
6.772660000000000347e-01	2.497752000000000194e+00
6.832110000000000127e-01	2.449520999999999837e+00
6.891829999999999901e-01	2.384158000000000222e+00
6.951669999999999794e-01	2.316117999999999899e+00
7.011469999999999647e-01	2.259835999999999956e+00
7.071119999999999628e-01	2.225100999999999996e+00
7.130670000000000064e-01	2.211097999999999786e+00
7.190130000000000132e-01	2.215540999999999983e+00
7.249569999999999625e-01	2.236143999999999910e+00
7.309010000000000229e-01	2.270617999999999803e+00
7.368489999999999762e-01	2.315895999999999955e+00
7.428000000000000158e-01	2.366918000000000077e+00
7.487530000000000019e-01	2.418308000000000124e+00
7.547080000000000455e-01	2.464690000000000047e+00
7.606619999999999493e-01	2.500691000000000219e+00
7.666140000000000176e-01	2.521783999999999804e+00
7.725670000000000037e-01	2.525885999999999854e+00
7.785180000000000433e-01	2.511350999999999889e+00
7.844689999999999719e-01	2.476529000000000202e+00
7.904210000000000402e-01	2.419776000000000149e+00
7.963729999999999976e-01	2.341422999999999810e+00
8.023249999999999549e-01	2.248212000000000099e+00
8.082770000000000232e-01	2.148181000000000118e+00
8.142289999999999806e-01	2.049367000000000161e+00
8.201800000000000201e-01	1.959807000000000077e+00
8.261319999999999775e-01	1.886735999999999969e+00
8.320830000000000171e-01	1.834452999999999889e+00
8.380349999999999744e-01	1.806589999999999918e+00
8.439870000000000427e-01	1.806775999999999938e+00
8.499400000000000288e-01	1.838640999999999970e+00
8.558940000000000436e-01	1.903489999999999904e+00
8.618479999999999475e-01	1.993028000000000022e+00
8.678010000000000446e-01	2.096490000000000187e+00
8.737519999999999731e-01	2.203110999999999819e+00
8.797000000000000375e-01	2.302122999999999919e+00
8.856439999999999868e-01	2.384265000000000079e+00
8.915870000000000184e-01	2.447271999999999892e+00
8.975349999999999717e-01	2.490912999999999933e+00
9.034900000000000153e-01	2.514958000000000027e+00
9.094569999999999599e-01	2.519178000000000139e+00
9.154379999999999740e-01	2.503444000000000003e+00
9.214210000000000456e-01	2.468170999999999893e+00
9.273909999999999654e-01	2.413949000000000122e+00
9.333329999999999682e-01	2.341366999999999976e+00
9.392300000000000093e-01	2.251017000000000046e+00
9.450749999999999984e-01	2.145389000000000213e+00
9.509090000000000042e-01	2.038295999999999886e+00
9.567890000000000006e-01	1.947723000000000093e+00
9.627750000000000474e-01	1.891663000000000094e+00
9.689229999999999787e-01	1.888106999999999980e+00
9.752680000000000238e-01	1.952066000000000079e+00
9.816639999999999810e-01	2.078419999999999934e+00
9.878930000000000211e-01	2.253715000000000135e+00
9.937399999999999567e-01	2.464474000000000053e+00
9.989850000000000119e-01	2.697216000000000058e+00
1.003457999999999961e+00	2.938019000000000158e+00
1.007338000000000067e+00	3.169548999999999950e+00
1.010966000000000031e+00	3.372889999999999944e+00
1.014685999999999977e+00	3.529117999999999977e+00
1.018841000000000108e+00	3.619308999999999887e+00
1.023735000000000062e+00	3.627044999999999852e+00
1.029328999999999938e+00	3.557920999999999889e+00
1.035408000000000106e+00	3.428939999999999877e+00
1.041754000000000069e+00	3.257203000000000070e+00
1.048148999999999997e+00	3.059810999999999837e+00
1.054391999999999996e+00	2.853575999999999890e+00
1.060446000000000000e+00	2.652407000000000181e+00
1.066368999999999900e+00	2.468526999999999916e+00
1.072216999999999976e+00	2.314141999999999921e+00
1.078049000000000035e+00	2.201456999999999997e+00
1.083920999999999912e+00	2.142027999999999821e+00
1.089842999999999895e+00	2.139851999999999865e+00
1.095801999999999943e+00	2.194055000000000089e+00
1.101780999999999899e+00	2.303679999999999950e+00
1.107765000000000111e+00	2.467769000000000101e+00
1.113739999999999952e+00	2.684641000000000055e+00
1.119699999999999918e+00	2.942811999999999983e+00
1.125650000000000039e+00	3.223754000000000008e+00
1.131594999999999906e+00	3.508788000000000018e+00
1.137537999999999938e+00	3.779234999999999900e+00
1.143483999999999945e+00	4.017042000000000002e+00
1.149432999999999927e+00	4.214087000000000138e+00
1.155386000000000024e+00	4.370186000000000348e+00
1.161338999999999899e+00	4.485373000000000054e+00
1.167294000000000054e+00	4.559686000000000128e+00
1.173246999999999929e+00	4.593454000000000370e+00
1.179200000000000026e+00	4.592548999999999992e+00
1.185151999999999983e+00	4.567759999999999820e+00
1.191103000000000023e+00	4.530047999999999853e+00
1.197054000000000062e+00	4.490374000000000088e+00
1.203006000000000020e+00	4.459328000000000181e+00
1.208957999999999977e+00	4.439167000000000307e+00
1.214909999999999934e+00	4.423924999999999663e+00
1.220861999999999892e+00	4.407287000000000177e+00
1.226814000000000071e+00	4.382935999999999943e+00
1.232765000000000111e+00	4.344630999999999688e+00
1.238717000000000068e+00	4.288145000000000095e+00
1.244668000000000108e+00	4.211460999999999899e+00
1.250620000000000065e+00	4.112673000000000023e+00
1.256572000000000022e+00	3.989878000000000036e+00
1.262526000000000037e+00	3.841584000000000110e+00
1.268480000000000052e+00	3.680327999999999822e+00
1.274434000000000067e+00	3.535743000000000080e+00
1.280386000000000024e+00	3.438499999999999890e+00
1.286335999999999924e+00	3.419268999999999892e+00
1.292281999999999931e+00	3.508481999999999879e+00
1.298224999999999962e+00	3.726456999999999908e+00
1.304170000000000051e+00	4.079795999999999978e+00
1.310119999999999951e+00	4.574125000000000441e+00
1.316079999999999917e+00	5.215072000000000152e+00
1.322052999999999923e+00	6.008392999999999873e+00
1.328036999999999912e+00	6.967245000000000132e+00
1.334017000000000008e+00	8.115944000000000713e+00
1.339976000000000056e+00	9.479732999999999521e+00
1.345900000000000096e+00	1.108385400000000054e+01
1.351774000000000031e+00	1.295218599999999931e+01
1.357607000000000008e+00	1.500572700000000026e+01
1.363453000000000026e+00	1.699250299999999925e+01
1.369372000000000034e+00	1.864396400000000042e+01
1.375421999999999922e+00	1.969155699999999953e+01
1.381658999999999970e+00	1.986839399999999856e+01
1.388052000000000064e+00	1.908568800000000110e+01
1.394403000000000059e+00	1.758879999999999910e+01
1.400492999999999988e+00	1.565988499999999917e+01
1.406104999999999938e+00	1.358110199999999956e+01
1.411021999999999998e+00	1.163399300000000025e+01
1.415195999999999898e+00	1.000056299999999965e+01
1.418924000000000074e+00	8.654082999999999970e+00
1.422549999999999981e+00	7.541539000000000215e+00
1.426417000000000046e+00	6.609918999999999656e+00
1.430868000000000029e+00	5.806269999999999598e+00
1.436091000000000006e+00	5.094519000000000020e+00
1.441923000000000066e+00	4.478227000000000402e+00
1.448144000000000098e+00	3.966633999999999993e+00
1.454538000000000109e+00	3.568982999999999794e+00
1.460887000000000047e+00	3.294502000000000042e+00
1.467041999999999957e+00	3.144244000000000039e+00
1.473030999999999979e+00	3.097733999999999988e+00
1.478914000000000062e+00	3.130991999999999997e+00
1.484749000000000096e+00	3.220037000000000038e+00
1.490591999999999917e+00	3.340892999999999891e+00
1.496488000000000040e+00	3.473883999999999972e+00
1.502428000000000097e+00	3.612080999999999875e+00
1.508397999999999906e+00	3.750901999999999958e+00
1.514380999999999977e+00	3.885765999999999831e+00
1.520361999999999991e+00	4.012093000000000131e+00
1.526329999999999965e+00	4.126565000000000261e+00
1.532284999999999897e+00	4.230076000000000391e+00
1.538232999999999961e+00	4.324399999999999800e+00
1.544175999999999993e+00	4.411309000000000147e+00
1.550119999999999942e+00	4.492577999999999960e+00
1.556068000000000007e+00	4.570426000000000322e+00
1.562019000000000046e+00	4.648766000000000176e+00
1.567971999999999921e+00	4.731902999999999970e+00
1.573925999999999936e+00	4.824144999999999683e+00
1.579879999999999951e+00	4.929799000000000042e+00
1.585833000000000048e+00	5.048979000000000106e+00
1.591785000000000005e+00	5.163973000000000368e+00
1.597736999999999963e+00	5.252332000000000001e+00
1.603688000000000002e+00	5.291611999999999760e+00
1.609639000000000042e+00	5.259363999999999706e+00
1.615590999999999999e+00	5.138163999999999731e+00
1.621542999999999957e+00	4.934694000000000358e+00
1.627494999999999914e+00	4.662857999999999947e+00
1.633447000000000093e+00	4.336564000000000085e+00
1.639399000000000051e+00	3.969717999999999858e+00
1.645350000000000090e+00	3.578606999999999871e+00
1.651302000000000048e+00	3.192451999999999845e+00
1.657253000000000087e+00	2.844831999999999805e+00
1.663205000000000044e+00	2.569335000000000147e+00
1.669157999999999920e+00	2.399544000000000121e+00
1.675111999999999934e+00	2.362903000000000198e+00
1.681065999999999949e+00	2.449120000000000186e+00
1.687019000000000046e+00	2.633580999999999950e+00
1.692971000000000004e+00	2.891645000000000021e+00
1.698919000000000068e+00	3.198671000000000042e+00
1.704863000000000017e+00	3.530079000000000189e+00
1.710806999999999967e+00	3.861724999999999852e+00
1.716752999999999973e+00	4.169648999999999717e+00
1.722706999999999988e+00	4.429890999999999579e+00
1.728671999999999986e+00	4.618491999999999820e+00
1.734652000000000083e+00	4.714991999999999628e+00
1.740636000000000072e+00	4.726712000000000025e+00
1.746609000000000078e+00	4.674222000000000321e+00
1.752555000000000085e+00	4.578176000000000023e+00
1.758458000000000077e+00	4.459223999999999855e+00
1.764308999999999905e+00	4.338635000000000019e+00
1.770140999999999964e+00	4.243260000000000254e+00
1.776011999999999924e+00	4.202927999999999997e+00
1.781979999999999897e+00	4.247493999999999659e+00
1.788105000000000055e+00	4.406814999999999927e+00
1.794426999999999994e+00	4.706938000000000066e+00
1.800829000000000013e+00	5.134173999999999793e+00
1.807091999999999921e+00	5.651197999999999944e+00
1.813002000000000002e+00	6.220371000000000095e+00
1.818338000000000010e+00	6.804056000000000104e+00
1.822912000000000088e+00	7.364239000000000424e+00
1.826850000000000085e+00	7.858350999999999864e+00
1.830492000000000008e+00	8.240811000000000774e+00
1.834179999999999922e+00	8.465979000000000809e+00
1.838259000000000087e+00	8.488220999999999350e+00
1.843048000000000020e+00	8.266398000000000579e+00
1.848562000000000038e+00	7.822612000000000343e+00
1.854589999999999961e+00	7.225608000000000253e+00
1.860913000000000039e+00	6.545220999999999734e+00
1.867313999999999918e+00	5.851285999999999987e+00
1.873583999999999916e+00	5.212189999999999657e+00
1.879660000000000108e+00	4.672410000000000174e+00
1.885596000000000050e+00	4.256810999999999900e+00
1.891450999999999993e+00	3.989675000000000082e+00
1.897281999999999913e+00	3.895287999999999862e+00
1.903146999999999922e+00	3.996351000000000209e+00
1.909062999999999954e+00	4.284590999999999816e+00
1.915018000000000109e+00	4.723488999999999827e+00
1.920995999999999926e+00	5.275491999999999848e+00
1.926979999999999915e+00	5.903046999999999933e+00
1.932955999999999896e+00	6.568413999999999753e+00
1.938917999999999919e+00	7.229495000000000005e+00
1.944868999999999959e+00	7.839768000000000292e+00
1.950814000000000048e+00	8.352517000000000635e+00
1.956757999999999997e+00	8.721024999999999139e+00
1.962703000000000086e+00	8.900007000000000446e+00
1.968652000000000069e+00	8.885332999999999259e+00
1.974604000000000026e+00	8.719212999999999880e+00
1.980558000000000041e+00	8.446332999999999203e+00
1.986512000000000056e+00	8.111373999999999640e+00
1.992466000000000070e+00	7.758703999999999823e+00
1.998418000000000028e+00	7.421306000000000402e+00
2.004370000000000207e+00	7.117918000000000411e+00
2.010321999999999942e+00	6.866379000000000232e+00
2.016272999999999982e+00	6.684527000000000108e+00
2.022224000000000022e+00	6.589922999999999753e+00
2.028176000000000201e+00	6.587386000000000408e+00
2.034127999999999936e+00	6.664005999999999652e+00
2.040080000000000116e+00	6.805558000000000440e+00
2.046031999999999851e+00	6.997816000000000258e+00
2.051984000000000030e+00	7.226389000000000173e+00
2.057935000000000070e+00	7.466858000000000217e+00
2.063886999999999805e+00	7.679259000000000057e+00
2.069837999999999845e+00	7.822293000000000163e+00
2.075791000000000164e+00	7.854662000000000255e+00
2.081744000000000039e+00	7.735407999999999618e+00
2.087698000000000054e+00	7.451717000000000368e+00
2.093652000000000069e+00	7.039395999999999987e+00
2.099604999999999944e+00	6.539079000000000086e+00
2.105554999999999843e+00	5.991401999999999894e+00
2.111501000000000072e+00	5.436918000000000362e+00
2.117445000000000022e+00	4.906685999999999659e+00
2.123388999999999971e+00	4.413454999999999906e+00
2.129338000000000175e+00	3.967886000000000024e+00
2.135295999999999861e+00	3.580639000000000127e+00
2.141268000000000171e+00	3.262395000000000156e+00
2.147250999999999799e+00	3.027004999999999946e+00
2.153232000000000035e+00	2.895169000000000104e+00
2.159196000000000115e+00	2.888476999999999961e+00
2.165125000000000188e+00	3.028518000000000043e+00
2.171006000000000213e+00	3.336847999999999814e+00
2.176841000000000026e+00	3.823932999999999804e+00
2.182682999999999929e+00	4.473453000000000124e+00
2.188588999999999896e+00	5.265119999999999578e+00
2.194618000000000180e+00	6.178647999999999918e+00
2.200828000000000007e+00	7.193723000000000312e+00
2.207209999999999894e+00	8.273189999999999600e+00
2.213579000000000185e+00	9.334215000000000373e+00
2.219714999999999883e+00	1.028628999999999927e+01
2.225403000000000020e+00	1.103890900000000030e+01
2.230423000000000044e+00	1.150158000000000058e+01
2.234681000000000139e+00	1.161406799999999961e+01
2.238447999999999993e+00	1.140845599999999926e+01
2.242068000000000172e+00	1.093437600000000032e+01
2.245884000000000214e+00	1.024145900000000076e+01
2.250237999999999960e+00	9.379336999999999591e+00
2.255365999999999982e+00	8.402269000000000432e+00
2.261130000000000084e+00	7.380425999999999931e+00
2.267313000000000134e+00	6.387393999999999572e+00
2.273696000000000161e+00	5.496761000000000230e+00
2.280063999999999869e+00	4.782113999999999976e+00
2.286243999999999943e+00	4.310036000000000200e+00
2.292251999999999956e+00	4.119919000000000331e+00
2.298146000000000022e+00	4.244564999999999699e+00
2.303983000000000114e+00	4.716774000000000022e+00
2.309822000000000042e+00	5.569345000000000212e+00
2.315710999999999853e+00	6.803402000000000172e+00
2.321645999999999876e+00	8.281295999999999324e+00
2.327612999999999932e+00	9.827389000000000152e+00
2.333594999999999864e+00	1.126603800000000000e+01
2.339576999999999796e+00	1.242160400000000031e+01
2.345546999999999827e+00	1.314942500000000081e+01
2.351503999999999817e+00	1.345813000000000059e+01
2.357451999999999881e+00	1.340367700000000006e+01
2.363395999999999830e+00	1.304203700000000055e+01
2.369339000000000084e+00	1.242918099999999981e+01
2.375286000000000008e+00	1.162210999999999927e+01
2.381237000000000048e+00	1.068357999999999919e+01
2.387189999999999923e+00	9.678349000000000757e+00
2.393143999999999938e+00	8.671177000000000135e+00
2.399097999999999953e+00	7.726823000000000441e+00
2.405050999999999828e+00	6.916887000000000008e+00
2.411004000000000147e+00	6.356322999999999723e+00
2.416955999999999882e+00	6.177029000000000103e+00
2.422906999999999922e+00	6.510937000000000197e+00
2.428857999999999961e+00	7.489981000000000222e+00
2.434809000000000001e+00	9.212557000000000329e+00
2.440760000000000041e+00	1.153550700000000084e+01
2.446712000000000220e+00	1.420984299999999934e+01
2.452663999999999955e+00	1.698612299999999919e+01
2.458616999999999830e+00	1.961490900000000082e+01
2.464570999999999845e+00	2.185859400000000008e+01
2.470524999999999860e+00	2.357669699999999935e+01
2.476478000000000179e+00	2.467636900000000111e+01
2.482429999999999914e+00	2.506509000000000142e+01
2.488377999999999979e+00	2.465033999999999992e+01
2.494323000000000068e+00	2.336555800000000005e+01
2.500265999999999877e+00	2.138813000000000031e+01
2.506212000000000106e+00	1.902909800000000118e+01
2.512164999999999981e+00	1.660087499999999849e+01
2.518129000000000062e+00	1.441587200000000024e+01
2.524108000000000018e+00	1.276690400000000025e+01
2.530091999999999786e+00	1.173488900000000079e+01
2.536067000000000071e+00	1.127124099999999984e+01
2.542015999999999831e+00	1.132551600000000036e+01
2.547924000000000078e+00	1.184726900000000072e+01
2.553779000000000021e+00	1.278130799999999923e+01
2.559610000000000163e+00	1.401297800000000038e+01
2.565475000000000172e+00	1.538714399999999927e+01
2.571432000000000162e+00	1.674789200000000022e+01
2.577539999999999942e+00	1.793930800000000048e+01
2.583845999999999865e+00	1.880919499999999900e+01
2.590249000000000024e+00	1.925966100000000125e+01
2.596534000000000120e+00	1.923394899999999907e+01
2.602485000000000159e+00	1.867632599999999954e+01
2.607883000000000173e+00	1.753105800000000158e+01
2.612527000000000044e+00	1.575591000000000008e+01
2.616509000000000196e+00	1.354089100000000023e+01
2.620163999999999938e+00	1.127165100000000031e+01
2.623834000000000000e+00	9.339954000000000534e+00
2.627863000000000060e+00	8.137562000000000850e+00
2.632579999999999920e+00	8.041869999999999408e+00
2.638037000000000187e+00	9.135920000000000485e+00
2.644026000000000209e+00	1.122716899999999995e+01
2.650332000000000132e+00	1.411246799999999979e+01
2.656734000000000151e+00	1.758866599999999991e+01
2.663022999999999918e+00	2.144615800000000050e+01
2.669115000000000126e+00	2.531576599999999999e+01
2.675060999999999911e+00	2.866230799999999945e+01
2.680919999999999970e+00	3.094285899999999856e+01
2.686751000000000111e+00	3.161449400000000054e+01
2.692610999999999866e+00	3.014980399999999960e+01
2.698523999999999923e+00	2.649192299999999989e+01
2.704476000000000102e+00	2.112798099999999835e+01
2.710452000000000083e+00	1.457541100000000078e+01
2.716435999999999851e+00	7.351649000000000100e+00
2.722412999999999972e+00	-2.629599999999999993e-02
2.728375999999999912e+00	-7.057438999999999574e+00
2.734328000000000092e+00	-1.326139900000000083e+01
2.740273999999999877e+00	-1.815914799999999829e+01
2.746217000000000130e+00	-2.127165899999999965e+01
2.752162000000000219e+00	-2.212907300000000177e+01
2.758110999999999979e+00	-2.070834899999999834e+01
2.764063000000000159e+00	-1.762537100000000123e+01
2.770016000000000034e+00	-1.354515699999999967e+01
2.775971000000000188e+00	-9.132730000000000459e+00
2.781924000000000063e+00	-5.049426999999999666e+00
2.787876999999999938e+00	-1.718795000000000073e+00
2.793829000000000118e+00	8.142970000000000486e-01
2.799780999999999853e+00	2.538761000000000045e+00
2.805731999999999893e+00	3.443510999999999989e+00
2.811682999999999932e+00	3.517463999999999924e+00
2.817635000000000112e+00	2.749915000000000109e+00
2.823586999999999847e+00	1.130830000000000002e+00
2.829539000000000026e+00	-1.349755000000000038e+00
2.835491000000000206e+00	-4.701806999999999626e+00
2.841442999999999941e+00	-8.933512999999999593e+00
2.847395000000000120e+00	-1.382089900000000071e+01
2.853346999999999856e+00	-1.867960700000000074e+01
2.859299000000000035e+00	-2.277103400000000022e+01
2.865251000000000214e+00	-2.535657700000000148e+01
2.871201999999999810e+00	-2.569929000000000130e+01
2.877153999999999989e+00	-2.340475400000000050e+01
2.883106000000000169e+00	-1.883845499999999973e+01
2.889057999999999904e+00	-1.246803700000000070e+01
2.895010000000000083e+00	-4.761142000000000429e+00
2.900961999999999819e+00	3.813870999999999789e+00
2.906913999999999998e+00	1.252503300000000053e+01
2.912866000000000177e+00	1.998482900000000129e+01
2.918817999999999913e+00	2.470555699999999888e+01
2.924770000000000092e+00	2.519951599999999914e+01
2.930721000000000132e+00	1.998034099999999924e+01
2.936672999999999867e+00	8.613350000000000506e+00
2.942625000000000046e+00	-6.398505000000000109e+00
2.948576999999999781e+00	-2.204332499999999939e+01
2.954528999999999961e+00	-3.530920900000000273e+01
2.960481000000000140e+00	-4.318467600000000317e+01
2.966432999999999875e+00	-4.365690399999999727e+01
2.972385000000000055e+00	-3.785255099999999828e+01
2.978336999999999790e+00	-2.751361999999999952e+01
2.984288999999999970e+00	-1.438211300000000037e+01
2.990240000000000009e+00	-2.000319999999999876e-01
2.996192000000000188e+00	1.329062099999999980e+01
3.002143999999999924e+00	2.434784300000000101e+01
3.008096000000000103e+00	3.122963400000000078e+01
3.014047999999999838e+00	3.219398999999999944e+01
3.020000000000000018e+00	2.549890999999999863e+01
