1.199999999999999956e-01	1.718723510845763025e+00
1.249780000000000058e-01	1.554740300015678311e+00
1.305999999999999939e-01	1.000959318686925892e+00
1.367059999999999942e-01	1.033838940150678898e+00
1.431360000000000132e-01	8.418697580542483516e-01
1.497320000000000040e-01	5.211882865472371451e-01
1.563350000000000017e-01	1.127582509028042246e+00
1.627850000000000130e-01	6.967081473584136875e-01
1.689219999999999888e-01	1.248748747648365853e+00
1.745889999999999942e-01	1.134809745392517222e+00
1.796250000000000069e-01	1.377763890585609552e+00
1.839349999999999874e-01	1.414362639656908005e+00
1.877439999999999942e-01	2.074952079074890321e+00
1.913779999999999926e-01	1.823706932744962206e+00
1.951660000000000061e-01	1.945862031156464500e+00
1.994340000000000002e-01	1.789194037616320454e+00
2.044499999999999929e-01	2.053796252976042069e+00
2.101250000000000062e-01	2.286409163759585805e+00
2.162479999999999958e-01	2.596007769981711011e+00
2.226049999999999973e-01	2.731660156908605863e+00
2.289819999999999911e-01	2.839736052094768759e+00
2.351930000000000132e-01	3.132895324906759260e+00
2.412249999999999950e-01	3.075724745885466405e+00
2.471349999999999936e-01	2.816446556885757069e+00
2.529799999999999827e-01	3.416089564045916127e+00
2.588170000000000193e-01	3.700966157493779107e+00
2.646970000000000156e-01	3.410254427619109574e+00
2.706259999999999777e-01	3.251593829847143180e+00
2.765880000000000005e-01	3.562011972900455792e+00
2.825679999999999858e-01	3.673672819450073845e+00
2.885510000000000019e-01	3.646088078468742388e+00
2.945229999999999793e-01	3.493350003425732986e+00
3.004809999999999981e-01	3.329056809537484618e+00
3.064310000000000089e-01	3.150768092884164595e+00
3.123750000000000138e-01	2.969361995304100610e+00
3.183190000000000186e-01	2.854082243870035285e+00
3.242650000000000254e-01	2.888021564853930467e+00
3.302149999999999808e-01	2.515214340451954023e+00
3.361680000000000224e-01	2.388804145131278034e+00
3.421210000000000084e-01	2.832734003672875200e+00
3.480759999999999965e-01	2.606383813199365740e+00
3.540289999999999826e-01	2.681682519744155613e+00
3.599809999999999954e-01	2.643801604825458007e+00
3.659330000000000083e-01	2.584021778553546866e+00
3.718839999999999923e-01	2.843484460509788203e+00
3.778360000000000052e-01	3.209981069432651157e+00
3.837869999999999893e-01	3.299278340254092612e+00
3.897390000000000021e-01	2.913703437684782571e+00
3.956910000000000149e-01	3.201147114940114502e+00
4.016429999999999723e-01	3.639256398322524788e+00
4.075949999999999851e-01	3.251061516242195193e+00
4.135469999999999979e-01	3.431814456834480609e+00
4.194979999999999820e-01	3.020253648263171886e+00
4.254499999999999948e-01	3.276425832462040777e+00
4.314009999999999789e-01	2.805757806305627433e+00
4.373540000000000205e-01	3.076024942936503859e+00
4.433079999999999798e-01	2.536059189173937689e+00
4.492619999999999947e-01	2.547167406723788829e+00
4.552160000000000095e-01	2.657176161579898110e+00
4.611680000000000224e-01	3.008538534490341920e+00
4.671170000000000044e-01	3.449921928766588763e+00
4.730619999999999825e-01	3.279928893716552274e+00
4.790059999999999873e-01	4.067764379872416569e+00
4.849510000000000209e-01	4.411457985239704449e+00
4.909020000000000050e-01	4.789843322924070002e+00
4.968629999999999991e-01	5.370595132078088696e+00
5.028390000000000359e-01	5.737722207776657868e+00
5.088230000000000253e-01	6.643027629387209920e+00
5.148009999999999531e-01	6.623369585224538447e+00
5.207570000000000254e-01	7.117609280805371696e+00
5.266750000000000043e-01	7.580120166592482001e+00
5.325410000000000421e-01	7.647219405965653749e+00
5.383719999999999617e-01	7.230085121574044926e+00
5.442249999999999588e-01	6.753411343347432094e+00
5.501580000000000359e-01	6.501449135023364967e+00
5.562289999999999734e-01	6.351969233149255878e+00
5.624930000000000208e-01	6.049175491296276519e+00
5.688929999999999820e-01	5.211733163557757287e+00
5.752220000000000111e-01	4.994190214885565915e+00
5.812610000000000277e-01	4.612957089750421957e+00
5.867949999999999555e-01	3.653077217082771888e+00
5.916080000000000227e-01	3.558947996306370154e+00
5.957040000000000113e-01	3.234447293082420405e+00
5.993990000000000151e-01	2.912763569483597159e+00
6.030370000000000452e-01	3.137986252999402925e+00
6.069609999999999728e-01	2.969821532518336582e+00
6.115110000000000268e-01	3.120999978888154835e+00
6.168270000000000142e-01	3.306198000117217539e+00
6.227219999999999978e-01	3.000758662922198727e+00
6.289789999999999548e-01	3.252899908985311672e+00
6.353790000000000271e-01	3.323351616749274484e+00
6.417070000000000274e-01	3.692840845213302803e+00
6.478369999999999962e-01	3.904988553000162455e+00
6.538089999999999735e-01	3.443526167327704446e+00
6.596819999999999906e-01	3.393531041365288381e+00
6.655140000000000500e-01	3.553236773597876930e+00
6.713630000000000431e-01	3.829224215064130021e+00
6.772660000000000347e-01	3.929585962304658064e+00
6.832110000000000127e-01	3.988372798588631696e+00
6.891829999999999901e-01	3.505897433891329129e+00
6.951669999999999794e-01	3.563701244851765537e+00
7.011469999999999647e-01	3.776722650855289576e+00
7.071119999999999628e-01	3.590162078568406745e+00
7.130670000000000064e-01	3.454781264134362928e+00
7.190130000000000132e-01	3.293357918381527139e+00
7.249569999999999625e-01	3.713502144338704625e+00
7.309010000000000229e-01	3.584970705251719014e+00
7.368489999999999762e-01	3.594141799746806587e+00
7.428000000000000158e-01	2.849107361368832247e+00
7.487530000000000019e-01	3.445601052775239204e+00
7.547080000000000455e-01	2.935663238878389869e+00
7.606619999999999493e-01	3.643826586717419325e+00
7.666140000000000176e-01	3.268465619308683401e+00
7.725670000000000037e-01	3.114887129066691962e+00
7.785180000000000433e-01	3.548956758898413888e+00
7.844689999999999719e-01	3.539179018421188427e+00
7.904210000000000402e-01	3.643195980305152570e+00
7.963729999999999976e-01	3.727853702688737059e+00
8.023249999999999549e-01	3.837757974195164401e+00
8.082770000000000232e-01	3.495063628385433052e+00
8.142289999999999806e-01	3.143382043069191667e+00
8.201800000000000201e-01	3.493276606859961664e+00
8.261319999999999775e-01	3.291369945561616994e+00
8.320830000000000171e-01	3.779946440623316750e+00
8.380349999999999744e-01	3.848668010108084125e+00
8.439870000000000427e-01	3.538695230338861464e+00
8.499400000000000288e-01	3.144446839701716456e+00
8.558940000000000436e-01	3.588781784096420679e+00
8.618479999999999475e-01	3.542682854635502476e+00
8.678010000000000446e-01	3.366924529430736168e+00
8.737519999999999731e-01	3.661662211515698484e+00
8.797000000000000375e-01	3.603555047829023028e+00
8.856439999999999868e-01	3.641165772302481063e+00
8.915870000000000184e-01	3.651453270881857449e+00
8.975349999999999717e-01	3.532079868686910373e+00
9.034900000000000153e-01	3.590086068364074290e+00
9.094569999999999599e-01	3.736804116016029020e+00
9.154379999999999740e-01	3.509651255877624720e+00
9.214210000000000456e-01	3.345390776425233970e+00
9.273909999999999654e-01	3.297798864607953462e+00
9.333329999999999682e-01	3.358117900902699571e+00
9.392300000000000093e-01	3.159608253201318995e+00
9.450749999999999984e-01	3.167769327616698938e+00
9.509090000000000042e-01	3.121321113067380804e+00
9.567890000000000006e-01	3.272940480145234421e+00
9.627750000000000474e-01	3.233698814448767056e+00
9.689229999999999787e-01	3.185035713287121428e+00
9.752680000000000238e-01	3.328341073599579314e+00
9.816639999999999810e-01	2.999598863003542171e+00
9.878930000000000211e-01	3.010217071762430585e+00
9.937399999999999567e-01	3.261082136370641926e+00
9.989850000000000119e-01	3.085561300897500470e+00
1.003457999999999961e+00	3.305633461116251670e+00
1.007338000000000067e+00	3.461158823922834582e+00
1.010966000000000031e+00	3.584634279900738907e+00
1.014685999999999977e+00	3.593067316329243699e+00
1.018841000000000108e+00	3.381157409586528217e+00
1.023735000000000062e+00	3.392637750588932466e+00
1.029328999999999938e+00	3.126230446040016542e+00
1.035408000000000106e+00	3.759998467218993667e+00
1.041754000000000069e+00	3.330834817764740663e+00
1.048148999999999997e+00	3.588512201275561253e+00
1.054391999999999996e+00	3.713047802094162630e+00
1.060446000000000000e+00	3.479405577685830586e+00
1.066368999999999900e+00	3.315311412406904967e+00
1.072216999999999976e+00	3.168001785027822148e+00
1.078049000000000035e+00	3.358824654482776229e+00
1.083920999999999912e+00	3.434635722135952474e+00
1.089842999999999895e+00	3.399100398536931245e+00
1.095801999999999943e+00	3.573071510482912494e+00
1.101780999999999899e+00	3.881056136212670538e+00
1.107765000000000111e+00	3.873856794469402676e+00
1.113739999999999952e+00	4.134820142553983224e+00
1.119699999999999918e+00	4.093670517880074300e+00
1.125650000000000039e+00	4.119824488822775521e+00
1.131594999999999906e+00	4.164246774116508121e+00
1.137537999999999938e+00	4.518705352730065350e+00
1.143483999999999945e+00	4.134736032138119022e+00
1.149432999999999927e+00	4.162859158427333561e+00
1.155386000000000024e+00	4.750711953490940331e+00
1.161338999999999899e+00	4.220113941162068727e+00
1.167294000000000054e+00	4.479436336046648037e+00
1.173246999999999929e+00	4.355455621642922992e+00
1.179200000000000026e+00	4.050098320436458899e+00
1.185151999999999983e+00	4.776285495165747186e+00
1.191103000000000023e+00	4.675730361907843857e+00
1.197054000000000062e+00	4.936659704880944410e+00
1.203006000000000020e+00	5.212060395584155792e+00
1.208957999999999977e+00	5.258268815509505423e+00
1.214909999999999934e+00	5.058491343333157531e+00
1.220861999999999892e+00	4.985120404660718485e+00
1.226814000000000071e+00	5.433206723398249061e+00
1.232765000000000111e+00	5.260870012078334490e+00
1.238717000000000068e+00	5.596740215998696755e+00
1.244668000000000108e+00	5.039471504941398727e+00
1.250620000000000065e+00	5.438443430638991494e+00
1.256572000000000022e+00	4.898956961674472588e+00
1.262526000000000037e+00	4.287110116741833288e+00
1.268480000000000052e+00	4.305367389255609467e+00
1.274434000000000067e+00	4.222951665315928693e+00
1.280386000000000024e+00	4.217647888500859032e+00
1.286335999999999924e+00	4.152777283348327408e+00
1.292281999999999931e+00	4.303756098761476245e+00
1.298224999999999962e+00	4.800275612020723948e+00
1.304170000000000051e+00	4.868070130262176498e+00
1.310119999999999951e+00	5.245998013475610122e+00
1.316079999999999917e+00	6.067622911609935166e+00
1.322052999999999923e+00	7.202705034711812004e+00
1.328036999999999912e+00	7.958757754885015245e+00
1.334017000000000008e+00	9.484053302899827287e+00
1.339976000000000056e+00	1.101059822868743510e+01
1.345900000000000096e+00	1.217213277546099981e+01
1.351774000000000031e+00	1.386989183514440249e+01
1.357607000000000008e+00	1.526208797736265410e+01
1.363453000000000026e+00	1.740576700684973233e+01
1.369372000000000034e+00	1.823845750152054634e+01
1.375421999999999922e+00	1.896135050753112594e+01
1.381658999999999970e+00	1.878777940202958874e+01
1.388052000000000064e+00	1.831342824551229143e+01
1.394403000000000059e+00	1.637708691828644092e+01
1.400492999999999988e+00	1.435420807160909895e+01
1.406104999999999938e+00	1.289707280976869797e+01
1.411021999999999998e+00	1.105963638548177030e+01
1.415195999999999898e+00	9.568046569355153963e+00
1.418924000000000074e+00	7.920589069909055979e+00
1.422549999999999981e+00	7.387959490352112191e+00
1.426417000000000046e+00	6.540624730879573079e+00
1.430868000000000029e+00	5.683881810141786950e+00
1.436091000000000006e+00	5.074791599777555895e+00
1.441923000000000066e+00	4.596788024260073158e+00
1.448144000000000098e+00	4.337296361878727247e+00
1.454538000000000109e+00	4.310695431991306670e+00
1.460887000000000047e+00	4.134203382560401430e+00
1.467041999999999957e+00	3.951719584333569735e+00
1.473030999999999979e+00	4.079301081605078316e+00
1.478914000000000062e+00	3.848633029180314580e+00
1.484749000000000096e+00	3.943262934060313363e+00
1.490591999999999917e+00	3.899469537578089451e+00
1.496488000000000040e+00	3.970101727925414270e+00
1.502428000000000097e+00	3.544676605200406172e+00
1.508397999999999906e+00	3.429017794320107448e+00
1.514380999999999977e+00	3.506232451698937602e+00
1.520361999999999991e+00	3.017428426496741700e+00
1.526329999999999965e+00	2.578771895075394394e+00
1.532284999999999897e+00	2.904505827564282772e+00
1.538232999999999961e+00	2.425543176895208930e+00
1.544175999999999993e+00	2.088718701352699547e+00
1.550119999999999942e+00	1.844939864579766997e+00
1.556068000000000007e+00	2.086871215689106052e+00
1.562019000000000046e+00	2.015443285381953498e+00
1.567971999999999921e+00	2.747563678628250461e+00
1.573925999999999936e+00	2.340294019957493532e+00
1.579879999999999951e+00	2.037505900193731456e+00
1.585833000000000048e+00	2.373674836412642541e+00
1.591785000000000005e+00	3.085593505299814687e+00
1.597736999999999963e+00	3.780925655795124296e+00
1.603688000000000002e+00	3.433007962928251278e+00
1.609639000000000042e+00	4.160435825179040314e+00
1.615590999999999999e+00	4.148087108578070392e+00
1.621542999999999957e+00	4.188811570933501649e+00
1.627494999999999914e+00	4.585796330935700382e+00
1.633447000000000093e+00	4.695555402977826809e+00
1.639399000000000051e+00	4.582190521939266681e+00
1.645350000000000090e+00	4.744696511846039577e+00
1.651302000000000048e+00	4.092690801924645072e+00
1.657253000000000087e+00	4.623595090825861398e+00
1.663205000000000044e+00	3.599390565362483141e+00
1.669157999999999920e+00	3.028184901460215350e+00
1.675111999999999934e+00	3.254500851128382610e+00
1.681065999999999949e+00	3.164027525759669057e+00
1.687019000000000046e+00	2.164852230302646952e+00
1.692971000000000004e+00	2.102584592384020290e+00
1.698919000000000068e+00	2.348685113122420898e+00
1.704863000000000017e+00	2.231930031501163647e+00
1.710806999999999967e+00	2.345488465735680705e+00
1.716752999999999973e+00	2.320665744490785443e+00
1.722706999999999988e+00	2.621840254929066472e+00
1.728671999999999986e+00	2.501554903753342884e+00
1.734652000000000083e+00	2.481830111739040223e+00
1.740636000000000072e+00	2.788134577199427255e+00
1.746609000000000078e+00	2.464026536443475912e+00
1.752555000000000085e+00	3.508858298741716286e+00
1.758458000000000077e+00	3.612153837662503975e+00
1.764308999999999905e+00	3.813320592070899018e+00
1.770140999999999964e+00	4.195655231669579877e+00
1.776011999999999924e+00	4.140933241653585561e+00
1.781979999999999897e+00	3.859055345710216578e+00
1.788105000000000055e+00	4.564162864548761966e+00
1.794426999999999994e+00	4.306452482786168545e+00
1.800829000000000013e+00	4.253607900477497594e+00
1.807091999999999921e+00	4.431591886082263620e+00
1.813002000000000002e+00	5.004727206245442872e+00
1.818338000000000010e+00	4.852041996192673956e+00
1.822912000000000088e+00	5.104984362147701127e+00
1.826850000000000085e+00	5.419170489543089886e+00
1.830492000000000008e+00	5.489434370864248791e+00
1.834179999999999922e+00	5.294650667290987656e+00
1.838259000000000087e+00	5.114735497244381257e+00
1.843048000000000020e+00	5.304514125169212058e+00
1.848562000000000038e+00	4.897884247655335699e+00
1.854589999999999961e+00	4.434506217929108374e+00
1.860913000000000039e+00	4.321959487115056397e+00
1.867313999999999918e+00	3.621578584811083967e+00
1.873583999999999916e+00	3.481104511851032868e+00
1.879660000000000108e+00	2.860071833578213596e+00
1.885596000000000050e+00	3.078624663662917982e+00
1.891450999999999993e+00	2.875197706095865779e+00
1.897281999999999913e+00	3.161343669739350659e+00
1.903146999999999922e+00	2.645342564347370917e+00
1.909062999999999954e+00	3.058290171389412837e+00
1.915018000000000109e+00	3.306792981925729791e+00
1.920995999999999926e+00	3.508709578585513356e+00
1.926979999999999915e+00	3.964872192645520599e+00
1.932955999999999896e+00	4.084498869593077508e+00
1.938917999999999919e+00	4.510621223043679962e+00
1.944868999999999959e+00	4.386972700155979510e+00
1.950814000000000048e+00	4.856454305509400271e+00
1.956757999999999997e+00	5.254024183342424159e+00
1.962703000000000086e+00	5.261848722326742056e+00
1.968652000000000069e+00	5.419525487973961830e+00
1.974604000000000026e+00	5.320549128582393372e+00
1.980558000000000041e+00	5.415995506061401343e+00
1.986512000000000056e+00	5.307522514946619197e+00
1.992466000000000070e+00	5.106698717439513757e+00
1.998418000000000028e+00	4.812462071838845112e+00
2.004370000000000207e+00	4.683881425736033499e+00
2.010321999999999942e+00	4.454367944875210483e+00
2.016272999999999982e+00	4.050255446991597452e+00
2.022224000000000022e+00	4.070887640903825933e+00
2.028176000000000201e+00	3.721094649368222651e+00
2.034127999999999936e+00	3.859564918802717681e+00
2.040080000000000116e+00	3.718793391662689629e+00
2.046031999999999851e+00	3.679196865317575948e+00
2.051984000000000030e+00	3.442464103324120561e+00
2.057935000000000070e+00	3.634764931181114989e+00
2.063886999999999805e+00	3.595166456774649522e+00
2.069837999999999845e+00	3.818288530847627538e+00
2.075791000000000164e+00	3.610138633076092063e+00
2.081744000000000039e+00	4.010912281455803807e+00
2.087698000000000054e+00	4.198779610770148274e+00
2.093652000000000069e+00	4.013781791621677364e+00
2.099604999999999944e+00	3.941927602713596102e+00
2.105554999999999843e+00	4.597251194129800211e+00
2.111501000000000072e+00	4.539893771543267675e+00
2.117445000000000022e+00	4.230108968785586399e+00
2.123388999999999971e+00	4.688105115620248675e+00
2.129338000000000175e+00	4.436125536422174775e+00
2.135295999999999861e+00	4.731484929188239263e+00
2.141268000000000171e+00	5.062825903912390402e+00
2.147250999999999799e+00	5.171605637231336594e+00
2.153232000000000035e+00	5.748832168081627003e+00
2.159196000000000115e+00	5.955670964818628121e+00
2.165125000000000188e+00	5.882753983319106261e+00
2.171006000000000213e+00	6.277690394661068041e+00
2.176841000000000026e+00	7.354381982861744049e+00
2.182682999999999929e+00	6.854464422634817033e+00
2.188588999999999896e+00	7.613707236491410235e+00
2.194618000000000180e+00	7.905800246187399516e+00
2.200828000000000007e+00	8.653891500759950617e+00
2.207209999999999894e+00	8.512610772920856661e+00
2.213579000000000185e+00	9.146202753576279321e+00
2.219714999999999883e+00	9.173056273234703184e+00
2.225403000000000020e+00	9.475364716459514725e+00
2.230423000000000044e+00	9.457436073193864701e+00
2.234681000000000139e+00	9.422037380766884240e+00
2.238447999999999993e+00	9.249955775591432783e+00
2.242068000000000172e+00	9.063118399857330587e+00
2.245884000000000214e+00	8.351757155170814073e+00
2.250237999999999960e+00	8.041700522490739189e+00
2.255365999999999982e+00	7.385772793274575143e+00
2.261130000000000084e+00	6.975985437923366561e+00
2.267313000000000134e+00	6.518384245440026703e+00
2.273696000000000161e+00	5.596747265662926907e+00
2.280063999999999869e+00	5.423204762010586322e+00
2.286243999999999943e+00	4.936342560655880618e+00
2.292251999999999956e+00	4.478852919985468972e+00
2.298146000000000022e+00	4.429250812498711554e+00
2.303983000000000114e+00	4.756050670685578297e+00
2.309822000000000042e+00	5.066665822186387835e+00
2.315710999999999853e+00	5.317970448324553345e+00
2.321645999999999876e+00	5.209273943114482996e+00
2.327612999999999932e+00	6.000035676956770203e+00
2.333594999999999864e+00	7.045836649518691708e+00
2.339576999999999796e+00	7.163851245026866543e+00
2.345546999999999827e+00	7.873042062728139889e+00
2.351503999999999817e+00	8.520661924688784694e+00
2.357451999999999881e+00	9.083998100635133355e+00
2.363395999999999830e+00	8.802782722800982285e+00
2.369339000000000084e+00	9.046340234451035300e+00
2.375286000000000008e+00	8.688835360949598297e+00
2.381237000000000048e+00	8.722219082142213864e+00
2.387189999999999923e+00	8.190913265359244022e+00
2.393143999999999938e+00	7.736285556575086986e+00
2.399097999999999953e+00	7.261989006393542390e+00
2.405050999999999828e+00	6.902693318003413125e+00
2.411004000000000147e+00	6.837891941993389899e+00
2.416955999999999882e+00	6.650003266472703345e+00
2.422906999999999922e+00	6.555773126330285194e+00
2.428857999999999961e+00	7.555327919149694260e+00
2.434809000000000001e+00	6.975760015767908051e+00
2.440760000000000041e+00	8.455359976286047186e+00
2.446712000000000220e+00	9.179344862974106789e+00
2.452663999999999955e+00	1.031435181263304379e+01
2.458616999999999830e+00	1.138874110170174525e+01
2.464570999999999845e+00	1.250774532455939259e+01
2.470524999999999860e+00	1.414965829459269386e+01
2.476478000000000179e+00	1.529630269460694691e+01
2.482429999999999914e+00	1.629502793449993447e+01
2.488377999999999979e+00	1.660601291858672113e+01
2.494323000000000068e+00	1.686311885186291804e+01
2.500265999999999877e+00	1.685813156359159848e+01
2.506212000000000106e+00	1.633705638430578944e+01
2.512164999999999981e+00	1.615017646448447763e+01
2.518129000000000062e+00	1.570496236624830111e+01
2.524108000000000018e+00	1.520377367916423950e+01
2.530091999999999786e+00	1.475220428689786978e+01
2.536067000000000071e+00	1.470818663039226770e+01
2.542015999999999831e+00	1.449346765936335046e+01
2.547924000000000078e+00	1.479337744142925004e+01
2.553779000000000021e+00	1.533892496852115706e+01
2.559610000000000163e+00	1.642963595352710016e+01
2.565475000000000172e+00	1.805453617733516225e+01
2.571432000000000162e+00	1.915128191193555551e+01
2.577539999999999942e+00	2.082601508661593925e+01
2.583845999999999865e+00	2.170323503255157505e+01
2.590249000000000024e+00	2.241740515332114114e+01
2.596534000000000120e+00	2.314691968104958519e+01
2.602485000000000159e+00	2.329023815369293970e+01
2.607883000000000173e+00	2.318521775185930522e+01
2.612527000000000044e+00	2.258474339043128509e+01
2.616509000000000196e+00	2.146159580138326817e+01
2.620163999999999938e+00	1.956917824517073967e+01
2.623834000000000000e+00	1.807251574861848553e+01
2.627863000000000060e+00	1.564977449898646000e+01
2.632579999999999920e+00	1.325965555416364516e+01
2.638037000000000187e+00	1.026119526602317045e+01
2.644026000000000209e+00	7.909756488804067232e+00
2.650332000000000132e+00	4.834752275092268903e+00
2.656734000000000151e+00	2.306154872865263439e+00
2.663022999999999918e+00	-2.388465921604531195e-01
2.669115000000000126e+00	-2.416125047232977163e+00
2.675060999999999911e+00	-3.954079966119217637e+00
2.680919999999999970e+00	-5.089909270621579829e+00
2.686751000000000111e+00	-5.850241675188393664e+00
2.692610999999999866e+00	-6.371854590446201172e+00
2.698523999999999923e+00	-5.368253557631647688e+00
2.704476000000000102e+00	-4.069951150007523388e+00
2.710452000000000083e+00	-3.094926645118753594e+00
2.716435999999999851e+00	-7.640262108759957593e-01
2.722412999999999972e+00	9.890328921562828723e-01
2.728375999999999912e+00	4.107790935659871856e+00
2.734328000000000092e+00	6.805006936600126011e+00
2.740273999999999877e+00	1.065020516579324550e+01
2.746217000000000130e+00	1.539908555808719370e+01
2.752162000000000219e+00	2.044373908248339333e+01
2.758110999999999979e+00	2.594448784415344278e+01
2.764063000000000159e+00	3.122934373876912773e+01
2.770016000000000034e+00	3.619771025669355424e+01
2.775971000000000188e+00	3.989056474282347864e+01
2.781924000000000063e+00	4.190530715013117913e+01
2.787876999999999938e+00	4.210582024508616428e+01
2.793829000000000118e+00	4.056913590386704271e+01
2.799780999999999853e+00	3.692670473510549556e+01
2.805731999999999893e+00	3.202771292265520486e+01
2.811682999999999932e+00	2.540220625927603493e+01
2.817635000000000112e+00	1.813112597065305920e+01
2.823586999999999847e+00	1.025576156591143295e+01
2.829539000000000026e+00	2.561585139606425976e+00
2.835491000000000206e+00	-4.941176097724888194e+00
2.841442999999999941e+00	-1.081938893576419325e+01
2.847395000000000120e+00	-1.465732229446684087e+01
2.853346999999999856e+00	-1.722481118230237840e+01
2.859299000000000035e+00	-1.865530291047100064e+01
2.865251000000000214e+00	-1.824603016650266696e+01
2.871201999999999810e+00	-1.670653733280393638e+01
2.877153999999999989e+00	-1.381555163791067287e+01
2.883106000000000169e+00	-1.092267788517314564e+01
2.889057999999999904e+00	-6.842287961761237547e+00
2.895010000000000083e+00	-3.298918218787223466e+00
2.900961999999999819e+00	-2.814685344931858735e-01
2.906913999999999998e+00	2.545955947416758569e+00
2.912866000000000177e+00	4.566937242156926757e+00
2.918817999999999913e+00	6.080558872436320428e+00
2.924770000000000092e+00	6.629391636882627559e+00
2.930721000000000132e+00	6.971065926231994503e+00
2.936672999999999867e+00	6.735487367834638306e+00
2.942625000000000046e+00	6.243044187350555774e+00
2.948576999999999781e+00	5.498181939066453694e+00
2.954528999999999961e+00	5.661334411333776018e+00
2.960481000000000140e+00	6.631647877949550463e+00
2.966432999999999875e+00	8.514469268349685649e+00
2.972385000000000055e+00	1.199399026568065452e+01
2.978336999999999790e+00	1.598393262660375846e+01
2.984288999999999970e+00	2.078482789702126610e+01
2.990240000000000009e+00	2.766221908154619058e+01
2.996192000000000188e+00	3.533066330326107618e+01
3.002143999999999924e+00	4.454288255765889204e+01
3.008096000000000103e+00	5.448055018786481440e+01
3.014047999999999838e+00	6.611047131591760717e+01
3.020000000000000018e+00	7.911133948814108408e+01
