1.199999999999999956e-01	4.797266999999999726e+00
1.249780000000000058e-01	3.195591999999999988e+00
1.305999999999999939e-01	1.995420999999999889e+00
1.367059999999999942e-01	1.144468000000000041e+00
1.431360000000000132e-01	5.904439999999999689e-01
1.497320000000000040e-01	2.810630000000000073e-01
1.563350000000000017e-01	1.640389999999999904e-01
1.627850000000000130e-01	1.870840000000000003e-01
1.689219999999999888e-01	2.979120000000000101e-01
1.745889999999999942e-01	4.442349999999999910e-01
1.796250000000000069e-01	5.737670000000000270e-01
1.839349999999999874e-01	6.455159999999999787e-01
1.877439999999999942e-01	6.761150000000000215e-01
1.913779999999999926e-01	7.005320000000000435e-01
1.951660000000000061e-01	7.537369999999999903e-01
1.994340000000000002e-01	8.707040000000000335e-01
2.044499999999999929e-01	1.076928000000000107e+00
2.101250000000000062e-01	1.343199999999999950e+00
2.162479999999999958e-01	1.620724000000000053e+00
2.226049999999999973e-01	1.860681000000000029e+00
2.289819999999999911e-01	2.014251999999999931e+00
2.351930000000000132e-01	2.041628999999999916e+00
2.412249999999999950e-01	1.961967999999999934e+00
2.471349999999999936e-01	1.818135000000000057e+00
2.529799999999999827e-01	1.653062000000000031e+00
2.588170000000000193e-01	1.509679999999999911e+00
2.646970000000000156e-01	1.425942999999999961e+00
2.706259999999999777e-01	1.402784000000000031e+00
2.765880000000000005e-01	1.424447000000000019e+00
2.825679999999999858e-01	1.475095999999999963e+00
2.885510000000000019e-01	1.538893999999999984e+00
2.945229999999999793e-01	1.601307000000000036e+00
3.004809999999999981e-01	1.658832000000000084e+00
3.064310000000000089e-01	1.713532000000000055e+00
3.123750000000000138e-01	1.767514000000000030e+00
3.183190000000000186e-01	1.822881999999999891e+00
3.242650000000000254e-01	1.881288000000000071e+00
3.302149999999999808e-01	1.939970999999999890e+00
3.361680000000000224e-01	1.993684000000000012e+00
3.421210000000000084e-01	2.037151999999999852e+00
3.480759999999999965e-01	2.065099000000000018e+00
3.540289999999999826e-01	2.072963000000000111e+00
3.599809999999999954e-01	2.064153000000000127e+00
3.659330000000000083e-01	2.047086999999999879e+00
3.718839999999999923e-01	2.030260000000000176e+00
3.778360000000000052e-01	2.022165999999999908e+00
3.837869999999999893e-01	2.030305999999999944e+00
3.897390000000000021e-01	2.049246999999999819e+00
3.956910000000000149e-01	2.064509000000000150e+00
4.016429999999999723e-01	2.061430999999999791e+00
4.075949999999999851e-01	2.025348000000000148e+00
4.135469999999999979e-01	1.942854999999999999e+00
4.194979999999999820e-01	1.819676999999999989e+00
4.254499999999999948e-01	1.676423999999999914e+00
4.314009999999999789e-01	1.534097999999999962e+00
4.373540000000000205e-01	1.413701000000000096e+00
4.433079999999999798e-01	1.335917999999999939e+00
4.492619999999999947e-01	1.315774999999999917e+00
4.552160000000000095e-01	1.363399000000000028e+00
4.611680000000000224e-01	1.488753999999999911e+00
4.671170000000000044e-01	1.701805999999999930e+00
4.730619999999999825e-01	2.011810000000000098e+00
4.790059999999999873e-01	2.412774000000000196e+00
4.849510000000000209e-01	2.884050999999999920e+00
4.909020000000000050e-01	3.404402000000000150e+00
4.968629999999999991e-01	3.952587999999999990e+00
5.028390000000000359e-01	4.507156000000000162e+00
5.088230000000000253e-01	5.041153000000000439e+00
5.148009999999999531e-01	5.521742999999999846e+00
5.207570000000000254e-01	5.915804999999999758e+00
5.266750000000000043e-01	6.190220000000000056e+00
5.325410000000000421e-01	6.312662999999999691e+00
5.383719999999999617e-01	6.276378000000000235e+00
5.442249999999999588e-01	6.104949000000000403e+00
5.501580000000000359e-01	5.823730000000000295e+00
5.562289999999999734e-01	5.458070000000000199e+00
5.624930000000000208e-01	5.033273999999999582e+00
5.688929999999999820e-01	4.572708000000000439e+00
5.752220000000000111e-01	4.097186999999999912e+00
5.812610000000000277e-01	3.627349000000000157e+00
5.867949999999999555e-01	3.183832000000000217e+00
5.916080000000000227e-01	2.787179000000000073e+00
5.957040000000000113e-01	2.452875000000000139e+00
5.993990000000000151e-01	2.188978000000000090e+00
6.030370000000000452e-01	2.002953999999999901e+00
6.069609999999999728e-01	1.902268999999999988e+00
6.115110000000000268e-01	1.894198999999999966e+00
6.168270000000000142e-01	1.972822000000000076e+00
6.227219999999999978e-01	2.110622000000000220e+00
6.289789999999999548e-01	2.278086000000000055e+00
6.353790000000000271e-01	2.445698999999999845e+00
6.417070000000000274e-01	2.584073000000000064e+00
6.478369999999999962e-01	2.676115999999999939e+00
6.538089999999999735e-01	2.727170999999999790e+00
6.596819999999999906e-01	2.744969000000000214e+00
6.655140000000000500e-01	2.737242999999999871e+00
6.713630000000000431e-01	2.711710000000000065e+00
6.772660000000000347e-01	2.674043999999999865e+00
6.832110000000000127e-01	2.625750000000000028e+00
6.891829999999999901e-01	2.567825000000000024e+00
6.951669999999999794e-01	2.501265000000000072e+00
7.011469999999999647e-01	2.427074999999999871e+00
7.071119999999999628e-01	2.347735999999999823e+00
7.130670000000000064e-01	2.269108999999999821e+00
7.190130000000000132e-01	2.197521000000000058e+00
7.249569999999999625e-01	2.139298999999999840e+00
7.309010000000000229e-01	2.100766000000000133e+00
7.368489999999999762e-01	2.085625999999999980e+00
7.428000000000000158e-01	2.090885999999999800e+00
7.487530000000000019e-01	2.112496999999999847e+00
7.547080000000000455e-01	2.146408000000000094e+00
7.606619999999999493e-01	2.188569000000000209e+00
7.666140000000000176e-01	2.235484000000000027e+00
7.725670000000000037e-01	2.285242999999999913e+00
7.785180000000000433e-01	2.336221999999999799e+00
7.844689999999999719e-01	2.386795000000000222e+00
7.904210000000000402e-01	2.435337999999999781e+00
7.963729999999999976e-01	2.479057000000000066e+00
8.023249999999999549e-01	2.511385000000000201e+00
8.082770000000000232e-01	2.524986999999999870e+00
8.142289999999999806e-01	2.512531000000000070e+00
8.201800000000000201e-01	2.466683000000000181e+00
8.261319999999999775e-01	2.385289000000000215e+00
8.320830000000000171e-01	2.285102999999999884e+00
8.380349999999999744e-01	2.187199999999999811e+00
8.439870000000000427e-01	2.112652000000000196e+00
8.499400000000000288e-01	2.082532000000000050e+00
8.558940000000000436e-01	2.111029999999999962e+00
8.618479999999999475e-01	2.183953999999999951e+00
8.678010000000000446e-01	2.279797999999999991e+00
8.737519999999999731e-01	2.377056000000000058e+00
8.797000000000000375e-01	2.454222000000000126e+00
8.856439999999999868e-01	2.494197000000000219e+00
8.915870000000000184e-01	2.500399999999999956e+00
8.975349999999999717e-01	2.482216999999999896e+00
9.034900000000000153e-01	2.449031000000000180e+00
9.094569999999999599e-01	2.410229999999999873e+00
9.154379999999999740e-01	2.374006000000000061e+00
9.214210000000000456e-01	2.342287999999999926e+00
9.273909999999999654e-01	2.314947000000000088e+00
9.333329999999999682e-01	2.291857999999999951e+00
9.392300000000000093e-01	2.272890999999999995e+00
9.450749999999999984e-01	2.258417000000000119e+00
9.509090000000000042e-01	2.251768000000000214e+00
9.567890000000000006e-01	2.257366999999999901e+00
9.627750000000000474e-01	2.279640999999999806e+00
9.689229999999999787e-01	2.323014999999999830e+00
9.752680000000000238e-01	2.390924000000000049e+00
9.816639999999999810e-01	2.480109000000000119e+00
9.878930000000000211e-01	2.584541999999999895e+00
9.937399999999999567e-01	2.698185000000000056e+00
9.989850000000000119e-01	2.814998999999999807e+00
1.003457999999999961e+00	2.928958999999999868e+00
1.007338000000000067e+00	3.034120999999999846e+00
1.010966000000000031e+00	3.124579000000000217e+00
1.014685999999999977e+00	3.194428999999999963e+00
1.018841000000000108e+00	3.237767999999999979e+00
1.023735000000000062e+00	3.249236999999999931e+00
1.029328999999999938e+00	3.228289999999999882e+00
1.035408000000000106e+00	3.176874000000000198e+00
1.041754000000000069e+00	3.096957000000000182e+00
1.048148999999999997e+00	2.990507000000000026e+00
1.054391999999999996e+00	2.860381999999999980e+00
1.060446000000000000e+00	2.718405000000000182e+00
1.066368999999999900e+00	2.581586999999999854e+00
1.072216999999999976e+00	2.467004000000000197e+00
1.078049000000000035e+00	2.391729000000000216e+00
1.083920999999999912e+00	2.371574999999999989e+00
1.089842999999999895e+00	2.407671999999999812e+00
1.095801999999999943e+00	2.491678999999999977e+00
1.101780999999999899e+00	2.615095999999999865e+00
1.107765000000000111e+00	2.769423999999999886e+00
1.113739999999999952e+00	2.946485000000000021e+00
1.119699999999999918e+00	3.142438999999999982e+00
1.125650000000000039e+00	3.356561999999999824e+00
1.131594999999999906e+00	3.588197000000000081e+00
1.137537999999999938e+00	3.836689999999999934e+00
1.143483999999999945e+00	4.100677000000000127e+00
1.149432999999999927e+00	4.367632000000000403e+00
1.155386000000000024e+00	4.616102999999999845e+00
1.161338999999999899e+00	4.824391000000000318e+00
1.167294000000000054e+00	4.970795999999999992e+00
1.173246999999999929e+00	5.034964000000000439e+00
1.179200000000000026e+00	5.021768999999999927e+00
1.185151999999999983e+00	4.958490000000000286e+00
1.191103000000000023e+00	4.873186999999999713e+00
1.197054000000000062e+00	4.793917999999999680e+00
1.203006000000000020e+00	4.747555000000000192e+00
1.208957999999999977e+00	4.734335999999999878e+00
1.214909999999999934e+00	4.728207000000000271e+00
1.220861999999999892e+00	4.702001000000000097e+00
1.226814000000000071e+00	4.628550999999999860e+00
1.232765000000000111e+00	4.481781999999999933e+00
1.238717000000000068e+00	4.265465999999999980e+00
1.244668000000000108e+00	4.016111000000000431e+00
1.250620000000000065e+00	3.771895999999999916e+00
1.256572000000000022e+00	3.570997999999999895e+00
1.262526000000000037e+00	3.450893999999999906e+00
1.268480000000000052e+00	3.425314999999999888e+00
1.274434000000000067e+00	3.479051999999999811e+00
1.280386000000000024e+00	3.595139999999999780e+00
1.286335999999999924e+00	3.756612000000000062e+00
1.292281999999999931e+00	3.947003000000000039e+00
1.298224999999999962e+00	4.171171000000000184e+00
1.304170000000000051e+00	4.462887000000000270e+00
1.310119999999999951e+00	4.857975999999999850e+00
1.316079999999999917e+00	5.392267999999999617e+00
1.322052999999999923e+00	6.101397999999999655e+00
1.328036999999999912e+00	7.010307000000000066e+00
1.334017000000000008e+00	8.127796999999999272e+00
1.339976000000000056e+00	9.461332999999999771e+00
1.345900000000000096e+00	1.101838099999999976e+01
1.351774000000000031e+00	1.280523099999999914e+01
1.357607000000000008e+00	1.473958099999999938e+01
1.363453000000000026e+00	1.659017300000000006e+01
1.369372000000000034e+00	1.811147499999999866e+01
1.375421999999999922e+00	1.905795499999999976e+01
1.381658999999999970e+00	1.918562899999999871e+01
1.388052000000000064e+00	1.841650399999999976e+01
1.394403000000000059e+00	1.698400200000000027e+01
1.400492999999999988e+00	1.515584199999999981e+01
1.406104999999999938e+00	1.319974099999999950e+01
1.411021999999999998e+00	1.138282300000000014e+01
1.415195999999999898e+00	9.875685000000000713e+00
1.418924000000000074e+00	8.646513999999999811e+00
1.422549999999999981e+00	7.638006999999999991e+00
1.426417000000000046e+00	6.792862000000000400e+00
1.430868000000000029e+00	6.053859000000000101e+00
1.436091000000000006e+00	5.386332999999999593e+00
1.441923000000000066e+00	4.808578999999999937e+00
1.448144000000000098e+00	4.346485000000000376e+00
1.454538000000000109e+00	4.025941000000000436e+00
1.460887000000000047e+00	3.872797999999999963e+00
1.467041999999999957e+00	3.894039999999999946e+00
1.473030999999999979e+00	4.046922000000000352e+00
1.478914000000000062e+00	4.280611000000000388e+00
1.484749000000000096e+00	4.544271000000000171e+00
1.490591999999999917e+00	4.787074999999999747e+00
1.496488000000000040e+00	4.968585000000000029e+00
1.502428000000000097e+00	5.079138000000000375e+00
1.508397999999999906e+00	5.114747000000000376e+00
1.514380999999999977e+00	5.071423000000000236e+00
1.520361999999999991e+00	4.945179000000000435e+00
1.526329999999999965e+00	4.740478999999999665e+00
1.532284999999999897e+00	4.489984999999999893e+00
1.538232999999999961e+00	4.232236000000000331e+00
1.544175999999999993e+00	4.005771000000000193e+00
1.550119999999999942e+00	3.849127999999999883e+00
1.556068000000000007e+00	3.793795999999999946e+00
1.562019000000000046e+00	3.844718999999999998e+00
1.567971999999999921e+00	4.000594999999999679e+00
1.573925999999999936e+00	4.260124000000000244e+00
1.579879999999999951e+00	4.622003999999999557e+00
1.585833000000000048e+00	5.075263999999999776e+00
1.591785000000000005e+00	5.567838000000000065e+00
1.597736999999999963e+00	6.036739999999999995e+00
1.603688000000000002e+00	6.418989999999999974e+00
1.609639000000000042e+00	6.651602999999999710e+00
1.615590999999999999e+00	6.685704000000000313e+00
1.621542999999999957e+00	6.540123000000000353e+00
1.627494999999999914e+00	6.253980000000000317e+00
1.633447000000000093e+00	5.866398000000000224e+00
1.639399000000000051e+00	5.416497999999999813e+00
1.645350000000000090e+00	4.941651000000000238e+00
1.651302000000000048e+00	4.469707999999999792e+00
1.657253000000000087e+00	4.025307999999999886e+00
1.663205000000000044e+00	3.633087999999999873e+00
1.669157999999999920e+00	3.317686000000000135e+00
1.675111999999999934e+00	3.101431999999999967e+00
1.681065999999999949e+00	2.992496000000000045e+00
1.687019000000000046e+00	2.993670999999999971e+00
1.692971000000000004e+00	3.107739000000000029e+00
1.698919000000000068e+00	3.337483999999999895e+00
1.704863000000000017e+00	3.681518000000000068e+00
1.710806999999999967e+00	4.109369000000000050e+00
1.716752999999999973e+00	4.578179000000000443e+00
1.722706999999999988e+00	5.045046000000000141e+00
1.728671999999999986e+00	5.467065999999999981e+00
1.734652000000000083e+00	5.804253000000000107e+00
1.740636000000000072e+00	6.039784000000000042e+00
1.746609000000000078e+00	6.167886000000000202e+00
1.752555000000000085e+00	6.182851000000000319e+00
1.758458000000000077e+00	6.078973999999999656e+00
1.764308999999999905e+00	5.855560999999999794e+00
1.770140999999999964e+00	5.557457000000000313e+00
1.776011999999999924e+00	5.253778999999999755e+00
1.781979999999999897e+00	5.013868000000000436e+00
1.788105000000000055e+00	4.907067999999999763e+00
1.794426999999999994e+00	4.995917000000000385e+00
1.800829000000000013e+00	5.271978999999999971e+00
1.807091999999999921e+00	5.684600999999999793e+00
1.813002000000000002e+00	6.182570000000000121e+00
1.818338000000000010e+00	6.714673999999999587e+00
1.822912000000000088e+00	7.230531000000000041e+00
1.826850000000000085e+00	7.689783000000000257e+00
1.830492000000000008e+00	8.058711000000000624e+00
1.834179999999999922e+00	8.303717000000000681e+00
1.838259000000000087e+00	8.391201999999999828e+00
1.843048000000000020e+00	8.290319000000000216e+00
1.848562000000000038e+00	8.008865000000000123e+00
1.854589999999999961e+00	7.583141999999999605e+00
1.860913000000000039e+00	7.050120999999999860e+00
1.867313999999999918e+00	6.446768999999999750e+00
1.873583999999999916e+00	5.810331999999999830e+00
1.879660000000000108e+00	5.182597999999999594e+00
1.885596000000000050e+00	4.609085999999999572e+00
1.891450999999999993e+00	4.135424999999999685e+00
1.897281999999999913e+00	3.807243000000000155e+00
1.903146999999999922e+00	3.668524000000000118e+00
1.909062999999999954e+00	3.731028999999999929e+00
1.915018000000000109e+00	3.977135000000000087e+00
1.920995999999999926e+00	4.388144999999999740e+00
1.926979999999999915e+00	4.945362000000000258e+00
1.932955999999999896e+00	5.629051999999999722e+00
1.938917999999999919e+00	6.395069000000000337e+00
1.944868999999999959e+00	7.174530999999999992e+00
1.950814000000000048e+00	7.897454999999999892e+00
1.956757999999999997e+00	8.493859000000000492e+00
1.962703000000000086e+00	8.895175000000000054e+00
1.968652000000000069e+00	9.073553000000000424e+00
1.974604000000000026e+00	9.046986000000000416e+00
1.980558000000000041e+00	8.835915999999999215e+00
1.986512000000000056e+00	8.460784000000000304e+00
1.992466000000000070e+00	7.942544999999999966e+00
1.998418000000000028e+00	7.320585000000000342e+00
2.004370000000000207e+00	6.657360999999999862e+00
2.010321999999999942e+00	6.016785999999999746e+00
2.016272999999999982e+00	5.462773000000000323e+00
2.022224000000000022e+00	5.058428000000000146e+00
2.028176000000000201e+00	4.830023999999999873e+00
2.034127999999999936e+00	4.752551000000000414e+00
2.040080000000000116e+00	4.797204999999999941e+00
2.046031999999999851e+00	4.935181000000000040e+00
2.051984000000000030e+00	5.137773000000000145e+00
2.057935000000000070e+00	5.382215999999999667e+00
2.063886999999999805e+00	5.654952999999999896e+00
2.069837999999999845e+00	5.943216999999999750e+00
2.075791000000000164e+00	6.234243000000000201e+00
2.081744000000000039e+00	6.515226000000000184e+00
2.087698000000000054e+00	6.770165000000000433e+00
2.093652000000000069e+00	6.977534999999999599e+00
2.099604999999999944e+00	7.115264999999999951e+00
2.105554999999999843e+00	7.161281999999999925e+00
2.111501000000000072e+00	7.093672999999999895e+00
2.117445000000000022e+00	6.909315000000000317e+00
2.123388999999999971e+00	6.641326000000000285e+00
2.129338000000000175e+00	6.326956000000000024e+00
2.135295999999999861e+00	6.003449999999999953e+00
2.141268000000000171e+00	5.708020999999999567e+00
2.147250999999999799e+00	5.471165000000000056e+00
2.153232000000000035e+00	5.308900000000000396e+00
2.159196000000000115e+00	5.235357999999999734e+00
2.165125000000000188e+00	5.264673000000000158e+00
2.171006000000000213e+00	5.410949999999999704e+00
2.176841000000000026e+00	5.679897000000000418e+00
2.182682999999999929e+00	6.056924999999999670e+00
2.188588999999999896e+00	6.524440000000000239e+00
2.194618000000000180e+00	7.064849999999999852e+00
2.200828000000000007e+00	7.660549999999999748e+00
2.207209999999999894e+00	8.288116999999999734e+00
2.213579000000000185e+00	8.908329999999999416e+00
2.219714999999999883e+00	9.479314999999999714e+00
2.225403000000000020e+00	9.959199999999999164e+00
2.230423000000000044e+00	1.030611999999999995e+01
2.234681000000000139e+00	1.049429300000000076e+01
2.238447999999999993e+00	1.054700599999999966e+01
2.242068000000000172e+00	1.049687400000000004e+01
2.245884000000000214e+00	1.037651299999999921e+01
2.250237999999999960e+00	1.021853699999999954e+01
2.255365999999999982e+00	1.005279699999999998e+01
2.261130000000000084e+00	9.899634999999999962e+00
2.267313000000000134e+00	9.777352000000000487e+00
2.273696000000000161e+00	9.704247999999999763e+00
2.280063999999999869e+00	9.698624000000000578e+00
2.286243999999999943e+00	9.774801000000000073e+00
2.292251999999999956e+00	9.931654999999999234e+00
2.298146000000000022e+00	1.016431700000000049e+01
2.303983000000000114e+00	1.046791799999999917e+01
2.309822000000000042e+00	1.083759000000000050e+01
2.315710999999999853e+00	1.125715300000000063e+01
2.321645999999999876e+00	1.166088200000000086e+01
2.327612999999999932e+00	1.196948500000000060e+01
2.333594999999999864e+00	1.210367300000000057e+01
2.339576999999999796e+00	1.198415299999999917e+01
2.345546999999999827e+00	1.155074100000000037e+01
2.351503999999999817e+00	1.083778900000000078e+01
2.357451999999999881e+00	9.908837999999999369e+00
2.363395999999999830e+00	8.827438000000000784e+00
2.369339000000000084e+00	7.657136999999999638e+00
2.375286000000000008e+00	6.459374999999999645e+00
2.381237000000000048e+00	5.283788999999999625e+00
2.387189999999999923e+00	4.175910000000000011e+00
2.393143999999999938e+00	3.181264999999999787e+00
2.399097999999999953e+00	2.345384000000000135e+00
2.405050999999999828e+00	1.723238999999999965e+00
2.411004000000000147e+00	1.429691999999999963e+00
2.416955999999999882e+00	1.602999999999999980e+00
2.422906999999999922e+00	2.381473999999999869e+00
2.428857999999999961e+00	3.903426000000000062e+00
2.434809000000000001e+00	6.270614000000000132e+00
2.440760000000000041e+00	9.321550999999999476e+00
2.446712000000000220e+00	1.277941000000000038e+01
2.452663999999999955e+00	1.636687299999999823e+01
2.458616999999999830e+00	1.980662399999999934e+01
2.464570999999999845e+00	2.283549199999999857e+01
2.470524999999999860e+00	2.530644200000000055e+01
2.476478000000000179e+00	2.712939199999999929e+01
2.482429999999999914e+00	2.821465200000000095e+01
2.488377999999999979e+00	2.847253299999999854e+01
2.494323000000000068e+00	2.783807200000000037e+01
2.500265999999999877e+00	2.647867300000000057e+01
2.506212000000000106e+00	2.468905000000000172e+01
2.512164999999999981e+00	2.276522500000000093e+01
2.518129000000000062e+00	2.100321900000000142e+01
2.524108000000000018e+00	1.967983999999999867e+01
2.530091999999999786e+00	1.886420000000000030e+01
2.536067000000000071e+00	1.849846300000000099e+01
2.542015999999999831e+00	1.852297599999999989e+01
2.547924000000000078e+00	1.887808499999999867e+01
2.553779000000000021e+00	1.950240600000000057e+01
2.559610000000000163e+00	2.031286700000000067e+01
2.565475000000000172e+00	2.121163699999999963e+01
2.571432000000000162e+00	2.210059899999999899e+01
2.577539999999999942e+00	2.288163799999999881e+01
2.583845999999999865e+00	2.345453399999999888e+01
2.590249000000000024e+00	2.368834899999999877e+01
2.596534000000000120e+00	2.342886999999999986e+01
2.602485000000000159e+00	2.252130700000000019e+01
2.607883000000000173e+00	2.081087000000000131e+01
2.612527000000000044e+00	1.815792100000000175e+01
2.616509000000000196e+00	1.468351200000000034e+01
2.620163999999999938e+00	1.072830500000000065e+01
2.623834000000000000e+00	6.639820000000000277e+00
2.627863000000000060e+00	2.765575999999999812e+00
2.632579999999999920e+00	-5.603730000000000100e-01
2.638037000000000187e+00	-3.279851999999999990e+00
2.644026000000000209e+00	-5.592977999999999561e+00
2.650332000000000132e+00	-7.709808999999999912e+00
2.656734000000000151e+00	-9.840403000000000233e+00
2.663022999999999918e+00	-1.218746299999999927e+01
2.669115000000000126e+00	-1.477181700000000042e+01
2.675060999999999911e+00	-1.742508700000000132e+01
2.680919999999999970e+00	-1.997006899999999874e+01
2.686751000000000111e+00	-2.222955999999999932e+01
2.692610999999999866e+00	-2.402968100000000007e+01
2.698523999999999923e+00	-2.529733999999999838e+01
2.704476000000000102e+00	-2.607596099999999950e+01
2.710452000000000083e+00	-2.641546100000000052e+01
2.716435999999999851e+00	-2.636575699999999856e+01
2.722412999999999972e+00	-2.597785599999999917e+01
2.728375999999999912e+00	-2.534414900000000159e+01
2.734328000000000092e+00	-2.461021799999999971e+01
2.740273999999999877e+00	-2.392514399999999952e+01
2.746217000000000130e+00	-2.343800799999999995e+01
2.752162000000000219e+00	-2.329854299999999867e+01
2.758110999999999979e+00	-2.368822199999999967e+01
2.764063000000000159e+00	-2.483390699999999995e+01
2.770016000000000034e+00	-2.696595100000000045e+01
2.775971000000000188e+00	-3.031470900000000057e+01
2.781924000000000063e+00	-3.510294199999999876e+01
2.787876999999999938e+00	-4.106303299999999723e+01
2.793829000000000118e+00	-4.714645600000000059e+01
2.799780999999999853e+00	-5.223501900000000120e+01
2.805731999999999893e+00	-5.521052799999999650e+01
2.811682999999999932e+00	-5.496356800000000220e+01
2.817635000000000112e+00	-5.116864199999999840e+01
2.823586999999999847e+00	-4.489224500000000262e+01
2.829539000000000026e+00	-3.734397700000000242e+01
2.835491000000000206e+00	-2.973344000000000165e+01
2.841442999999999941e+00	-2.326575100000000162e+01
2.847395000000000120e+00	-1.856036500000000089e+01
2.853346999999999856e+00	-1.507533399999999979e+01
2.859299000000000035e+00	-1.213187199999999955e+01
2.865251000000000214e+00	-9.051192000000000348e+00
2.871201999999999810e+00	-5.155979999999999563e+00
2.877153999999999989e+00	-7.363599999999999313e-02
2.883106000000000169e+00	5.892436000000000007e+00
2.889057999999999904e+00	1.234795000000000087e+01
2.895010000000000083e+00	1.889862300000000062e+01
2.900961999999999819e+00	2.515005000000000024e+01
2.906913999999999998e+00	3.066329199999999844e+01
2.912866000000000177e+00	3.488866300000000109e+01
2.918817999999999913e+00	3.725955100000000186e+01
2.924770000000000092e+00	3.720934599999999648e+01
2.930721000000000132e+00	3.417197399999999874e+01
2.936672999999999867e+00	2.800541000000000125e+01
2.942625000000000046e+00	1.975210200000000071e+01
2.948576999999999781e+00	1.065971000000000046e+01
2.954528999999999961e+00	1.975894999999999957e+00
2.960481000000000140e+00	-5.051823999999999870e+00
2.966432999999999875e+00	-9.512133999999999645e+00
2.972385000000000055e+00	-1.155065600000000003e+01
2.978336999999999790e+00	-1.152016899999999922e+01
2.984288999999999970e+00	-9.773455000000000226e+00
2.990240000000000009e+00	-6.663292000000000215e+00
2.996192000000000188e+00	-2.542462000000000000e+00
3.002143999999999924e+00	2.236256000000000022e+00
3.008096000000000103e+00	7.320081000000000060e+00
3.014047999999999838e+00	1.235623299999999958e+01
3.020000000000000018e+00	1.699193199999999848e+01
