1.199999999999999956e-01	3.858566919244371896e+00
1.249780000000000058e-01	4.153206048980197629e+00
1.305999999999999939e-01	3.924890421168861110e+00
1.367059999999999942e-01	4.858453237564987148e+00
1.431360000000000132e-01	4.449126291373083575e+00
1.497320000000000040e-01	4.079780104927981377e+00
1.563350000000000017e-01	3.226406489451768778e+00
1.627850000000000130e-01	2.919233328518225701e+00
1.689219999999999888e-01	2.766555558979042040e+00
1.745889999999999942e-01	1.908011508125021738e+00
1.796250000000000069e-01	2.843015815259089862e+00
1.839349999999999874e-01	1.700261700670404608e+00
1.877439999999999942e-01	1.593051998124442203e+00
1.913779999999999926e-01	7.046120227989913776e-01
1.951660000000000061e-01	7.415804270272550180e-01
1.994340000000000002e-01	1.422735822571544073e+00
2.044499999999999929e-01	1.016951825597882220e+00
2.101250000000000062e-01	1.261691869396817545e+00
2.162479999999999958e-01	8.798158235688871009e-01
2.226049999999999973e-01	4.730128211904586211e-01
2.289819999999999911e-01	1.415361655353008619e+00
2.351930000000000132e-01	6.554629340196762577e-01
2.412249999999999950e-01	1.913781576765272163e+00
2.471349999999999936e-01	1.545875604061257347e+00
2.529799999999999827e-01	1.627152675478599875e+00
2.588170000000000193e-01	2.149825842447017799e+00
2.646970000000000156e-01	1.408544962498115005e+00
2.706259999999999777e-01	2.143632746821200197e+00
2.765880000000000005e-01	1.649608182798744549e+00
2.825679999999999858e-01	1.836567407431653143e+00
2.885510000000000019e-01	9.990999920494679776e-01
2.945229999999999793e-01	1.697752139514239866e+00
3.004809999999999981e-01	2.474153981464214169e+00
3.064310000000000089e-01	1.035149317737175556e+00
3.123750000000000138e-01	1.254029177534983441e+00
3.183190000000000186e-01	6.447539124439173319e-01
3.242650000000000254e-01	8.357322809232627936e-01
3.302149999999999808e-01	9.190417778587518516e-01
3.361680000000000224e-01	1.230766293239214271e+00
3.421210000000000084e-01	6.189820368891044700e-01
3.480759999999999965e-01	1.315892946849974043e+00
3.540289999999999826e-01	1.191021819693204309e+00
3.599809999999999954e-01	2.009688166909660012e+00
3.659330000000000083e-01	1.548172736152890083e+00
3.718839999999999923e-01	1.654496900502639978e+00
3.778360000000000052e-01	1.582005902920764040e+00
3.837869999999999893e-01	2.028944747222690470e+00
3.897390000000000021e-01	2.667203537896925436e+00
3.956910000000000149e-01	2.704606914500453207e+00
4.016429999999999723e-01	1.957278941779506010e+00
4.075949999999999851e-01	1.362283141744188519e+00
4.135469999999999979e-01	1.372931224029182440e+00
4.194979999999999820e-01	1.447323871712314469e+00
4.254499999999999948e-01	1.259363125779177306e+00
4.314009999999999789e-01	3.953220908873608108e-01
4.373540000000000205e-01	1.537807387732603281e+00
4.433079999999999798e-01	7.183943883961009247e-01
4.492619999999999947e-01	1.624262189036438375e+00
4.552160000000000095e-01	1.145147114823190204e+00
4.611680000000000224e-01	1.832271788230423804e+00
4.671170000000000044e-01	1.195276232556908180e+00
4.730619999999999825e-01	1.471049433414895580e+00
4.790059999999999873e-01	1.261444400773065855e+00
4.849510000000000209e-01	2.197160006324502923e+00
4.909020000000000050e-01	2.625893867636106993e+00
4.968629999999999991e-01	3.161844159152365830e+00
5.028390000000000359e-01	4.599059227989051202e+00
5.088230000000000253e-01	4.181327195176027800e+00
5.148009999999999531e-01	5.091908487633808988e+00
5.207570000000000254e-01	5.771715657900713836e+00
5.266750000000000043e-01	5.428123389434860613e+00
5.325410000000000421e-01	5.716486666937981909e+00
5.383719999999999617e-01	6.495547344674908352e+00
5.442249999999999588e-01	6.410532094780991841e+00
5.501580000000000359e-01	5.482519616921409877e+00
5.562289999999999734e-01	5.296903688619072348e+00
5.624930000000000208e-01	5.238636768491597095e+00
5.688929999999999820e-01	4.129147526752931618e+00
5.752220000000000111e-01	4.045510304340742991e+00
5.812610000000000277e-01	2.951314908883838850e+00
5.867949999999999555e-01	3.860944918067957143e+00
5.916080000000000227e-01	2.253748760595641443e+00
5.957040000000000113e-01	2.367651173916122342e+00
5.993990000000000151e-01	1.429828734305745863e+00
6.030370000000000452e-01	1.761925955661136634e+00
6.069609999999999728e-01	1.562567173175678059e+00
6.115110000000000268e-01	1.267384839886706693e+00
6.168270000000000142e-01	1.460481386192274744e+00
6.227219999999999978e-01	4.394368993614650165e-01
6.289789999999999548e-01	1.459645913055523714e+00
6.353790000000000271e-01	1.600022367489062347e+00
6.417070000000000274e-01	5.877864567615186386e-01
6.478369999999999962e-01	1.332939819432851447e+00
6.538089999999999735e-01	8.022850112368430375e-01
6.596819999999999906e-01	1.960430333634199496e+00
6.655140000000000500e-01	1.779375865283501890e+00
6.713630000000000431e-01	1.843200592138677152e+00
6.772660000000000347e-01	1.966592996904902746e+00
6.832110000000000127e-01	2.522223541348648901e+00
6.891829999999999901e-01	2.206016123256813621e+00
6.951669999999999794e-01	2.314742726806803041e+00
7.011469999999999647e-01	2.375809969028965352e+00
7.071119999999999628e-01	1.484038514224892191e+00
7.130670000000000064e-01	2.393723622253077998e+00
7.190130000000000132e-01	2.290803791132767664e+00
7.249569999999999625e-01	1.969877947313149136e+00
7.309010000000000229e-01	1.637019161411644275e+00
7.368489999999999762e-01	2.025535078438803538e+00
7.428000000000000158e-01	2.075006307884835977e+00
7.487530000000000019e-01	2.064064357763430557e+00
7.547080000000000455e-01	2.122485136331498712e+00
7.606619999999999493e-01	2.462766183628751104e+00
7.666140000000000176e-01	1.958445066808624846e+00
7.725670000000000037e-01	1.918436265696894960e+00
7.785180000000000433e-01	2.859885794670847137e+00
7.844689999999999719e-01	1.891054136821988862e+00
7.904210000000000402e-01	2.409861395146888796e+00
7.963729999999999976e-01	2.461606946741274893e+00
8.023249999999999549e-01	2.766256195664385409e+00
8.082770000000000232e-01	2.642936938350398890e+00
8.142289999999999806e-01	2.570673009987685553e+00
8.201800000000000201e-01	2.894141953468194473e+00
8.261319999999999775e-01	2.323571655991486296e+00
8.320830000000000171e-01	1.928769307471334127e+00
8.380349999999999744e-01	2.427257127184231145e+00
8.439870000000000427e-01	2.942370745950142030e+00
8.499400000000000288e-01	2.149433359632282770e+00
8.558940000000000436e-01	2.376739015738206895e+00
8.618479999999999475e-01	2.415212345026758634e+00
8.678010000000000446e-01	2.340122514735718084e+00
8.737519999999999731e-01	2.461928913394107798e+00
8.797000000000000375e-01	2.619500473615167468e+00
8.856439999999999868e-01	1.876502420553087802e+00
8.915870000000000184e-01	3.348836114397030439e+00
8.975349999999999717e-01	3.003094114976942564e+00
9.034900000000000153e-01	2.921100450694831263e+00
9.094569999999999599e-01	3.400829541580125515e+00
9.154379999999999740e-01	2.323986592582356181e+00
9.214210000000000456e-01	2.804475001178462268e+00
9.273909999999999654e-01	3.846530269589230056e+00
9.333329999999999682e-01	3.372518986945923558e+00
9.392300000000000093e-01	2.483971672923294349e+00
9.450749999999999984e-01	2.526626074624943818e+00
9.509090000000000042e-01	3.155290831746945024e+00
9.567890000000000006e-01	2.576992908129905224e+00
9.627750000000000474e-01	3.151907180138200815e+00
9.689229999999999787e-01	2.646207523331783662e+00
9.752680000000000238e-01	2.591264686540936335e+00
9.816639999999999810e-01	2.913065356115414506e+00
9.878930000000000211e-01	2.621305365793041187e+00
9.937399999999999567e-01	2.970429503076364330e+00
9.989850000000000119e-01	2.860733834140305465e+00
1.003457999999999961e+00	3.161990172858452297e+00
1.007338000000000067e+00	2.760371146297773137e+00
1.010966000000000031e+00	3.265183704093692185e+00
1.014685999999999977e+00	2.601475973771171457e+00
1.018841000000000108e+00	3.683831927730698119e+00
1.023735000000000062e+00	3.467471032157809052e+00
1.029328999999999938e+00	3.858673401112107548e+00
1.035408000000000106e+00	4.013170572380463597e+00
1.041754000000000069e+00	4.087069108459585820e+00
1.048148999999999997e+00	3.970602840217216212e+00
1.054391999999999996e+00	3.923906985419715721e+00
1.060446000000000000e+00	4.269051819125533775e+00
1.066368999999999900e+00	4.155808007180475272e+00
1.072216999999999976e+00	4.823796985390715442e+00
1.078049000000000035e+00	4.217428220728642430e+00
1.083920999999999912e+00	4.889062865532130431e+00
1.089842999999999895e+00	4.520604647065704640e+00
1.095801999999999943e+00	5.336785948721537665e+00
1.101780999999999899e+00	5.182083721709726198e+00
1.107765000000000111e+00	5.426591273258398296e+00
1.113739999999999952e+00	5.617114318975487741e+00
1.119699999999999918e+00	5.667426661526430820e+00
1.125650000000000039e+00	5.857864626663179308e+00
1.131594999999999906e+00	6.230128894331038225e+00
1.137537999999999938e+00	6.320774612643337953e+00
1.143483999999999945e+00	6.258700857022447828e+00
1.149432999999999927e+00	7.276462162413979584e+00
1.155386000000000024e+00	6.579805423146994237e+00
1.161338999999999899e+00	6.379422561238208722e+00
1.167294000000000054e+00	6.430661722717225359e+00
1.173246999999999929e+00	7.437282992858381014e+00
1.179200000000000026e+00	7.080477123710427811e+00
1.185151999999999983e+00	6.659644410543790194e+00
1.191103000000000023e+00	5.918045908612374006e+00
1.197054000000000062e+00	6.410428575387359551e+00
1.203006000000000020e+00	6.141274321254253543e+00
1.208957999999999977e+00	5.968202288794300259e+00
1.214909999999999934e+00	6.802160048973388662e+00
1.220861999999999892e+00	6.825192764690449998e+00
1.226814000000000071e+00	6.762271179874773885e+00
1.232765000000000111e+00	5.652637845902223290e+00
1.238717000000000068e+00	6.287026501754810148e+00
1.244668000000000108e+00	5.866798229980155988e+00
1.250620000000000065e+00	5.568300715064382622e+00
1.256572000000000022e+00	6.002390654993595476e+00
1.262526000000000037e+00	5.657830604258593965e+00
1.268480000000000052e+00	4.890063935518038640e+00
1.274434000000000067e+00	5.201326420182990518e+00
1.280386000000000024e+00	5.139331748272567779e+00
1.286335999999999924e+00	5.593889456457195486e+00
1.292281999999999931e+00	4.809167037811137746e+00
1.298224999999999962e+00	4.983362098432409404e+00
1.304170000000000051e+00	5.634348008441523170e+00
1.310119999999999951e+00	6.715314923172882366e+00
1.316079999999999917e+00	6.249706168339979939e+00
1.322052999999999923e+00	7.465084538504089373e+00
1.328036999999999912e+00	8.097044686267174995e+00
1.334017000000000008e+00	9.581437315797970200e+00
1.339976000000000056e+00	1.080929463163617044e+01
1.345900000000000096e+00	1.260565703263576331e+01
1.351774000000000031e+00	1.494297034286757686e+01
1.357607000000000008e+00	1.754821302438485375e+01
1.363453000000000026e+00	2.020585048808151996e+01
1.369372000000000034e+00	2.231475480578822967e+01
1.375421999999999922e+00	2.363460977808094654e+01
1.381658999999999970e+00	2.423079672031338205e+01
1.388052000000000064e+00	2.293225822865166563e+01
1.394403000000000059e+00	2.149029557379703093e+01
1.400492999999999988e+00	1.904405199753577449e+01
1.406104999999999938e+00	1.613266218416392306e+01
1.411021999999999998e+00	1.448064869585100389e+01
1.415195999999999898e+00	1.185093197933321996e+01
1.418924000000000074e+00	1.057123303932560887e+01
1.422549999999999981e+00	8.297793008102679835e+00
1.426417000000000046e+00	7.001373973366700199e+00
1.430868000000000029e+00	6.167668072853992989e+00
1.436091000000000006e+00	5.665255217624681094e+00
1.441923000000000066e+00	5.355586919008913149e+00
1.448144000000000098e+00	4.705019521827744633e+00
1.454538000000000109e+00	4.825242986679900703e+00
1.460887000000000047e+00	4.436088628880932028e+00
1.467041999999999957e+00	5.249934654240409060e+00
1.473030999999999979e+00	4.725384005307338597e+00
1.478914000000000062e+00	4.799786429996300008e+00
1.484749000000000096e+00	5.093107348791352962e+00
1.490591999999999917e+00	4.911497036955895013e+00
1.496488000000000040e+00	5.729413419701472776e+00
1.502428000000000097e+00	4.866852005343863752e+00
1.508397999999999906e+00	4.317330015131223497e+00
1.514380999999999977e+00	4.657449598150496861e+00
1.520361999999999991e+00	5.682626934438772537e+00
1.526329999999999965e+00	4.713229844830893356e+00
1.532284999999999897e+00	4.602038068625216027e+00
1.538232999999999961e+00	4.248860206681821516e+00
1.544175999999999993e+00	4.829921453816025334e+00
1.550119999999999942e+00	4.572633730251014939e+00
1.556068000000000007e+00	4.173727965019489616e+00
1.562019000000000046e+00	4.519001565303788048e+00
1.567971999999999921e+00	4.853686962603310562e+00
1.573925999999999936e+00	6.061589013172266505e+00
1.579879999999999951e+00	5.347824807887360699e+00
1.585833000000000048e+00	5.580444739942953092e+00
1.591785000000000005e+00	5.884719041627743508e+00
1.597736999999999963e+00	6.075489841069238395e+00
1.603688000000000002e+00	5.914651909560528331e+00
1.609639000000000042e+00	6.533634686313150475e+00
1.615590999999999999e+00	6.491519119561051099e+00
1.621542999999999957e+00	7.585629356498006182e+00
1.627494999999999914e+00	7.272150929317434453e+00
1.633447000000000093e+00	7.132001506013687653e+00
1.639399000000000051e+00	7.896916909207721602e+00
1.645350000000000090e+00	9.438580102240530678e+00
1.651302000000000048e+00	1.005913793496632280e+01
1.657253000000000087e+00	1.075273157180746608e+01
1.663205000000000044e+00	1.117341169486279107e+01
1.669157999999999920e+00	1.142120647392508559e+01
1.675111999999999934e+00	1.220473034063212125e+01
1.681065999999999949e+00	1.268544606652822360e+01
1.687019000000000046e+00	1.306713902868037280e+01
1.692971000000000004e+00	1.319434386997674125e+01
1.698919000000000068e+00	1.316383772995858337e+01
1.704863000000000017e+00	1.311000505411003481e+01
1.710806999999999967e+00	1.206640040667361369e+01
1.716752999999999973e+00	1.207044869573055657e+01
1.722706999999999988e+00	1.090742944473188381e+01
1.728671999999999986e+00	1.062638109284532284e+01
1.734652000000000083e+00	1.071777465150706377e+01
1.740636000000000072e+00	9.657153452171918673e+00
1.746609000000000078e+00	9.490172564448647208e+00
1.752555000000000085e+00	8.164845384079510993e+00
1.758458000000000077e+00	8.177743681057005887e+00
1.764308999999999905e+00	7.431951377621872190e+00
1.770140999999999964e+00	7.786675394035701636e+00
1.776011999999999924e+00	6.778859396368991597e+00
1.781979999999999897e+00	7.171193029152625797e+00
1.788105000000000055e+00	7.172380507788114201e+00
1.794426999999999994e+00	6.720922026260306659e+00
1.800829000000000013e+00	7.715811853192383829e+00
1.807091999999999921e+00	7.251299482298199095e+00
1.813002000000000002e+00	7.314089678433538744e+00
1.818338000000000010e+00	7.612031859077259099e+00
1.822912000000000088e+00	8.870587815298261347e+00
1.826850000000000085e+00	8.992723984924174019e+00
1.830492000000000008e+00	9.662740113090400484e+00
1.834179999999999922e+00	1.075559611794016668e+01
1.838259000000000087e+00	1.027229916248520603e+01
1.843048000000000020e+00	1.032828564367360080e+01
1.848562000000000038e+00	1.023540116294077329e+01
1.854589999999999961e+00	1.014257523357892588e+01
1.860913000000000039e+00	1.136073900740595377e+01
1.867313999999999918e+00	1.044569407388449456e+01
1.873583999999999916e+00	1.051112218320761116e+01
1.879660000000000108e+00	1.052708441914621140e+01
1.885596000000000050e+00	9.733075307757731665e+00
1.891450999999999993e+00	9.205914824097765958e+00
1.897281999999999913e+00	7.805319181056185940e+00
1.903146999999999922e+00	7.632922394884856132e+00
1.909062999999999954e+00	6.971007881427630615e+00
1.915018000000000109e+00	6.137386629267075122e+00
1.920995999999999926e+00	6.064072502886946658e+00
1.926979999999999915e+00	6.075551364365561646e+00
1.932955999999999896e+00	5.417587566433957669e+00
1.938917999999999919e+00	5.802386460150488645e+00
1.944868999999999959e+00	5.173913502254210428e+00
1.950814000000000048e+00	5.792210154792669208e+00
1.956757999999999997e+00	5.596962705882242872e+00
1.962703000000000086e+00	6.439794711926586146e+00
1.968652000000000069e+00	6.192612817288924987e+00
1.974604000000000026e+00	6.486064202476059748e+00
1.980558000000000041e+00	6.832638397941209973e+00
1.986512000000000056e+00	7.131243874029523866e+00
1.992466000000000070e+00	7.530994575956789561e+00
1.998418000000000028e+00	8.046687874275635366e+00
2.004370000000000207e+00	8.036332602834576733e+00
2.010321999999999942e+00	7.738028805971534752e+00
2.016272999999999982e+00	7.904442879988127224e+00
2.022224000000000022e+00	8.248720301742656247e+00
2.028176000000000201e+00	7.664774836351669229e+00
2.034127999999999936e+00	7.537994377361392218e+00
2.040080000000000116e+00	7.286375876834471299e+00
2.046031999999999851e+00	7.238708528049943247e+00
2.051984000000000030e+00	6.541596443436317188e+00
2.057935000000000070e+00	7.544405176402991131e+00
2.063886999999999805e+00	7.051091439540051020e+00
2.069837999999999845e+00	7.012908472986866038e+00
2.075791000000000164e+00	6.899967700086902411e+00
2.081744000000000039e+00	8.126604730520620379e+00
2.087698000000000054e+00	8.702575894363469899e+00
2.093652000000000069e+00	8.726378015768599283e+00
2.099604999999999944e+00	8.964210742485347438e+00
2.105554999999999843e+00	9.115205155954072325e+00
2.111501000000000072e+00	9.613598035532536557e+00
2.117445000000000022e+00	9.736998948062780102e+00
2.123388999999999971e+00	1.001605932810024768e+01
2.129338000000000175e+00	9.982328920650703097e+00
2.135295999999999861e+00	1.090451292744750411e+01
2.141268000000000171e+00	1.138915706462125677e+01
2.147250999999999799e+00	1.129330418572602213e+01
2.153232000000000035e+00	1.144967789558606341e+01
2.159196000000000115e+00	1.133904675463950440e+01
2.165125000000000188e+00	1.167807259535377540e+01
2.171006000000000213e+00	1.197041379508401349e+01
2.176841000000000026e+00	1.169966804367021851e+01
2.182682999999999929e+00	1.256548814160693084e+01
2.188588999999999896e+00	1.345198371150160455e+01
2.194618000000000180e+00	1.275538865629493301e+01
2.200828000000000007e+00	1.383743173405515314e+01
2.207209999999999894e+00	1.355418689599958704e+01
2.213579000000000185e+00	1.445790581381465856e+01
2.219714999999999883e+00	1.486469799356414612e+01
2.225403000000000020e+00	1.526976372097155732e+01
2.230423000000000044e+00	1.553242786646930007e+01
2.234681000000000139e+00	1.440454434416966478e+01
2.238447999999999993e+00	1.585576720413542695e+01
2.242068000000000172e+00	1.479814623733589229e+01
2.245884000000000214e+00	1.463085031834470051e+01
2.250237999999999960e+00	1.349684078776874152e+01
2.255365999999999982e+00	1.241413822542149248e+01
2.261130000000000084e+00	1.222340721958816800e+01
2.267313000000000134e+00	1.159569413123376513e+01
2.273696000000000161e+00	1.125268701737613597e+01
2.280063999999999869e+00	9.999606338689345009e+00
2.286243999999999943e+00	9.304001573540819692e+00
2.292251999999999956e+00	9.321037291110364720e+00
2.298146000000000022e+00	8.539025557156048052e+00
2.303983000000000114e+00	8.195705417996444808e+00
2.309822000000000042e+00	8.453093418842541951e+00
2.315710999999999853e+00	7.882787094140041972e+00
2.321645999999999876e+00	8.939835103141957617e+00
2.327612999999999932e+00	8.415107362910413613e+00
2.333594999999999864e+00	9.257415301451027645e+00
2.339576999999999796e+00	9.810534984455728136e+00
2.345546999999999827e+00	9.844107140963659575e+00
2.351503999999999817e+00	1.139367210892210736e+01
2.357451999999999881e+00	1.071321478645656988e+01
2.363395999999999830e+00	1.079997394548018619e+01
2.369339000000000084e+00	1.197696478506832030e+01
2.375286000000000008e+00	1.277340980168860796e+01
2.381237000000000048e+00	1.353605531048239108e+01
2.387189999999999923e+00	1.328813446823603606e+01
2.393143999999999938e+00	1.350938907708987458e+01
2.399097999999999953e+00	1.493868664672832836e+01
2.405050999999999828e+00	1.508647097708727181e+01
2.411004000000000147e+00	1.546312869633131903e+01
2.416955999999999882e+00	1.459255843510509898e+01
2.422906999999999922e+00	1.491751836405541454e+01
2.428857999999999961e+00	1.429507425801127773e+01
2.434809000000000001e+00	1.427009885156144087e+01
2.440760000000000041e+00	1.451366848267482546e+01
2.446712000000000220e+00	1.292452053537421541e+01
2.452663999999999955e+00	1.288705091316306550e+01
2.458616999999999830e+00	1.129675454432746129e+01
2.464570999999999845e+00	1.017443357106546742e+01
2.470524999999999860e+00	8.410241215319231856e+00
2.476478000000000179e+00	7.781951304478140763e+00
2.482429999999999914e+00	6.137552939770987592e+00
2.488377999999999979e+00	6.366071901353256735e+00
2.494323000000000068e+00	7.740042928113749277e+00
2.500265999999999877e+00	9.569012596941700366e+00
2.506212000000000106e+00	1.203440390625889123e+01
2.512164999999999981e+00	1.457105317940796851e+01
2.518129000000000062e+00	1.702914780052751809e+01
2.524108000000000018e+00	1.782125102711571074e+01
2.530091999999999786e+00	1.923050053465910381e+01
2.536067000000000071e+00	2.071869801254784349e+01
2.542015999999999831e+00	2.187823633588334715e+01
2.547924000000000078e+00	2.424204298305756211e+01
2.553779000000000021e+00	2.808138245172370517e+01
2.559610000000000163e+00	3.262581846015294218e+01
2.565475000000000172e+00	3.577961158390334617e+01
2.571432000000000162e+00	4.049330484697049570e+01
2.577539999999999942e+00	4.158315906426281572e+01
2.583845999999999865e+00	4.190310082387958346e+01
2.590249000000000024e+00	3.775696591864527818e+01
2.596534000000000120e+00	3.383992229900673721e+01
2.602485000000000159e+00	2.755583638024300086e+01
2.607883000000000173e+00	2.128590963730553298e+01
2.612527000000000044e+00	1.572206240008262412e+01
2.616509000000000196e+00	1.141155500324716598e+01
2.620163999999999938e+00	7.958812583200151280e+00
2.623834000000000000e+00	6.587357543348035804e+00
2.627863000000000060e+00	7.175640631403821246e+00
2.632579999999999920e+00	1.005132027837919573e+01
2.638037000000000187e+00	1.388778352353377876e+01
2.644026000000000209e+00	1.887849980083014145e+01
2.650332000000000132e+00	2.283596568196661281e+01
2.656734000000000151e+00	2.587507974167349900e+01
2.663022999999999918e+00	2.476381041855169940e+01
2.669115000000000126e+00	2.205474360039415060e+01
2.675060999999999911e+00	1.779267733885248504e+01
2.680919999999999970e+00	1.254745276050896763e+01
2.686751000000000111e+00	7.030265350272123293e+00
2.692610999999999866e+00	4.659306060470997934e+00
2.698523999999999923e+00	3.748885934153608268e+00
2.704476000000000102e+00	4.019491380524901736e+00
2.710452000000000083e+00	7.261198059914617531e+00
2.716435999999999851e+00	9.378095712641862036e+00
2.722412999999999972e+00	1.172486759493900443e+01
2.728375999999999912e+00	1.381217458776248819e+01
2.734328000000000092e+00	1.487326658037314964e+01
2.740273999999999877e+00	1.506193733767859655e+01
2.746217000000000130e+00	1.385881640711600227e+01
2.752162000000000219e+00	1.185791459781174417e+01
2.758110999999999979e+00	8.752920158786858806e+00
2.764063000000000159e+00	4.823986343356221340e+00
2.770016000000000034e+00	9.075597452237070817e-01
2.775971000000000188e+00	-1.007839792090839737e+00
2.781924000000000063e+00	-3.377085913394387795e+00
2.787876999999999938e+00	-3.044895215089365781e+00
2.793829000000000118e+00	-3.197888849481187457e+00
2.799780999999999853e+00	-3.914965331915379654e+00
2.805731999999999893e+00	-7.214629031827869632e+00
2.811682999999999932e+00	-1.326025640556225227e+01
2.817635000000000112e+00	-2.317779143158291077e+01
2.823586999999999847e+00	-3.417561223433138196e+01
2.829539000000000026e+00	-4.379898893343366950e+01
2.835491000000000206e+00	-5.072678311451885946e+01
2.841442999999999941e+00	-5.118673752957747780e+01
2.847395000000000120e+00	-4.547792303643925038e+01
2.853346999999999856e+00	-3.427282613239000142e+01
2.859299000000000035e+00	-2.017234836270300136e+01
2.865251000000000214e+00	-5.646161143692225437e+00
2.871201999999999810e+00	5.087719686220182780e+00
2.877153999999999989e+00	1.478178580097476313e+01
2.883106000000000169e+00	2.088861014409861028e+01
2.889057999999999904e+00	2.343153382367612991e+01
2.895010000000000083e+00	2.636239103860437893e+01
2.900961999999999819e+00	2.764590387759379553e+01
2.906913999999999998e+00	2.900641368873753123e+01
2.912866000000000177e+00	2.984397576846437872e+01
2.918817999999999913e+00	2.940230948171481629e+01
2.924770000000000092e+00	2.715193082751159181e+01
2.930721000000000132e+00	2.506263721022472168e+01
2.936672999999999867e+00	1.983136515110735942e+01
2.942625000000000046e+00	1.440553901138626358e+01
2.948576999999999781e+00	6.504634375588858042e+00
2.954528999999999961e+00	8.211552693198782560e-01
2.960481000000000140e+00	-6.229163334008644526e+00
2.966432999999999875e+00	-1.065881709574698277e+01
2.972385000000000055e+00	-1.405996425374813796e+01
2.978336999999999790e+00	-1.592260908408881726e+01
2.984288999999999970e+00	-1.591233996505726189e+01
2.990240000000000009e+00	-1.395500388657020174e+01
2.996192000000000188e+00	-1.069355537415843926e+01
3.002143999999999924e+00	-5.076782436993838132e+00
3.008096000000000103e+00	2.596196051732857502e+00
3.014047999999999838e+00	1.122293943256039483e+01
3.020000000000000018e+00	2.232389535908367151e+01
