1.199999999999999956e-01	8.058192000000000021e+00
1.249780000000000058e-01	3.758837999999999901e+00
1.305999999999999939e-01	5.037989999999999968e-01
1.367059999999999942e-01	-1.822009999999999907e+00
1.431360000000000132e-01	-3.333673999999999804e+00
1.497320000000000040e-01	-4.146277999999999686e+00
1.563350000000000017e-01	-4.374908999999999715e+00
1.627850000000000130e-01	-4.134649999999999714e+00
1.689219999999999888e-01	-3.540588000000000068e+00
1.745889999999999942e-01	-2.707806999999999853e+00
1.796250000000000069e-01	-1.751393999999999895e+00
1.839349999999999874e-01	-7.766990000000000283e-01
1.877439999999999942e-01	1.605860000000000065e-01
1.913779999999999926e-01	1.020567999999999920e+00
1.951660000000000061e-01	1.763358999999999899e+00
1.994340000000000002e-01	2.349073000000000189e+00
2.044499999999999929e-01	2.743536000000000197e+00
2.101250000000000062e-01	2.945554000000000006e+00
2.162479999999999958e-01	2.965740999999999961e+00
2.226049999999999973e-01	2.814725000000000144e+00
2.289819999999999911e-01	2.503134999999999888e+00
2.351930000000000132e-01	2.046689999999999898e+00
2.412249999999999950e-01	1.494420999999999999e+00
2.471349999999999936e-01	9.087560000000000082e-01
2.529799999999999827e-01	3.521569999999999978e-01
2.588170000000000193e-01	-1.129109999999999975e-01
2.646970000000000156e-01	-4.301789999999999781e-01
2.706259999999999777e-01	-5.894439999999999680e-01
2.765880000000000005e-01	-6.012720000000000287e-01
2.825679999999999858e-01	-4.763249999999999984e-01
2.885510000000000019e-01	-2.252689999999999970e-01
2.945229999999999793e-01	1.388820000000000054e-01
3.004809999999999981e-01	5.831579999999999542e-01
3.064310000000000089e-01	1.064527999999999919e+00
3.123750000000000138e-01	1.539881999999999973e+00
3.183190000000000186e-01	1.966112000000000082e+00
3.242650000000000254e-01	2.303103000000000122e+00
3.302149999999999808e-01	2.539861000000000146e+00
3.361680000000000224e-01	2.681792000000000176e+00
3.421210000000000084e-01	2.734484999999999832e+00
3.480759999999999965e-01	2.703529000000000071e+00
3.540289999999999826e-01	2.595638999999999807e+00
3.599809999999999954e-01	2.430162000000000155e+00
3.659330000000000083e-01	2.234370999999999885e+00
3.718839999999999923e-01	2.035664999999999836e+00
3.778360000000000052e-01	1.861440999999999901e+00
3.837869999999999893e-01	1.737114000000000047e+00
3.897390000000000021e-01	1.662304999999999922e+00
3.956910000000000149e-01	1.618595999999999924e+00
4.016429999999999723e-01	1.587199000000000026e+00
4.075949999999999851e-01	1.549326999999999899e+00
4.135469999999999979e-01	1.487519999999999953e+00
4.194979999999999820e-01	1.404522999999999966e+00
4.254499999999999948e-01	1.318796999999999997e+00
4.314009999999999789e-01	1.249217999999999940e+00
4.373540000000000205e-01	1.214660999999999991e+00
4.433079999999999798e-01	1.233227999999999991e+00
4.492619999999999947e-01	1.309133000000000102e+00
4.552160000000000095e-01	1.434574000000000016e+00
4.611680000000000224e-01	1.601353999999999944e+00
4.671170000000000044e-01	1.801276000000000099e+00
4.730619999999999825e-01	2.026628999999999792e+00
4.790059999999999873e-01	2.280154000000000014e+00
4.849510000000000209e-01	2.574629999999999974e+00
4.909020000000000050e-01	2.923246999999999929e+00
4.968629999999999991e-01	3.339191000000000020e+00
5.028390000000000359e-01	3.834427999999999948e+00
5.088230000000000253e-01	4.389179999999999637e+00
5.148009999999999531e-01	4.949760999999999633e+00
5.207570000000000254e-01	5.460830999999999769e+00
5.266750000000000043e-01	5.867047000000000345e+00
5.325410000000000421e-01	6.114143999999999579e+00
5.383719999999999617e-01	6.182209000000000287e+00
5.442249999999999588e-01	6.092117000000000004e+00
5.501580000000000359e-01	5.867111000000000409e+00
5.562289999999999734e-01	5.530433999999999628e+00
5.624930000000000208e-01	5.105413000000000423e+00
5.688929999999999820e-01	4.618714999999999904e+00
5.752220000000000111e-01	4.101411999999999836e+00
5.812610000000000277e-01	3.584881000000000206e+00
5.867949999999999555e-01	3.100496999999999836e+00
5.916080000000000227e-01	2.679371999999999865e+00
5.957040000000000113e-01	2.338928999999999814e+00
5.993990000000000151e-01	2.076475999999999988e+00
6.030370000000000452e-01	1.887720000000000065e+00
6.069609999999999728e-01	1.768362999999999907e+00
6.115110000000000268e-01	1.714110000000000023e+00
6.168270000000000142e-01	1.720536999999999983e+00
6.227219999999999978e-01	1.783015999999999934e+00
6.289789999999999548e-01	1.896900999999999948e+00
6.353790000000000271e-01	2.057545000000000179e+00
6.417070000000000274e-01	2.260218000000000060e+00
6.478369999999999962e-01	2.492049999999999876e+00
6.538089999999999735e-01	2.725309999999999899e+00
6.596819999999999906e-01	2.930687999999999960e+00
6.655140000000000500e-01	3.078873999999999889e+00
6.713630000000000431e-01	3.140687999999999924e+00
6.772660000000000347e-01	3.106071000000000026e+00
6.832110000000000127e-01	3.003947000000000145e+00
6.891829999999999901e-01	2.867987999999999982e+00
6.951669999999999794e-01	2.731869000000000103e+00
7.011469999999999647e-01	2.629201999999999817e+00
7.071119999999999628e-01	2.579560999999999993e+00
7.130670000000000064e-01	2.570472999999999786e+00
7.190130000000000132e-01	2.585014999999999841e+00
7.249569999999999625e-01	2.606265000000000054e+00
7.309010000000000229e-01	2.617315000000000058e+00
7.368489999999999762e-01	2.608814000000000188e+00
7.428000000000000158e-01	2.590733999999999870e+00
7.487530000000000019e-01	2.576099999999999834e+00
7.547080000000000455e-01	2.577932999999999808e+00
7.606619999999999493e-01	2.609250999999999987e+00
7.666140000000000176e-01	2.676517000000000035e+00
7.725670000000000037e-01	2.767344000000000026e+00
7.785180000000000433e-01	2.865976999999999997e+00
7.844689999999999719e-01	2.956659000000000148e+00
7.904210000000000402e-01	3.023636999999999908e+00
7.963729999999999976e-01	3.055282000000000053e+00
8.023249999999999549e-01	3.053335000000000132e+00
8.082770000000000232e-01	3.022234000000000087e+00
8.142289999999999806e-01	2.966419999999999835e+00
8.201800000000000201e-01	2.890331999999999901e+00
8.261319999999999775e-01	2.799634000000000178e+00
8.320830000000000171e-01	2.704458999999999946e+00
8.380349999999999744e-01	2.615956999999999866e+00
8.439870000000000427e-01	2.545282999999999962e+00
8.499400000000000288e-01	2.503587000000000007e+00
8.558940000000000436e-01	2.501015000000000210e+00
8.618479999999999475e-01	2.543559999999999821e+00
8.678010000000000446e-01	2.636144999999999960e+00
8.737519999999999731e-01	2.783694999999999808e+00
8.797000000000000375e-01	2.991131000000000206e+00
8.856439999999999868e-01	3.257216000000000111e+00
8.915870000000000184e-01	3.552029000000000103e+00
8.975349999999999717e-01	3.837305999999999884e+00
9.034900000000000153e-01	4.074785999999999575e+00
9.094569999999999599e-01	4.226204000000000072e+00
9.154379999999999740e-01	4.262648000000000437e+00
9.214210000000000456e-01	4.204396000000000022e+00
9.273909999999999654e-01	4.087847000000000008e+00
9.333329999999999682e-01	3.949406000000000194e+00
9.392300000000000093e-01	3.825483000000000189e+00
9.450749999999999984e-01	3.746561999999999948e+00
9.509090000000000042e-01	3.707869000000000081e+00
9.567890000000000006e-01	3.691631999999999802e+00
9.627750000000000474e-01	3.680057999999999829e+00
9.689229999999999787e-01	3.655355000000000132e+00
9.752680000000000238e-01	3.603709999999999969e+00
9.816639999999999810e-01	3.538199000000000094e+00
9.878930000000000211e-01	3.483022000000000062e+00
9.937399999999999567e-01	3.462416000000000160e+00
9.989850000000000119e-01	3.500617000000000090e+00
1.003457999999999961e+00	3.617169000000000079e+00
1.007338000000000067e+00	3.795539000000000218e+00
1.010966000000000031e+00	4.002467000000000219e+00
1.014685999999999977e+00	4.204603999999999786e+00
1.018841000000000108e+00	4.368598000000000425e+00
1.023735000000000062e+00	4.464017000000000124e+00
1.029328999999999938e+00	4.486044999999999838e+00
1.035408000000000106e+00	4.443144000000000204e+00
1.041754000000000069e+00	4.343892000000000309e+00
1.048148999999999997e+00	4.196864999999999846e+00
1.054391999999999996e+00	4.011114000000000068e+00
1.060446000000000000e+00	3.800473999999999908e+00
1.066368999999999900e+00	3.581547000000000036e+00
1.072216999999999976e+00	3.370972000000000079e+00
1.078049000000000035e+00	3.185385000000000133e+00
1.083920999999999912e+00	3.041472999999999871e+00
1.089842999999999895e+00	2.956507000000000218e+00
1.095801999999999943e+00	2.948135999999999868e+00
1.101780999999999899e+00	3.034013999999999989e+00
1.107765000000000111e+00	3.231796000000000113e+00
1.113739999999999952e+00	3.556738000000000177e+00
1.119699999999999918e+00	3.991706999999999894e+00
1.125650000000000039e+00	4.496300999999999881e+00
1.131594999999999906e+00	5.029612000000000194e+00
1.137537999999999938e+00	5.550728000000000328e+00
1.143483999999999945e+00	6.019656999999999591e+00
1.149432999999999927e+00	6.410909000000000191e+00
1.155386000000000024e+00	6.710587000000000302e+00
1.161338999999999899e+00	6.905115000000000336e+00
1.167294000000000054e+00	6.980916999999999817e+00
1.173246999999999929e+00	6.925982000000000305e+00
1.179200000000000026e+00	6.757641999999999705e+00
1.185151999999999983e+00	6.519280000000000186e+00
1.191103000000000023e+00	6.255188000000000415e+00
1.197054000000000062e+00	6.009659000000000084e+00
1.203006000000000020e+00	5.825848999999999833e+00
1.208957999999999977e+00	5.721449999999999925e+00
1.214909999999999934e+00	5.689016999999999769e+00
1.220861999999999892e+00	5.720040000000000013e+00
1.226814000000000071e+00	5.806007000000000140e+00
1.232765000000000111e+00	5.938137000000000221e+00
1.238717000000000068e+00	6.100236999999999910e+00
1.244668000000000108e+00	6.267985000000000362e+00
1.250620000000000065e+00	6.416646000000000072e+00
1.256572000000000022e+00	6.521482999999999919e+00
1.262526000000000037e+00	6.558470999999999940e+00
1.268480000000000052e+00	6.527563999999999922e+00
1.274434000000000067e+00	6.457949000000000161e+00
1.280386000000000024e+00	6.380584999999999951e+00
1.286335999999999924e+00	6.326429000000000080e+00
1.292281999999999931e+00	6.326417000000000179e+00
1.298224999999999962e+00	6.410447999999999702e+00
1.304170000000000051e+00	6.607020000000000337e+00
1.310119999999999951e+00	6.944530000000000314e+00
1.316079999999999917e+00	7.451374000000000386e+00
1.322052999999999923e+00	8.156045000000000655e+00
1.328036999999999912e+00	9.092261999999999844e+00
1.334017000000000008e+00	1.030163300000000071e+01
1.339976000000000056e+00	1.182642200000000088e+01
1.345900000000000096e+00	1.370889000000000024e+01
1.351774000000000031e+00	1.598942199999999936e+01
1.357607000000000008e+00	1.856656200000000112e+01
1.363453000000000026e+00	2.110037900000000022e+01
1.369372000000000034e+00	2.322808900000000065e+01
1.375421999999999922e+00	2.458690500000000156e+01
1.381658999999999970e+00	2.481627699999999948e+01
1.388052000000000064e+00	2.379499399999999909e+01
1.394403000000000059e+00	2.185087100000000149e+01
1.400492999999999988e+00	1.936117899999999992e+01
1.406104999999999938e+00	1.670318400000000025e+01
1.411021999999999998e+00	1.425332599999999950e+01
1.415195999999999898e+00	1.225335600000000014e+01
1.418924000000000074e+00	1.066258299999999970e+01
1.422549999999999981e+00	9.404752999999999474e+00
1.426417000000000046e+00	8.403613999999999251e+00
1.430868000000000029e+00	7.582976000000000383e+00
1.436091000000000006e+00	6.884463000000000221e+00
1.441923000000000066e+00	6.291520000000000223e+00
1.448144000000000098e+00	5.793592000000000297e+00
1.454538000000000109e+00	5.380123000000000211e+00
1.460887000000000047e+00	5.040566000000000102e+00
1.467041999999999957e+00	4.769188999999999901e+00
1.473030999999999979e+00	4.572944999999999816e+00
1.478914000000000062e+00	4.460855999999999710e+00
1.484749000000000096e+00	4.441939999999999777e+00
1.490591999999999917e+00	4.525206999999999979e+00
1.496488000000000040e+00	4.707708000000000226e+00
1.502428000000000097e+00	4.951057999999999737e+00
1.508397999999999906e+00	5.210342999999999947e+00
1.514380999999999977e+00	5.440648000000000373e+00
1.520361999999999991e+00	5.597062000000000204e+00
1.526329999999999965e+00	5.650509999999999700e+00
1.532284999999999897e+00	5.624768999999999686e+00
1.538232999999999961e+00	5.554628000000000121e+00
1.544175999999999993e+00	5.474877000000000216e+00
1.550119999999999942e+00	5.420302999999999649e+00
1.556068000000000007e+00	5.418453000000000408e+00
1.562019000000000046e+00	5.469598000000000404e+00
1.567971999999999921e+00	5.567591000000000179e+00
1.573925999999999936e+00	5.706286000000000413e+00
1.579879999999999951e+00	5.879538000000000153e+00
1.585833000000000048e+00	6.082599000000000089e+00
1.591785000000000005e+00	6.316654999999999909e+00
1.597736999999999963e+00	6.584474000000000160e+00
1.603688000000000002e+00	6.888821000000000083e+00
1.609639000000000042e+00	7.232463000000000086e+00
1.615590999999999999e+00	7.611200000000000188e+00
1.621542999999999957e+00	7.987411999999999956e+00
1.627494999999999914e+00	8.313463000000000491e+00
1.633447000000000093e+00	8.541714000000000695e+00
1.639399000000000051e+00	8.624527999999999750e+00
1.645350000000000090e+00	8.525876999999999484e+00
1.651302000000000048e+00	8.272726000000000468e+00
1.657253000000000087e+00	7.913305000000000256e+00
1.663205000000000044e+00	7.495858000000000132e+00
1.669157999999999920e+00	7.068630999999999887e+00
1.675111999999999934e+00	6.679368000000000194e+00
1.681065999999999949e+00	6.372749999999999915e+00
1.687019000000000046e+00	6.192294000000000409e+00
1.692971000000000004e+00	6.181513999999999953e+00
1.698919000000000068e+00	6.383923000000000236e+00
1.704863000000000017e+00	6.829943000000000097e+00
1.710806999999999967e+00	7.458700999999999581e+00
1.716752999999999973e+00	8.170439999999999259e+00
1.722706999999999988e+00	8.865263000000000559e+00
1.728671999999999986e+00	9.443270999999999304e+00
1.734652000000000083e+00	9.815842999999999208e+00
1.740636000000000072e+00	9.983923000000000769e+00
1.746609000000000078e+00	9.991163000000000238e+00
1.752555000000000085e+00	9.881482000000000099e+00
1.758458000000000077e+00	9.698793999999999471e+00
1.764308999999999905e+00	9.486663999999999319e+00
1.770140999999999964e+00	9.285451999999999373e+00
1.776011999999999924e+00	9.133808999999999401e+00
1.781979999999999897e+00	9.070372000000000767e+00
1.788105000000000055e+00	9.133775999999999229e+00
1.794426999999999994e+00	9.358667000000000513e+00
1.800829000000000013e+00	9.738058000000000547e+00
1.807091999999999921e+00	1.024019799999999947e+01
1.813002000000000002e+00	1.083300700000000028e+01
1.818338000000000010e+00	1.148440699999999914e+01
1.822912000000000088e+00	1.215942399999999957e+01
1.826850000000000085e+00	1.278816499999999934e+01
1.830492000000000008e+00	1.327759499999999981e+01
1.834179999999999922e+00	1.353426400000000029e+01
1.838259000000000087e+00	1.346471999999999980e+01
1.843048000000000020e+00	1.298349299999999928e+01
1.848562000000000038e+00	1.211716999999999977e+01
1.854589999999999961e+00	1.097500699999999973e+01
1.860913000000000039e+00	9.668188999999999922e+00
1.867313999999999918e+00	8.307900000000000063e+00
1.873583999999999916e+00	7.003186000000000355e+00
1.879660000000000108e+00	5.827784000000000297e+00
1.885596000000000050e+00	4.826463000000000392e+00
1.891450999999999993e+00	4.043140000000000178e+00
1.897281999999999913e+00	3.521729000000000109e+00
1.903146999999999922e+00	3.303938000000000041e+00
1.909062999999999954e+00	3.388253999999999877e+00
1.915018000000000109e+00	3.733748999999999985e+00
1.920995999999999926e+00	4.298053000000000345e+00
1.926979999999999915e+00	5.038797999999999888e+00
1.932955999999999896e+00	5.913141000000000425e+00
1.938917999999999919e+00	6.867149000000000392e+00
1.944868999999999959e+00	7.835641999999999996e+00
1.950814000000000048e+00	8.752945000000000420e+00
1.956757999999999997e+00	9.553378999999999621e+00
1.962703000000000086e+00	1.017257900000000070e+01
1.968652000000000069e+00	1.058393900000000087e+01
1.974604000000000026e+00	1.080336600000000047e+01
1.980558000000000041e+00	1.084903899999999943e+01
1.986512000000000056e+00	1.073913300000000071e+01
1.992466000000000070e+00	1.049223500000000087e+01
1.998418000000000028e+00	1.014159100000000002e+01
2.004370000000000207e+00	9.738794999999999646e+00
2.010321999999999942e+00	9.336598999999999648e+00
2.016272999999999982e+00	8.987757999999999470e+00
2.022224000000000022e+00	8.744381000000000626e+00
2.028176000000000201e+00	8.629213000000000022e+00
2.034127999999999936e+00	8.624114000000000502e+00
2.040080000000000116e+00	8.707919000000000409e+00
2.046031999999999851e+00	8.859462999999999866e+00
2.051984000000000030e+00	9.057425999999999533e+00
2.057935000000000070e+00	9.271171000000000717e+00
2.063886999999999805e+00	9.455619999999999692e+00
2.069837999999999845e+00	9.564453999999999567e+00
2.075791000000000164e+00	9.551353000000000648e+00
2.081744000000000039e+00	9.370397999999999783e+00
2.087698000000000054e+00	9.008535000000000181e+00
2.093652000000000069e+00	8.509494000000000113e+00
2.099604999999999944e+00	7.922641999999999740e+00
2.105554999999999843e+00	7.297343999999999831e+00
2.111501000000000072e+00	6.682915999999999634e+00
2.117445000000000022e+00	6.122472000000000136e+00
2.123388999999999971e+00	5.647170000000000023e+00
2.129338000000000175e+00	5.286806999999999590e+00
2.135295999999999861e+00	5.071178999999999881e+00
2.141268000000000171e+00	5.030000000000000249e+00
2.147250999999999799e+00	5.178010999999999697e+00
2.153232000000000035e+00	5.497659999999999769e+00
2.159196000000000115e+00	5.967194000000000109e+00
2.165125000000000188e+00	6.564858000000000082e+00
2.171006000000000213e+00	7.268908999999999843e+00
2.176841000000000026e+00	8.060848999999999265e+00
2.182682999999999929e+00	8.930023999999999518e+00
2.188588999999999896e+00	9.866939999999999600e+00
2.194618000000000180e+00	1.086210499999999968e+01
2.200828000000000007e+00	1.190599100000000021e+01
2.207209999999999894e+00	1.296820699999999960e+01
2.213579000000000185e+00	1.396175700000000042e+01
2.219714999999999883e+00	1.479013699999999965e+01
2.225403000000000020e+00	1.535684400000000061e+01
2.230423000000000044e+00	1.556540299999999988e+01
2.234681000000000139e+00	1.536490799999999979e+01
2.238447999999999993e+00	1.484352499999999964e+01
2.242068000000000172e+00	1.411585000000000001e+01
2.245884000000000214e+00	1.329648300000000027e+01
2.250237999999999960e+00	1.250001999999999924e+01
2.255365999999999982e+00	1.182119499999999945e+01
2.261130000000000084e+00	1.128643300000000060e+01
2.267313000000000134e+00	1.090749100000000027e+01
2.273696000000000161e+00	1.069612300000000005e+01
2.280063999999999869e+00	1.066408299999999976e+01
2.286243999999999943e+00	1.082845599999999919e+01
2.292251999999999956e+00	1.122700999999999993e+01
2.298146000000000022e+00	1.190253000000000050e+01
2.303983000000000114e+00	1.289780299999999968e+01
2.309822000000000042e+00	1.425561199999999928e+01
2.315710999999999853e+00	1.597896599999999978e+01
2.321645999999999876e+00	1.789662099999999967e+01
2.327612999999999932e+00	1.978962500000000091e+01
2.333594999999999864e+00	2.143902500000000089e+01
2.339576999999999796e+00	2.262587100000000007e+01
2.345546999999999827e+00	2.317230500000000148e+01
2.351503999999999817e+00	2.310382500000000050e+01
2.357451999999999881e+00	2.250871599999999972e+01
2.363395999999999830e+00	2.147527699999999840e+01
2.369339000000000084e+00	2.009180999999999884e+01
2.375286000000000008e+00	1.845273099999999999e+01
2.381237000000000048e+00	1.668666699999999992e+01
2.387189999999999923e+00	1.493414199999999958e+01
2.393143999999999938e+00	1.333568900000000035e+01
2.399097999999999953e+00	1.203184300000000029e+01
2.405050999999999828e+00	1.115675700000000070e+01
2.411004000000000147e+00	1.080412699999999937e+01
2.416955999999999882e+00	1.105184299999999986e+01
2.422906999999999922e+00	1.197775900000000071e+01
2.428857999999999961e+00	1.365973100000000073e+01
2.434809000000000001e+00	1.615328799999999987e+01
2.440760000000000041e+00	1.935319600000000051e+01
2.446712000000000220e+00	2.308378199999999936e+01
2.452663999999999955e+00	2.716907199999999989e+01
2.458616999999999830e+00	3.143309199999999848e+01
2.464570999999999845e+00	3.567388799999999804e+01
2.470524999999999860e+00	3.947621300000000133e+01
2.476478000000000179e+00	4.232022299999999859e+01
2.482429999999999914e+00	4.368535399999999669e+01
2.488377999999999979e+00	4.305104000000000042e+01
2.494323000000000068e+00	3.998468199999999939e+01
2.500265999999999877e+00	3.488025700000000029e+01
2.506212000000000106e+00	2.858462600000000009e+01
2.512164999999999981e+00	2.194929300000000083e+01
2.518129000000000062e+00	1.582576000000000072e+01
2.524108000000000018e+00	1.100588800000000056e+01
2.530091999999999786e+00	7.636669999999999625e+00
2.536067000000000071e+00	5.470971999999999724e+00
2.542015999999999831e+00	4.256009999999999849e+00
2.547924000000000078e+00	3.738999999999999879e+00
2.553779000000000021e+00	3.672806000000000015e+00
2.559610000000000163e+00	3.881019999999999914e+00
2.565475000000000172e+00	4.235388999999999626e+00
2.571432000000000162e+00	4.608583000000000318e+00
2.577539999999999942e+00	4.873272000000000048e+00
2.583845999999999865e+00	4.913854999999999862e+00
2.590249000000000024e+00	4.786088999999999594e+00
2.596534000000000120e+00	4.675552999999999848e+00
2.602485000000000159e+00	4.771048000000000400e+00
2.607883000000000173e+00	5.261375000000000135e+00
2.612527000000000044e+00	6.323959999999999582e+00
2.616509000000000196e+00	7.940535999999999817e+00
2.620163999999999938e+00	9.927984999999999616e+00
2.623834000000000000e+00	1.209803800000000074e+01
2.627863000000000060e+00	1.426242399999999932e+01
2.632579999999999920e+00	1.624040700000000115e+01
2.638037000000000187e+00	1.800552300000000017e+01
2.644026000000000209e+00	1.967574400000000168e+01
2.650332000000000132e+00	2.137460400000000149e+01
2.656734000000000151e+00	2.322563900000000103e+01
2.663022999999999918e+00	2.533869899999999831e+01
2.669115000000000126e+00	2.748537999999999926e+01
2.675060999999999911e+00	2.908537799999999862e+01
2.680919999999999970e+00	2.954198299999999833e+01
2.686751000000000111e+00	2.825847999999999871e+01
2.692610999999999866e+00	2.466162399999999977e+01
2.698523999999999923e+00	1.888985699999999923e+01
2.704476000000000102e+00	1.190441099999999963e+01
2.710452000000000083e+00	4.712349999999999817e+00
2.716435999999999851e+00	-1.679260999999999893e+00
2.722412999999999972e+00	-6.280850000000000044e+00
2.728375999999999912e+00	-8.766826999999999259e+00
2.734328000000000092e+00	-9.665022999999999698e+00
2.740273999999999877e+00	-9.559395999999999560e+00
2.746217000000000130e+00	-9.033905999999999992e+00
2.752162000000000219e+00	-8.665934999999999278e+00
2.758110999999999979e+00	-8.712445999999999913e+00
2.764063000000000159e+00	-8.972208999999999435e+00
2.770016000000000034e+00	-9.208759999999999835e+00
2.775971000000000188e+00	-9.185634999999999550e+00
2.781924000000000063e+00	-8.668385999999999925e+00
2.787876999999999938e+00	-7.552837000000000245e+00
2.793829000000000118e+00	-5.942271999999999998e+00
2.799780999999999853e+00	-3.958477999999999941e+00
2.805731999999999893e+00	-1.723246000000000056e+00
2.811682999999999932e+00	6.416079999999999561e-01
2.817635000000000112e+00	3.011839000000000155e+00
2.823586999999999847e+00	5.258890000000000065e+00
2.829539000000000026e+00	7.253760999999999903e+00
2.835491000000000206e+00	8.867452000000000112e+00
2.841442999999999941e+00	9.970736999999999739e+00
2.847395000000000120e+00	1.040519300000000058e+01
2.853346999999999856e+00	9.954485000000000028e+00
2.859299000000000035e+00	8.395457999999999643e+00
2.865251000000000214e+00	5.504954999999999821e+00
2.871201999999999810e+00	1.061571999999999960e+00
2.877153999999999989e+00	-4.793959000000000081e+00
2.883106000000000169e+00	-1.111749499999999991e+01
2.889057999999999904e+00	-1.685688999999999993e+01
2.895010000000000083e+00	-2.095999700000000132e+01
2.900961999999999819e+00	-2.237611400000000117e+01
2.906913999999999998e+00	-2.058503699999999981e+01
2.912866000000000177e+00	-1.638582099999999997e+01
2.918817999999999913e+00	-1.077913799999999966e+01
2.924770000000000092e+00	-4.765659999999999563e+00
2.930721000000000132e+00	6.540219999999999922e-01
2.936672999999999867e+00	4.544259000000000270e+00
2.942625000000000046e+00	6.150794999999999568e+00
2.948576999999999781e+00	4.750803999999999583e+00
2.954528999999999961e+00	-3.785439999999999916e-01
2.960481000000000140e+00	-9.959806000000000381e+00
2.966432999999999875e+00	-2.407291800000000137e+01
2.972385000000000055e+00	-4.077760099999999710e+01
2.978336999999999790e+00	-5.773761100000000113e+01
2.984288999999999970e+00	-7.261670700000000522e+01
2.990240000000000009e+00	-8.307864399999999705e+01
2.996192000000000188e+00	-8.678717899999999474e+01
3.002143999999999924e+00	-8.140606999999999971e+01
3.008096000000000103e+00	-6.459907400000000166e+01
3.014047999999999838e+00	-3.402994600000000247e+01
3.020000000000000018e+00	1.263755500000000076e+01
