1.199999999999999956e-01	4.817661966205143642e+00
1.249780000000000058e-01	3.259644876776371714e+00
1.305999999999999939e-01	2.317917610534179662e+00
1.367059999999999942e-01	1.374794212895075196e+00
1.431360000000000132e-01	5.997863545650399253e-01
1.497320000000000040e-01	9.991659421026546917e-02
1.563350000000000017e-01	4.095798752186823877e-01
1.627850000000000130e-01	3.133396883534023125e-01
1.689219999999999888e-01	1.751528311008703487e-01
1.745889999999999942e-01	2.403285313732156647e-01
1.796250000000000069e-01	2.350883939174505111e-01
1.839349999999999874e-01	8.557515174906827893e-01
1.877439999999999942e-01	1.088824268537602613e+00
1.913779999999999926e-01	1.339738677819682700e+00
1.951660000000000061e-01	1.338527000529187605e+00
1.994340000000000002e-01	1.769644009586075262e+00
2.044499999999999929e-01	1.611550123759024178e+00
2.101250000000000062e-01	1.970269276799791580e+00
2.162479999999999958e-01	2.176569830843359199e+00
2.226049999999999973e-01	1.888097405742528823e+00
2.289819999999999911e-01	2.126332367033749726e+00
2.351930000000000132e-01	2.063973868077153995e+00
2.412249999999999950e-01	1.714388744211707172e+00
2.471349999999999936e-01	1.889973340142630853e+00
2.529799999999999827e-01	1.864172740803851536e+00
2.588170000000000193e-01	1.793502158707213967e+00
2.646970000000000156e-01	1.774039936524931305e+00
2.706259999999999777e-01	1.691656969067778959e+00
2.765880000000000005e-01	2.022053689938488663e+00
2.825679999999999858e-01	1.948824982453580601e+00
2.885510000000000019e-01	2.169553795685755126e+00
2.945229999999999793e-01	1.849323552353202338e+00
3.004809999999999981e-01	1.982670744209462654e+00
3.064310000000000089e-01	2.012033100137556652e+00
3.123750000000000138e-01	1.845037882968794118e+00
3.183190000000000186e-01	1.989755107049255844e+00
3.242650000000000254e-01	1.710299001672801467e+00
3.302149999999999808e-01	1.825122216717673940e+00
3.361680000000000224e-01	1.614214376340466162e+00
3.421210000000000084e-01	2.035479655848242420e+00
3.480759999999999965e-01	2.120809092374954297e+00
3.540289999999999826e-01	2.413124698910382282e+00
3.599809999999999954e-01	2.401164193139325942e+00
3.659330000000000083e-01	2.220254035123025105e+00
3.718839999999999923e-01	2.402637818034106587e+00
3.778360000000000052e-01	2.443370561049493350e+00
3.837869999999999893e-01	2.236014174731912885e+00
3.897390000000000021e-01	2.178911220638359403e+00
3.956910000000000149e-01	2.092040582121273751e+00
4.016429999999999723e-01	2.287186920841945525e+00
4.075949999999999851e-01	1.937547453523300822e+00
4.135469999999999979e-01	2.066288619890589207e+00
4.194979999999999820e-01	1.653509049287611887e+00
4.254499999999999948e-01	2.026529561664576651e+00
4.314009999999999789e-01	2.086660599749123879e+00
4.373540000000000205e-01	2.044460251725162436e+00
4.433079999999999798e-01	2.042833512108159333e+00
4.492619999999999947e-01	2.008189039368502460e+00
4.552160000000000095e-01	1.828853186699251010e+00
4.611680000000000224e-01	1.835798795517193938e+00
4.671170000000000044e-01	1.820794075084773089e+00
4.730619999999999825e-01	2.296601068894331910e+00
4.790059999999999873e-01	2.609942264716753613e+00
4.849510000000000209e-01	3.223054036463441463e+00
4.909020000000000050e-01	3.736291190311504362e+00
4.968629999999999991e-01	4.214110480534338343e+00
5.028390000000000359e-01	4.799531344819969014e+00
5.088230000000000253e-01	5.772427452846709883e+00
5.148009999999999531e-01	5.662253405260214478e+00
5.207570000000000254e-01	6.574651330201399801e+00
5.266750000000000043e-01	6.780519177997775593e+00
5.325410000000000421e-01	6.877313005889786446e+00
5.383719999999999617e-01	6.617687426493335856e+00
5.442249999999999588e-01	6.701184653767960242e+00
5.501580000000000359e-01	6.125977477264250126e+00
5.562289999999999734e-01	6.241120956553116272e+00
5.624930000000000208e-01	5.210596737514494592e+00
5.688929999999999820e-01	4.834640721322974066e+00
5.752220000000000111e-01	3.978097312064122981e+00
5.812610000000000277e-01	3.540364392389760528e+00
5.867949999999999555e-01	2.933684411652964119e+00
5.916080000000000227e-01	2.651958234464234287e+00
5.957040000000000113e-01	2.629158872819790993e+00
5.993990000000000151e-01	2.064138612995689570e+00
6.030370000000000452e-01	2.291244480301517061e+00
6.069609999999999728e-01	1.273772852631161578e+00
6.115110000000000268e-01	1.954690404885506716e+00
6.168270000000000142e-01	2.027023766761232970e+00
6.227219999999999978e-01	2.029658974425836870e+00
6.289789999999999548e-01	1.919845051745563413e+00
6.353790000000000271e-01	1.903326310233029117e+00
6.417070000000000274e-01	2.183493683437714328e+00
6.478369999999999962e-01	2.594334255662047006e+00
6.538089999999999735e-01	2.512623482677573072e+00
6.596819999999999906e-01	2.340035723748570273e+00
6.655140000000000500e-01	2.989896128477367743e+00
6.713630000000000431e-01	2.587800565288781662e+00
6.772660000000000347e-01	2.874166075111047824e+00
6.832110000000000127e-01	2.926415817080847859e+00
6.891829999999999901e-01	2.560314032224496383e+00
6.951669999999999794e-01	2.853785333594079709e+00
7.011469999999999647e-01	2.436377166507579073e+00
7.071119999999999628e-01	2.640741937123427086e+00
7.130670000000000064e-01	2.348599560373594741e+00
7.190130000000000132e-01	2.553870816165695778e+00
7.249569999999999625e-01	2.546661617075782313e+00
7.309010000000000229e-01	2.729807465909795283e+00
7.368489999999999762e-01	2.572224270355614628e+00
7.428000000000000158e-01	2.277139862230408429e+00
7.487530000000000019e-01	2.431259260730442406e+00
7.547080000000000455e-01	2.545887020395928069e+00
7.606619999999999493e-01	2.452629999346287448e+00
7.666140000000000176e-01	2.227945276974185429e+00
7.725670000000000037e-01	2.228183132209045514e+00
7.785180000000000433e-01	2.118535125231168603e+00
7.844689999999999719e-01	2.124902370180593802e+00
7.904210000000000402e-01	2.544734789872497238e+00
7.963729999999999976e-01	2.454349573141571650e+00
8.023249999999999549e-01	2.560985878751983691e+00
8.082770000000000232e-01	2.080335043670524797e+00
8.142289999999999806e-01	3.042775662397477099e+00
8.201800000000000201e-01	2.549751417199874304e+00
8.261319999999999775e-01	2.556395112836377770e+00
8.320830000000000171e-01	2.074045286514474284e+00
8.380349999999999744e-01	2.242491654949975377e+00
8.439870000000000427e-01	2.532245196618299943e+00
8.499400000000000288e-01	2.567256167769514263e+00
8.558940000000000436e-01	2.181545024857613146e+00
8.618479999999999475e-01	2.306258543390381277e+00
8.678010000000000446e-01	2.524608575906436503e+00
8.737519999999999731e-01	2.702736293848666982e+00
8.797000000000000375e-01	2.467417625989054564e+00
8.856439999999999868e-01	2.572971332416447598e+00
8.915870000000000184e-01	2.996305811183620271e+00
8.975349999999999717e-01	2.729116345344082983e+00
9.034900000000000153e-01	2.646912497773838080e+00
9.094569999999999599e-01	2.510784462171721909e+00
9.154379999999999740e-01	2.323646684856750522e+00
9.214210000000000456e-01	2.631719506647822282e+00
9.273909999999999654e-01	2.645778441889569343e+00
9.333329999999999682e-01	2.800017255024973117e+00
9.392300000000000093e-01	2.558589275069076852e+00
9.450749999999999984e-01	2.727848162716580038e+00
9.509090000000000042e-01	2.701189537845330335e+00
9.567890000000000006e-01	2.540589417674081751e+00
9.627750000000000474e-01	2.253096707448210445e+00
9.689229999999999787e-01	2.437885831533864511e+00
9.752680000000000238e-01	2.453540919140905441e+00
9.816639999999999810e-01	2.181726179565144808e+00
9.878930000000000211e-01	3.110782764697262337e+00
9.937399999999999567e-01	2.841855649046847176e+00
9.989850000000000119e-01	2.676380328362277794e+00
1.003457999999999961e+00	3.132060698092781426e+00
1.007338000000000067e+00	3.555287453492926630e+00
1.010966000000000031e+00	3.555936218295329798e+00
1.014685999999999977e+00	3.699315765476811180e+00
1.018841000000000108e+00	4.154854870464810723e+00
1.023735000000000062e+00	4.031585977106280083e+00
1.029328999999999938e+00	3.435794858524413797e+00
1.035408000000000106e+00	3.668906747962483283e+00
1.041754000000000069e+00	3.620069403245555151e+00
1.048148999999999997e+00	3.365473695085948069e+00
1.054391999999999996e+00	3.554001717780118863e+00
1.060446000000000000e+00	3.240546602936742016e+00
1.066368999999999900e+00	2.454286922770666735e+00
1.072216999999999976e+00	2.849034702293984367e+00
1.078049000000000035e+00	2.736193957028271395e+00
1.083920999999999912e+00	2.582514923327943634e+00
1.089842999999999895e+00	2.625261557794026590e+00
1.095801999999999943e+00	2.922652614614895228e+00
1.101780999999999899e+00	2.644806002715093030e+00
1.107765000000000111e+00	3.069571291773852018e+00
1.113739999999999952e+00	2.784393201545622976e+00
1.119699999999999918e+00	3.320143771017090462e+00
1.125650000000000039e+00	3.318004952099649074e+00
1.131594999999999906e+00	3.359380146789627375e+00
1.137537999999999938e+00	3.932775191274114235e+00
1.143483999999999945e+00	4.091944244622034432e+00
1.149432999999999927e+00	4.676201559439873812e+00
1.155386000000000024e+00	4.610037632183593637e+00
1.161338999999999899e+00	5.008416922345268141e+00
1.167294000000000054e+00	5.058571874178074523e+00
1.173246999999999929e+00	5.050062414064586669e+00
1.179200000000000026e+00	5.424083467087139176e+00
1.185151999999999983e+00	5.237130398972166034e+00
1.191103000000000023e+00	5.404224718636593927e+00
1.197054000000000062e+00	5.367714046499537872e+00
1.203006000000000020e+00	5.086263196138567366e+00
1.208957999999999977e+00	4.874565557161922413e+00
1.214909999999999934e+00	4.773425801855097461e+00
1.220861999999999892e+00	4.842644580044894731e+00
1.226814000000000071e+00	4.532984394553588814e+00
1.232765000000000111e+00	4.552758641307399934e+00
1.238717000000000068e+00	4.236587952609943031e+00
1.244668000000000108e+00	4.192343128025075139e+00
1.250620000000000065e+00	3.976454587976791188e+00
1.256572000000000022e+00	3.652316545535011283e+00
1.262526000000000037e+00	3.690001439013036677e+00
1.268480000000000052e+00	3.200681842642492558e+00
1.274434000000000067e+00	3.261923013368782875e+00
1.280386000000000024e+00	3.348489802032772467e+00
1.286335999999999924e+00	3.841467257571518079e+00
1.292281999999999931e+00	4.061155366947357237e+00
1.298224999999999962e+00	3.763013437517483073e+00
1.304170000000000051e+00	4.667947025426562924e+00
1.310119999999999951e+00	5.526585969096617035e+00
1.316079999999999917e+00	5.997420023213670959e+00
1.322052999999999923e+00	6.474397030219667393e+00
1.328036999999999912e+00	7.430764693567349255e+00
1.334017000000000008e+00	8.611697394913797154e+00
1.339976000000000056e+00	9.557401147798687546e+00
1.345900000000000096e+00	1.100952563374058535e+01
1.351774000000000031e+00	1.301439611959878739e+01
1.357607000000000008e+00	1.475508107857742779e+01
1.363453000000000026e+00	1.671838944797556792e+01
1.369372000000000034e+00	1.839938276968161546e+01
1.375421999999999922e+00	1.893461711080570709e+01
1.381658999999999970e+00	1.917785226048141212e+01
1.388052000000000064e+00	1.878749083331379310e+01
1.394403000000000059e+00	1.745155035486974882e+01
1.400492999999999988e+00	1.536081948033727151e+01
1.406104999999999938e+00	1.353358052068467998e+01
1.411021999999999998e+00	1.144500149918675191e+01
1.415195999999999898e+00	9.967990890652137281e+00
1.418924000000000074e+00	8.552988602422953335e+00
1.422549999999999981e+00	7.633503925675101165e+00
1.426417000000000046e+00	6.855000243490850131e+00
1.430868000000000029e+00	6.283375871533074530e+00
1.436091000000000006e+00	5.482859990060738653e+00
1.441923000000000066e+00	4.667237839035832003e+00
1.448144000000000098e+00	4.641121697542552660e+00
1.454538000000000109e+00	4.268876272886311440e+00
1.460887000000000047e+00	4.153461813967327387e+00
1.467041999999999957e+00	4.127398331311733948e+00
1.473030999999999979e+00	4.529367459482076086e+00
1.478914000000000062e+00	4.153655624887118591e+00
1.484749000000000096e+00	4.359340486525383973e+00
1.490591999999999917e+00	4.654280843399543066e+00
1.496488000000000040e+00	4.749732808013569674e+00
1.502428000000000097e+00	5.198618077601448562e+00
1.508397999999999906e+00	5.316855814477031039e+00
1.514380999999999977e+00	4.800093274999241544e+00
1.520361999999999991e+00	4.828594219807963661e+00
1.526329999999999965e+00	4.689277724498031041e+00
1.532284999999999897e+00	4.644860528032711322e+00
1.538232999999999961e+00	4.501742074824941930e+00
1.544175999999999993e+00	4.382712248777692388e+00
1.550119999999999942e+00	4.036728616595443242e+00
1.556068000000000007e+00	4.211577689144969661e+00
1.562019000000000046e+00	4.097629160156110117e+00
1.567971999999999921e+00	4.468517148218404067e+00
1.573925999999999936e+00	4.270162612117889722e+00
1.579879999999999951e+00	4.169962040774779943e+00
1.585833000000000048e+00	4.947758391240648201e+00
1.591785000000000005e+00	5.735097224556089834e+00
1.597736999999999963e+00	5.867941452538536495e+00
1.603688000000000002e+00	6.092024050128777013e+00
1.609639000000000042e+00	6.815591261566923187e+00
1.615590999999999999e+00	6.441794538036444528e+00
1.621542999999999957e+00	6.803151618984714766e+00
1.627494999999999914e+00	6.397742300807566451e+00
1.633447000000000093e+00	5.840984368142659200e+00
1.639399000000000051e+00	5.856897222258730551e+00
1.645350000000000090e+00	5.290012888106167210e+00
1.651302000000000048e+00	4.572818075525561632e+00
1.657253000000000087e+00	3.573752957227377181e+00
1.663205000000000044e+00	3.675153997271211281e+00
1.669157999999999920e+00	3.234023366358183438e+00
1.675111999999999934e+00	3.110566995200775509e+00
1.681065999999999949e+00	2.786547542344264716e+00
1.687019000000000046e+00	2.758051391759063442e+00
1.692971000000000004e+00	3.044234640201867848e+00
1.698919000000000068e+00	3.381246888267213091e+00
1.704863000000000017e+00	4.309269152114177714e+00
1.710806999999999967e+00	4.242994831129790256e+00
1.716752999999999973e+00	4.883480282908589487e+00
1.722706999999999988e+00	5.163689908263398465e+00
1.728671999999999986e+00	5.684550961511154910e+00
1.734652000000000083e+00	6.123056919559505040e+00
1.740636000000000072e+00	6.198665576238117758e+00
1.746609000000000078e+00	5.885154877430753828e+00
1.752555000000000085e+00	5.898663861423393939e+00
1.758458000000000077e+00	5.884199464204020735e+00
1.764308999999999905e+00	5.387767537234516624e+00
1.770140999999999964e+00	5.504345955559322157e+00
1.776011999999999924e+00	5.340619022567846486e+00
1.781979999999999897e+00	5.106326315213210343e+00
1.788105000000000055e+00	4.817630964754192391e+00
1.794426999999999994e+00	5.362038291830344861e+00
1.800829000000000013e+00	5.616657395891617277e+00
1.807091999999999921e+00	5.703795908345591137e+00
1.813002000000000002e+00	6.030830519820718827e+00
1.818338000000000010e+00	6.377293305929703671e+00
1.822912000000000088e+00	7.172641683145410063e+00
1.826850000000000085e+00	7.417170595016497003e+00
1.830492000000000008e+00	8.189740423954676274e+00
1.834179999999999922e+00	8.594569189732542469e+00
1.838259000000000087e+00	8.565913610568594905e+00
1.843048000000000020e+00	8.687853400453573016e+00
1.848562000000000038e+00	8.451342815995285918e+00
1.854589999999999961e+00	8.149789776459668289e+00
1.860913000000000039e+00	7.240336230410736817e+00
1.867313999999999918e+00	6.710712094862876675e+00
1.873583999999999916e+00	5.304633423850580343e+00
1.879660000000000108e+00	5.005628683277403290e+00
1.885596000000000050e+00	4.077764232328807914e+00
1.891450999999999993e+00	4.165710554601525395e+00
1.897281999999999913e+00	3.657527434528118793e+00
1.903146999999999922e+00	3.955946348400084744e+00
1.909062999999999954e+00	3.894318157256097201e+00
1.915018000000000109e+00	4.177561419608128546e+00
1.920995999999999926e+00	4.567565577567575197e+00
1.926979999999999915e+00	5.256549173418640919e+00
1.932955999999999896e+00	5.811143430534234433e+00
1.938917999999999919e+00	6.901979646221964693e+00
1.944868999999999959e+00	7.445364656317977392e+00
1.950814000000000048e+00	8.284815720631627300e+00
1.956757999999999997e+00	8.756213203495907038e+00
1.962703000000000086e+00	9.148193829039646729e+00
1.968652000000000069e+00	9.043585785215096706e+00
1.974604000000000026e+00	9.105211301780387956e+00
1.980558000000000041e+00	8.943874622413492403e+00
1.986512000000000056e+00	8.412727173042204853e+00
1.992466000000000070e+00	8.221612408281856688e+00
1.998418000000000028e+00	7.448274390850350812e+00
2.004370000000000207e+00	7.001589490704672514e+00
2.010321999999999942e+00	6.167925541758715546e+00
2.016272999999999982e+00	5.712495892434540146e+00
2.022224000000000022e+00	5.157433341191149268e+00
2.028176000000000201e+00	4.995648868944807752e+00
2.034127999999999936e+00	4.587335145665999647e+00
2.040080000000000116e+00	4.693036926433336475e+00
2.046031999999999851e+00	4.862500944250673918e+00
2.051984000000000030e+00	4.972956217542438218e+00
2.057935000000000070e+00	5.388196861499515933e+00
2.063886999999999805e+00	5.354169222706626208e+00
2.069837999999999845e+00	5.861183593608346065e+00
2.075791000000000164e+00	6.303860007454309411e+00
2.081744000000000039e+00	6.670638646144497308e+00
2.087698000000000054e+00	7.059865023327350997e+00
2.093652000000000069e+00	7.105917178793305311e+00
2.099604999999999944e+00	6.941875638332172471e+00
2.105554999999999843e+00	6.698877012934710606e+00
2.111501000000000072e+00	6.923786007974031875e+00
2.117445000000000022e+00	6.974027793105872064e+00
2.123388999999999971e+00	6.536937976445996057e+00
2.129338000000000175e+00	6.365627450888942107e+00
2.135295999999999861e+00	6.088727081950843889e+00
2.141268000000000171e+00	5.949020957507410223e+00
2.147250999999999799e+00	5.875148790944760613e+00
2.153232000000000035e+00	5.909280838457956264e+00
2.159196000000000115e+00	5.682828562427497232e+00
2.165125000000000188e+00	5.417339870266925317e+00
2.171006000000000213e+00	5.723135959727223110e+00
2.176841000000000026e+00	5.691148886239256299e+00
2.182682999999999929e+00	6.232919266944767500e+00
2.188588999999999896e+00	6.363355047550941279e+00
2.194618000000000180e+00	7.245285297404515212e+00
2.200828000000000007e+00	8.036601421024316849e+00
2.207209999999999894e+00	8.901115239051163641e+00
2.213579000000000185e+00	9.230052140873651112e+00
2.219714999999999883e+00	1.000260779959111268e+01
2.225403000000000020e+00	1.032741240467913535e+01
2.230423000000000044e+00	1.035285888434197155e+01
2.234681000000000139e+00	1.067907870803261616e+01
2.238447999999999993e+00	1.061400309781654805e+01
2.242068000000000172e+00	1.076223392485245789e+01
2.245884000000000214e+00	1.086574140176421288e+01
2.250237999999999960e+00	1.041503917278810754e+01
2.255365999999999982e+00	1.027337557734567319e+01
2.261130000000000084e+00	1.023488476375519873e+01
2.267313000000000134e+00	1.018300500845307255e+01
2.273696000000000161e+00	9.780699396087007003e+00
2.280063999999999869e+00	1.003813596765418126e+01
2.286243999999999943e+00	1.006020814065093560e+01
2.292251999999999956e+00	1.013531082050882759e+01
2.298146000000000022e+00	1.044049422433319663e+01
2.303983000000000114e+00	1.057879104281707505e+01
2.309822000000000042e+00	1.099605477584611535e+01
2.315710999999999853e+00	1.159400934763597490e+01
2.321645999999999876e+00	1.222283434185174578e+01
2.327612999999999932e+00	1.209557433455816167e+01
2.333594999999999864e+00	1.232899071332356833e+01
2.339576999999999796e+00	1.219867171847159604e+01
2.345546999999999827e+00	1.195220310296310551e+01
2.351503999999999817e+00	1.153651289333503804e+01
2.357451999999999881e+00	1.012878598347143289e+01
2.363395999999999830e+00	8.983675973117698277e+00
2.369339000000000084e+00	8.151583114361633520e+00
2.375286000000000008e+00	6.776725104239406328e+00
2.381237000000000048e+00	5.365391537555089130e+00
2.387189999999999923e+00	4.149855172602465281e+00
2.393143999999999938e+00	2.933102906349504657e+00
2.399097999999999953e+00	2.536030192982417830e+00
2.405050999999999828e+00	1.570690773096637516e+00
2.411004000000000147e+00	1.058692003211495480e+00
2.416955999999999882e+00	2.266654927253203944e+00
2.422906999999999922e+00	3.126364000231876883e+00
2.428857999999999961e+00	4.200085565541844979e+00
2.434809000000000001e+00	6.681075077486282154e+00
2.440760000000000041e+00	9.516620356793534796e+00
2.446712000000000220e+00	1.288055929964282065e+01
2.452663999999999955e+00	1.689885631857407589e+01
2.458616999999999830e+00	2.003105430251751429e+01
2.464570999999999845e+00	2.271195615849425309e+01
2.470524999999999860e+00	2.551257863880514876e+01
2.476478000000000179e+00	2.716767793976797662e+01
2.482429999999999914e+00	2.818862650139557147e+01
2.488377999999999979e+00	2.878132242777703098e+01
2.494323000000000068e+00	2.819462029861896468e+01
2.500265999999999877e+00	2.673349360011951603e+01
2.506212000000000106e+00	2.507754127702233760e+01
2.512164999999999981e+00	2.294611886545731494e+01
2.518129000000000062e+00	2.111276043698411442e+01
2.524108000000000018e+00	1.971840257514298855e+01
2.530091999999999786e+00	1.909640758870389021e+01
2.536067000000000071e+00	1.828291818204870367e+01
2.542015999999999831e+00	1.861917672014298475e+01
2.547924000000000078e+00	1.900540201115475014e+01
2.553779000000000021e+00	1.961724091705255901e+01
2.559610000000000163e+00	2.055050380889255379e+01
2.565475000000000172e+00	2.122298343007374655e+01
2.571432000000000162e+00	2.289398846189250136e+01
2.577539999999999942e+00	2.311341523844965451e+01
2.583845999999999865e+00	2.364855439900156853e+01
2.590249000000000024e+00	2.396598658102377399e+01
2.596534000000000120e+00	2.344483671726749918e+01
2.602485000000000159e+00	2.264137509653975400e+01
2.607883000000000173e+00	2.085044389504336948e+01
2.612527000000000044e+00	1.829773596258187851e+01
2.616509000000000196e+00	1.489686614783031615e+01
2.620163999999999938e+00	1.119358266033634131e+01
2.623834000000000000e+00	6.803108865448264986e+00
2.627863000000000060e+00	2.872216149951864583e+00
2.632579999999999920e+00	-5.877195844184643914e-01
2.638037000000000187e+00	-3.076122997294532091e+00
2.644026000000000209e+00	-5.467177842540011490e+00
2.650332000000000132e+00	-7.731515440078869261e+00
2.656734000000000151e+00	-1.002077831026680066e+01
2.663022999999999918e+00	-1.191127282641489771e+01
2.669115000000000126e+00	-1.451543180315292147e+01
2.675060999999999911e+00	-1.736764095099186989e+01
2.680919999999999970e+00	-2.005112721653905083e+01
2.686751000000000111e+00	-2.216162574871675162e+01
2.692610999999999866e+00	-2.424399524114609861e+01
2.698523999999999923e+00	-2.542005304876770211e+01
2.704476000000000102e+00	-2.629698982714278443e+01
2.710452000000000083e+00	-2.637369621070067538e+01
2.716435999999999851e+00	-2.680337820890314759e+01
2.722412999999999972e+00	-2.583553971724616360e+01
2.728375999999999912e+00	-2.526316146677488206e+01
2.734328000000000092e+00	-2.479309984092977359e+01
2.740273999999999877e+00	-2.386977403176463497e+01
2.746217000000000130e+00	-2.284435626074153092e+01
2.752162000000000219e+00	-2.284888210669125996e+01
2.758110999999999979e+00	-2.324805067994857666e+01
2.764063000000000159e+00	-2.457775526194911109e+01
2.770016000000000034e+00	-2.645465237397549529e+01
2.775971000000000188e+00	-2.979229808321211692e+01
2.781924000000000063e+00	-3.485107396241964750e+01
2.787876999999999938e+00	-4.056755612109548537e+01
2.793829000000000118e+00	-4.671482966235262779e+01
2.799780999999999853e+00	-5.224789533083005466e+01
2.805731999999999893e+00	-5.497323320126633917e+01
2.811682999999999932e+00	-5.473774680960385552e+01
2.817635000000000112e+00	-5.084335017552337632e+01
2.823586999999999847e+00	-4.504272839759376978e+01
2.829539000000000026e+00	-3.733345442888294485e+01
2.835491000000000206e+00	-2.982346975940297185e+01
2.841442999999999941e+00	-2.339040228160594026e+01
2.847395000000000120e+00	-1.847008066634523615e+01
2.853346999999999856e+00	-1.465142456260870141e+01
2.859299000000000035e+00	-1.195968813955446386e+01
2.865251000000000214e+00	-8.692321293600571153e+00
2.871201999999999810e+00	-5.030735716316450556e+00
2.877153999999999989e+00	-2.307085843584428253e-01
2.883106000000000169e+00	6.079795797695842552e+00
2.889057999999999904e+00	1.249639309443777613e+01
2.895010000000000083e+00	1.917954057812594115e+01
2.900961999999999819e+00	2.556842562884269299e+01
2.906913999999999998e+00	3.096779844393093484e+01
2.912866000000000177e+00	3.542982987791425131e+01
2.918817999999999913e+00	3.780596368200296808e+01
2.924770000000000092e+00	3.780750268867928554e+01
2.930721000000000132e+00	3.453557150056679603e+01
2.936672999999999867e+00	2.834259642694422610e+01
2.942625000000000046e+00	2.025645869659099318e+01
2.948576999999999781e+00	1.106443972454424873e+01
2.954528999999999961e+00	2.648301033913098568e+00
2.960481000000000140e+00	-4.508344594495243385e+00
2.966432999999999875e+00	-8.994507402309286803e+00
2.972385000000000055e+00	-1.096785496708719165e+01
2.978336999999999790e+00	-1.175670729575516660e+01
2.984288999999999970e+00	-9.260400068845592969e+00
2.990240000000000009e+00	-6.475293933816049119e+00
2.996192000000000188e+00	-2.681227698788857250e+00
3.002143999999999924e+00	2.463569681398814826e+00
3.008096000000000103e+00	7.101703751324675018e+00
3.014047999999999838e+00	1.211748568859862374e+01
3.020000000000000018e+00	1.677875442816066709e+01
