1.199999999999999956e-01	2.548190363188825636e+00
1.249780000000000058e-01	2.379320094853932144e+00
1.305999999999999939e-01	2.743139225016748117e+00
1.367059999999999942e-01	2.334030689220148780e+00
1.431360000000000132e-01	2.611119626861759357e+00
1.497320000000000040e-01	2.305870153116536425e+00
1.563350000000000017e-01	1.807681898623043626e+00
1.627850000000000130e-01	1.564984625299174592e+00
1.689219999999999888e-01	1.490363258331467211e+00
1.745889999999999942e-01	1.115510134668790343e+00
1.796250000000000069e-01	9.677041793090056521e-01
1.839349999999999874e-01	1.016489320985387579e+00
1.877439999999999942e-01	8.780312383869418591e-01
1.913779999999999926e-01	9.367275404817350104e-01
1.951660000000000061e-01	9.898082969617398863e-01
1.994340000000000002e-01	1.153377472181466912e+00
2.044499999999999929e-01	1.651156225599788918e+00
2.101250000000000062e-01	1.295444911872846161e+00
2.162479999999999958e-01	1.099879342365949864e+00
2.226049999999999973e-01	1.349988813892400552e+00
2.289819999999999911e-01	1.196963118111381785e+00
2.351930000000000132e-01	1.597296208326857592e+00
2.412249999999999950e-01	1.487744154405358232e+00
2.471349999999999936e-01	1.608887335561231646e+00
2.529799999999999827e-01	1.925774615928284694e+00
2.588170000000000193e-01	2.024634291806497455e+00
2.646970000000000156e-01	1.799648647536262303e+00
2.706259999999999777e-01	2.500255656584011721e+00
2.765880000000000005e-01	2.505043488909835858e+00
2.825679999999999858e-01	2.413087528565295958e+00
2.885510000000000019e-01	2.078277964801699795e+00
2.945229999999999793e-01	2.536407508286444124e+00
3.004809999999999981e-01	1.701514494453311821e+00
3.064310000000000089e-01	1.656913458692088836e+00
3.123750000000000138e-01	1.701592407197379142e+00
3.183190000000000186e-01	1.047403993938222921e+00
3.242650000000000254e-01	1.266478452783307507e+00
3.302149999999999808e-01	1.441903523581671953e+00
3.361680000000000224e-01	1.341292109569709456e+00
3.421210000000000084e-01	1.376614838589306666e+00
3.480759999999999965e-01	1.266361655891074633e+00
3.540289999999999826e-01	1.987351513180884544e+00
3.599809999999999954e-01	1.747929354494040632e+00
3.659330000000000083e-01	1.899387033716375406e+00
3.718839999999999923e-01	1.504422714565236463e+00
3.778360000000000052e-01	1.115305732763565150e+00
3.837869999999999893e-01	1.627320789308165150e+00
3.897390000000000021e-01	1.892212068526360147e+00
3.956910000000000149e-01	1.719355754548518300e+00
4.016429999999999723e-01	2.156584629579000101e+00
4.075949999999999851e-01	2.036524113087251120e+00
4.135469999999999979e-01	2.045136508112632256e+00
4.194979999999999820e-01	1.425347421109767199e+00
4.254499999999999948e-01	1.264472000640495697e+00
4.314009999999999789e-01	8.059729523167975529e-01
4.373540000000000205e-01	6.812111336575639164e-01
4.433079999999999798e-01	7.162942244085976906e-01
4.492619999999999947e-01	6.469279979193105490e-01
4.552160000000000095e-01	1.035069962056916371e+00
4.611680000000000224e-01	1.376669654643666307e+00
4.671170000000000044e-01	1.690127392323014899e+00
4.730619999999999825e-01	1.847362783830610811e+00
4.790059999999999873e-01	2.838143062267481032e+00
4.849510000000000209e-01	3.411500875254365628e+00
4.909020000000000050e-01	3.264074033870849600e+00
4.968629999999999991e-01	3.859893957623353078e+00
5.028390000000000359e-01	4.423746668467643417e+00
5.088230000000000253e-01	4.494906839812196075e+00
5.148009999999999531e-01	5.188653952697835692e+00
5.207570000000000254e-01	5.768436029632908912e+00
5.266750000000000043e-01	5.863071953098629940e+00
5.325410000000000421e-01	6.333185013133109109e+00
5.383719999999999617e-01	6.332970411285374190e+00
5.442249999999999588e-01	6.214391601854284630e+00
5.501580000000000359e-01	5.866196239305050852e+00
5.562289999999999734e-01	5.909378155216185924e+00
5.624930000000000208e-01	5.036152244455817772e+00
5.688929999999999820e-01	4.567819314275839204e+00
5.752220000000000111e-01	3.949875650136757343e+00
5.812610000000000277e-01	3.230448477730072820e+00
5.867949999999999555e-01	3.023059326342441899e+00
5.916080000000000227e-01	2.720286844641783386e+00
5.957040000000000113e-01	2.117917699716577395e+00
5.993990000000000151e-01	1.996588701136838617e+00
6.030370000000000452e-01	1.737658201802233293e+00
6.069609999999999728e-01	2.454153396379520125e+00
6.115110000000000268e-01	1.800135391399176443e+00
6.168270000000000142e-01	2.048133410365725826e+00
6.227219999999999978e-01	1.512811382037688279e+00
6.289789999999999548e-01	1.765522209901755346e+00
6.353790000000000271e-01	1.738407352052093735e+00
6.417070000000000274e-01	1.495701997794472105e+00
6.478369999999999962e-01	1.241019107751319295e+00
6.538089999999999735e-01	1.682909558812628159e+00
6.596819999999999906e-01	1.522517814617996734e+00
6.655140000000000500e-01	1.457551199307985712e+00
6.713630000000000431e-01	1.496899837664591892e+00
6.772660000000000347e-01	1.439128715368718447e+00
6.832110000000000127e-01	1.678187612711943943e+00
6.891829999999999901e-01	1.617924094473790708e+00
6.951669999999999794e-01	1.792670965232812552e+00
7.011469999999999647e-01	2.057261580287852887e+00
7.071119999999999628e-01	2.010731161331345884e+00
7.130670000000000064e-01	1.878888872635269047e+00
7.190130000000000132e-01	1.891519887278560130e+00
7.249569999999999625e-01	1.899465141264937929e+00
7.309010000000000229e-01	2.197260331602600925e+00
7.368489999999999762e-01	1.901921287231245650e+00
7.428000000000000158e-01	2.231999325345126017e+00
7.487530000000000019e-01	2.221289602547900532e+00
7.547080000000000455e-01	2.132100034469917915e+00
7.606619999999999493e-01	2.438644939533099354e+00
7.666140000000000176e-01	2.329099709481076363e+00
7.725670000000000037e-01	2.427075644450002567e+00
7.785180000000000433e-01	2.354317245299425210e+00
7.844689999999999719e-01	2.379164798284853166e+00
7.904210000000000402e-01	2.741109003926760490e+00
7.963729999999999976e-01	2.085583315980430452e+00
8.023249999999999549e-01	2.354732349613539277e+00
8.082770000000000232e-01	2.576855092240209810e+00
8.142289999999999806e-01	2.315439649773356923e+00
8.201800000000000201e-01	2.511743719255289609e+00
8.261319999999999775e-01	2.495550128768318832e+00
8.320830000000000171e-01	2.113159470538639617e+00
8.380349999999999744e-01	2.325428188178800148e+00
8.439870000000000427e-01	2.250533922658401131e+00
8.499400000000000288e-01	1.959316296177034289e+00
8.558940000000000436e-01	2.414075724316230964e+00
8.618479999999999475e-01	2.808939258803555106e+00
8.678010000000000446e-01	2.753361373956260572e+00
8.737519999999999731e-01	2.712857821659497404e+00
8.797000000000000375e-01	3.014004519931663850e+00
8.856439999999999868e-01	3.172478702479044177e+00
8.915870000000000184e-01	3.161016033597821462e+00
8.975349999999999717e-01	3.133070027992453710e+00
9.034900000000000153e-01	2.456002827456530646e+00
9.094569999999999599e-01	2.856816970825554858e+00
9.154379999999999740e-01	2.672803723897364314e+00
9.214210000000000456e-01	2.310422991975154883e+00
9.273909999999999654e-01	2.322231690292152262e+00
9.333329999999999682e-01	2.236824656724681670e+00
9.392300000000000093e-01	2.207104547460705835e+00
9.450749999999999984e-01	2.512388549199244370e+00
9.509090000000000042e-01	2.583430598485332297e+00
9.567890000000000006e-01	2.367178233528203890e+00
9.627750000000000474e-01	2.663862777223131140e+00
9.689229999999999787e-01	2.534989081540477418e+00
9.752680000000000238e-01	2.614457594204254498e+00
9.816639999999999810e-01	2.819605501530213054e+00
9.878930000000000211e-01	2.464387056833587497e+00
9.937399999999999567e-01	2.772850081673882361e+00
9.989850000000000119e-01	2.711633369362928647e+00
1.003457999999999961e+00	2.511303989726967334e+00
1.007338000000000067e+00	2.537466949674221706e+00
1.010966000000000031e+00	2.727117977736125631e+00
1.014685999999999977e+00	2.529669620988142409e+00
1.018841000000000108e+00	3.026369121045958011e+00
1.023735000000000062e+00	3.001972074602664353e+00
1.029328999999999938e+00	2.484997085877311385e+00
1.035408000000000106e+00	2.719588373419012051e+00
1.041754000000000069e+00	2.873454296596715363e+00
1.048148999999999997e+00	2.770942247594713415e+00
1.054391999999999996e+00	2.399688847460613950e+00
1.060446000000000000e+00	2.614629470698273117e+00
1.066368999999999900e+00	2.887606340778475555e+00
1.072216999999999976e+00	1.821568079058403899e+00
1.078049000000000035e+00	2.007470701872950514e+00
1.083920999999999912e+00	1.779181216061430648e+00
1.089842999999999895e+00	1.928969413247601850e+00
1.095801999999999943e+00	2.045353019125517147e+00
1.101780999999999899e+00	1.984802401657889792e+00
1.107765000000000111e+00	1.881592430162237761e+00
1.113739999999999952e+00	2.456809296232226547e+00
1.119699999999999918e+00	2.038314116610191018e+00
1.125650000000000039e+00	2.751737635186806141e+00
1.131594999999999906e+00	3.229840372005232219e+00
1.137537999999999938e+00	3.879242242878715441e+00
1.143483999999999945e+00	4.404417757891959440e+00
1.149432999999999927e+00	4.336893520990545703e+00
1.155386000000000024e+00	4.886192113141063942e+00
1.161338999999999899e+00	4.993550957661987866e+00
1.167294000000000054e+00	4.837908209613227761e+00
1.173246999999999929e+00	5.240891481216303660e+00
1.179200000000000026e+00	5.166940029779435228e+00
1.185151999999999983e+00	5.024700217957196458e+00
1.191103000000000023e+00	5.067122269577339466e+00
1.197054000000000062e+00	4.944076584649115702e+00
1.203006000000000020e+00	4.865781535767117916e+00
1.208957999999999977e+00	4.435975248605270593e+00
1.214909999999999934e+00	4.669331239663633504e+00
1.220861999999999892e+00	4.553339783234273241e+00
1.226814000000000071e+00	4.410724053080516072e+00
1.232765000000000111e+00	4.077137122743395459e+00
1.238717000000000068e+00	4.047587181708633963e+00
1.244668000000000108e+00	3.695443184129703962e+00
1.250620000000000065e+00	3.695641940074411824e+00
1.256572000000000022e+00	3.270540107683257425e+00
1.262526000000000037e+00	3.539733305434230370e+00
1.268480000000000052e+00	3.276685386772147712e+00
1.274434000000000067e+00	3.381296864030372884e+00
1.280386000000000024e+00	3.538398351374812734e+00
1.286335999999999924e+00	3.703036029998214573e+00
1.292281999999999931e+00	4.106697806046067711e+00
1.298224999999999962e+00	4.801803166707326653e+00
1.304170000000000051e+00	5.122839784489282344e+00
1.310119999999999951e+00	5.989164050085874713e+00
1.316079999999999917e+00	6.875426145806743605e+00
1.322052999999999923e+00	7.563189490339888188e+00
1.328036999999999912e+00	8.912473458266608972e+00
1.334017000000000008e+00	9.741287194168748442e+00
1.339976000000000056e+00	1.120922000683089159e+01
1.345900000000000096e+00	1.349224570624467390e+01
1.351774000000000031e+00	1.523159947528327329e+01
1.357607000000000008e+00	1.799474229157061700e+01
1.363453000000000026e+00	2.089330364775180016e+01
1.369372000000000034e+00	2.264170215312925549e+01
1.375421999999999922e+00	2.411384272351921254e+01
1.381658999999999970e+00	2.417333915885387796e+01
1.388052000000000064e+00	2.390743102784911756e+01
1.394403000000000059e+00	2.196236820901277298e+01
1.400492999999999988e+00	1.965057046877594260e+01
1.406104999999999938e+00	1.762270387337098398e+01
1.411021999999999998e+00	1.470662461170875090e+01
1.415195999999999898e+00	1.245241912210448731e+01
1.418924000000000074e+00	1.087381133363113861e+01
1.422549999999999981e+00	9.002060110454165098e+00
1.426417000000000046e+00	7.832316039905969696e+00
1.430868000000000029e+00	6.737914898355343851e+00
1.436091000000000006e+00	5.840789870283543905e+00
1.441923000000000066e+00	5.320736204157416438e+00
1.448144000000000098e+00	4.783014287487701743e+00
1.454538000000000109e+00	4.464877280973557738e+00
1.460887000000000047e+00	4.568050881920502349e+00
1.467041999999999957e+00	4.241631772017485424e+00
1.473030999999999979e+00	4.116835565184095103e+00
1.478914000000000062e+00	4.212775075065112063e+00
1.484749000000000096e+00	4.886535749741429235e+00
1.490591999999999917e+00	5.046460371958854552e+00
1.496488000000000040e+00	5.399063771111659804e+00
1.502428000000000097e+00	5.639663702864705641e+00
1.508397999999999906e+00	6.151485112875373140e+00
1.514380999999999977e+00	6.095791212143116589e+00
1.520361999999999991e+00	6.214705601180988026e+00
1.526329999999999965e+00	5.829895813137605742e+00
1.532284999999999897e+00	5.117644638060647289e+00
1.538232999999999961e+00	4.685532701208432904e+00
1.544175999999999993e+00	4.343030948532480728e+00
1.550119999999999942e+00	3.785921443268412734e+00
1.556068000000000007e+00	3.363814350300164513e+00
1.562019000000000046e+00	3.070506466579689953e+00
1.567971999999999921e+00	2.959428760192682084e+00
1.573925999999999936e+00	2.968143134001600014e+00
1.579879999999999951e+00	3.321867088515842781e+00
1.585833000000000048e+00	3.036442083741710540e+00
1.591785000000000005e+00	3.728210258387695042e+00
1.597736999999999963e+00	4.060336651877507030e+00
1.603688000000000002e+00	5.022512145869021616e+00
1.609639000000000042e+00	5.337360361101772810e+00
1.615590999999999999e+00	5.955389386056337386e+00
1.621542999999999957e+00	6.726095495620040055e+00
1.627494999999999914e+00	7.046222987914588565e+00
1.633447000000000093e+00	7.519373607670871706e+00
1.639399000000000051e+00	8.020011376241180656e+00
1.645350000000000090e+00	8.447344871308693826e+00
1.651302000000000048e+00	8.343067251574160181e+00
1.657253000000000087e+00	8.488384411152107845e+00
1.663205000000000044e+00	7.822211352233965798e+00
1.669157999999999920e+00	7.096270627659126973e+00
1.675111999999999934e+00	6.867225779714648759e+00
1.681065999999999949e+00	6.138195224158183194e+00
1.687019000000000046e+00	5.404799609192427745e+00
1.692971000000000004e+00	5.503991434250570691e+00
1.698919000000000068e+00	4.728773940887954552e+00
1.704863000000000017e+00	4.820409145749589896e+00
1.710806999999999967e+00	4.184633991919184837e+00
1.716752999999999973e+00	4.100684397143925075e+00
1.722706999999999988e+00	4.561911359113437037e+00
1.728671999999999986e+00	4.824993174676700747e+00
1.734652000000000083e+00	5.239647178017931672e+00
1.740636000000000072e+00	5.760243413000735835e+00
1.746609000000000078e+00	6.073789230564219821e+00
1.752555000000000085e+00	6.517118827958946703e+00
1.758458000000000077e+00	6.595182434931938786e+00
1.764308999999999905e+00	6.778711370442399797e+00
1.770140999999999964e+00	7.378384170667493969e+00
1.776011999999999924e+00	8.230642224765668757e+00
1.781979999999999897e+00	8.073559740144686359e+00
1.788105000000000055e+00	8.564477189687130121e+00
1.794426999999999994e+00	8.680043000312426926e+00
1.800829000000000013e+00	8.801057396680281641e+00
1.807091999999999921e+00	8.979418565746843939e+00
1.813002000000000002e+00	8.506526708128696157e+00
1.818338000000000010e+00	8.332390956304710272e+00
1.822912000000000088e+00	8.112776082271627942e+00
1.826850000000000085e+00	8.399783746182645672e+00
1.830492000000000008e+00	8.063501361775342602e+00
1.834179999999999922e+00	7.865167962686619774e+00
1.838259000000000087e+00	8.148595164269822888e+00
1.843048000000000020e+00	7.510698771861974876e+00
1.848562000000000038e+00	7.694256876857436644e+00
1.854589999999999961e+00	8.171130991854932191e+00
1.860913000000000039e+00	8.149998213845151440e+00
1.867313999999999918e+00	8.134087807395431469e+00
1.873583999999999916e+00	8.133743142096994561e+00
1.879660000000000108e+00	8.515944301617322409e+00
1.885596000000000050e+00	8.606498183609582853e+00
1.891450999999999993e+00	7.935940571998925996e+00
1.897281999999999913e+00	8.072886276291836083e+00
1.903146999999999922e+00	8.244473096706403936e+00
1.909062999999999954e+00	8.244549886897242885e+00
1.915018000000000109e+00	8.200386112942304351e+00
1.920995999999999926e+00	8.223995282673708829e+00
1.926979999999999915e+00	7.874662528311269227e+00
1.932955999999999896e+00	7.571792851822067405e+00
1.938917999999999919e+00	8.022098427477992288e+00
1.944868999999999959e+00	7.969837139445075991e+00
1.950814000000000048e+00	7.704067868597185509e+00
1.956757999999999997e+00	7.771332569592931172e+00
1.962703000000000086e+00	7.647791723363771332e+00
1.968652000000000069e+00	7.952559433647351739e+00
1.974604000000000026e+00	7.769854595145500475e+00
1.980558000000000041e+00	8.180190810754799813e+00
1.986512000000000056e+00	8.475267995311629221e+00
1.992466000000000070e+00	8.372024787740295793e+00
1.998418000000000028e+00	8.358057615849977751e+00
2.004370000000000207e+00	8.042504495588699953e+00
2.010321999999999942e+00	8.526998922788308732e+00
2.016272999999999982e+00	7.754865303121839304e+00
2.022224000000000022e+00	8.432311023624944113e+00
2.028176000000000201e+00	8.150173987674426357e+00
2.034127999999999936e+00	8.360931986619338119e+00
2.040080000000000116e+00	8.593471017383061294e+00
2.046031999999999851e+00	8.785759690276691458e+00
2.051984000000000030e+00	8.217991338484987196e+00
2.057935000000000070e+00	8.474954655521182545e+00
2.063886999999999805e+00	8.612943434379857877e+00
2.069837999999999845e+00	8.129098910068089268e+00
2.075791000000000164e+00	7.951731464046569720e+00
2.081744000000000039e+00	8.081919669550460483e+00
2.087698000000000054e+00	7.790198586215732135e+00
2.093652000000000069e+00	7.446021741572618424e+00
2.099604999999999944e+00	7.302997377158451542e+00
2.105554999999999843e+00	6.531417816170479895e+00
2.111501000000000072e+00	6.946018296430298555e+00
2.117445000000000022e+00	6.730968637218323281e+00
2.123388999999999971e+00	6.561429902234722888e+00
2.129338000000000175e+00	6.695658396284236424e+00
2.135295999999999861e+00	6.113459637695739524e+00
2.141268000000000171e+00	5.601459063845237729e+00
2.147250999999999799e+00	6.235883035862737067e+00
2.153232000000000035e+00	5.832560726956501185e+00
2.159196000000000115e+00	5.809364438672100839e+00
2.165125000000000188e+00	6.148760980020372635e+00
2.171006000000000213e+00	6.007766267967872054e+00
2.176841000000000026e+00	6.116814094994281525e+00
2.182682999999999929e+00	6.201334988345952759e+00
2.188588999999999896e+00	6.310006597590745336e+00
2.194618000000000180e+00	6.748565547875058357e+00
2.200828000000000007e+00	7.114768200066460935e+00
2.207209999999999894e+00	7.083867662568776424e+00
2.213579000000000185e+00	7.916348304826519744e+00
2.219714999999999883e+00	8.424673304879272351e+00
2.225403000000000020e+00	8.945279197170213692e+00
2.230423000000000044e+00	8.781979282998074510e+00
2.234681000000000139e+00	9.206172108848866387e+00
2.238447999999999993e+00	9.016541583062611664e+00
2.242068000000000172e+00	9.079014496475865670e+00
2.245884000000000214e+00	9.088372680905278500e+00
2.250237999999999960e+00	8.424523394635905049e+00
2.255365999999999982e+00	7.872390703030713865e+00
2.261130000000000084e+00	7.659087313022304500e+00
2.267313000000000134e+00	6.689728270395968401e+00
2.273696000000000161e+00	6.039730370416213745e+00
2.280063999999999869e+00	5.195976994388626480e+00
2.286243999999999943e+00	5.292694431872529748e+00
2.292251999999999956e+00	4.682388641557287734e+00
2.298146000000000022e+00	4.840188902491481926e+00
2.303983000000000114e+00	5.558958640194307854e+00
2.309822000000000042e+00	5.907135931292924802e+00
2.315710999999999853e+00	6.506913170186668260e+00
2.321645999999999876e+00	7.607645300192501736e+00
2.327612999999999932e+00	8.273688850158182007e+00
2.333594999999999864e+00	9.349367857246157598e+00
2.339576999999999796e+00	1.027798006670635722e+01
2.345546999999999827e+00	1.051065849451746992e+01
2.351503999999999817e+00	1.108978900603187512e+01
2.357451999999999881e+00	1.133246350091032895e+01
2.363395999999999830e+00	1.144751605176836939e+01
2.369339000000000084e+00	1.191790298100248435e+01
2.375286000000000008e+00	1.246491298512139956e+01
2.381237000000000048e+00	1.274425204809107193e+01
2.387189999999999923e+00	1.340522226995251920e+01
2.393143999999999938e+00	1.390082049382066920e+01
2.399097999999999953e+00	1.449478303040441318e+01
2.405050999999999828e+00	1.558709855788745635e+01
2.411004000000000147e+00	1.638498148427927958e+01
2.416955999999999882e+00	1.784661160752420983e+01
2.422906999999999922e+00	1.860859921265205941e+01
2.428857999999999961e+00	2.070216372230578017e+01
2.434809000000000001e+00	2.152448692558337129e+01
2.440760000000000041e+00	2.312260008618774876e+01
2.446712000000000220e+00	2.422891147712070747e+01
2.452663999999999955e+00	2.555045749648810016e+01
2.458616999999999830e+00	2.652776454508384063e+01
2.464570999999999845e+00	2.696363984103144062e+01
2.470524999999999860e+00	2.760019500287828365e+01
2.476478000000000179e+00	2.746604050225154836e+01
2.482429999999999914e+00	2.827345026378927528e+01
2.488377999999999979e+00	2.843667448719871160e+01
2.494323000000000068e+00	2.827941370128823806e+01
2.500265999999999877e+00	2.829668477330164933e+01
2.506212000000000106e+00	2.815061833954540305e+01
2.512164999999999981e+00	2.802314011153599083e+01
2.518129000000000062e+00	2.769591423861010071e+01
2.524108000000000018e+00	2.613954128278489719e+01
2.530091999999999786e+00	2.454889417118594963e+01
2.536067000000000071e+00	2.236665594738921925e+01
2.542015999999999831e+00	2.124004070012403744e+01
2.547924000000000078e+00	2.003627344228083729e+01
2.553779000000000021e+00	1.921302826057449309e+01
2.559610000000000163e+00	1.846182961027504632e+01
2.565475000000000172e+00	1.854159027102991431e+01
2.571432000000000162e+00	1.869961411674904639e+01
2.577539999999999942e+00	1.898414214071939554e+01
2.583845999999999865e+00	1.855268846454838183e+01
2.590249000000000024e+00	1.789515887319921461e+01
2.596534000000000120e+00	1.710602818745984166e+01
2.602485000000000159e+00	1.542208104186940787e+01
2.607883000000000173e+00	1.388836671720028626e+01
2.612527000000000044e+00	1.206515368300617830e+01
2.616509000000000196e+00	8.935858609331639002e+00
2.620163999999999938e+00	6.071660875373077637e+00
2.623834000000000000e+00	2.936938830105101150e+00
2.627863000000000060e+00	-9.151592629007648805e-02
2.632579999999999920e+00	-2.892283998345462237e+00
2.638037000000000187e+00	-6.072924688113314318e+00
2.644026000000000209e+00	-6.807389353420504996e+00
2.650332000000000132e+00	-6.916110884853762464e+00
2.656734000000000151e+00	-3.227661503323945968e+00
2.663022999999999918e+00	3.056769424445469507e+00
2.669115000000000126e+00	1.223812618033001876e+01
2.675060999999999911e+00	2.239579718637905970e+01
2.680919999999999970e+00	3.312455148802337135e+01
2.686751000000000111e+00	4.159579203150354942e+01
2.692610999999999866e+00	4.639748147612370133e+01
2.698523999999999923e+00	4.764253984649368334e+01
2.704476000000000102e+00	4.577365352110678032e+01
2.710452000000000083e+00	4.191528529419508686e+01
2.716435999999999851e+00	3.701478593392950245e+01
2.722412999999999972e+00	3.071796697797097053e+01
2.728375999999999912e+00	2.512614581522747415e+01
2.734328000000000092e+00	1.965171447100409807e+01
2.740273999999999877e+00	1.510680558652897965e+01
2.746217000000000130e+00	1.208914838441577722e+01
2.752162000000000219e+00	1.043282083624639256e+01
2.758110999999999979e+00	1.033041159280891819e+01
2.764063000000000159e+00	1.203274235250311186e+01
2.770016000000000034e+00	1.434688144847829427e+01
2.775971000000000188e+00	1.795510350497583829e+01
2.781924000000000063e+00	2.225542467853872708e+01
2.787876999999999938e+00	2.706750871413417414e+01
2.793829000000000118e+00	3.177074546817389589e+01
2.799780999999999853e+00	3.513231105706501722e+01
2.805731999999999893e+00	3.723057322113481149e+01
2.811682999999999932e+00	3.632249969058040051e+01
2.817635000000000112e+00	3.396725889705247425e+01
2.823586999999999847e+00	2.922832263487910609e+01
2.829539000000000026e+00	2.358675765361037335e+01
2.835491000000000206e+00	1.823436957141476711e+01
2.841442999999999941e+00	1.363295645916934085e+01
2.847395000000000120e+00	9.892382062362079509e+00
2.853346999999999856e+00	7.658050738621442477e+00
2.859299000000000035e+00	5.814008835160153765e+00
2.865251000000000214e+00	4.538719861215839479e+00
2.871201999999999810e+00	3.827558394132332342e+00
2.877153999999999989e+00	2.962850663207078572e+00
2.883106000000000169e+00	2.419949949075590023e+00
2.889057999999999904e+00	2.310429323630931453e+00
2.895010000000000083e+00	2.331046489655705489e+00
2.900961999999999819e+00	1.865170203059582477e+00
2.906913999999999998e+00	2.316163352104992246e+00
2.912866000000000177e+00	2.491294106788100482e+00
2.918817999999999913e+00	4.269644398751333725e+00
2.924770000000000092e+00	6.067743697918130508e+00
2.930721000000000132e+00	8.936090772497664148e+00
2.936672999999999867e+00	1.198065069155837925e+01
2.942625000000000046e+00	1.646073752625883913e+01
2.948576999999999781e+00	2.040643334430008338e+01
2.954528999999999961e+00	2.360415502754374018e+01
2.960481000000000140e+00	2.438702160627837046e+01
2.966432999999999875e+00	2.419624874400269832e+01
2.972385000000000055e+00	2.158923110165397219e+01
2.978336999999999790e+00	1.819025100850219800e+01
2.984288999999999970e+00	1.466823335042466958e+01
2.990240000000000009e+00	1.132623910486725549e+01
2.996192000000000188e+00	8.410589902822160013e+00
3.002143999999999924e+00	7.645859833503931391e+00
3.008096000000000103e+00	8.744593575999171975e+00
3.014047999999999838e+00	1.164856870394722144e+01
3.020000000000000018e+00	1.922914483067342672e+01
