1.199999999999999956e-01	3.719029620498778055e+00
1.249780000000000058e-01	3.240345803054982543e+00
1.305999999999999939e-01	3.723317944745190289e+00
1.367059999999999942e-01	3.136175584027418139e+00
1.431360000000000132e-01	3.215968531247154427e+00
1.497320000000000040e-01	2.942145087052365326e+00
1.563350000000000017e-01	2.056225063981313106e+00
1.627850000000000130e-01	1.778086309100679330e+00
1.689219999999999888e-01	1.447992297398956740e+00
1.745889999999999942e-01	1.966973943459001450e+00
1.796250000000000069e-01	1.583645120044456789e+00
1.839349999999999874e-01	8.689536885257630461e-01
1.877439999999999942e-01	8.024381219390119835e-01
1.913779999999999926e-01	1.899578022559148760e+00
1.951660000000000061e-01	4.987306559998948008e-01
1.994340000000000002e-01	8.242688065506234008e-01
2.044499999999999929e-01	5.308845420194583387e-01
2.101250000000000062e-01	1.224694999567370823e+00
2.162479999999999958e-01	5.140722610288595007e-01
2.226049999999999973e-01	1.043409008743909350e-01
2.289819999999999911e-01	6.468343066887480841e-01
2.351930000000000132e-01	4.285272663186108777e-01
2.412249999999999950e-01	2.712183753633108929e-01
2.471349999999999936e-01	1.055811806269384201e+00
2.529799999999999827e-01	8.032018938118856699e-02
2.588170000000000193e-01	5.800130463647279466e-01
2.646970000000000156e-01	1.579250608479712215e+00
2.706259999999999777e-01	1.194584202358712322e+00
2.765880000000000005e-01	1.888060339224988393e+00
2.825679999999999858e-01	2.109683186488680029e+00
2.885510000000000019e-01	1.928966196588801196e+00
2.945229999999999793e-01	2.204931727980532941e+00
3.004809999999999981e-01	1.386926500764728898e+00
3.064310000000000089e-01	1.773247899563059171e+00
3.123750000000000138e-01	9.108696938388801678e-01
3.183190000000000186e-01	5.847333380893907639e-01
3.242650000000000254e-01	1.552019814756359972e+00
3.302149999999999808e-01	1.635258832903585091e+00
3.361680000000000224e-01	1.693221251680365302e+00
3.421210000000000084e-01	1.258973079602724088e+00
3.480759999999999965e-01	2.044721893867045281e+00
3.540289999999999826e-01	1.584989712023237018e+00
3.599809999999999954e-01	2.018660433314852121e+00
3.659330000000000083e-01	2.239609478981443136e+00
3.718839999999999923e-01	1.221221463791544837e+00
3.778360000000000052e-01	1.903601208148931079e+00
3.837869999999999893e-01	2.034654849884321770e+00
3.897390000000000021e-01	2.128288195688108786e+00
3.956910000000000149e-01	2.769865276289857903e+00
4.016429999999999723e-01	1.700671233387361481e+00
4.075949999999999851e-01	1.544274667351034802e+00
4.135469999999999979e-01	1.980702816584825721e+00
4.194979999999999820e-01	2.022989652553844220e+00
4.254499999999999948e-01	2.095031863983780163e+00
4.314009999999999789e-01	1.679317337268156685e+00
4.373540000000000205e-01	3.128021357506240552e+00
4.433079999999999798e-01	2.392755785466068819e+00
4.492619999999999947e-01	2.024674202174435944e+00
4.552160000000000095e-01	1.493944292458420975e+00
4.611680000000000224e-01	2.559555127633126315e+00
4.671170000000000044e-01	2.425474828124686510e+00
4.730619999999999825e-01	2.187025919204779179e+00
4.790059999999999873e-01	2.012409612808081949e+00
4.849510000000000209e-01	2.541274872064427814e+00
4.909020000000000050e-01	2.657445204965390495e+00
4.968629999999999991e-01	2.571947227692587656e+00
5.028390000000000359e-01	2.421010927534518409e+00
5.088230000000000253e-01	2.398296838217413018e+00
5.148009999999999531e-01	3.246714108430177603e+00
5.207570000000000254e-01	3.023544136105089652e+00
5.266750000000000043e-01	2.530270067186850547e+00
5.325410000000000421e-01	3.350380546812187887e+00
5.383719999999999617e-01	2.723491414966608293e+00
5.442249999999999588e-01	3.125364651368658819e+00
5.501580000000000359e-01	3.575576378186443804e+00
5.562289999999999734e-01	2.615638595368376063e+00
5.624930000000000208e-01	2.980665798422665436e+00
5.688929999999999820e-01	3.129283977316783094e+00
5.752220000000000111e-01	2.848030142706909462e+00
5.812610000000000277e-01	3.339790463684914723e+00
5.867949999999999555e-01	2.998493033648081507e+00
5.916080000000000227e-01	2.923473762388811625e+00
5.957040000000000113e-01	3.244687080727557849e+00
5.993990000000000151e-01	3.063600402600698214e+00
6.030370000000000452e-01	3.274412068749635640e+00
6.069609999999999728e-01	3.768014421799874114e+00
6.115110000000000268e-01	3.558877961172775439e+00
6.168270000000000142e-01	3.278447423306518616e+00
6.227219999999999978e-01	3.516510840633173540e+00
6.289789999999999548e-01	4.028982066497608372e+00
6.353790000000000271e-01	4.140707361989433011e+00
6.417070000000000274e-01	3.096418391207268694e+00
6.478369999999999962e-01	4.630975826568507259e+00
6.538089999999999735e-01	3.665591670484543041e+00
6.596819999999999906e-01	3.842770764601247890e+00
6.655140000000000500e-01	3.943234256834759144e+00
6.713630000000000431e-01	4.394610814851926506e+00
6.772660000000000347e-01	3.860092956812326115e+00
6.832110000000000127e-01	3.761386154263428150e+00
6.891829999999999901e-01	4.157728448221030604e+00
6.951669999999999794e-01	3.777368645616692611e+00
7.011469999999999647e-01	4.308698941804852467e+00
7.071119999999999628e-01	4.602667689035768284e+00
7.130670000000000064e-01	4.192131547184947848e+00
7.190130000000000132e-01	3.662601214219099788e+00
7.249569999999999625e-01	4.670064135831403895e+00
7.309010000000000229e-01	4.620233830932240160e+00
7.368489999999999762e-01	4.558117188573024059e+00
7.428000000000000158e-01	4.785132129705978343e+00
7.487530000000000019e-01	4.626953129571919732e+00
7.547080000000000455e-01	5.010851479726200708e+00
7.606619999999999493e-01	5.240632284189155499e+00
7.666140000000000176e-01	4.153077928182522527e+00
7.725670000000000037e-01	4.664465575426305577e+00
7.785180000000000433e-01	5.037526367660014159e+00
7.844689999999999719e-01	5.259331998598407942e+00
7.904210000000000402e-01	4.777675601786658177e+00
7.963729999999999976e-01	4.753343237368178542e+00
8.023249999999999549e-01	5.496112240845320684e+00
8.082770000000000232e-01	5.341928445150052163e+00
8.142289999999999806e-01	5.395885051115137721e+00
8.201800000000000201e-01	6.012832386229646886e+00
8.261319999999999775e-01	5.949492624807847463e+00
8.320830000000000171e-01	5.601973576832246948e+00
8.380349999999999744e-01	5.701503990317599246e+00
8.439870000000000427e-01	6.316664792358687386e+00
8.499400000000000288e-01	6.355975449900618024e+00
8.558940000000000436e-01	6.530844967878738139e+00
8.618479999999999475e-01	6.076996643711898294e+00
8.678010000000000446e-01	6.450351049781270163e+00
8.737519999999999731e-01	6.045240219698257533e+00
8.797000000000000375e-01	6.855110700981960292e+00
8.856439999999999868e-01	6.294492218021100705e+00
8.915870000000000184e-01	6.119033324360279025e+00
8.975349999999999717e-01	6.757291041930375997e+00
9.034900000000000153e-01	6.753542763482339950e+00
9.094569999999999599e-01	6.921039681429773438e+00
9.154379999999999740e-01	6.882216513730600838e+00
9.214210000000000456e-01	6.582450553772360102e+00
9.273909999999999654e-01	7.545461982904370757e+00
9.333329999999999682e-01	7.127446999885330925e+00
9.392300000000000093e-01	7.715761075589938400e+00
9.450749999999999984e-01	7.784424176092699987e+00
9.509090000000000042e-01	7.209609955923482083e+00
9.567890000000000006e-01	7.800724551903958748e+00
9.627750000000000474e-01	7.820860344135280862e+00
9.689229999999999787e-01	8.011363951369443015e+00
9.752680000000000238e-01	7.024075101871718907e+00
9.816639999999999810e-01	8.134664431217432323e+00
9.878930000000000211e-01	7.468641067568293934e+00
9.937399999999999567e-01	7.643488127684071820e+00
9.989850000000000119e-01	8.049141754637615165e+00
1.003457999999999961e+00	8.095732641299257182e+00
1.007338000000000067e+00	7.149654268192467299e+00
1.010966000000000031e+00	7.453852512619006276e+00
1.014685999999999977e+00	8.023987323061097854e+00
1.018841000000000108e+00	7.644337465987438129e+00
1.023735000000000062e+00	7.689154248875845532e+00
1.029328999999999938e+00	8.378167119419899223e+00
1.035408000000000106e+00	7.665047925778028848e+00
1.041754000000000069e+00	7.841061838859844535e+00
1.048148999999999997e+00	8.426162495375109529e+00
1.054391999999999996e+00	7.522302223528309462e+00
1.060446000000000000e+00	7.943729665891451575e+00
1.066368999999999900e+00	7.954539851186410715e+00
1.072216999999999976e+00	8.129526721835473424e+00
1.078049000000000035e+00	8.779615472764604078e+00
1.083920999999999912e+00	8.799423969020226721e+00
1.089842999999999895e+00	8.882091476053323831e+00
1.095801999999999943e+00	9.188434263555118164e+00
1.101780999999999899e+00	8.352550958479218579e+00
1.107765000000000111e+00	8.880133759898656720e+00
1.113739999999999952e+00	8.510779352871336911e+00
1.119699999999999918e+00	9.053985102003741403e+00
1.125650000000000039e+00	7.905749977632809511e+00
1.131594999999999906e+00	8.899083233358847878e+00
1.137537999999999938e+00	8.284669440199229129e+00
1.143483999999999945e+00	8.664800368885863691e+00
1.149432999999999927e+00	8.113928593845853854e+00
1.155386000000000024e+00	8.129446189124589495e+00
1.161338999999999899e+00	8.309959299624434692e+00
1.167294000000000054e+00	9.043548596903541181e+00
1.173246999999999929e+00	8.117184824585779168e+00
1.179200000000000026e+00	8.411057300274405790e+00
1.185151999999999983e+00	7.218753099700723652e+00
1.191103000000000023e+00	8.167868042504366599e+00
1.197054000000000062e+00	8.046537669363580392e+00
1.203006000000000020e+00	7.634634379862117903e+00
1.208957999999999977e+00	7.607203866700222861e+00
1.214909999999999934e+00	7.738684937891665783e+00
1.220861999999999892e+00	8.110352178474691698e+00
1.226814000000000071e+00	7.617763046363197788e+00
1.232765000000000111e+00	7.753657600089489677e+00
1.238717000000000068e+00	7.178666215904692116e+00
1.244668000000000108e+00	8.035199140022317721e+00
1.250620000000000065e+00	7.917458312663554487e+00
1.256572000000000022e+00	8.195300341374357700e+00
1.262526000000000037e+00	8.439515988028958304e+00
1.268480000000000052e+00	7.705188442994733045e+00
1.274434000000000067e+00	8.592808478810463058e+00
1.280386000000000024e+00	8.565905882684569761e+00
1.286335999999999924e+00	8.801131321922534667e+00
1.292281999999999931e+00	9.372384390804620935e+00
1.298224999999999962e+00	9.020304503366624260e+00
1.304170000000000051e+00	9.839587082363733472e+00
1.310119999999999951e+00	9.325183103305921151e+00
1.316079999999999917e+00	1.012271831625854013e+01
1.322052999999999923e+00	1.027967198442419239e+01
1.328036999999999912e+00	1.106120762740521180e+01
1.334017000000000008e+00	1.033023905023199873e+01
1.339976000000000056e+00	1.062744974711444357e+01
1.345900000000000096e+00	1.150406525875750496e+01
1.351774000000000031e+00	1.120174164622092405e+01
1.357607000000000008e+00	1.210717070055179789e+01
1.363453000000000026e+00	1.154205935482182710e+01
1.369372000000000034e+00	1.148701536273285662e+01
1.375421999999999922e+00	1.214662886344560633e+01
1.381658999999999970e+00	1.189607358309050511e+01
1.388052000000000064e+00	1.236720607300618369e+01
1.394403000000000059e+00	1.236792643220226218e+01
1.400492999999999988e+00	1.182791579323679088e+01
1.406104999999999938e+00	1.162285135132229463e+01
1.411021999999999998e+00	1.112922836101482105e+01
1.415195999999999898e+00	1.227678084559768834e+01
1.418924000000000074e+00	1.219392705182851344e+01
1.422549999999999981e+00	1.240857977470466267e+01
1.426417000000000046e+00	1.279430299850795194e+01
1.430868000000000029e+00	1.199821899514258838e+01
1.436091000000000006e+00	1.159712203397156927e+01
1.441923000000000066e+00	1.262634423744699319e+01
1.448144000000000098e+00	1.245163971832356431e+01
1.454538000000000109e+00	1.232569182507513084e+01
1.460887000000000047e+00	1.298059266126915823e+01
1.467041999999999957e+00	1.251205603538085676e+01
1.473030999999999979e+00	1.206491657158396791e+01
1.478914000000000062e+00	1.220148169079182665e+01
1.484749000000000096e+00	1.285497395481071159e+01
1.490591999999999917e+00	1.297836890127235954e+01
1.496488000000000040e+00	1.293111687759926554e+01
1.502428000000000097e+00	1.244552619477671662e+01
1.508397999999999906e+00	1.239045136591355956e+01
1.514380999999999977e+00	1.274982326473429772e+01
1.520361999999999991e+00	1.232087267315774071e+01
1.526329999999999965e+00	1.273046205946833176e+01
1.532284999999999897e+00	1.236372723193901280e+01
1.538232999999999961e+00	1.326674380660590558e+01
1.544175999999999993e+00	1.311925813014126341e+01
1.550119999999999942e+00	1.438868887264148277e+01
1.556068000000000007e+00	1.434623263488550293e+01
1.562019000000000046e+00	1.485181847433728919e+01
1.567971999999999921e+00	1.582407488830183340e+01
1.573925999999999936e+00	1.488980656753947507e+01
1.579879999999999951e+00	1.524468157007565239e+01
1.585833000000000048e+00	1.554394011349103266e+01
1.591785000000000005e+00	1.583660824658880806e+01
1.597736999999999963e+00	1.534412716330292703e+01
1.603688000000000002e+00	1.631959300637648980e+01
1.609639000000000042e+00	1.557371558096603437e+01
1.615590999999999999e+00	1.477795915418403894e+01
1.621542999999999957e+00	1.454679049567196181e+01
1.627494999999999914e+00	1.468861992656682958e+01
1.633447000000000093e+00	1.502871634941362977e+01
1.639399000000000051e+00	1.498663378674998192e+01
1.645350000000000090e+00	1.453274805760228894e+01
1.651302000000000048e+00	1.393137991404245923e+01
1.657253000000000087e+00	1.409894494951502963e+01
1.663205000000000044e+00	1.471501760496825284e+01
1.669157999999999920e+00	1.441802532000908244e+01
1.675111999999999934e+00	1.503377254062288770e+01
1.681065999999999949e+00	1.485314546492197252e+01
1.687019000000000046e+00	1.532451601301777977e+01
1.692971000000000004e+00	1.502141262486087214e+01
1.698919000000000068e+00	1.630520948734305264e+01
1.704863000000000017e+00	1.514719688779349660e+01
1.710806999999999967e+00	1.573070523270872201e+01
1.716752999999999973e+00	1.542748870065534028e+01
1.722706999999999988e+00	1.503908210100900256e+01
1.728671999999999986e+00	1.497620227134862247e+01
1.734652000000000083e+00	1.453350412421709592e+01
1.740636000000000072e+00	1.548701512650661094e+01
1.746609000000000078e+00	1.460650648471979984e+01
1.752555000000000085e+00	1.424705292488996733e+01
1.758458000000000077e+00	1.511323374350843274e+01
1.764308999999999905e+00	1.510333689175219796e+01
1.770140999999999964e+00	1.441041881153163295e+01
1.776011999999999924e+00	1.503736257029612311e+01
1.781979999999999897e+00	1.541169287519627495e+01
1.788105000000000055e+00	1.495653553490710586e+01
1.794426999999999994e+00	1.513421601998124899e+01
1.800829000000000013e+00	1.632094616924367259e+01
1.807091999999999921e+00	1.557202203771675464e+01
1.813002000000000002e+00	1.594617582631255992e+01
1.818338000000000010e+00	1.621784464411136284e+01
1.822912000000000088e+00	1.650332403901768075e+01
1.826850000000000085e+00	1.671691654123160120e+01
1.830492000000000008e+00	1.653555378431693157e+01
1.834179999999999922e+00	1.592213604185649167e+01
1.838259000000000087e+00	1.596512664730576780e+01
1.843048000000000020e+00	1.588081481175036913e+01
1.848562000000000038e+00	1.550159501044583088e+01
1.854589999999999961e+00	1.486516568165332686e+01
1.860913000000000039e+00	1.530903868991768668e+01
1.867313999999999918e+00	1.537872294692711250e+01
1.873583999999999916e+00	1.482105194293066930e+01
1.879660000000000108e+00	1.447517355831174868e+01
1.885596000000000050e+00	1.514230252276509603e+01
1.891450999999999993e+00	1.466245668338565267e+01
1.897281999999999913e+00	1.445851236756944402e+01
1.903146999999999922e+00	1.489754123344277126e+01
1.909062999999999954e+00	1.531257291231720075e+01
1.915018000000000109e+00	1.510013942464111558e+01
1.920995999999999926e+00	1.496519470447028155e+01
1.926979999999999915e+00	1.557150393031932722e+01
1.932955999999999896e+00	1.546223740553186232e+01
1.938917999999999919e+00	1.591206282753269186e+01
1.944868999999999959e+00	1.601513458242054355e+01
1.950814000000000048e+00	1.475956095553644687e+01
1.956757999999999997e+00	1.508525814502350393e+01
1.962703000000000086e+00	1.533805922895843210e+01
1.968652000000000069e+00	1.481965597333965867e+01
1.974604000000000026e+00	1.500012916468178226e+01
1.980558000000000041e+00	1.525837979390878907e+01
1.986512000000000056e+00	1.463006441105735078e+01
1.992466000000000070e+00	1.455817913589509693e+01
1.998418000000000028e+00	1.515529069308833243e+01
2.004370000000000207e+00	1.531395931426254009e+01
2.010321999999999942e+00	1.502081758991381655e+01
2.016272999999999982e+00	1.533841061360876523e+01
2.022224000000000022e+00	1.470327063122098110e+01
2.028176000000000201e+00	1.539508810209849443e+01
2.034127999999999936e+00	1.462033119579995599e+01
2.040080000000000116e+00	1.541105731569330928e+01
2.046031999999999851e+00	1.591120116336838031e+01
2.051984000000000030e+00	1.518875526862070302e+01
2.057935000000000070e+00	1.588010763298522932e+01
2.063886999999999805e+00	1.557256838022807521e+01
2.069837999999999845e+00	1.598039940522171598e+01
2.075791000000000164e+00	1.537500292371450250e+01
2.081744000000000039e+00	1.545959337469453132e+01
2.087698000000000054e+00	1.574897000516298462e+01
2.093652000000000069e+00	1.551183722444802093e+01
2.099604999999999944e+00	1.470068772035449989e+01
2.105554999999999843e+00	1.583462436332895251e+01
2.111501000000000072e+00	1.580359508096168852e+01
2.117445000000000022e+00	1.585596739134207311e+01
2.123388999999999971e+00	1.547488448666713623e+01
2.129338000000000175e+00	1.445211129983838028e+01
2.135295999999999861e+00	1.571421506640671772e+01
2.141268000000000171e+00	1.550692276326269692e+01
2.147250999999999799e+00	1.562987309814891823e+01
2.153232000000000035e+00	1.545413230470532184e+01
2.159196000000000115e+00	1.555803475607845598e+01
2.165125000000000188e+00	1.594652433537216574e+01
2.171006000000000213e+00	1.575992588994534671e+01
2.176841000000000026e+00	1.642252410039470689e+01
2.182682999999999929e+00	1.492145901206892056e+01
2.188588999999999896e+00	1.669694984712503327e+01
2.194618000000000180e+00	1.661799602873855974e+01
2.200828000000000007e+00	1.610528631932300669e+01
2.207209999999999894e+00	1.635408285717121046e+01
2.213579000000000185e+00	1.624520662939616855e+01
2.219714999999999883e+00	1.640058927453815230e+01
2.225403000000000020e+00	1.567226798814495226e+01
2.230423000000000044e+00	1.550799684010834589e+01
2.234681000000000139e+00	1.561879460893964655e+01
2.238447999999999993e+00	1.531065377599720634e+01
2.242068000000000172e+00	1.598622865395399018e+01
2.245884000000000214e+00	1.565456649025301417e+01
2.250237999999999960e+00	1.543860320107601680e+01
2.255365999999999982e+00	1.553820899608827588e+01
2.261130000000000084e+00	1.515446198150644541e+01
2.267313000000000134e+00	1.658662939279527393e+01
2.273696000000000161e+00	1.500133817602366726e+01
2.280063999999999869e+00	1.530115595103891657e+01
2.286243999999999943e+00	1.507933327817619329e+01
2.292251999999999956e+00	1.531667096925028915e+01
2.298146000000000022e+00	1.479620001152502340e+01
2.303983000000000114e+00	1.424151527948972173e+01
2.309822000000000042e+00	1.378712449905937198e+01
2.315710999999999853e+00	1.442429806710149265e+01
2.321645999999999876e+00	1.319210352868109482e+01
2.327612999999999932e+00	1.340085079161608839e+01
2.333594999999999864e+00	1.258606541996897477e+01
2.339576999999999796e+00	1.419044498748286287e+01
2.345546999999999827e+00	1.266594368421801242e+01
2.351503999999999817e+00	1.254774850840077960e+01
2.357451999999999881e+00	1.313525780588960856e+01
2.363395999999999830e+00	1.294028321491913402e+01
2.369339000000000084e+00	1.245323918783407890e+01
2.375286000000000008e+00	1.335020816873035976e+01
2.381237000000000048e+00	1.307683985680629135e+01
2.387189999999999923e+00	1.400358616431506498e+01
2.393143999999999938e+00	1.297376217210569038e+01
2.399097999999999953e+00	1.198436057745405314e+01
2.405050999999999828e+00	1.303797494948870828e+01
2.411004000000000147e+00	1.292012402589606879e+01
2.416955999999999882e+00	1.217795682279096603e+01
2.422906999999999922e+00	1.287073792760966562e+01
2.428857999999999961e+00	1.225053117968401217e+01
2.434809000000000001e+00	1.145492180520648517e+01
2.440760000000000041e+00	1.158927871934868392e+01
2.446712000000000220e+00	1.169073235177644676e+01
2.452663999999999955e+00	1.222335081751358565e+01
2.458616999999999830e+00	1.193988786112018197e+01
2.464570999999999845e+00	1.122493916915265899e+01
2.470524999999999860e+00	1.120644319198007288e+01
2.476478000000000179e+00	1.113088301222461141e+01
2.482429999999999914e+00	1.098399798535788641e+01
2.488377999999999979e+00	1.102503043453307718e+01
2.494323000000000068e+00	1.230788165358311126e+01
2.500265999999999877e+00	1.147189628858313526e+01
2.506212000000000106e+00	1.225588128245964015e+01
2.512164999999999981e+00	1.350752062473361548e+01
2.518129000000000062e+00	1.372947701425941958e+01
2.524108000000000018e+00	1.419206565530818409e+01
2.530091999999999786e+00	1.452093231372005278e+01
2.536067000000000071e+00	1.516705928775884438e+01
2.542015999999999831e+00	1.562243836397005659e+01
2.547924000000000078e+00	1.753836569069301632e+01
2.553779000000000021e+00	1.818865121811160890e+01
2.559610000000000163e+00	2.020504528715109416e+01
2.565475000000000172e+00	2.027030978825317220e+01
2.571432000000000162e+00	2.187601677882849316e+01
2.577539999999999942e+00	2.296442428495007348e+01
2.583845999999999865e+00	2.305587949557110505e+01
2.590249000000000024e+00	2.405076629048686598e+01
2.596534000000000120e+00	2.438051596920800179e+01
2.602485000000000159e+00	2.422511805166470467e+01
2.607883000000000173e+00	2.495701273132221587e+01
2.612527000000000044e+00	2.660135425307529999e+01
2.616509000000000196e+00	2.893522994465882903e+01
2.620163999999999938e+00	3.082066484797562467e+01
2.623834000000000000e+00	3.227725607212784098e+01
2.627863000000000060e+00	3.262118716080185266e+01
2.632579999999999920e+00	3.092398251883913218e+01
2.638037000000000187e+00	2.794395849989262004e+01
2.644026000000000209e+00	2.369603214701508520e+01
2.650332000000000132e+00	2.002929599504318503e+01
2.656734000000000151e+00	1.513932932355386995e+01
2.663022999999999918e+00	1.217377120104477228e+01
2.669115000000000126e+00	1.024371406161639797e+01
2.675060999999999911e+00	8.246885902795670020e+00
2.680919999999999970e+00	8.514739105107274497e+00
2.686751000000000111e+00	8.454212644482490546e+00
2.692610999999999866e+00	1.031914050946816985e+01
2.698523999999999923e+00	1.222572502840119313e+01
2.704476000000000102e+00	1.467278178779289632e+01
2.710452000000000083e+00	1.842862124557614223e+01
2.716435999999999851e+00	2.166254630516003843e+01
2.722412999999999972e+00	2.591995275545636801e+01
2.728375999999999912e+00	2.933017151382744103e+01
2.734328000000000092e+00	3.263002083692447286e+01
2.740273999999999877e+00	3.520209641542025025e+01
2.746217000000000130e+00	3.666809375370728930e+01
2.752162000000000219e+00	3.737784053811213170e+01
2.758110999999999979e+00	3.646383317116882239e+01
2.764063000000000159e+00	3.352856469683721485e+01
2.770016000000000034e+00	3.063781426886373183e+01
2.775971000000000188e+00	2.860710840087888585e+01
2.781924000000000063e+00	2.621256039252656578e+01
2.787876999999999938e+00	2.558806325800402348e+01
2.793829000000000118e+00	2.559151933507859766e+01
2.799780999999999853e+00	2.731653835970281818e+01
2.805731999999999893e+00	2.704937071037801033e+01
2.811682999999999932e+00	2.869228815760332552e+01
2.817635000000000112e+00	2.970311612934763446e+01
2.823586999999999847e+00	3.116212676171189955e+01
2.829539000000000026e+00	3.139055746571065342e+01
2.835491000000000206e+00	3.081933718556892998e+01
2.841442999999999941e+00	3.034125025279361765e+01
2.847395000000000120e+00	2.760954187659045189e+01
2.853346999999999856e+00	2.630436057892426405e+01
2.859299000000000035e+00	2.401832540649610692e+01
2.865251000000000214e+00	2.220862068176770165e+01
2.871201999999999810e+00	2.258377282933535568e+01
2.877153999999999989e+00	2.399697059532016041e+01
2.883106000000000169e+00	2.592710664545246857e+01
2.889057999999999904e+00	2.841891329867020133e+01
2.895010000000000083e+00	3.039966951225606095e+01
2.900961999999999819e+00	3.361996488549412021e+01
2.906913999999999998e+00	3.376214009909803337e+01
2.912866000000000177e+00	3.354271902364874336e+01
2.918817999999999913e+00	3.184356911145155067e+01
2.924770000000000092e+00	2.948008569109426347e+01
2.930721000000000132e+00	2.362613541877376022e+01
2.936672999999999867e+00	1.773726441112783192e+01
2.942625000000000046e+00	9.522244667934190332e+00
2.948576999999999781e+00	8.285710690341020479e-01
2.954528999999999961e+00	-5.705654747654730130e+00
2.960481000000000140e+00	-1.131050520688149419e+01
2.966432999999999875e+00	-1.356207022722139754e+01
2.972385000000000055e+00	-1.609041173297375593e+01
2.978336999999999790e+00	-1.479965232778713435e+01
2.984288999999999970e+00	-1.333215076544427546e+01
2.990240000000000009e+00	-1.067646237806887832e+01
2.996192000000000188e+00	-8.598545345089364744e+00
3.002143999999999924e+00	-4.531593328798805942e+00
3.008096000000000103e+00	-5.572333749268230108e-01
3.014047999999999838e+00	2.342054150745572993e+00
3.020000000000000018e+00	3.388695494064162261e+00
