1.199999999999999956e-01	1.822626984693421548e+00
1.249780000000000058e-01	1.462770281408461548e+00
1.305999999999999939e-01	1.652587580314428539e+00
1.367059999999999942e-01	1.200808937976973301e+00
1.431360000000000132e-01	4.277151787790159365e-01
1.497320000000000040e-01	1.221650112501032837e+00
1.563350000000000017e-01	7.037286756360701112e-01
1.627850000000000130e-01	8.943171874621906881e-01
1.689219999999999888e-01	1.079479770792851623e+00
1.745889999999999942e-01	7.537443880950265296e-01
1.796250000000000069e-01	1.148569326001880331e+00
1.839349999999999874e-01	1.475147405004834988e+00
1.877439999999999942e-01	1.537131875907108203e+00
1.913779999999999926e-01	1.923217960075253252e+00
1.951660000000000061e-01	1.654933524133925360e+00
1.994340000000000002e-01	2.002476186504483113e+00
2.044499999999999929e-01	1.700619860021497232e+00
2.101250000000000062e-01	1.954749967387641174e+00
2.162479999999999958e-01	2.516757581203728833e+00
2.226049999999999973e-01	2.284872451115594227e+00
2.289819999999999911e-01	2.069731394226878685e+00
2.351930000000000132e-01	2.202883413546207869e+00
2.412249999999999950e-01	2.826875136333438121e+00
2.471349999999999936e-01	3.022830015955654037e+00
2.529799999999999827e-01	3.300366137917465359e+00
2.588170000000000193e-01	3.181712800372627825e+00
2.646970000000000156e-01	3.099968760149792502e+00
2.706259999999999777e-01	3.484463061993653632e+00
2.765880000000000005e-01	3.075999274935392158e+00
2.825679999999999858e-01	2.785744104351543182e+00
2.885510000000000019e-01	3.457195529813088086e+00
2.945229999999999793e-01	3.599895432096142933e+00
3.004809999999999981e-01	3.052963808493264874e+00
3.064310000000000089e-01	3.151464543247946004e+00
3.123750000000000138e-01	2.662584038981959278e+00
3.183190000000000186e-01	3.110229615219402444e+00
3.242650000000000254e-01	2.680368981418719709e+00
3.302149999999999808e-01	2.990803050818801267e+00
3.361680000000000224e-01	2.961635113981289091e+00
3.421210000000000084e-01	2.312653541634382748e+00
3.480759999999999965e-01	2.762439575828114169e+00
3.540289999999999826e-01	2.429470975044405456e+00
3.599809999999999954e-01	2.621510574212464029e+00
3.659330000000000083e-01	2.350825247221996595e+00
3.718839999999999923e-01	2.484846999631309838e+00
3.778360000000000052e-01	2.606129593635500452e+00
3.837869999999999893e-01	2.833653957875933660e+00
3.897390000000000021e-01	2.857956481618161071e+00
3.956910000000000149e-01	2.597723842948566286e+00
4.016429999999999723e-01	2.669475864756226002e+00
4.075949999999999851e-01	2.936063745947815384e+00
4.135469999999999979e-01	2.752491715372373804e+00
4.194979999999999820e-01	3.130491335592964219e+00
4.254499999999999948e-01	3.158750795143574042e+00
4.314009999999999789e-01	2.572473136867414301e+00
4.373540000000000205e-01	2.377931608313883505e+00
4.433079999999999798e-01	2.660862333766556453e+00
4.492619999999999947e-01	2.770021210913921283e+00
4.552160000000000095e-01	2.129719124612622139e+00
4.611680000000000224e-01	2.770667139732119200e+00
4.671170000000000044e-01	2.915592665978956610e+00
4.730619999999999825e-01	3.293229563893707912e+00
4.790059999999999873e-01	3.334924262105187776e+00
4.849510000000000209e-01	3.559114506713330961e+00
4.909020000000000050e-01	4.196153529551662764e+00
4.968629999999999991e-01	4.899280295387800521e+00
5.028390000000000359e-01	5.251975333163820814e+00
5.088230000000000253e-01	6.135957623821156837e+00
5.148009999999999531e-01	7.142712752604028381e+00
5.207570000000000254e-01	6.413657220586758356e+00
5.266750000000000043e-01	6.511848800504962398e+00
5.325410000000000421e-01	7.300822590265745760e+00
5.383719999999999617e-01	6.819409698513415385e+00
5.442249999999999588e-01	6.268463890112258241e+00
5.501580000000000359e-01	6.636585017586940083e+00
5.562289999999999734e-01	5.742539739975905277e+00
5.624930000000000208e-01	5.355132793199881114e+00
5.688929999999999820e-01	5.178387861719413010e+00
5.752220000000000111e-01	3.887755835629473466e+00
5.812610000000000277e-01	4.324420100043877113e+00
5.867949999999999555e-01	3.500257308483350815e+00
5.916080000000000227e-01	3.289274410215647482e+00
5.957040000000000113e-01	2.404083297636842698e+00
5.993990000000000151e-01	2.220688325535729923e+00
6.030370000000000452e-01	2.054121109367524234e+00
6.069609999999999728e-01	2.988964199258343779e+00
6.115110000000000268e-01	2.594865746652984306e+00
6.168270000000000142e-01	2.593172261802076939e+00
6.227219999999999978e-01	2.753538267710118337e+00
6.289789999999999548e-01	2.779229473905817649e+00
6.353790000000000271e-01	2.867340905472998358e+00
6.417070000000000274e-01	2.696057242560577105e+00
6.478369999999999962e-01	3.332825232625797440e+00
6.538089999999999735e-01	3.552295950899986732e+00
6.596819999999999906e-01	3.561303219682909305e+00
6.655140000000000500e-01	3.514102098733852042e+00
6.713630000000000431e-01	3.487316797695364290e+00
6.772660000000000347e-01	3.719864979641152924e+00
6.832110000000000127e-01	3.821130241370422453e+00
6.891829999999999901e-01	3.521543412416888952e+00
6.951669999999999794e-01	3.389260045330098503e+00
7.011469999999999647e-01	3.643954252320143361e+00
7.071119999999999628e-01	3.303747019549164055e+00
7.130670000000000064e-01	3.395141214114110628e+00
7.190130000000000132e-01	3.128902322167010475e+00
7.249569999999999625e-01	2.886450384379948275e+00
7.309010000000000229e-01	3.253894695132383497e+00
7.368489999999999762e-01	2.896987453165149606e+00
7.428000000000000158e-01	3.172163323860024864e+00
7.487530000000000019e-01	3.013401067297738933e+00
7.547080000000000455e-01	2.978446898555725753e+00
7.606619999999999493e-01	3.191728862025896785e+00
7.666140000000000176e-01	2.851288559301373926e+00
7.725670000000000037e-01	3.109145159686051318e+00
7.785180000000000433e-01	3.397051256862808621e+00
7.844689999999999719e-01	2.960363113259077750e+00
7.904210000000000402e-01	2.835590583121889274e+00
7.963729999999999976e-01	3.116685893441066835e+00
8.023249999999999549e-01	3.231327512787130818e+00
8.082770000000000232e-01	3.582757948465671305e+00
8.142289999999999806e-01	2.958267052593840152e+00
8.201800000000000201e-01	3.080595523771219035e+00
8.261319999999999775e-01	3.201923816861947270e+00
8.320830000000000171e-01	2.998665931098031923e+00
8.380349999999999744e-01	3.395425086390718050e+00
8.439870000000000427e-01	3.172283187132272531e+00
8.499400000000000288e-01	3.276615854204182110e+00
8.558940000000000436e-01	2.922420489149812006e+00
8.618479999999999475e-01	3.146771619220819272e+00
8.678010000000000446e-01	3.372554661416279131e+00
8.737519999999999731e-01	2.831233799812870267e+00
8.797000000000000375e-01	3.414718413500092087e+00
8.856439999999999868e-01	3.146452454325193493e+00
8.915870000000000184e-01	3.624520188533395526e+00
8.975349999999999717e-01	3.785605906809049515e+00
9.034900000000000153e-01	2.608838977346609411e+00
9.094569999999999599e-01	3.290760549718282135e+00
9.154379999999999740e-01	2.859134082410420774e+00
9.214210000000000456e-01	3.208917151116228883e+00
9.273909999999999654e-01	3.355347682631061534e+00
9.333329999999999682e-01	2.927331466909385060e+00
9.392300000000000093e-01	3.147052845267521271e+00
9.450749999999999984e-01	2.500879171598962003e+00
9.509090000000000042e-01	3.481945355759975325e+00
9.567890000000000006e-01	3.169582304227818614e+00
9.627750000000000474e-01	2.950850232214355717e+00
9.689229999999999787e-01	2.944703206334222667e+00
9.752680000000000238e-01	3.067469769420752890e+00
9.816639999999999810e-01	2.331925273459571901e+00
9.878930000000000211e-01	2.649329429803740421e+00
9.937399999999999567e-01	3.001343022588073062e+00
9.989850000000000119e-01	2.846182054264372763e+00
1.003457999999999961e+00	2.772071748863234042e+00
1.007338000000000067e+00	2.231809363665143042e+00
1.010966000000000031e+00	2.832669900505544902e+00
1.014685999999999977e+00	2.725971751115404906e+00
1.018841000000000108e+00	3.560261186884670970e+00
1.023735000000000062e+00	2.634438653332980440e+00
1.029328999999999938e+00	2.886977031048437947e+00
1.035408000000000106e+00	2.583929666766936695e+00
1.041754000000000069e+00	2.885345415804338565e+00
1.048148999999999997e+00	2.965660783455879468e+00
1.054391999999999996e+00	3.246966555282575939e+00
1.060446000000000000e+00	2.839506114404928727e+00
1.066368999999999900e+00	2.814146245569932869e+00
1.072216999999999976e+00	2.986943719533919239e+00
1.078049000000000035e+00	2.572179892951533375e+00
1.083920999999999912e+00	3.058557987338053064e+00
1.089842999999999895e+00	3.308808654540708716e+00
1.095801999999999943e+00	2.968073218497293997e+00
1.101780999999999899e+00	3.039363174108778320e+00
1.107765000000000111e+00	3.166466486370333566e+00
1.113739999999999952e+00	3.226534352523041438e+00
1.119699999999999918e+00	3.719662894594187641e+00
1.125650000000000039e+00	3.358696690581511657e+00
1.131594999999999906e+00	3.828965773411514562e+00
1.137537999999999938e+00	3.718112954774992929e+00
1.143483999999999945e+00	3.602055770177690963e+00
1.149432999999999927e+00	3.350949358828582803e+00
1.155386000000000024e+00	3.236291919929177308e+00
1.161338999999999899e+00	3.786222448397333018e+00
1.167294000000000054e+00	3.865752347175610115e+00
1.173246999999999929e+00	3.729262333714455036e+00
1.179200000000000026e+00	4.505788467848332424e+00
1.185151999999999983e+00	4.294255453743154760e+00
1.191103000000000023e+00	4.292419761904094244e+00
1.197054000000000062e+00	4.166120544305101703e+00
1.203006000000000020e+00	4.565421594416879891e+00
1.208957999999999977e+00	4.292237075308992011e+00
1.214909999999999934e+00	4.387675122153538609e+00
1.220861999999999892e+00	3.824879629133010717e+00
1.226814000000000071e+00	4.082273831435441203e+00
1.232765000000000111e+00	4.316809160987248539e+00
1.238717000000000068e+00	4.461150790290225210e+00
1.244668000000000108e+00	4.414218565824668872e+00
1.250620000000000065e+00	4.392583650175180487e+00
1.256572000000000022e+00	4.172424773687025912e+00
1.262526000000000037e+00	3.318082715700605867e+00
1.268480000000000052e+00	2.836021857029359161e+00
1.274434000000000067e+00	3.133360411520371258e+00
1.280386000000000024e+00	3.314198606994471330e+00
1.286335999999999924e+00	2.714691017496552394e+00
1.292281999999999931e+00	3.019586345006075589e+00
1.298224999999999962e+00	3.182849494185252759e+00
1.304170000000000051e+00	4.147856371270041365e+00
1.310119999999999951e+00	4.787539034979744201e+00
1.316079999999999917e+00	5.411257400129924733e+00
1.322052999999999923e+00	6.318013793229702912e+00
1.328036999999999912e+00	7.423179478619053029e+00
1.334017000000000008e+00	8.275124748792661578e+00
1.339976000000000056e+00	1.010307839896339210e+01
1.345900000000000096e+00	1.132849324760342213e+01
1.351774000000000031e+00	1.322033704684594113e+01
1.357607000000000008e+00	1.415067667640130011e+01
1.363453000000000026e+00	1.646292944094183497e+01
1.369372000000000034e+00	1.757946990199965143e+01
1.375421999999999922e+00	1.780073627571375638e+01
1.381658999999999970e+00	1.734829400056497306e+01
1.388052000000000064e+00	1.663861420261204316e+01
1.394403000000000059e+00	1.535967107488950489e+01
1.400492999999999988e+00	1.440361520991578637e+01
1.406104999999999938e+00	1.138760453969709019e+01
1.411021999999999998e+00	1.010266812371485479e+01
1.415195999999999898e+00	8.520924580236158619e+00
1.418924000000000074e+00	7.511732264875178977e+00
1.422549999999999981e+00	5.816132208013543803e+00
1.426417000000000046e+00	5.318347907743144809e+00
1.430868000000000029e+00	4.055306110657145524e+00
1.436091000000000006e+00	3.221268767442330816e+00
1.441923000000000066e+00	3.470003326841647251e+00
1.448144000000000098e+00	2.985548574837944891e+00
1.454538000000000109e+00	2.001155241831457765e+00
1.460887000000000047e+00	2.045675506019342116e+00
1.467041999999999957e+00	2.725872319602687721e+00
1.473030999999999979e+00	2.550278077183785186e+00
1.478914000000000062e+00	2.654471372240549965e+00
1.484749000000000096e+00	2.822560049855610487e+00
1.490591999999999917e+00	2.627503974429965083e+00
1.496488000000000040e+00	3.042325425709006659e+00
1.502428000000000097e+00	3.242292569162585902e+00
1.508397999999999906e+00	3.643141750618773766e+00
1.514380999999999977e+00	3.121133663849804840e+00
1.520361999999999991e+00	3.612454566816554191e+00
1.526329999999999965e+00	3.671962599956057005e+00
1.532284999999999897e+00	3.714596545192120125e+00
1.538232999999999961e+00	3.883901640243422992e+00
1.544175999999999993e+00	3.616036421209500862e+00
1.550119999999999942e+00	3.774892525304743618e+00
1.556068000000000007e+00	3.560335815612035937e+00
1.562019000000000046e+00	3.329374009430955628e+00
1.567971999999999921e+00	3.036991954460793508e+00
1.573925999999999936e+00	3.049450280134750724e+00
1.579879999999999951e+00	2.821973569655082503e+00
1.585833000000000048e+00	3.306282108785898899e+00
1.591785000000000005e+00	3.012598439097471825e+00
1.597736999999999963e+00	3.492752454404154605e+00
1.603688000000000002e+00	3.090524590293119545e+00
1.609639000000000042e+00	3.549918306015005243e+00
1.615590999999999999e+00	3.313077735935995083e+00
1.621542999999999957e+00	3.433479212577562834e+00
1.627494999999999914e+00	3.621091036197521706e+00
1.633447000000000093e+00	3.541417643957457617e+00
1.639399000000000051e+00	3.555107457671697002e+00
1.645350000000000090e+00	3.743129946955255249e+00
1.651302000000000048e+00	4.379039591268110598e+00
1.657253000000000087e+00	4.096667527642384954e+00
1.663205000000000044e+00	3.768912309739751443e+00
1.669157999999999920e+00	3.336740717196074346e+00
1.675111999999999934e+00	2.806984172989805071e+00
1.681065999999999949e+00	3.706439654287153829e+00
1.687019000000000046e+00	2.867311836570960004e+00
1.692971000000000004e+00	1.872470469209433164e+00
1.698919000000000068e+00	2.547218646643900630e+00
1.704863000000000017e+00	2.359848704377264461e+00
1.710806999999999967e+00	1.914287858813722210e+00
1.716752999999999973e+00	1.973872069217107672e+00
1.722706999999999988e+00	2.649399235451784129e+00
1.728671999999999986e+00	1.971767470670708455e+00
1.734652000000000083e+00	1.619625531813068342e+00
1.740636000000000072e+00	1.732994569478349955e+00
1.746609000000000078e+00	2.364897910836992967e+00
1.752555000000000085e+00	2.240797973046988467e+00
1.758458000000000077e+00	2.103461394292185815e+00
1.764308999999999905e+00	2.571027516333980856e+00
1.770140999999999964e+00	2.601324315768495321e+00
1.776011999999999924e+00	2.629024390712361381e+00
1.781979999999999897e+00	2.779638393481560943e+00
1.788105000000000055e+00	2.706021716687271539e+00
1.794426999999999994e+00	3.374046804164025914e+00
1.800829000000000013e+00	3.232450286103482728e+00
1.807091999999999921e+00	3.573396888647596192e+00
1.813002000000000002e+00	3.612220268753806529e+00
1.818338000000000010e+00	3.667280171823661838e+00
1.822912000000000088e+00	4.256587712567119652e+00
1.826850000000000085e+00	4.116745629066339340e+00
1.830492000000000008e+00	4.111328351223744626e+00
1.834179999999999922e+00	4.073925798913093921e+00
1.838259000000000087e+00	4.191203342619020944e+00
1.843048000000000020e+00	4.582233550274417588e+00
1.848562000000000038e+00	4.595499472926861451e+00
1.854589999999999961e+00	4.565585592925482494e+00
1.860913000000000039e+00	4.643481264105846940e+00
1.867313999999999918e+00	4.463948728130717747e+00
1.873583999999999916e+00	4.679109268780985431e+00
1.879660000000000108e+00	3.960019266747468958e+00
1.885596000000000050e+00	4.195434425335455408e+00
1.891450999999999993e+00	4.033617209442665441e+00
1.897281999999999913e+00	3.310368319783666191e+00
1.903146999999999922e+00	3.715412503607275596e+00
1.909062999999999954e+00	4.210015533604632765e+00
1.915018000000000109e+00	3.661762756404162378e+00
1.920995999999999926e+00	3.874475424362582299e+00
1.926979999999999915e+00	3.592223665906262742e+00
1.932955999999999896e+00	3.309804058259126602e+00
1.938917999999999919e+00	3.016986724209939297e+00
1.944868999999999959e+00	3.401296511603922212e+00
1.950814000000000048e+00	3.521444044619531866e+00
1.956757999999999997e+00	3.336426363353277136e+00
1.962703000000000086e+00	4.298832168632241491e+00
1.968652000000000069e+00	4.373004632249712920e+00
1.974604000000000026e+00	3.641143696887778614e+00
1.980558000000000041e+00	4.422676212426670972e+00
1.986512000000000056e+00	4.171762976505861253e+00
1.992466000000000070e+00	4.446077959615981179e+00
1.998418000000000028e+00	4.605777679739897934e+00
2.004370000000000207e+00	4.799702088459994798e+00
2.010321999999999942e+00	4.131197388004800075e+00
2.016272999999999982e+00	4.268154971615587989e+00
2.022224000000000022e+00	4.284865689053667381e+00
2.028176000000000201e+00	4.377409499053233510e+00
2.034127999999999936e+00	3.524693817494203074e+00
2.040080000000000116e+00	4.152127551004260120e+00
2.046031999999999851e+00	3.353947941403677468e+00
2.051984000000000030e+00	3.526769052916265856e+00
2.057935000000000070e+00	3.751143448309727013e+00
2.063886999999999805e+00	3.175229059794602904e+00
2.069837999999999845e+00	3.146620382314648801e+00
2.075791000000000164e+00	2.403436655684521472e+00
2.081744000000000039e+00	2.626255809441183420e+00
2.087698000000000054e+00	1.941196236121357499e+00
2.093652000000000069e+00	2.868977160580745256e+00
2.099604999999999944e+00	2.779862871510898614e+00
2.105554999999999843e+00	2.932812349158601783e+00
2.111501000000000072e+00	3.641144499420968739e+00
2.117445000000000022e+00	3.619734355185975971e+00
2.123388999999999971e+00	4.023519312127364245e+00
2.129338000000000175e+00	4.613507747915778445e+00
2.135295999999999861e+00	5.655199768732466659e+00
2.141268000000000171e+00	5.723018344232034593e+00
2.147250999999999799e+00	6.282742526253117354e+00
2.153232000000000035e+00	5.865576002651949672e+00
2.159196000000000115e+00	7.101592227879592656e+00
2.165125000000000188e+00	7.048499134714036884e+00
2.171006000000000213e+00	7.434085466401857190e+00
2.176841000000000026e+00	8.002346833365713508e+00
2.182682999999999929e+00	7.335197874544192587e+00
2.188588999999999896e+00	7.653041345827862330e+00
2.194618000000000180e+00	7.698156309364870609e+00
2.200828000000000007e+00	6.397062446593793084e+00
2.207209999999999894e+00	7.488777416040587553e+00
2.213579000000000185e+00	6.800672610947115615e+00
2.219714999999999883e+00	6.420063263534554920e+00
2.225403000000000020e+00	7.245749349806374084e+00
2.230423000000000044e+00	6.542554168808044857e+00
2.234681000000000139e+00	6.410786874378459288e+00
2.238447999999999993e+00	7.126031682606946305e+00
2.242068000000000172e+00	6.600919921890386455e+00
2.245884000000000214e+00	6.376680601156105688e+00
2.250237999999999960e+00	6.186657393809081640e+00
2.255365999999999982e+00	5.925650078361722528e+00
2.261130000000000084e+00	5.669450863161567433e+00
2.267313000000000134e+00	5.694748986635263854e+00
2.273696000000000161e+00	5.694174645816477920e+00
2.280063999999999869e+00	4.976354549426544871e+00
2.286243999999999943e+00	5.345929718419948351e+00
2.292251999999999956e+00	5.476713903707198128e+00
2.298146000000000022e+00	5.840928883859872300e+00
2.303983000000000114e+00	5.064279008883191935e+00
2.309822000000000042e+00	5.509975240627318804e+00
2.315710999999999853e+00	5.782776831832419084e+00
2.321645999999999876e+00	6.365757037789125938e+00
2.327612999999999932e+00	6.948277387853952547e+00
2.333594999999999864e+00	6.404123226629241827e+00
2.339576999999999796e+00	7.640640334814635892e+00
2.345546999999999827e+00	8.622885628257197510e+00
2.351503999999999817e+00	8.445676582040793079e+00
2.357451999999999881e+00	9.059498333354396138e+00
2.363395999999999830e+00	9.717301031819754797e+00
2.369339000000000084e+00	1.010567611968648372e+01
2.375286000000000008e+00	9.047718474349975892e+00
2.381237000000000048e+00	9.456149000711198127e+00
2.387189999999999923e+00	8.604913692857149243e+00
2.393143999999999938e+00	7.979387962791683719e+00
2.399097999999999953e+00	7.509669796564841349e+00
2.405050999999999828e+00	6.983626804019988477e+00
2.411004000000000147e+00	6.258961733069525302e+00
2.416955999999999882e+00	5.969230806074315332e+00
2.422906999999999922e+00	5.098771120558018843e+00
2.428857999999999961e+00	4.721933728152248655e+00
2.434809000000000001e+00	4.552119339757152439e+00
2.440760000000000041e+00	4.709236246598321074e+00
2.446712000000000220e+00	4.705496080995242636e+00
2.452663999999999955e+00	5.453653076047362269e+00
2.458616999999999830e+00	6.337574177827804078e+00
2.464570999999999845e+00	6.819411208175655936e+00
2.470524999999999860e+00	7.477050209463135921e+00
2.476478000000000179e+00	8.410469926270458529e+00
2.482429999999999914e+00	9.858371574606097809e+00
2.488377999999999979e+00	1.030098349189336915e+01
2.494323000000000068e+00	1.059557308842012091e+01
2.500265999999999877e+00	1.157469000466115538e+01
2.506212000000000106e+00	1.304405499064461438e+01
2.512164999999999981e+00	1.358548180705207820e+01
2.518129000000000062e+00	1.441020938328126633e+01
2.524108000000000018e+00	1.457046782919810290e+01
2.530091999999999786e+00	1.478371616211638262e+01
2.536067000000000071e+00	1.465000030736483616e+01
2.542015999999999831e+00	1.415769195113738377e+01
2.547924000000000078e+00	1.413876393491823791e+01
2.553779000000000021e+00	1.386337059685808981e+01
2.559610000000000163e+00	1.385518002331113507e+01
2.565475000000000172e+00	1.381036017228367285e+01
2.571432000000000162e+00	1.385114119218837558e+01
2.577539999999999942e+00	1.370752076204282410e+01
2.583845999999999865e+00	1.425186910663202333e+01
2.590249000000000024e+00	1.446032068184634589e+01
2.596534000000000120e+00	1.413850568282151698e+01
2.602485000000000159e+00	1.475471897796343335e+01
2.607883000000000173e+00	1.443953255656950851e+01
2.612527000000000044e+00	1.426921758694622788e+01
2.616509000000000196e+00	1.425958462022922113e+01
2.620163999999999938e+00	1.367823965187783664e+01
2.623834000000000000e+00	1.296161984662573374e+01
2.627863000000000060e+00	1.237707215967163243e+01
2.632579999999999920e+00	1.099776112112490267e+01
2.638037000000000187e+00	1.012126613785711626e+01
2.644026000000000209e+00	8.998369253027471260e+00
2.650332000000000132e+00	7.356438901628624016e+00
2.656734000000000151e+00	6.008718512723674188e+00
2.663022999999999918e+00	4.768656279525547603e+00
2.669115000000000126e+00	4.743550331786870800e+00
2.675060999999999911e+00	4.761422439106731019e+00
2.680919999999999970e+00	4.632209300777724970e+00
2.686751000000000111e+00	5.489658098415648446e+00
2.692610999999999866e+00	7.280536670108971542e+00
2.698523999999999923e+00	9.791967868228677929e+00
2.704476000000000102e+00	1.301225039070889622e+01
2.710452000000000083e+00	1.646320772357640649e+01
2.716435999999999851e+00	2.131201309879594419e+01
2.722412999999999972e+00	2.700172149718983405e+01
2.728375999999999912e+00	3.211520619858309544e+01
2.734328000000000092e+00	3.777346700009640301e+01
2.740273999999999877e+00	4.216612906351350887e+01
2.746217000000000130e+00	4.586953216826259450e+01
2.752162000000000219e+00	4.648441775329001757e+01
2.758110999999999979e+00	4.538006607775318457e+01
2.764063000000000159e+00	4.274964958383040425e+01
2.770016000000000034e+00	4.042709753600322387e+01
2.775971000000000188e+00	3.602978454368334837e+01
2.781924000000000063e+00	3.261777398552597163e+01
2.787876999999999938e+00	2.868011040686531388e+01
2.793829000000000118e+00	2.626438948436560850e+01
2.799780999999999853e+00	2.266063265791160219e+01
2.805731999999999893e+00	1.972322786153924667e+01
2.811682999999999932e+00	1.702556749471156294e+01
2.817635000000000112e+00	1.323393060187212100e+01
2.823586999999999847e+00	1.041376032299334931e+01
2.829539000000000026e+00	5.792114785669625121e+00
2.835491000000000206e+00	2.967920852816222421e+00
2.841442999999999941e+00	4.795977856293800468e-01
2.847395000000000120e+00	-2.360507362027894906e-01
2.853346999999999856e+00	-6.097699592848426775e-01
2.859299000000000035e+00	2.566256576907982589e-01
2.865251000000000214e+00	1.768655064975560132e+00
2.871201999999999810e+00	4.503264141722601366e+00
2.877153999999999989e+00	8.101564426177320755e+00
2.883106000000000169e+00	1.139398355019667974e+01
2.889057999999999904e+00	1.469069237804323969e+01
2.895010000000000083e+00	1.741214654474786983e+01
2.900961999999999819e+00	1.954850588822268875e+01
2.906913999999999998e+00	2.068114780889158055e+01
2.912866000000000177e+00	2.087536614148606517e+01
2.918817999999999913e+00	1.976154541763430927e+01
2.924770000000000092e+00	1.889361675459708323e+01
2.930721000000000132e+00	1.673975785911704506e+01
2.936672999999999867e+00	1.456028730739463839e+01
2.942625000000000046e+00	1.264986194795172736e+01
2.948576999999999781e+00	1.025048891787027827e+01
2.954528999999999961e+00	9.549730675878596031e+00
2.960481000000000140e+00	8.864746473879062449e+00
2.966432999999999875e+00	1.044708452721130953e+01
2.972385000000000055e+00	1.154631757794079050e+01
2.978336999999999790e+00	1.378614097137152861e+01
2.984288999999999970e+00	1.723762542356916327e+01
2.990240000000000009e+00	2.025579115251987261e+01
2.996192000000000188e+00	2.361349261629485241e+01
3.002143999999999924e+00	2.721245406488779395e+01
3.008096000000000103e+00	3.162724356856560703e+01
3.014047999999999838e+00	3.398642953616619877e+01
3.020000000000000018e+00	3.773610624409921144e+01
