1.199999999999999956e-01	5.831662142464030474e+00
1.249780000000000058e-01	4.442060907618985865e+00
1.305999999999999939e-01	3.401331794580925827e+00
1.367059999999999942e-01	2.791891491711587125e+00
1.431360000000000132e-01	2.068875146123409170e+00
1.497320000000000040e-01	1.490144983540033996e+00
1.563350000000000017e-01	6.484517146893811201e-01
1.627850000000000130e-01	3.871885289661943785e-01
1.689219999999999888e-01	2.571161837514786552e-01
1.745889999999999942e-01	-1.284752691557894955e-01
1.796250000000000069e-01	-7.987751972858917471e-01
1.839349999999999874e-01	-6.003411005532333089e-01
1.877439999999999942e-01	-9.972072606777058201e-01
1.913779999999999926e-01	-1.058072198373242845e+00
1.951660000000000061e-01	-9.953208251320475597e-01
1.994340000000000002e-01	-5.253861342687384806e-01
2.044499999999999929e-01	-3.806752271056283443e-01
2.101250000000000062e-01	-2.292197616364014534e-01
2.162479999999999958e-01	3.457375026183091837e-02
2.226049999999999973e-01	3.287854654162196688e-01
2.289819999999999911e-01	7.128196298532344377e-01
2.351930000000000132e-01	8.840720164113081703e-01
2.412249999999999950e-01	1.408615106624680369e+00
2.471349999999999936e-01	1.488366490055943459e+00
2.529799999999999827e-01	1.789483776375203838e+00
2.588170000000000193e-01	1.798929203994562576e+00
2.646970000000000156e-01	1.563218268153004242e+00
2.706259999999999777e-01	1.635772370027431366e+00
2.765880000000000005e-01	1.340625868033976653e+00
2.825679999999999858e-01	1.055534427993307656e+00
2.885510000000000019e-01	1.255007142549956045e+00
2.945229999999999793e-01	9.038420884951798850e-01
3.004809999999999981e-01	5.803426017887403088e-01
3.064310000000000089e-01	6.305849516392559861e-01
3.123750000000000138e-01	1.131200964027286648e+00
3.183190000000000186e-01	8.643408735298250267e-01
3.242650000000000254e-01	7.559479376498594583e-01
3.302149999999999808e-01	6.860092354273552573e-01
3.361680000000000224e-01	6.620571522272505893e-01
3.421210000000000084e-01	9.571827133572778923e-01
3.480759999999999965e-01	8.887053801681884524e-01
3.540289999999999826e-01	8.836923039206111552e-01
3.599809999999999954e-01	1.374340157116801020e+00
3.659330000000000083e-01	1.553489036791630085e+00
3.718839999999999923e-01	1.358304856142039219e+00
3.778360000000000052e-01	1.545862223176459160e+00
3.837869999999999893e-01	1.647755665826229565e+00
3.897390000000000021e-01	1.393113931892073110e+00
3.956910000000000149e-01	1.353707937318476606e+00
4.016429999999999723e-01	1.036627765459769535e+00
4.075949999999999851e-01	1.185398955381324892e+00
4.135469999999999979e-01	1.091212537677361372e+00
4.194979999999999820e-01	5.627579369586953595e-01
4.254499999999999948e-01	7.624573591043918297e-01
4.314009999999999789e-01	2.850171217174983229e-01
4.373540000000000205e-01	1.533133921969896396e-01
4.433079999999999798e-01	2.361557702716804152e-01
4.492619999999999947e-01	6.891594917562091638e-01
4.552160000000000095e-01	3.715899854425323556e-01
4.611680000000000224e-01	6.895279692812767980e-01
4.671170000000000044e-01	8.737455521388075574e-01
4.730619999999999825e-01	1.683990853539253596e+00
4.790059999999999873e-01	1.883274531629794080e+00
4.849510000000000209e-01	2.410220553153304301e+00
4.909020000000000050e-01	2.987588183541098452e+00
4.968629999999999991e-01	3.300010205690687926e+00
5.028390000000000359e-01	3.837389555342920033e+00
5.088230000000000253e-01	4.666236513973744060e+00
5.148009999999999531e-01	5.155278162246504259e+00
5.207570000000000254e-01	5.418758090961821594e+00
5.266750000000000043e-01	5.983788378495119353e+00
5.325410000000000421e-01	6.011773519312455072e+00
5.383719999999999617e-01	6.234149615317504001e+00
5.442249999999999588e-01	5.720806193018230346e+00
5.501580000000000359e-01	5.011832053825244770e+00
5.562289999999999734e-01	4.364046498678647801e+00
5.624930000000000208e-01	4.438724856734940438e+00
5.688929999999999820e-01	4.069631808088165492e+00
5.752220000000000111e-01	3.629166925865319193e+00
5.812610000000000277e-01	3.157431312083234687e+00
5.867949999999999555e-01	2.745029477357448844e+00
5.916080000000000227e-01	2.114430579373111740e+00
5.957040000000000113e-01	2.536280987185783875e+00
5.993990000000000151e-01	1.903693202942607465e+00
6.030370000000000452e-01	1.304970236198617295e+00
6.069609999999999728e-01	1.367156192600931019e+00
6.115110000000000268e-01	1.204187224142383217e+00
6.168270000000000142e-01	9.235100828566356057e-01
6.227219999999999978e-01	8.053250418337150052e-01
6.289789999999999548e-01	9.053692048742479903e-01
6.353790000000000271e-01	9.275641701187604671e-01
6.417070000000000274e-01	1.190326523197271502e+00
6.478369999999999962e-01	9.527736617354953808e-01
6.538089999999999735e-01	9.729110357470033277e-01
6.596819999999999906e-01	7.549362109793287257e-01
6.655140000000000500e-01	1.242693763519616912e+00
6.713630000000000431e-01	1.104116562238441901e+00
6.772660000000000347e-01	6.662793305778320629e-01
6.832110000000000127e-01	1.202403667216895400e+00
6.891829999999999901e-01	1.198690241891475550e+00
6.951669999999999794e-01	9.423345127049407299e-01
7.011469999999999647e-01	1.501522025076556632e+00
7.071119999999999628e-01	8.970840804535349378e-01
7.130670000000000064e-01	8.622488680553250795e-01
7.190130000000000132e-01	1.185614402443452731e+00
7.249569999999999625e-01	1.525762970581909794e+00
7.309010000000000229e-01	1.486463493525764124e+00
7.368489999999999762e-01	1.514852386769597548e+00
7.428000000000000158e-01	1.607260118999494392e+00
7.487530000000000019e-01	1.543985147027486571e+00
7.547080000000000455e-01	2.347809130375882347e+00
7.606619999999999493e-01	2.411019236893841011e+00
7.666140000000000176e-01	2.216294086340255820e+00
7.725670000000000037e-01	2.084229932768845828e+00
7.785180000000000433e-01	2.249610557469356120e+00
7.844689999999999719e-01	2.025098984438026939e+00
7.904210000000000402e-01	2.242858284712747619e+00
7.963729999999999976e-01	1.958355312881104870e+00
8.023249999999999549e-01	2.023148454774323035e+00
8.082770000000000232e-01	1.909151105724984365e+00
8.142289999999999806e-01	1.973948672878610422e+00
8.201800000000000201e-01	1.900431753282349590e+00
8.261319999999999775e-01	1.842030706168261700e+00
8.320830000000000171e-01	1.697844109579214944e+00
8.380349999999999744e-01	1.361614141114696030e+00
8.439870000000000427e-01	1.725871677583850516e+00
8.499400000000000288e-01	1.329826374433846103e+00
8.558940000000000436e-01	1.422094577280231142e+00
8.618479999999999475e-01	1.207381038140034946e+00
8.678010000000000446e-01	1.717647499736463690e+00
8.737519999999999731e-01	1.473027884454292780e+00
8.797000000000000375e-01	1.886408130812031070e+00
8.856439999999999868e-01	1.756308319393454997e+00
8.915870000000000184e-01	1.666133559837852163e+00
8.975349999999999717e-01	2.052650157949483578e+00
9.034900000000000153e-01	2.006414569997984731e+00
9.094569999999999599e-01	2.466486554597914882e+00
9.154379999999999740e-01	2.135610342161387010e+00
9.214210000000000456e-01	2.231182335235164960e+00
9.273909999999999654e-01	1.813718348516050183e+00
9.333329999999999682e-01	2.081217653029856951e+00
9.392300000000000093e-01	2.017992662138850424e+00
9.450749999999999984e-01	2.121881007697174137e+00
9.509090000000000042e-01	2.252803009427767122e+00
9.567890000000000006e-01	2.171374046392690271e+00
9.627750000000000474e-01	2.276926435644297975e+00
9.689229999999999787e-01	2.406528386718396195e+00
9.752680000000000238e-01	2.066951735053099704e+00
9.816639999999999810e-01	2.130324773878015332e+00
9.878930000000000211e-01	2.363347299915300237e+00
9.937399999999999567e-01	2.136591006915490976e+00
9.989850000000000119e-01	2.413736221598883347e+00
1.003457999999999961e+00	2.204531348768000054e+00
1.007338000000000067e+00	2.531829326279233960e+00
1.010966000000000031e+00	2.359611080895468227e+00
1.014685999999999977e+00	2.860151840049788063e+00
1.018841000000000108e+00	2.882291676370497324e+00
1.023735000000000062e+00	2.332160625284245725e+00
1.029328999999999938e+00	2.605396843016579478e+00
1.035408000000000106e+00	2.860511905187899551e+00
1.041754000000000069e+00	3.190938711934092620e+00
1.048148999999999997e+00	2.612327183584811863e+00
1.054391999999999996e+00	3.178188322551010803e+00
1.060446000000000000e+00	3.153043560396472600e+00
1.066368999999999900e+00	3.264941573636380490e+00
1.072216999999999976e+00	3.788325317165593731e+00
1.078049000000000035e+00	4.302483542871487820e+00
1.083920999999999912e+00	4.189258786321359729e+00
1.089842999999999895e+00	3.804332368121210450e+00
1.095801999999999943e+00	4.360744379700761897e+00
1.101780999999999899e+00	4.806303533485506208e+00
1.107765000000000111e+00	5.008726758369642873e+00
1.113739999999999952e+00	5.148050945405953094e+00
1.119699999999999918e+00	5.302065116513211329e+00
1.125650000000000039e+00	5.273830122998950820e+00
1.131594999999999906e+00	5.225435756804672316e+00
1.137537999999999938e+00	5.645136941802972430e+00
1.143483999999999945e+00	5.660593201956920950e+00
1.149432999999999927e+00	5.694242416430092213e+00
1.155386000000000024e+00	5.528475207052048646e+00
1.161338999999999899e+00	6.203125361205455768e+00
1.167294000000000054e+00	6.252096096886506693e+00
1.173246999999999929e+00	5.936936514307894264e+00
1.179200000000000026e+00	5.984351568058585258e+00
1.185151999999999983e+00	6.062158392952121666e+00
1.191103000000000023e+00	6.167296025139778592e+00
1.197054000000000062e+00	6.270830335493272401e+00
1.203006000000000020e+00	6.202910209399350450e+00
1.208957999999999977e+00	6.134891027605010372e+00
1.214909999999999934e+00	5.952870670535279629e+00
1.220861999999999892e+00	5.914655562491008212e+00
1.226814000000000071e+00	5.862890080057626463e+00
1.232765000000000111e+00	5.514653600659660704e+00
1.238717000000000068e+00	4.766392899179802356e+00
1.244668000000000108e+00	4.985575923135216136e+00
1.250620000000000065e+00	5.099796140715601389e+00
1.256572000000000022e+00	5.223292650358098754e+00
1.262526000000000037e+00	4.795137994680102267e+00
1.268480000000000052e+00	4.690958415263771997e+00
1.274434000000000067e+00	4.218411846328930181e+00
1.280386000000000024e+00	4.205715946579913656e+00
1.286335999999999924e+00	4.495250119116951382e+00
1.292281999999999931e+00	4.295878767675155530e+00
1.298224999999999962e+00	4.231805781010633538e+00
1.304170000000000051e+00	5.765013671358463654e+00
1.310119999999999951e+00	5.663641561158260451e+00
1.316079999999999917e+00	6.389902328933941611e+00
1.322052999999999923e+00	6.980541751935903427e+00
1.328036999999999912e+00	8.048403432349708453e+00
1.334017000000000008e+00	8.871824966454115113e+00
1.339976000000000056e+00	1.036729432690300712e+01
1.345900000000000096e+00	1.200252023733111173e+01
1.351774000000000031e+00	1.400789503396997482e+01
1.357607000000000008e+00	1.670044036923886210e+01
1.363453000000000026e+00	1.920813006319326988e+01
1.369372000000000034e+00	2.162613248051500392e+01
1.375421999999999922e+00	2.318859462669711746e+01
1.381658999999999970e+00	2.408021351951802203e+01
1.388052000000000064e+00	2.350303047936589351e+01
1.394403000000000059e+00	2.230317333560006432e+01
1.400492999999999988e+00	2.020990939194960490e+01
1.406104999999999938e+00	1.821155797849440816e+01
1.411021999999999998e+00	1.553644063110589535e+01
1.415195999999999898e+00	1.331069674377758716e+01
1.418924000000000074e+00	1.123282102837400309e+01
1.422549999999999981e+00	9.367526138426690352e+00
1.426417000000000046e+00	8.507790593992858419e+00
1.430868000000000029e+00	6.652626570598544120e+00
1.436091000000000006e+00	5.199993424721824908e+00
1.441923000000000066e+00	4.424314857333600415e+00
1.448144000000000098e+00	3.913109532218922659e+00
1.454538000000000109e+00	3.219964361862398761e+00
1.460887000000000047e+00	2.999095962899405166e+00
1.467041999999999957e+00	2.686824514908726425e+00
1.473030999999999979e+00	2.942437226113792104e+00
1.478914000000000062e+00	2.383606964329147093e+00
1.484749000000000096e+00	3.111079349392668281e+00
1.490591999999999917e+00	3.463183731874837523e+00
1.496488000000000040e+00	3.558201497163606231e+00
1.502428000000000097e+00	3.911903933687489232e+00
1.508397999999999906e+00	4.666916332810322920e+00
1.514380999999999977e+00	4.919979076096503867e+00
1.520361999999999991e+00	5.480697372154783586e+00
1.526329999999999965e+00	5.733314116587358455e+00
1.532284999999999897e+00	5.815480658386172230e+00
1.538232999999999961e+00	6.476827355995648183e+00
1.544175999999999993e+00	6.113117830289223065e+00
1.550119999999999942e+00	6.264897069160931586e+00
1.556068000000000007e+00	6.026742435735395809e+00
1.562019000000000046e+00	6.587885389153234961e+00
1.567971999999999921e+00	6.540755993893826670e+00
1.573925999999999936e+00	6.641873000302937591e+00
1.579879999999999951e+00	6.460473150049793389e+00
1.585833000000000048e+00	6.239919897214934785e+00
1.591785000000000005e+00	6.727432704610940561e+00
1.597736999999999963e+00	6.939586388231560932e+00
1.603688000000000002e+00	6.860357402616348743e+00
1.609639000000000042e+00	6.892501052575935816e+00
1.615590999999999999e+00	7.510162950164915863e+00
1.621542999999999957e+00	7.730187783712153760e+00
1.627494999999999914e+00	7.941814691519171632e+00
1.633447000000000093e+00	7.634261980680301818e+00
1.639399000000000051e+00	8.746486481506863697e+00
1.645350000000000090e+00	8.694110013802038850e+00
1.651302000000000048e+00	9.247109927168773780e+00
1.657253000000000087e+00	9.388120774446223393e+00
1.663205000000000044e+00	9.585157112607276986e+00
1.669157999999999920e+00	9.872215837344858969e+00
1.675111999999999934e+00	1.034641852258086203e+01
1.681065999999999949e+00	1.055825869796632333e+01
1.687019000000000046e+00	1.084455852183103808e+01
1.692971000000000004e+00	1.118841217607583616e+01
1.698919000000000068e+00	1.152755479087189805e+01
1.704863000000000017e+00	1.093175069480615491e+01
1.710806999999999967e+00	1.111097673052254109e+01
1.716752999999999973e+00	1.063900003900143965e+01
1.722706999999999988e+00	1.105978904409237273e+01
1.728671999999999986e+00	1.098287590239131539e+01
1.734652000000000083e+00	1.058193876180037307e+01
1.740636000000000072e+00	1.033320999460333844e+01
1.746609000000000078e+00	9.731942719419702570e+00
1.752555000000000085e+00	9.830638597566533576e+00
1.758458000000000077e+00	9.223505676161689593e+00
1.764308999999999905e+00	8.508957791810104254e+00
1.770140999999999964e+00	8.337724822708418415e+00
1.776011999999999924e+00	7.660770390440628574e+00
1.781979999999999897e+00	7.151978613060562040e+00
1.788105000000000055e+00	6.967088406917920196e+00
1.794426999999999994e+00	6.930953484309732460e+00
1.800829000000000013e+00	6.396976290767055318e+00
1.807091999999999921e+00	6.074599723088463854e+00
1.813002000000000002e+00	6.073900335345419066e+00
1.818338000000000010e+00	6.246631301939900460e+00
1.822912000000000088e+00	6.414538882116596064e+00
1.826850000000000085e+00	6.285596292403845098e+00
1.830492000000000008e+00	6.583650891455302911e+00
1.834179999999999922e+00	6.849935931026422509e+00
1.838259000000000087e+00	7.435196539019266027e+00
1.843048000000000020e+00	7.862812661768317390e+00
1.848562000000000038e+00	7.935508459788594315e+00
1.854589999999999961e+00	8.421371113299983335e+00
1.860913000000000039e+00	8.932543441179495503e+00
1.867313999999999918e+00	8.695714952415523058e+00
1.873583999999999916e+00	9.047068362144756293e+00
1.879660000000000108e+00	8.779672181205969039e+00
1.885596000000000050e+00	8.416908999177170614e+00
1.891450999999999993e+00	7.915308251028207565e+00
1.897281999999999913e+00	8.514218692504995190e+00
1.903146999999999922e+00	7.971117638619163337e+00
1.909062999999999954e+00	7.242634233778694863e+00
1.915018000000000109e+00	7.071442610156057462e+00
1.920995999999999926e+00	6.557360727708948289e+00
1.926979999999999915e+00	6.587809944411875840e+00
1.932955999999999896e+00	5.982021630416149982e+00
1.938917999999999919e+00	6.179278433026694550e+00
1.944868999999999959e+00	5.245486522723113332e+00
1.950814000000000048e+00	5.282831471974682280e+00
1.956757999999999997e+00	5.205119258084866196e+00
1.962703000000000086e+00	4.858233595745335087e+00
1.968652000000000069e+00	5.318621091325985262e+00
1.974604000000000026e+00	5.196300074210222775e+00
1.980558000000000041e+00	4.867427937906603219e+00
1.986512000000000056e+00	5.159784118705195155e+00
1.992466000000000070e+00	5.531511002216048745e+00
1.998418000000000028e+00	5.680330636737362049e+00
2.004370000000000207e+00	5.548048471863496367e+00
2.010321999999999942e+00	5.836609016945335959e+00
2.016272999999999982e+00	6.278365405869002380e+00
2.022224000000000022e+00	6.479444050029760760e+00
2.028176000000000201e+00	5.927920471796027435e+00
2.034127999999999936e+00	6.295219829137783663e+00
2.040080000000000116e+00	6.189281736365470188e+00
2.046031999999999851e+00	6.335429914637866311e+00
2.051984000000000030e+00	6.444711341348121181e+00
2.057935000000000070e+00	7.004108669987807012e+00
2.063886999999999805e+00	6.979077544742569472e+00
2.069837999999999845e+00	7.240945497451130031e+00
2.075791000000000164e+00	7.967724070454960561e+00
2.081744000000000039e+00	8.077573140188544443e+00
2.087698000000000054e+00	8.576960080894505012e+00
2.093652000000000069e+00	9.073480618560454403e+00
2.099604999999999944e+00	9.006679949858822809e+00
2.105554999999999843e+00	9.943395836966029577e+00
2.111501000000000072e+00	1.019178977040383494e+01
2.117445000000000022e+00	1.044187414359646304e+01
2.123388999999999971e+00	1.050708878464841689e+01
2.129338000000000175e+00	1.074773242863264677e+01
2.135295999999999861e+00	1.049023106926880544e+01
2.141268000000000171e+00	1.009966718343689784e+01
2.147250999999999799e+00	1.028042745448117756e+01
2.153232000000000035e+00	9.442503943680655709e+00
2.159196000000000115e+00	8.314796795015784170e+00
2.165125000000000188e+00	7.625375557583801367e+00
2.171006000000000213e+00	7.382668799543701255e+00
2.176841000000000026e+00	7.081334034085742246e+00
2.182682999999999929e+00	6.773375224681676521e+00
2.188588999999999896e+00	6.780332684393536979e+00
2.194618000000000180e+00	7.769631301635150145e+00
2.200828000000000007e+00	7.952206339292677839e+00
2.207209999999999894e+00	9.575726775229002286e+00
2.213579000000000185e+00	1.036419392782088877e+01
2.219714999999999883e+00	1.205160621181613045e+01
2.225403000000000020e+00	1.330138337997330744e+01
2.230423000000000044e+00	1.482365443396956195e+01
2.234681000000000139e+00	1.566759367525065372e+01
2.238447999999999993e+00	1.635921832445302826e+01
2.242068000000000172e+00	1.670434689027546327e+01
2.245884000000000214e+00	1.687049830361812397e+01
2.250237999999999960e+00	1.659348905323883372e+01
2.255365999999999982e+00	1.619165108517479013e+01
2.261130000000000084e+00	1.540484156333593546e+01
2.267313000000000134e+00	1.383672472781132257e+01
2.273696000000000161e+00	1.273826227741137984e+01
2.280063999999999869e+00	1.010019390441710030e+01
2.286243999999999943e+00	8.322028325262770920e+00
2.292251999999999956e+00	5.680736072179489504e+00
2.298146000000000022e+00	3.737068609672493658e+00
2.303983000000000114e+00	1.642976528306172801e+00
2.309822000000000042e+00	5.319292434168764183e-01
2.315710999999999853e+00	-1.798993673793926051e-01
2.321645999999999876e+00	-4.042480698574885123e-02
2.327612999999999932e+00	-1.098797414212159818e-01
2.333594999999999864e+00	1.423720440684224986e+00
2.339576999999999796e+00	2.264001711079492107e+00
2.345546999999999827e+00	4.217806387628543874e+00
2.351503999999999817e+00	5.810241928748662410e+00
2.357451999999999881e+00	7.060900948563984869e+00
2.363395999999999830e+00	8.557308578739256433e+00
2.369339000000000084e+00	1.007208329273843539e+01
2.375286000000000008e+00	1.115195530299243565e+01
2.381237000000000048e+00	1.180177871096691433e+01
2.387189999999999923e+00	1.288122950238219389e+01
2.393143999999999938e+00	1.301026219366181458e+01
2.399097999999999953e+00	1.289983347351093634e+01
2.405050999999999828e+00	1.288259904369309616e+01
2.411004000000000147e+00	1.270364497712151142e+01
2.416955999999999882e+00	1.279633542870102758e+01
2.422906999999999922e+00	1.238947696853174740e+01
2.428857999999999961e+00	1.207247612192747788e+01
2.434809000000000001e+00	1.175395392462464805e+01
2.440760000000000041e+00	1.225772394210467198e+01
2.446712000000000220e+00	1.246518304842585678e+01
2.452663999999999955e+00	1.312774106372590666e+01
2.458616999999999830e+00	1.351248790665120225e+01
2.464570999999999845e+00	1.436297228820751926e+01
2.470524999999999860e+00	1.485623943085212240e+01
2.476478000000000179e+00	1.590640786747210633e+01
2.482429999999999914e+00	1.654577100229990805e+01
2.488377999999999979e+00	1.754905017016343649e+01
2.494323000000000068e+00	1.868633948545366508e+01
2.500265999999999877e+00	1.918707573523477805e+01
2.506212000000000106e+00	1.985502866705956748e+01
2.512164999999999981e+00	2.039511917675648078e+01
2.518129000000000062e+00	2.001384345426916767e+01
2.524108000000000018e+00	1.984230670590093837e+01
2.530091999999999786e+00	1.919204635225698041e+01
2.536067000000000071e+00	1.811971288177304373e+01
2.542015999999999831e+00	1.826839876601800938e+01
2.547924000000000078e+00	1.973349466636176075e+01
2.553779000000000021e+00	2.306646283949615395e+01
2.559610000000000163e+00	2.780787867443264005e+01
2.565475000000000172e+00	3.228331926795568307e+01
2.571432000000000162e+00	3.616050580492118627e+01
2.577539999999999942e+00	3.857085771982048072e+01
2.583845999999999865e+00	3.766841650543425857e+01
2.590249000000000024e+00	3.389476224874296406e+01
2.596534000000000120e+00	2.840599007654577690e+01
2.602485000000000159e+00	2.161200321361291898e+01
2.607883000000000173e+00	1.483740925466626415e+01
2.612527000000000044e+00	8.711761408515316774e+00
2.616509000000000196e+00	3.540338584463294858e+00
2.620163999999999938e+00	-2.873970712001445715e-01
2.623834000000000000e+00	-2.558251664474711085e+00
2.627863000000000060e+00	-2.671549226850189473e+00
2.632579999999999920e+00	-1.893948704377014680e+00
2.638037000000000187e+00	1.073230120859965719e+00
2.644026000000000209e+00	4.923786233970908199e+00
2.650332000000000132e+00	8.802344218636491746e+00
2.656734000000000151e+00	1.220138628714137496e+01
2.663022999999999918e+00	1.345493490646871848e+01
2.669115000000000126e+00	1.298199391544211956e+01
2.675060999999999911e+00	1.200706822285417807e+01
2.680919999999999970e+00	1.061018519100140090e+01
2.686751000000000111e+00	1.038693093325769823e+01
2.692610999999999866e+00	1.155336526902645211e+01
2.698523999999999923e+00	1.357608533291637798e+01
2.704476000000000102e+00	1.698061171754749665e+01
2.710452000000000083e+00	2.096559920365375973e+01
2.716435999999999851e+00	2.413976040093117348e+01
2.722412999999999972e+00	2.706864781620701166e+01
2.728375999999999912e+00	2.893527395286610115e+01
2.734328000000000092e+00	2.967633247994498547e+01
2.740273999999999877e+00	3.023761138263494885e+01
2.746217000000000130e+00	3.108447258237909239e+01
2.752162000000000219e+00	3.258077333610329873e+01
2.758110999999999979e+00	3.445437868153739203e+01
2.764063000000000159e+00	3.530054344921852305e+01
2.770016000000000034e+00	3.519123718616964425e+01
2.775971000000000188e+00	3.188764374172855298e+01
2.781924000000000063e+00	2.587334358371734666e+01
2.787876999999999938e+00	1.622720608183119850e+01
2.793829000000000118e+00	5.219336217624545249e+00
2.799780999999999853e+00	-6.290634426115071953e+00
2.805731999999999893e+00	-1.589498600317910615e+01
2.811682999999999932e+00	-2.241762501709056465e+01
2.817635000000000112e+00	-2.436357656423389884e+01
2.823586999999999847e+00	-2.387786033475421377e+01
2.829539000000000026e+00	-2.046917489964967274e+01
2.835491000000000206e+00	-1.596173433078156911e+01
2.841442999999999941e+00	-1.053604265046005573e+01
2.847395000000000120e+00	-5.702389275506956956e+00
2.853346999999999856e+00	-1.483283297753482444e+00
2.859299000000000035e+00	2.335445014781859729e+00
2.865251000000000214e+00	4.973280709856331860e+00
2.871201999999999810e+00	6.019711955570513418e+00
2.877153999999999989e+00	6.327004800167914667e+00
2.883106000000000169e+00	5.194976873049646393e+00
2.889057999999999904e+00	3.903597783108413211e+00
2.895010000000000083e+00	3.307349995816134758e+00
2.900961999999999819e+00	3.254043341685121771e+00
2.906913999999999998e+00	5.012440487679526768e+00
2.912866000000000177e+00	6.995223180870930868e+00
2.918817999999999913e+00	9.462368353354936090e+00
2.924770000000000092e+00	1.208316937861393825e+01
2.930721000000000132e+00	1.435626553452768839e+01
2.936672999999999867e+00	1.612287862975062325e+01
2.942625000000000046e+00	1.662536621385200419e+01
2.948576999999999781e+00	1.687870244610196480e+01
2.954528999999999961e+00	1.621770962685821615e+01
2.960481000000000140e+00	1.457111122769896028e+01
2.966432999999999875e+00	1.229342106005597657e+01
2.972385000000000055e+00	9.519864027199172796e+00
2.978336999999999790e+00	7.018991704025463463e+00
2.984288999999999970e+00	3.884427618108424518e+00
2.990240000000000009e+00	2.495724970512315899e+00
2.996192000000000188e+00	1.818306485810745388e+00
3.002143999999999924e+00	2.230384955736505859e+00
3.008096000000000103e+00	4.637703377491900092e+00
3.014047999999999838e+00	8.854393993185139422e+00
3.020000000000000018e+00	1.610447149303299952e+01
