1.199999999999999956e-01	-2.205132904342108180e+00
1.249780000000000058e-01	-2.716272416757731456e+00
1.305999999999999939e-01	-3.268807227979300123e+00
1.367059999999999942e-01	-3.147882557895467670e+00
1.431360000000000132e-01	-3.433488552284195805e+00
1.497320000000000040e-01	-3.470543631719760658e+00
1.563350000000000017e-01	-3.345389671516665331e+00
1.627850000000000130e-01	-3.235146073946623790e+00
1.689219999999999888e-01	-2.992726433721786705e+00
1.745889999999999942e-01	-2.554168241429094710e+00
1.796250000000000069e-01	-2.438875763388233420e+00
1.839349999999999874e-01	-2.441604442218482163e+00
1.877439999999999942e-01	-2.122238703853236874e+00
1.913779999999999926e-01	-2.049385748540699659e+00
1.951660000000000061e-01	-2.092856500279358656e+00
1.994340000000000002e-01	-1.767125829652532065e+00
2.044499999999999929e-01	-1.700949875238785269e+00
2.101250000000000062e-01	-1.546268676914214879e+00
2.162479999999999958e-01	-1.460546438309548112e+00
2.226049999999999973e-01	-1.471573689219231484e+00
2.289819999999999911e-01	-1.478900437690558345e+00
2.351930000000000132e-01	-1.582430597241223591e+00
2.412249999999999950e-01	-1.508742040757568015e+00
2.471349999999999936e-01	-1.797015716141358022e+00
2.529799999999999827e-01	-1.748472058097401360e+00
2.588170000000000193e-01	-1.541938559863468505e+00
2.646970000000000156e-01	-1.933800862851648983e+00
2.706259999999999777e-01	-1.770906434323407552e+00
2.765880000000000005e-01	-1.918579726371271832e+00
2.825679999999999858e-01	-1.753720981200454387e+00
2.885510000000000019e-01	-1.835826392297756238e+00
2.945229999999999793e-01	-2.112333306876613026e+00
3.004809999999999981e-01	-2.027746048608166873e+00
3.064310000000000089e-01	-2.466617329642263101e+00
3.123750000000000138e-01	-2.401973174137574496e+00
3.183190000000000186e-01	-2.353764748007294294e+00
3.242650000000000254e-01	-2.468399195326395290e+00
3.302149999999999808e-01	-2.279688313433813729e+00
3.361680000000000224e-01	-2.247297096451934539e+00
3.421210000000000084e-01	-2.023423332815458053e+00
3.480759999999999965e-01	-2.011317434056378417e+00
3.540289999999999826e-01	-1.978812148133582083e+00
3.599809999999999954e-01	-1.796819827366647804e+00
3.659330000000000083e-01	-1.832881356923640848e+00
3.718839999999999923e-01	-1.639793978554574760e+00
3.778360000000000052e-01	-1.475343990112344184e+00
3.837869999999999893e-01	-1.414625371822364697e+00
3.897390000000000021e-01	-1.523770120656994465e+00
3.956910000000000149e-01	-1.583774325580882048e+00
4.016429999999999723e-01	-1.610998192601334589e+00
4.075949999999999851e-01	-1.702953137382845039e+00
4.135469999999999979e-01	-1.812826949436642465e+00
4.194979999999999820e-01	-1.979124003044711921e+00
4.254499999999999948e-01	-2.130620167172420309e+00
4.314009999999999789e-01	-2.147528815856741602e+00
4.373540000000000205e-01	-1.992036363946298572e+00
4.433079999999999798e-01	-2.346218863393509491e+00
4.492619999999999947e-01	-2.285306382155680716e+00
4.552160000000000095e-01	-2.499046707949629909e+00
4.611680000000000224e-01	-2.236247834714578442e+00
4.671170000000000044e-01	-2.116993091455966702e+00
4.730619999999999825e-01	-1.950115049036865722e+00
4.790059999999999873e-01	-1.360941985090908357e+00
4.849510000000000209e-01	-9.066323025958897830e-01
4.909020000000000050e-01	-3.642315444989857043e-01
4.968629999999999991e-01	4.342956610349050228e-01
5.028390000000000359e-01	1.021523559462344632e+00
5.088230000000000253e-01	1.551762779481207000e+00
5.148009999999999531e-01	2.113158301994944477e+00
5.207570000000000254e-01	2.607477415705343748e+00
5.266750000000000043e-01	2.850025300052787980e+00
5.325410000000000421e-01	3.095013246752087444e+00
5.383719999999999617e-01	3.062420613652182766e+00
5.442249999999999588e-01	2.793050964613251086e+00
5.501580000000000359e-01	2.324049345000366529e+00
5.562289999999999734e-01	2.030533272129597666e+00
5.624930000000000208e-01	1.696231043627915769e+00
5.688929999999999820e-01	1.254420386114007080e+00
5.752220000000000111e-01	6.516669881669627795e-01
5.812610000000000277e-01	1.681224868956355811e-01
5.867949999999999555e-01	-5.345983689658806437e-01
5.916080000000000227e-01	-7.233803226679701437e-01
5.957040000000000113e-01	-1.051521266617188921e+00
5.993990000000000151e-01	-1.237050567140824731e+00
6.030370000000000452e-01	-1.165001609263573101e+00
6.069609999999999728e-01	-1.443457377771907524e+00
6.115110000000000268e-01	-1.670354518361889085e+00
6.168270000000000142e-01	-1.836726481619584739e+00
6.227219999999999978e-01	-1.760970252131072611e+00
6.289789999999999548e-01	-2.000300219907698018e+00
6.353790000000000271e-01	-1.818637131440081989e+00
6.417070000000000274e-01	-2.031715434648371232e+00
6.478369999999999962e-01	-1.784702059823084941e+00
6.538089999999999735e-01	-1.945566983019495266e+00
6.596819999999999906e-01	-1.906753481952516260e+00
6.655140000000000500e-01	-1.438406087746224582e+00
6.713630000000000431e-01	-1.341123879282790643e+00
6.772660000000000347e-01	-1.308905090916294700e+00
6.832110000000000127e-01	-1.088186566370510810e+00
6.891829999999999901e-01	-9.379874582255328663e-01
6.951669999999999794e-01	-1.064903612483037554e+00
7.011469999999999647e-01	-9.974437079152195240e-01
7.071119999999999628e-01	-1.249125784858925670e+00
7.130670000000000064e-01	-1.556956137290056219e+00
7.190130000000000132e-01	-1.537243162683320286e+00
7.249569999999999625e-01	-1.799196581042853849e+00
7.309010000000000229e-01	-1.898410882100424635e+00
7.368489999999999762e-01	-1.949974196013947392e+00
7.428000000000000158e-01	-2.044276420025609831e+00
7.487530000000000019e-01	-1.874114680603667926e+00
7.547080000000000455e-01	-1.853545453022672262e+00
7.606619999999999493e-01	-1.694037961250897339e+00
7.666140000000000176e-01	-1.659707063208940792e+00
7.725670000000000037e-01	-1.327556495335738607e+00
7.785180000000000433e-01	-1.559779469378059336e+00
7.844689999999999719e-01	-1.408627421590580742e+00
7.904210000000000402e-01	-1.333844125202868103e+00
7.963729999999999976e-01	-1.452640712664857725e+00
8.023249999999999549e-01	-1.438248488526694846e+00
8.082770000000000232e-01	-1.650070998189475446e+00
8.142289999999999806e-01	-1.674764251000081750e+00
8.201800000000000201e-01	-1.571314505837065889e+00
8.261319999999999775e-01	-1.602627102783223068e+00
8.320830000000000171e-01	-1.667331634022057862e+00
8.380349999999999744e-01	-1.658161451273023612e+00
8.439870000000000427e-01	-1.645356601588144674e+00
8.499400000000000288e-01	-1.422490141185049239e+00
8.558940000000000436e-01	-1.477938653359613275e+00
8.618479999999999475e-01	-1.287858196902780694e+00
8.678010000000000446e-01	-1.322968181692327549e+00
8.737519999999999731e-01	-1.471913862058290334e+00
8.797000000000000375e-01	-1.215189615442422433e+00
8.856439999999999868e-01	-1.175801812421032544e+00
8.915870000000000184e-01	-1.017087193508196208e+00
8.975349999999999717e-01	-9.267483181836559947e-01
9.034900000000000153e-01	-8.575829025442105458e-01
9.094569999999999599e-01	-9.767180045628918172e-01
9.154379999999999740e-01	-1.284398932425406592e+00
9.214210000000000456e-01	-1.032237653888874895e+00
9.273909999999999654e-01	-1.146653358839911041e+00
9.333329999999999682e-01	-1.133138098286385231e+00
9.392300000000000093e-01	-1.248573606446070183e+00
9.450749999999999984e-01	-1.017807618962117244e+00
9.509090000000000042e-01	-1.371479299137953412e+00
9.567890000000000006e-01	-1.322184592412791737e+00
9.627750000000000474e-01	-1.230183224725078572e+00
9.689229999999999787e-01	-1.097081654699667785e+00
9.752680000000000238e-01	-1.021555539972210713e+00
9.816639999999999810e-01	-9.010773523863419010e-01
9.878930000000000211e-01	-7.117152919942397737e-01
9.937399999999999567e-01	-6.937939659370783163e-01
9.989850000000000119e-01	-4.848273856843189900e-01
1.003457999999999961e+00	-4.985311907875363269e-01
1.007338000000000067e+00	-3.437032609343863565e-01
1.010966000000000031e+00	-2.640059678769225426e-01
1.014685999999999977e+00	-4.631439216921746094e-01
1.018841000000000108e+00	-3.721130724571215520e-01
1.023735000000000062e+00	-3.248078463628090162e-01
1.029328999999999938e+00	-3.484689788433026902e-01
1.035408000000000106e+00	-2.799837835637530858e-01
1.041754000000000069e+00	-6.265773538372881868e-02
1.048148999999999997e+00	2.148526251261301256e-02
1.054391999999999996e+00	-1.348977679139057861e-01
1.060446000000000000e+00	-2.221113386354012786e-01
1.066368999999999900e+00	-1.983809770561410502e-01
1.072216999999999976e+00	-1.978125693670472196e-01
1.078049000000000035e+00	-1.663819903581891246e-01
1.083920999999999912e+00	-2.505072990119966425e-01
1.089842999999999895e+00	1.982407939934333063e-02
1.095801999999999943e+00	-1.161453928453240747e-01
1.101780999999999899e+00	6.067940792337556122e-02
1.107765000000000111e+00	2.798155101590845684e-01
1.113739999999999952e+00	3.073836596820995193e-01
1.119699999999999918e+00	5.602509204311890700e-01
1.125650000000000039e+00	4.827544084376807487e-01
1.131594999999999906e+00	6.259255541417549917e-01
1.137537999999999938e+00	1.179504294833604749e+00
1.143483999999999945e+00	1.265894327152759402e+00
1.149432999999999927e+00	1.409165820455880791e+00
1.155386000000000024e+00	1.640355822566368804e+00
1.161338999999999899e+00	1.528927293426279643e+00
1.167294000000000054e+00	1.778579688877534704e+00
1.173246999999999929e+00	1.788136706032196432e+00
1.179200000000000026e+00	1.687549924520817646e+00
1.185151999999999983e+00	1.957552820059983656e+00
1.191103000000000023e+00	2.117375249887366806e+00
1.197054000000000062e+00	2.370792384735564085e+00
1.203006000000000020e+00	2.241719959018600328e+00
1.208957999999999977e+00	2.395559915239407811e+00
1.214909999999999934e+00	2.579724474627841602e+00
1.220861999999999892e+00	2.893204099773044824e+00
1.226814000000000071e+00	2.820970933230159794e+00
1.232765000000000111e+00	2.709430665874365651e+00
1.238717000000000068e+00	2.563879746462097042e+00
1.244668000000000108e+00	2.537976513421244196e+00
1.250620000000000065e+00	2.263460746643592980e+00
1.256572000000000022e+00	2.141472212089082117e+00
1.262526000000000037e+00	1.988109892514730692e+00
1.268480000000000052e+00	1.644896337075955062e+00
1.274434000000000067e+00	1.715344544042097130e+00
1.280386000000000024e+00	1.847896527733748684e+00
1.286335999999999924e+00	1.599140688492945994e+00
1.292281999999999931e+00	1.573686440674168185e+00
1.298224999999999962e+00	1.829666992927341695e+00
1.304170000000000051e+00	1.965177982011101276e+00
1.310119999999999951e+00	2.181520044064817476e+00
1.316079999999999917e+00	2.973079492890166264e+00
1.322052999999999923e+00	3.551569278787260142e+00
1.328036999999999912e+00	4.373316089265373741e+00
1.334017000000000008e+00	5.716733628912565202e+00
1.339976000000000056e+00	7.101191624715408324e+00
1.345900000000000096e+00	8.876161607876342785e+00
1.351774000000000031e+00	1.100864099569221466e+01
1.357607000000000008e+00	1.311972413502991053e+01
1.363453000000000026e+00	1.557882300631358952e+01
1.369372000000000034e+00	1.757521727037528336e+01
1.375421999999999922e+00	1.906814755147200557e+01
1.381658999999999970e+00	1.926183088235447372e+01
1.388052000000000064e+00	1.869610820902988024e+01
1.394403000000000059e+00	1.732949961716410670e+01
1.400492999999999988e+00	1.543682448589317602e+01
1.406104999999999938e+00	1.320077425191852605e+01
1.411021999999999998e+00	1.131294273123056904e+01
1.415195999999999898e+00	9.560504150497544984e+00
1.418924000000000074e+00	8.143825531547411956e+00
1.422549999999999981e+00	6.921473838350252095e+00
1.426417000000000046e+00	5.835100209711793440e+00
1.430868000000000029e+00	5.001118028357759648e+00
1.436091000000000006e+00	4.316707256992096120e+00
1.441923000000000066e+00	3.753655562764530718e+00
1.448144000000000098e+00	3.291228353017479513e+00
1.454538000000000109e+00	2.772590295367537205e+00
1.460887000000000047e+00	2.375445466145996054e+00
1.467041999999999957e+00	2.261079618345667619e+00
1.473030999999999979e+00	2.176771590668971079e+00
1.478914000000000062e+00	2.177143146103654558e+00
1.484749000000000096e+00	2.326913373750640002e+00
1.490591999999999917e+00	2.423357323387490325e+00
1.496488000000000040e+00	2.473701354734207936e+00
1.502428000000000097e+00	2.702760486192286038e+00
1.508397999999999906e+00	2.829688691446680338e+00
1.514380999999999977e+00	2.922670056465912491e+00
1.520361999999999991e+00	3.176904613383124243e+00
1.526329999999999965e+00	3.133294781457812039e+00
1.532284999999999897e+00	2.915965375386265546e+00
1.538232999999999961e+00	2.767892787684583134e+00
1.544175999999999993e+00	2.664029384349110963e+00
1.550119999999999942e+00	2.481515134787533938e+00
1.556068000000000007e+00	2.369870871083281649e+00
1.562019000000000046e+00	2.320887239808570701e+00
1.567971999999999921e+00	1.804986644632315063e+00
1.573925999999999936e+00	1.783769405424765475e+00
1.579879999999999951e+00	1.698904536251618858e+00
1.585833000000000048e+00	1.814166492392988328e+00
1.591785000000000005e+00	1.848576963838692411e+00
1.597736999999999963e+00	1.796630836311584156e+00
1.603688000000000002e+00	2.224160178950305156e+00
1.609639000000000042e+00	2.197293360610111712e+00
1.615590999999999999e+00	2.534852447651506857e+00
1.621542999999999957e+00	2.913880992844768869e+00
1.627494999999999914e+00	2.996245354904738090e+00
1.633447000000000093e+00	3.220948160427796303e+00
1.639399000000000051e+00	3.294874399063708381e+00
1.645350000000000090e+00	3.389529729394239688e+00
1.651302000000000048e+00	3.511311828847438310e+00
1.657253000000000087e+00	3.397788719676356095e+00
1.663205000000000044e+00	3.515623926241190134e+00
1.669157999999999920e+00	3.194583899490036405e+00
1.675111999999999934e+00	3.070329042024550148e+00
1.681065999999999949e+00	3.169774662409575061e+00
1.687019000000000046e+00	2.981655635063000798e+00
1.692971000000000004e+00	3.118530030537156605e+00
1.698919000000000068e+00	2.996309883974946242e+00
1.704863000000000017e+00	2.861906239299757626e+00
1.710806999999999967e+00	3.072605270039219238e+00
1.716752999999999973e+00	3.428934270481341251e+00
1.722706999999999988e+00	3.388725262219835166e+00
1.728671999999999986e+00	3.487396843487749809e+00
1.734652000000000083e+00	3.640969602523764781e+00
1.740636000000000072e+00	3.762836324673016986e+00
1.746609000000000078e+00	3.908711254967156545e+00
1.752555000000000085e+00	4.012136449466847665e+00
1.758458000000000077e+00	4.013446039380581531e+00
1.764308999999999905e+00	4.083057680114524857e+00
1.770140999999999964e+00	4.272106450444121961e+00
1.776011999999999924e+00	4.332029232703979993e+00
1.781979999999999897e+00	4.388672754128418951e+00
1.788105000000000055e+00	4.760127290341351625e+00
1.794426999999999994e+00	4.904781131978634079e+00
1.800829000000000013e+00	5.383250263784123746e+00
1.807091999999999921e+00	5.753799038993379078e+00
1.813002000000000002e+00	5.890313017281365582e+00
1.818338000000000010e+00	6.292876428362461638e+00
1.822912000000000088e+00	6.618424844169223498e+00
1.826850000000000085e+00	7.092178697623452877e+00
1.830492000000000008e+00	7.220089533242580515e+00
1.834179999999999922e+00	7.394437565470124873e+00
1.838259000000000087e+00	7.140254753358326489e+00
1.843048000000000020e+00	6.907003795005314473e+00
1.848562000000000038e+00	6.475479367563587552e+00
1.854589999999999961e+00	6.043100097235273083e+00
1.860913000000000039e+00	5.677554994942309641e+00
1.867313999999999918e+00	5.384055736656909730e+00
1.873583999999999916e+00	4.995337195084418092e+00
1.879660000000000108e+00	4.824684279826940703e+00
1.885596000000000050e+00	4.772970230198711583e+00
1.891450999999999993e+00	4.795590899728614076e+00
1.897281999999999913e+00	4.747791916855573113e+00
1.903146999999999922e+00	4.785088394523497435e+00
1.909062999999999954e+00	4.717732791836835915e+00
1.915018000000000109e+00	4.677480921032064920e+00
1.920995999999999926e+00	4.768499811537363797e+00
1.926979999999999915e+00	5.033254825785243192e+00
1.932955999999999896e+00	5.096271825898713637e+00
1.938917999999999919e+00	5.207227971720792326e+00
1.944868999999999959e+00	5.716366449146448758e+00
1.950814000000000048e+00	6.216351417408450430e+00
1.956757999999999997e+00	6.318657628685214078e+00
1.962703000000000086e+00	6.520020802039411478e+00
1.968652000000000069e+00	6.444588142349243043e+00
1.974604000000000026e+00	6.353772235978369487e+00
1.980558000000000041e+00	6.503137231920203654e+00
1.986512000000000056e+00	6.516574326622403213e+00
1.992466000000000070e+00	6.404356800863324040e+00
1.998418000000000028e+00	6.060692561968627601e+00
2.004370000000000207e+00	5.863729224821002006e+00
2.010321999999999942e+00	5.532528918664770146e+00
2.016272999999999982e+00	5.650165803080094307e+00
2.022224000000000022e+00	5.487537934107702853e+00
2.028176000000000201e+00	5.512316061454966665e+00
2.034127999999999936e+00	5.269101466245545318e+00
2.040080000000000116e+00	5.329286695964492004e+00
2.046031999999999851e+00	5.594924224401458090e+00
2.051984000000000030e+00	5.969528666659467575e+00
2.057935000000000070e+00	6.219518988736754572e+00
2.063886999999999805e+00	6.722969550680986117e+00
2.069837999999999845e+00	7.161956803549980322e+00
2.075791000000000164e+00	7.568736036961662528e+00
2.081744000000000039e+00	7.778823112795323347e+00
2.087698000000000054e+00	8.079116304862171916e+00
2.093652000000000069e+00	8.038266115433247094e+00
2.099604999999999944e+00	7.953374144731619744e+00
2.105554999999999843e+00	7.823296858112900765e+00
2.111501000000000072e+00	7.596001032949089904e+00
2.117445000000000022e+00	7.209575551270750893e+00
2.123388999999999971e+00	6.961899994286994797e+00
2.129338000000000175e+00	6.431260884138692013e+00
2.135295999999999861e+00	6.115601008887225021e+00
2.141268000000000171e+00	5.901889940251553668e+00
2.147250999999999799e+00	5.711655822651411363e+00
2.153232000000000035e+00	5.512193734903748421e+00
2.159196000000000115e+00	5.605498990080647559e+00
2.165125000000000188e+00	5.659297909342128285e+00
2.171006000000000213e+00	5.682745348023404475e+00
2.176841000000000026e+00	6.308380770217756783e+00
2.182682999999999929e+00	6.628386157702482961e+00
2.188588999999999896e+00	7.167999460153691160e+00
2.194618000000000180e+00	7.716545602707426177e+00
2.200828000000000007e+00	8.154148041026036964e+00
2.207209999999999894e+00	8.550937375270104113e+00
2.213579000000000185e+00	8.745603645883891275e+00
2.219714999999999883e+00	9.088235484597850800e+00
2.225403000000000020e+00	9.106136058748234063e+00
2.230423000000000044e+00	8.953002678231488431e+00
2.234681000000000139e+00	8.723688187766081015e+00
2.238447999999999993e+00	8.120673491027078583e+00
2.242068000000000172e+00	7.607040438991973019e+00
2.245884000000000214e+00	7.024362493087308756e+00
2.250237999999999960e+00	6.538407270389445358e+00
2.255365999999999982e+00	6.075274384153323659e+00
2.261130000000000084e+00	6.039592556543036395e+00
2.267313000000000134e+00	5.832935628279424023e+00
2.273696000000000161e+00	5.661175636478012585e+00
2.280063999999999869e+00	5.705280409991575041e+00
2.286243999999999943e+00	5.858707114889852186e+00
2.292251999999999956e+00	6.213800802771337395e+00
2.298146000000000022e+00	6.658212091878842109e+00
2.303983000000000114e+00	6.908309963408591159e+00
2.309822000000000042e+00	7.559232186150170563e+00
2.315710999999999853e+00	8.303312872935926237e+00
2.321645999999999876e+00	8.922881994995835342e+00
2.327612999999999932e+00	9.640719126356042779e+00
2.333594999999999864e+00	9.911187803061013213e+00
2.339576999999999796e+00	1.042625563984554660e+01
2.345546999999999827e+00	1.034517114823432848e+01
2.351503999999999817e+00	1.021630963339563358e+01
2.357451999999999881e+00	1.013135034943112700e+01
2.363395999999999830e+00	9.868837153318729349e+00
2.369339000000000084e+00	9.552346121849542016e+00
2.375286000000000008e+00	9.325069203142223984e+00
2.381237000000000048e+00	9.436935310679745115e+00
2.387189999999999923e+00	9.647146944687762016e+00
2.393143999999999938e+00	9.887974821570606920e+00
2.399097999999999953e+00	1.002632277288763696e+01
2.405050999999999828e+00	1.028886483712936695e+01
2.411004000000000147e+00	1.051722007611562937e+01
2.416955999999999882e+00	1.077365286950328560e+01
2.422906999999999922e+00	1.111364734742942595e+01
2.428857999999999961e+00	1.157806407820661931e+01
2.434809000000000001e+00	1.210909033730263396e+01
2.440760000000000041e+00	1.266924393823277484e+01
2.446712000000000220e+00	1.319126788687733054e+01
2.452663999999999955e+00	1.394585627976476516e+01
2.458616999999999830e+00	1.464424044390879587e+01
2.464570999999999845e+00	1.504516640803682215e+01
2.470524999999999860e+00	1.555698027296606689e+01
2.476478000000000179e+00	1.602955945056475073e+01
2.482429999999999914e+00	1.629526784998630973e+01
2.488377999999999979e+00	1.670381219779318371e+01
2.494323000000000068e+00	1.681856091191912128e+01
2.500265999999999877e+00	1.690124082483596624e+01
2.506212000000000106e+00	1.729822348368341167e+01
2.512164999999999981e+00	1.710914583954901147e+01
2.518129000000000062e+00	1.758781470446333373e+01
2.524108000000000018e+00	1.767023235073444454e+01
2.530091999999999786e+00	1.841280625430633577e+01
2.536067000000000071e+00	1.902012055874511631e+01
2.542015999999999831e+00	1.992076359083037929e+01
2.547924000000000078e+00	2.088901136593315755e+01
2.553779000000000021e+00	2.235346456234882595e+01
2.559610000000000163e+00	2.367557577926757517e+01
2.565475000000000172e+00	2.532532736608320079e+01
2.571432000000000162e+00	2.652198204521847202e+01
2.577539999999999942e+00	2.732404578429899544e+01
2.583845999999999865e+00	2.780942463499375705e+01
2.590249000000000024e+00	2.748308787123964336e+01
2.596534000000000120e+00	2.702092924116286099e+01
2.602485000000000159e+00	2.605798141219171526e+01
2.607883000000000173e+00	2.485687973515567961e+01
2.612527000000000044e+00	2.317673199414631213e+01
2.616509000000000196e+00	2.167317367119726512e+01
2.620163999999999938e+00	1.989801244559363980e+01
2.623834000000000000e+00	1.853641551830047263e+01
2.627863000000000060e+00	1.701177742035394047e+01
2.632579999999999920e+00	1.586780057880553230e+01
2.638037000000000187e+00	1.517564834930705153e+01
2.644026000000000209e+00	1.457529741785473654e+01
2.650332000000000132e+00	1.441466466711702665e+01
2.656734000000000151e+00	1.431075580082251619e+01
2.663022999999999918e+00	1.441264328039459208e+01
2.669115000000000126e+00	1.442618343624831034e+01
2.675060999999999911e+00	1.473788148279847654e+01
2.680919999999999970e+00	1.485679431319554311e+01
2.686751000000000111e+00	1.491534574653746503e+01
2.692610999999999866e+00	1.463695361315340904e+01
2.698523999999999923e+00	1.477617312413379835e+01
2.704476000000000102e+00	1.493414750106195221e+01
2.710452000000000083e+00	1.556622549271249589e+01
2.716435999999999851e+00	1.669789899643798137e+01
2.722412999999999972e+00	1.869696426997216321e+01
2.728375999999999912e+00	2.163062653751019582e+01
2.734328000000000092e+00	2.411123371928113812e+01
2.740273999999999877e+00	2.598672497141486915e+01
2.746217000000000130e+00	2.679463350593358228e+01
2.752162000000000219e+00	2.556571692379263538e+01
2.758110999999999979e+00	2.176604714869101187e+01
2.764063000000000159e+00	1.709941451041400384e+01
2.770016000000000034e+00	1.246152719772601536e+01
2.775971000000000188e+00	8.821221214017375800e+00
2.781924000000000063e+00	7.713746501230095198e+00
2.787876999999999938e+00	8.888748439736289697e+00
2.793829000000000118e+00	1.186361862064638828e+01
2.799780999999999853e+00	1.542360899329390911e+01
2.805731999999999893e+00	1.880298882894366130e+01
2.811682999999999932e+00	2.035296303563982079e+01
2.817635000000000112e+00	2.060769320801056637e+01
2.823586999999999847e+00	1.983435021794325692e+01
2.829539000000000026e+00	1.915107901429226089e+01
2.835491000000000206e+00	1.945648552432019684e+01
2.841442999999999941e+00	2.252172616692923768e+01
2.847395000000000120e+00	2.724670100267696426e+01
2.853346999999999856e+00	3.340201174492129610e+01
2.859299000000000035e+00	3.913645491212417937e+01
2.865251000000000214e+00	4.304936181176336873e+01
2.871201999999999810e+00	4.348537892440259611e+01
2.877153999999999989e+00	4.049398338681895382e+01
2.883106000000000169e+00	3.461328339830851775e+01
2.889057999999999904e+00	2.786588424839236922e+01
2.895010000000000083e+00	2.149322207208760815e+01
2.900961999999999819e+00	1.725549186910175337e+01
2.906913999999999998e+00	1.591284831308685810e+01
2.912866000000000177e+00	1.702520859737800762e+01
2.918817999999999913e+00	1.894914278186142198e+01
2.924770000000000092e+00	2.111796862088735693e+01
2.930721000000000132e+00	2.226397487546045895e+01
2.936672999999999867e+00	2.162411999298597465e+01
2.942625000000000046e+00	1.957175480749731378e+01
2.948576999999999781e+00	1.675810775680963971e+01
2.954528999999999961e+00	1.337631046739398144e+01
2.960481000000000140e+00	9.421695974377456650e+00
2.966432999999999875e+00	6.023289626661235019e+00
2.972385000000000055e+00	3.019150569618811897e+00
2.978336999999999790e+00	3.942157071251880529e-01
2.984288999999999970e+00	-1.573530642293538451e+00
2.990240000000000009e+00	-2.800576481938693796e+00
2.996192000000000188e+00	-3.055023110037844436e+00
3.002143999999999924e+00	-2.163224052755269522e+00
3.008096000000000103e+00	1.919341820571459079e-01
3.014047999999999838e+00	3.653801487171993934e+00
3.020000000000000018e+00	8.502342536632312431e+00
