1.199999999999999956e-01	4.479998948068273812e+00
1.249780000000000058e-01	5.096673215684852210e+00
1.305999999999999939e-01	4.367044667711826200e+00
1.367059999999999942e-01	4.985401633282759981e+00
1.431360000000000132e-01	5.049203530055873301e+00
1.497320000000000040e-01	4.437264162702670767e+00
1.563350000000000017e-01	4.263358983041969807e+00
1.627850000000000130e-01	3.715288081984696067e+00
1.689219999999999888e-01	3.641224908017699047e+00
1.745889999999999942e-01	3.455388463944678357e+00
1.796250000000000069e-01	3.080265883782240532e+00
1.839349999999999874e-01	3.261158564936584181e+00
1.877439999999999942e-01	3.587104606734798917e+00
1.913779999999999926e-01	3.661926135612766586e+00
1.951660000000000061e-01	3.990660624615415930e+00
1.994340000000000002e-01	4.508342784179117047e+00
2.044499999999999929e-01	4.405603481283147715e+00
2.101250000000000062e-01	4.673491989682972303e+00
2.162479999999999958e-01	4.782192545228403091e+00
2.226049999999999973e-01	4.423341403939774708e+00
2.289819999999999911e-01	4.462953602384815532e+00
2.351930000000000132e-01	4.443199620185110277e+00
2.412249999999999950e-01	4.658012864503257688e+00
2.471349999999999936e-01	4.115117546137629034e+00
2.529799999999999827e-01	4.578483189261479680e+00
2.588170000000000193e-01	3.272901477030333961e+00
2.646970000000000156e-01	2.077847139061673065e+00
2.706259999999999777e-01	1.652924255128761510e+00
2.765880000000000005e-01	1.114436609298859349e+00
2.825679999999999858e-01	3.499872567867354234e-01
2.885510000000000019e-01	1.336897519078076302e+00
2.945229999999999793e-01	1.151399668852026270e+00
3.004809999999999981e-01	2.941177960616267573e+00
3.064310000000000089e-01	4.229788260767729291e+00
3.123750000000000138e-01	5.672724984114307922e+00
3.183190000000000186e-01	6.312046539875369788e+00
3.242650000000000254e-01	6.326512951200317758e+00
3.302149999999999808e-01	6.096927474387317858e+00
3.361680000000000224e-01	5.193484066081833106e+00
3.421210000000000084e-01	4.549184113890027525e+00
3.480759999999999965e-01	4.109280145914317117e+00
3.540289999999999826e-01	3.984585615821509386e+00
3.599809999999999954e-01	3.899521410901385376e+00
3.659330000000000083e-01	5.122172787915551417e+00
3.718839999999999923e-01	5.636736578020257404e+00
3.778360000000000052e-01	6.242315943885129670e+00
3.837869999999999893e-01	5.911102508855007542e+00
3.897390000000000021e-01	5.622367785846941857e+00
3.956910000000000149e-01	5.588120679261546542e+00
4.016429999999999723e-01	5.836287229416500466e+00
4.075949999999999851e-01	4.128734412439651891e+00
4.135469999999999979e-01	2.706721209889626945e+00
4.194979999999999820e-01	2.023984791228291780e+00
4.254499999999999948e-01	1.784997386878071524e+00
4.314009999999999789e-01	1.514148237969555666e+00
4.373540000000000205e-01	1.544540318427905179e+00
4.433079999999999798e-01	1.991035129201003118e+00
4.492619999999999947e-01	2.844326532639231075e+00
4.552160000000000095e-01	3.535614254849253069e+00
4.611680000000000224e-01	4.540233998845936370e+00
4.671170000000000044e-01	5.404313132097562367e+00
4.730619999999999825e-01	5.326264062211213179e+00
4.790059999999999873e-01	5.434005651682331184e+00
4.849510000000000209e-01	5.077394444797850070e+00
4.909020000000000050e-01	5.379143895995278868e+00
4.968629999999999991e-01	4.165378857078159136e+00
5.028390000000000359e-01	4.053193206998717102e+00
5.088230000000000253e-01	4.135529844163312596e+00
5.148009999999999531e-01	3.167703308636680148e+00
5.207570000000000254e-01	3.449454060546792711e+00
5.266750000000000043e-01	3.702497336992645049e+00
5.325410000000000421e-01	3.961337454380608136e+00
5.383719999999999617e-01	4.986533743977203947e+00
5.442249999999999588e-01	5.672333730198353408e+00
5.501580000000000359e-01	6.660062181620065580e+00
5.562289999999999734e-01	7.262743416915630412e+00
5.624930000000000208e-01	6.711132390118470070e+00
5.688929999999999820e-01	6.716067731398045026e+00
5.752220000000000111e-01	6.103729748867507077e+00
5.812610000000000277e-01	5.801949433559815184e+00
5.867949999999999555e-01	5.230755184689606097e+00
5.916080000000000227e-01	4.870134039154659256e+00
5.957040000000000113e-01	5.783960980947298047e+00
5.993990000000000151e-01	6.255564360120565048e+00
6.030370000000000452e-01	6.608686397165459248e+00
6.069609999999999728e-01	7.473104231204271919e+00
6.115110000000000268e-01	8.404400977158807962e+00
6.168270000000000142e-01	8.412125596541191186e+00
6.227219999999999978e-01	8.443881334974435049e+00
6.289789999999999548e-01	7.673715611282142746e+00
6.353790000000000271e-01	7.345043454919251147e+00
6.417070000000000274e-01	7.359741282069293788e+00
6.478369999999999962e-01	7.487044820181852245e+00
6.538089999999999735e-01	7.595339782926853189e+00
6.596819999999999906e-01	7.789325507725443742e+00
6.655140000000000500e-01	8.002380751792349756e+00
6.713630000000000431e-01	7.368169510849421400e+00
6.772660000000000347e-01	7.652264728415382855e+00
6.832110000000000127e-01	7.594701171645070303e+00
6.891829999999999901e-01	7.194702034227798748e+00
6.951669999999999794e-01	6.600697690194268219e+00
7.011469999999999647e-01	6.597218333360169495e+00
7.071119999999999628e-01	6.677578727003427694e+00
7.130670000000000064e-01	6.955168672777321426e+00
7.190130000000000132e-01	6.736187971792847229e+00
7.249569999999999625e-01	7.148267913208278479e+00
7.309010000000000229e-01	7.141265197920604990e+00
7.368489999999999762e-01	7.222396303764840653e+00
7.428000000000000158e-01	7.017767566284208947e+00
7.487530000000000019e-01	6.713387563968753469e+00
7.547080000000000455e-01	6.665612954580861782e+00
7.606619999999999493e-01	6.319790159012963926e+00
7.666140000000000176e-01	6.375399270075842395e+00
7.725670000000000037e-01	5.896202361776667900e+00
7.785180000000000433e-01	5.931535697235924331e+00
7.844689999999999719e-01	6.224130403094011221e+00
7.904210000000000402e-01	6.047433328051806001e+00
7.963729999999999976e-01	6.221177285785989497e+00
8.023249999999999549e-01	6.360512478679758885e+00
8.082770000000000232e-01	6.552851195190075195e+00
8.142289999999999806e-01	6.759901423964556955e+00
8.201800000000000201e-01	6.673415030831275629e+00
8.261319999999999775e-01	6.695521569425141983e+00
8.320830000000000171e-01	7.783725165767951815e+00
8.380349999999999744e-01	7.645827259242835794e+00
8.439870000000000427e-01	7.927993534164767375e+00
8.499400000000000288e-01	8.854216828651795268e+00
8.558940000000000436e-01	8.163045767013079157e+00
8.618479999999999475e-01	6.642797899756459401e+00
8.678010000000000446e-01	6.763634094235754901e+00
8.737519999999999731e-01	6.532663571158699334e+00
8.797000000000000375e-01	7.564974638009721808e+00
8.856439999999999868e-01	8.212240697113177390e+00
8.915870000000000184e-01	9.516738577844400027e+00
8.975349999999999717e-01	1.186333515742358102e+01
9.034900000000000153e-01	1.330262194375509921e+01
9.094569999999999599e-01	1.414943106305230813e+01
9.154379999999999740e-01	1.326486243251638619e+01
9.214210000000000456e-01	1.204485828222667543e+01
9.273909999999999654e-01	1.069323584807911764e+01
9.333329999999999682e-01	9.419541895172804047e+00
9.392300000000000093e-01	7.761207368478808988e+00
9.450749999999999984e-01	7.087397736481833910e+00
9.509090000000000042e-01	6.829284623232510398e+00
9.567890000000000006e-01	7.313001151897577934e+00
9.627750000000000474e-01	7.545379011728192253e+00
9.689229999999999787e-01	8.725300419213406045e+00
9.752680000000000238e-01	9.089931995221858685e+00
9.816639999999999810e-01	9.670700257454049265e+00
9.878930000000000211e-01	1.123357827892150063e+01
9.937399999999999567e-01	1.107963454257136782e+01
9.989850000000000119e-01	1.139178026881113936e+01
1.003457999999999961e+00	1.183692647246163077e+01
1.007338000000000067e+00	1.234557863124327604e+01
1.010966000000000031e+00	1.203818477438974810e+01
1.014685999999999977e+00	1.170754552322178021e+01
1.018841000000000108e+00	1.103187982332431893e+01
1.023735000000000062e+00	1.000102338223093668e+01
1.029328999999999938e+00	8.790153741405141830e+00
1.035408000000000106e+00	8.181713682935978227e+00
1.041754000000000069e+00	7.828724599530967332e+00
1.048148999999999997e+00	7.043599768222622792e+00
1.054391999999999996e+00	8.083866493014953747e+00
1.060446000000000000e+00	9.066292917917238015e+00
1.066368999999999900e+00	9.828404889898903818e+00
1.072216999999999976e+00	1.057127351337096144e+01
1.078049000000000035e+00	1.164680024686143156e+01
1.083920999999999912e+00	1.212337684747501676e+01
1.089842999999999895e+00	1.204801158292240082e+01
1.095801999999999943e+00	1.127339895598370667e+01
1.101780999999999899e+00	1.040620300150140132e+01
1.107765000000000111e+00	9.740140478642208777e+00
1.113739999999999952e+00	1.029458332687904587e+01
1.119699999999999918e+00	9.840511789338592052e+00
1.125650000000000039e+00	1.065467784570573073e+01
1.131594999999999906e+00	1.117828884361992081e+01
1.137537999999999938e+00	1.157147420107922287e+01
1.143483999999999945e+00	1.153608310125862069e+01
1.149432999999999927e+00	1.204700524423965646e+01
1.155386000000000024e+00	1.105125642470926017e+01
1.161338999999999899e+00	1.101456939808393720e+01
1.167294000000000054e+00	1.073301130829662497e+01
1.173246999999999929e+00	1.148587615035936160e+01
1.179200000000000026e+00	1.224273580128222250e+01
1.185151999999999983e+00	1.231335978168904255e+01
1.191103000000000023e+00	1.393623317672902218e+01
1.197054000000000062e+00	1.413588645468486682e+01
1.203006000000000020e+00	1.366865076273376012e+01
1.208957999999999977e+00	1.254004964799549349e+01
1.214909999999999934e+00	1.275618331427303609e+01
1.220861999999999892e+00	1.156216673335862843e+01
1.226814000000000071e+00	1.113537997717401673e+01
1.232765000000000111e+00	1.154839367025419605e+01
1.238717000000000068e+00	1.215047251738136858e+01
1.244668000000000108e+00	1.322025050167555804e+01
1.250620000000000065e+00	1.459873469627349607e+01
1.256572000000000022e+00	1.541904762964104059e+01
1.262526000000000037e+00	1.582685286418560011e+01
1.268480000000000052e+00	1.586463828116110975e+01
1.274434000000000067e+00	1.570212828121620952e+01
1.280386000000000024e+00	1.533802767368560005e+01
1.286335999999999924e+00	1.546715882643242779e+01
1.292281999999999931e+00	1.479421760715003309e+01
1.298224999999999962e+00	1.475546537483158538e+01
1.304170000000000051e+00	1.455714172906962744e+01
1.310119999999999951e+00	1.442808500383296177e+01
1.316079999999999917e+00	1.468751127118552269e+01
1.322052999999999923e+00	1.510342310760066198e+01
1.328036999999999912e+00	1.491644024448475214e+01
1.334017000000000008e+00	1.501812739413134778e+01
1.339976000000000056e+00	1.571740561332541830e+01
1.345900000000000096e+00	1.645067962657040894e+01
1.351774000000000031e+00	1.656886512247055165e+01
1.357607000000000008e+00	1.617924212057515021e+01
1.363453000000000026e+00	1.706782872258257910e+01
1.369372000000000034e+00	1.755019489127242949e+01
1.375421999999999922e+00	1.838621721195853098e+01
1.381658999999999970e+00	1.823462873233563286e+01
1.388052000000000064e+00	1.850838180480494444e+01
1.394403000000000059e+00	2.001183028282485665e+01
1.400492999999999988e+00	2.026355234335901301e+01
1.406104999999999938e+00	2.029517201955156480e+01
1.411021999999999998e+00	2.067378987794294076e+01
1.415195999999999898e+00	2.115176689350526473e+01
1.418924000000000074e+00	2.226394721373344510e+01
1.422549999999999981e+00	2.251043621362655855e+01
1.426417000000000046e+00	2.337728936620306541e+01
1.430868000000000029e+00	2.414772089450750414e+01
1.436091000000000006e+00	2.534927906045777846e+01
1.441923000000000066e+00	2.610109731489698959e+01
1.448144000000000098e+00	2.729632423992190482e+01
1.454538000000000109e+00	2.704636316885790137e+01
1.460887000000000047e+00	2.621509440489187526e+01
1.467041999999999957e+00	2.542624347662585294e+01
1.473030999999999979e+00	2.487261233256540649e+01
1.478914000000000062e+00	2.398740810253517353e+01
1.484749000000000096e+00	2.378912916633496977e+01
1.490591999999999917e+00	2.352938893783947805e+01
1.496488000000000040e+00	2.472489921047629480e+01
1.502428000000000097e+00	2.690151486505331491e+01
1.508397999999999906e+00	2.827348369576388265e+01
1.514380999999999977e+00	2.996797975479979925e+01
1.520361999999999991e+00	3.143866380255127169e+01
1.526329999999999965e+00	3.162109042732905451e+01
1.532284999999999897e+00	3.195552329874381314e+01
1.538232999999999961e+00	3.195226474259622762e+01
1.544175999999999993e+00	3.078671485034843514e+01
1.550119999999999942e+00	2.995003946961886854e+01
1.556068000000000007e+00	3.002188765367862899e+01
1.562019000000000046e+00	2.861006931041772461e+01
1.567971999999999921e+00	2.760056197640953002e+01
1.573925999999999936e+00	2.680250602778990299e+01
1.579879999999999951e+00	2.662143889559580856e+01
1.585833000000000048e+00	2.681530816779050141e+01
1.591785000000000005e+00	2.657942968251041194e+01
1.597736999999999963e+00	2.774319493609527854e+01
1.603688000000000002e+00	2.858567822736890207e+01
1.609639000000000042e+00	2.970403813305238927e+01
1.615590999999999999e+00	3.037815068279358854e+01
1.621542999999999957e+00	3.144738434696432705e+01
1.627494999999999914e+00	3.302542105509455439e+01
1.633447000000000093e+00	3.464870511842289602e+01
1.639399000000000051e+00	3.604746576161893756e+01
1.645350000000000090e+00	3.794583533950996213e+01
1.651302000000000048e+00	3.906947548805000991e+01
1.657253000000000087e+00	3.979107457260946745e+01
1.663205000000000044e+00	4.056483712991934709e+01
1.669157999999999920e+00	4.087888985230942041e+01
1.675111999999999934e+00	4.082724622964345684e+01
1.681065999999999949e+00	4.097484787397687001e+01
1.687019000000000046e+00	4.108025598531282441e+01
1.692971000000000004e+00	4.095328917667858803e+01
1.698919000000000068e+00	4.034583616800848915e+01
1.704863000000000017e+00	4.087239097174879277e+01
1.710806999999999967e+00	4.203402369950840978e+01
1.716752999999999973e+00	4.166821740615122849e+01
1.722706999999999988e+00	4.237714714838861596e+01
1.728671999999999986e+00	4.392545766224262849e+01
1.734652000000000083e+00	4.443069242693374576e+01
1.740636000000000072e+00	4.569693494275192336e+01
1.746609000000000078e+00	4.624115402286071230e+01
1.752555000000000085e+00	4.803405033596039431e+01
1.758458000000000077e+00	4.885729792015739292e+01
1.764308999999999905e+00	5.081431310501895382e+01
1.770140999999999964e+00	5.209112721648039468e+01
1.776011999999999924e+00	5.392447653035360844e+01
1.781979999999999897e+00	5.512291390993731000e+01
1.788105000000000055e+00	5.431568826906845260e+01
1.794426999999999994e+00	5.435038118580364142e+01
1.800829000000000013e+00	5.391653707485712488e+01
1.807091999999999921e+00	5.298745756911247184e+01
1.813002000000000002e+00	5.199935262223082333e+01
1.818338000000000010e+00	5.111822352826509785e+01
1.822912000000000088e+00	5.015932092599786074e+01
1.826850000000000085e+00	5.032098383172532152e+01
1.830492000000000008e+00	5.106158424766314852e+01
1.834179999999999922e+00	5.174950458853744806e+01
1.838259000000000087e+00	5.386660129572310041e+01
1.843048000000000020e+00	5.657388481174557882e+01
1.848562000000000038e+00	6.039015288728631248e+01
1.854589999999999961e+00	6.408618749625617284e+01
1.860913000000000039e+00	6.734870291422203081e+01
1.867313999999999918e+00	6.940542547972691523e+01
1.873583999999999916e+00	7.132218986371474045e+01
1.879660000000000108e+00	7.184388992797535423e+01
1.885596000000000050e+00	7.045922549598056150e+01
1.891450999999999993e+00	6.911482447780707616e+01
1.897281999999999913e+00	6.716374404436106715e+01
1.903146999999999922e+00	6.495041704089689460e+01
1.909062999999999954e+00	6.365193073579077776e+01
1.915018000000000109e+00	6.245677894166666988e+01
1.920995999999999926e+00	6.170691956903717568e+01
1.926979999999999915e+00	6.122888264411055559e+01
1.932955999999999896e+00	6.187967038761646421e+01
1.938917999999999919e+00	6.482953648746531883e+01
1.944868999999999959e+00	6.787288536364813751e+01
1.950814000000000048e+00	7.088909665270381311e+01
1.956757999999999997e+00	7.406672481730228697e+01
1.962703000000000086e+00	7.758197293381253701e+01
1.968652000000000069e+00	8.102900167205491755e+01
1.974604000000000026e+00	8.439523304218553790e+01
1.980558000000000041e+00	8.568106041142453932e+01
1.986512000000000056e+00	8.554957369265142120e+01
1.992466000000000070e+00	8.372489592325447916e+01
1.998418000000000028e+00	7.900132330177670781e+01
2.004370000000000207e+00	7.406859479268460689e+01
2.010321999999999942e+00	6.701727772757514856e+01
2.016272999999999982e+00	6.128059994780733888e+01
2.022224000000000022e+00	5.692374934437436451e+01
2.028176000000000201e+00	5.326698089627782196e+01
2.034127999999999936e+00	5.063825375553723518e+01
2.040080000000000116e+00	4.886331430190284664e+01
2.046031999999999851e+00	4.760331465330968825e+01
2.051984000000000030e+00	4.605782916458596787e+01
2.057935000000000070e+00	4.577590658434206716e+01
2.063886999999999805e+00	4.552420580816949780e+01
2.069837999999999845e+00	4.649373860627002841e+01
2.075791000000000164e+00	4.598580029710951322e+01
2.081744000000000039e+00	4.505464442442963957e+01
2.087698000000000054e+00	4.505636052913001066e+01
2.093652000000000069e+00	4.459258561481181005e+01
2.099604999999999944e+00	4.310277202701878707e+01
2.105554999999999843e+00	4.205004932802835071e+01
2.111501000000000072e+00	4.061365092452638237e+01
2.117445000000000022e+00	3.911145170338325272e+01
2.123388999999999971e+00	3.758787701975023765e+01
2.129338000000000175e+00	3.591425029665726498e+01
2.135295999999999861e+00	3.420442233285554323e+01
2.141268000000000171e+00	3.314702094677564759e+01
2.147250999999999799e+00	3.155458167320800555e+01
2.153232000000000035e+00	3.091588865138788833e+01
2.159196000000000115e+00	3.136069010401849511e+01
2.165125000000000188e+00	3.095498774527782615e+01
2.171006000000000213e+00	3.097189681847656217e+01
2.176841000000000026e+00	3.148135220763235509e+01
2.182682999999999929e+00	3.230308010183383516e+01
2.188588999999999896e+00	3.291571289217551310e+01
2.194618000000000180e+00	3.331919048216850143e+01
2.200828000000000007e+00	3.474432988311279757e+01
2.207209999999999894e+00	3.472057080029330933e+01
2.213579000000000185e+00	3.545986788142723611e+01
2.219714999999999883e+00	3.621387103918689832e+01
2.225403000000000020e+00	3.687289170806561600e+01
2.230423000000000044e+00	3.588779103203941645e+01
2.234681000000000139e+00	3.562184763219043049e+01
2.238447999999999993e+00	3.440907374554605980e+01
2.242068000000000172e+00	3.368708482138771387e+01
2.245884000000000214e+00	3.265621172158036956e+01
2.250237999999999960e+00	3.190898287696202473e+01
2.255365999999999982e+00	3.135294409524604120e+01
2.261130000000000084e+00	3.139289231017793469e+01
2.267313000000000134e+00	3.152004024502499746e+01
2.273696000000000161e+00	3.150887148652056524e+01
2.280063999999999869e+00	3.141282828821077544e+01
2.286243999999999943e+00	3.160349460270907684e+01
2.292251999999999956e+00	3.140099226504945307e+01
2.298146000000000022e+00	3.181099744150684927e+01
2.303983000000000114e+00	3.157168568209597836e+01
2.309822000000000042e+00	3.211508135812685794e+01
2.315710999999999853e+00	3.180422709337134890e+01
2.321645999999999876e+00	3.284119068554934984e+01
2.327612999999999932e+00	3.287027749093986984e+01
2.333594999999999864e+00	3.352122598393751929e+01
2.339576999999999796e+00	3.451114632191647758e+01
2.345546999999999827e+00	3.520477179896596454e+01
2.351503999999999817e+00	3.611235196752562615e+01
2.357451999999999881e+00	3.618774177312229057e+01
2.363395999999999830e+00	3.619930574600025608e+01
2.369339000000000084e+00	3.643711713038577216e+01
2.375286000000000008e+00	3.673309908871597429e+01
2.381237000000000048e+00	3.604337480913240910e+01
2.387189999999999923e+00	3.536690446492493578e+01
2.393143999999999938e+00	3.444280657461410300e+01
2.399097999999999953e+00	3.413876709515007235e+01
2.405050999999999828e+00	3.241699585463641853e+01
2.411004000000000147e+00	3.207745013070881868e+01
2.416955999999999882e+00	3.109610285477734593e+01
2.422906999999999922e+00	3.133947200499778418e+01
2.428857999999999961e+00	3.066929796652303253e+01
2.434809000000000001e+00	3.033389854970395305e+01
2.440760000000000041e+00	3.114224697403979292e+01
2.446712000000000220e+00	3.185025092351870768e+01
2.452663999999999955e+00	3.253463884879923285e+01
2.458616999999999830e+00	3.343813921976857273e+01
2.464570999999999845e+00	3.442875478261785815e+01
2.470524999999999860e+00	3.563372223932032057e+01
2.476478000000000179e+00	3.649424461464087699e+01
2.482429999999999914e+00	3.768335842019197202e+01
2.488377999999999979e+00	3.756190585227940915e+01
2.494323000000000068e+00	3.733511261614837196e+01
2.500265999999999877e+00	3.739697953896930471e+01
2.506212000000000106e+00	3.562397982810236385e+01
2.512164999999999981e+00	3.366360924160224499e+01
2.518129000000000062e+00	3.237151058831152284e+01
2.524108000000000018e+00	3.075093110375413374e+01
2.530091999999999786e+00	2.994857058765998659e+01
2.536067000000000071e+00	2.876527810335160495e+01
2.542015999999999831e+00	2.728437423636555437e+01
2.547924000000000078e+00	2.709328100371019943e+01
2.553779000000000021e+00	2.673668245064615334e+01
2.559610000000000163e+00	2.687013159308712318e+01
2.565475000000000172e+00	2.750089890028973016e+01
2.571432000000000162e+00	2.956889493874570363e+01
2.577539999999999942e+00	3.163362647322803767e+01
2.583845999999999865e+00	3.402593952952682343e+01
2.590249000000000024e+00	3.672946476692060713e+01
2.596534000000000120e+00	3.991561786949998947e+01
2.602485000000000159e+00	4.147940913419776621e+01
2.607883000000000173e+00	4.379968797787211088e+01
2.612527000000000044e+00	4.404239123173438486e+01
2.616509000000000196e+00	4.336738398390537697e+01
2.620163999999999938e+00	4.119984979400832970e+01
2.623834000000000000e+00	3.832674680080079099e+01
2.627863000000000060e+00	3.531607977835118817e+01
2.632579999999999920e+00	3.291301412643306890e+01
2.638037000000000187e+00	3.033065443600127509e+01
2.644026000000000209e+00	2.830536274052870382e+01
2.650332000000000132e+00	2.558815050237646815e+01
2.656734000000000151e+00	2.424957020753087633e+01
2.663022999999999918e+00	2.258857496316307234e+01
2.669115000000000126e+00	2.160407789824442304e+01
2.675060999999999911e+00	2.087437071018936763e+01
2.680919999999999970e+00	2.104515954979845205e+01
2.686751000000000111e+00	2.307171913306322253e+01
2.692610999999999866e+00	2.756256727503686577e+01
2.698523999999999923e+00	3.281101682642132289e+01
2.704476000000000102e+00	3.866529207806833313e+01
2.710452000000000083e+00	4.481501431940378666e+01
2.716435999999999851e+00	4.770224560614851583e+01
2.722412999999999972e+00	4.810467805823599008e+01
2.728375999999999912e+00	4.533942279553144061e+01
2.734328000000000092e+00	4.069445877063486705e+01
2.740273999999999877e+00	3.338787996811327474e+01
2.746217000000000130e+00	2.732321167740878209e+01
2.752162000000000219e+00	2.122545037628428233e+01
2.758110999999999979e+00	1.700025936868532028e+01
2.764063000000000159e+00	1.533300204745529882e+01
2.770016000000000034e+00	1.274241070926401953e+01
2.775971000000000188e+00	1.220842471762124681e+01
2.781924000000000063e+00	1.075092948915575697e+01
2.787876999999999938e+00	1.049729560221409486e+01
2.793829000000000118e+00	1.073060119072015794e+01
2.799780999999999853e+00	1.218277835799720066e+01
2.805731999999999893e+00	1.511712451455367301e+01
2.811682999999999932e+00	1.884374010755632156e+01
2.817635000000000112e+00	2.465477632799414920e+01
2.823586999999999847e+00	3.090777047303950198e+01
2.829539000000000026e+00	3.604761569705637925e+01
2.835491000000000206e+00	4.015817101678698720e+01
2.841442999999999941e+00	4.069696918811948905e+01
2.847395000000000120e+00	3.839937034835762120e+01
2.853346999999999856e+00	3.372078263968634104e+01
2.859299000000000035e+00	2.770030046143292068e+01
2.865251000000000214e+00	2.091788944884777379e+01
2.871201999999999810e+00	1.598115178078621845e+01
2.877153999999999989e+00	1.226891132203527235e+01
2.883106000000000169e+00	9.837923397218654387e+00
2.889057999999999904e+00	8.367399516344953270e+00
2.895010000000000083e+00	7.700019487333393364e+00
2.900961999999999819e+00	7.811639710228892142e+00
2.906913999999999998e+00	7.344670835126656527e+00
2.912866000000000177e+00	7.463267221019147968e+00
2.918817999999999913e+00	9.196836143556582854e+00
2.924770000000000092e+00	1.158823179716746132e+01
2.930721000000000132e+00	1.479262126909087449e+01
2.936672999999999867e+00	1.926940192383218076e+01
2.942625000000000046e+00	2.365128479770692493e+01
2.948576999999999781e+00	2.860982634087492116e+01
2.954528999999999961e+00	3.283614685598686833e+01
2.960481000000000140e+00	3.587483405701821937e+01
2.966432999999999875e+00	3.716512678832278738e+01
2.972385000000000055e+00	3.683584808843616543e+01
2.978336999999999790e+00	3.515014220446913384e+01
2.984288999999999970e+00	3.275176340108136230e+01
2.990240000000000009e+00	3.089565309249553238e+01
2.996192000000000188e+00	2.821021264807820472e+01
3.002143999999999924e+00	2.576597307535307024e+01
3.008096000000000103e+00	2.404375081736663944e+01
3.014047999999999838e+00	2.399767793073964839e+01
3.020000000000000018e+00	2.444694941227323781e+01
