1.199999999999999956e-01	2.756159999999999943e+00
1.249780000000000058e-01	2.609150000000000080e+00
1.305999999999999939e-01	2.601906000000000052e+00
1.367059999999999942e-01	2.697334999999999816e+00
1.431360000000000132e-01	2.858343000000000078e+00
1.497320000000000040e-01	3.047836999999999907e+00
1.563350000000000017e-01	3.228724000000000149e+00
1.627850000000000130e-01	3.363909000000000038e+00
1.689219999999999888e-01	3.416300000000000114e+00
1.745889999999999942e-01	3.348803000000000196e+00
1.796250000000000069e-01	3.124324000000000101e+00
1.839349999999999874e-01	2.729343000000000075e+00
1.877439999999999942e-01	2.270601000000000091e+00
1.913779999999999926e-01	1.893097000000000030e+00
1.951660000000000061e-01	1.741843999999999948e+00
1.994340000000000002e-01	1.961856000000000044e+00
2.044499999999999929e-01	2.656217999999999968e+00
2.101250000000000062e-01	3.685993999999999993e+00
2.162479999999999958e-01	4.825605000000000366e+00
2.226049999999999973e-01	5.849363999999999564e+00
2.289819999999999911e-01	6.531581000000000081e+00
2.351930000000000132e-01	6.685654000000000430e+00
2.412249999999999950e-01	6.380721000000000309e+00
2.471349999999999936e-01	5.788763000000000325e+00
2.529799999999999827e-01	5.082040000000000113e+00
2.588170000000000193e-01	4.432812000000000197e+00
2.646970000000000156e-01	3.994584999999999830e+00
2.706259999999999777e-01	3.781372999999999873e+00
2.765880000000000005e-01	3.744310000000000027e+00
2.825679999999999858e-01	3.834226999999999830e+00
2.885510000000000019e-01	4.001955999999999847e+00
2.945229999999999793e-01	4.197494999999999976e+00
3.004809999999999981e-01	4.363773000000000124e+00
3.064310000000000089e-01	4.440155999999999992e+00
3.123750000000000138e-01	4.365980999999999668e+00
3.183190000000000186e-01	4.080587000000000408e+00
3.242650000000000254e-01	3.535890999999999895e+00
3.302149999999999808e-01	2.806172999999999806e+00
3.361680000000000224e-01	2.034622999999999848e+00
3.421210000000000084e-01	1.365205000000000002e+00
3.480759999999999965e-01	9.418800000000000505e-01
3.540289999999999826e-01	8.960329999999999684e-01
3.599809999999999954e-01	1.218067999999999929e+00
3.659330000000000083e-01	1.809860999999999942e+00
3.718839999999999923e-01	2.571917000000000009e+00
3.778360000000000052e-01	3.404739999999999878e+00
3.837869999999999893e-01	4.209972999999999743e+00
3.897390000000000021e-01	4.904037999999999897e+00
3.956910000000000149e-01	5.413699000000000261e+00
4.016429999999999723e-01	5.665930000000000355e+00
4.075949999999999851e-01	5.587703999999999560e+00
4.135469999999999979e-01	5.115747999999999962e+00
4.194979999999999820e-01	4.335056999999999938e+00
4.254499999999999948e-01	3.445985999999999994e+00
4.314009999999999789e-01	2.651928999999999981e+00
4.373540000000000205e-01	2.156279000000000057e+00
4.433079999999999798e-01	2.150901000000000174e+00
4.492619999999999947e-01	2.620696000000000137e+00
4.552160000000000095e-01	3.371550000000000047e+00
4.611680000000000224e-01	4.203443000000000040e+00
4.671170000000000044e-01	4.916356000000000392e+00
4.730619999999999825e-01	5.317423999999999928e+00
4.790059999999999873e-01	5.367131999999999792e+00
4.849510000000000209e-01	5.173373999999999917e+00
4.909020000000000050e-01	4.850009000000000015e+00
4.968629999999999991e-01	4.510893000000000264e+00
5.028390000000000359e-01	4.267907000000000117e+00
5.088230000000000253e-01	4.181561999999999557e+00
5.148009999999999531e-01	4.257502999999999815e+00
5.207570000000000254e-01	4.498695999999999806e+00
5.266750000000000043e-01	4.908108999999999611e+00
5.325410000000000421e-01	5.487187999999999732e+00
5.383719999999999617e-01	6.188721000000000139e+00
5.442249999999999588e-01	6.907733000000000345e+00
5.501580000000000359e-01	7.535892999999999731e+00
5.562289999999999734e-01	7.964869000000000199e+00
5.624930000000000208e-01	8.088689999999999714e+00
5.688929999999999820e-01	7.896562000000000303e+00
5.752220000000000111e-01	7.503311000000000064e+00
5.812610000000000277e-01	7.032365000000000421e+00
5.867949999999999555e-01	6.607150999999999996e+00
5.916080000000000227e-01	6.349429999999999907e+00
5.957040000000000113e-01	6.294190000000000396e+00
5.993990000000000151e-01	6.348968000000000167e+00
6.030370000000000452e-01	6.411118000000000094e+00
6.069609999999999728e-01	6.377996000000000443e+00
6.115110000000000268e-01	6.148197999999999830e+00
6.168270000000000142e-01	5.706757999999999775e+00
6.227219999999999978e-01	5.180145000000000444e+00
6.289789999999999548e-01	4.707906000000000368e+00
6.353790000000000271e-01	4.429590000000000138e+00
6.417070000000000274e-01	4.483629999999999782e+00
6.478369999999999962e-01	4.899651999999999674e+00
6.538089999999999735e-01	5.508689999999999642e+00
6.596819999999999906e-01	6.120645999999999809e+00
6.655140000000000500e-01	6.545421000000000156e+00
6.713630000000000431e-01	6.593733000000000288e+00
6.772660000000000347e-01	6.195064999999999600e+00
6.832110000000000127e-01	5.521071000000000062e+00
6.891829999999999901e-01	4.772907000000000011e+00
6.951669999999999794e-01	4.151728999999999559e+00
7.011469999999999647e-01	3.858312999999999882e+00
7.071119999999999628e-01	4.004116999999999926e+00
7.130670000000000064e-01	4.496744999999999770e+00
7.190130000000000132e-01	5.215493000000000379e+00
7.249569999999999625e-01	6.039658000000000193e+00
7.309010000000000229e-01	6.848569000000000351e+00
7.368489999999999762e-01	7.535225999999999758e+00
7.428000000000000158e-01	8.027623999999999427e+00
7.487530000000000019e-01	8.259278999999999371e+00
7.547080000000000455e-01	8.163705000000000211e+00
7.606619999999999493e-01	7.674490999999999730e+00
7.666140000000000176e-01	6.798604000000000092e+00
7.725670000000000037e-01	5.754082000000000363e+00
7.785180000000000433e-01	4.796681999999999668e+00
7.844689999999999719e-01	4.182164000000000215e+00
7.904210000000000402e-01	4.166250999999999927e+00
7.963729999999999976e-01	4.885256000000000043e+00
8.023249999999999549e-01	6.088738000000000206e+00
8.082770000000000232e-01	7.448095999999999606e+00
8.142289999999999806e-01	8.634726999999999819e+00
8.201800000000000201e-01	9.320033000000000456e+00
8.261319999999999775e-01	9.276908999999999850e+00
8.320830000000000171e-01	8.648987999999999232e+00
8.380349999999999744e-01	7.664528999999999925e+00
8.439870000000000427e-01	6.551791999999999838e+00
8.499400000000000288e-01	5.539035000000000153e+00
8.558940000000000436e-01	4.816206000000000209e+00
8.618479999999999475e-01	4.415291999999999994e+00
8.678010000000000446e-01	4.327573000000000114e+00
8.737519999999999731e-01	4.544331999999999816e+00
8.797000000000000375e-01	5.056848999999999705e+00
8.856439999999999868e-01	5.836941000000000379e+00
8.915870000000000184e-01	6.765803000000000011e+00
8.975349999999999717e-01	7.698280999999999707e+00
9.034900000000000153e-01	8.489216000000000761e+00
9.094569999999999599e-01	8.993451000000000306e+00
9.154379999999999740e-01	9.102133999999999503e+00
9.214210000000000456e-01	8.897417000000000797e+00
9.273909999999999654e-01	8.524043000000000703e+00
9.333329999999999682e-01	8.126792999999999267e+00
9.392300000000000093e-01	7.850445999999999813e+00
9.450749999999999984e-01	7.811625000000000263e+00
9.509090000000000042e-01	7.959295000000000009e+00
9.567890000000000006e-01	8.180614999999999526e+00
9.627750000000000474e-01	8.362648999999999333e+00
9.689229999999999787e-01	8.392461000000000837e+00
9.752680000000000238e-01	8.177967000000000652e+00
9.816639999999999810e-01	7.767942999999999820e+00
9.878930000000000211e-01	7.269457000000000058e+00
9.937399999999999567e-01	6.789765000000000050e+00
9.989850000000000119e-01	6.436119999999999841e+00
1.003457999999999961e+00	6.304770999999999681e+00
1.007338000000000067e+00	6.407386999999999944e+00
1.010966000000000031e+00	6.716421999999999670e+00
1.014685999999999977e+00	7.204113000000000433e+00
1.018841000000000108e+00	7.842698000000000391e+00
1.023735000000000062e+00	8.597343999999999653e+00
1.029328999999999938e+00	9.371128000000000569e+00
1.035408000000000106e+00	1.003494099999999989e+01
1.041754000000000069e+00	1.045939699999999917e+01
1.048148999999999997e+00	1.051511499999999977e+01
1.054391999999999996e+00	1.009495899999999935e+01
1.060446000000000000e+00	9.315903999999999741e+00
1.066368999999999900e+00	8.424635999999999569e+00
1.072216999999999976e+00	7.669421999999999962e+00
1.078049000000000035e+00	7.298530000000000406e+00
1.083920999999999912e+00	7.536359000000000030e+00
1.089842999999999895e+00	8.329853999999999203e+00
1.095801999999999943e+00	9.446956999999999383e+00
1.101780999999999899e+00	1.065262300000000018e+01
1.107765000000000111e+00	1.171181100000000086e+01
1.113739999999999952e+00	1.240474299999999985e+01
1.119699999999999918e+00	1.271786600000000078e+01
1.125650000000000039e+00	1.278576100000000082e+01
1.131594999999999906e+00	1.274625200000000014e+01
1.137537999999999938e+00	1.273715999999999937e+01
1.143483999999999945e+00	1.288728200000000079e+01
1.149432999999999927e+00	1.318245899999999970e+01
1.155386000000000024e+00	1.349431799999999981e+01
1.161338999999999899e+00	1.369129700000000049e+01
1.167294000000000054e+00	1.364183599999999963e+01
1.173246999999999929e+00	1.322286399999999951e+01
1.179200000000000026e+00	1.247051199999999938e+01
1.185151999999999983e+00	1.156229000000000084e+01
1.191103000000000023e+00	1.068062899999999971e+01
1.197054000000000062e+00	1.000795600000000007e+01
1.203006000000000020e+00	9.720228000000000534e+00
1.208957999999999977e+00	9.848010999999999626e+00
1.214909999999999934e+00	1.027838599999999936e+01
1.220861999999999892e+00	1.089234199999999930e+01
1.226814000000000071e+00	1.157086900000000007e+01
1.232765000000000111e+00	1.219711099999999959e+01
1.238717000000000068e+00	1.271309699999999943e+01
1.244668000000000108e+00	1.312543100000000074e+01
1.250620000000000065e+00	1.344401299999999999e+01
1.256572000000000022e+00	1.367874400000000001e+01
1.262526000000000037e+00	1.383924400000000077e+01
1.268480000000000052e+00	1.392563299999999948e+01
1.274434000000000067e+00	1.392645100000000014e+01
1.280386000000000024e+00	1.382953499999999991e+01
1.286335999999999924e+00	1.362272500000000086e+01
1.292281999999999931e+00	1.329527099999999962e+01
1.298224999999999962e+00	1.289703699999999920e+01
1.304170000000000051e+00	1.256004599999999982e+01
1.310119999999999951e+00	1.242216999999999949e+01
1.316079999999999917e+00	1.262128200000000078e+01
1.322052999999999923e+00	1.329294400000000032e+01
1.328036999999999912e+00	1.444363500000000045e+01
1.334017000000000008e+00	1.588507800000000003e+01
1.339976000000000056e+00	1.741284999999999883e+01
1.345900000000000096e+00	1.882252499999999884e+01
1.351774000000000031e+00	1.991113800000000111e+01
1.357607000000000008e+00	2.058582499999999982e+01
1.363453000000000026e+00	2.093883599999999845e+01
1.369372000000000034e+00	2.108015899999999831e+01
1.375421999999999922e+00	2.111978500000000025e+01
1.381658999999999970e+00	2.116724599999999867e+01
1.388052000000000064e+00	2.128293400000000091e+01
1.394403000000000059e+00	2.143505199999999888e+01
1.400492999999999988e+00	2.158164899999999875e+01
1.406104999999999938e+00	2.168077500000000057e+01
1.411021999999999998e+00	2.169067199999999929e+01
1.415195999999999898e+00	2.160074900000000042e+01
1.418924000000000074e+00	2.146577500000000072e+01
1.422549999999999981e+00	2.134874800000000050e+01
1.426417000000000046e+00	2.131266799999999861e+01
1.430868000000000029e+00	2.142043699999999973e+01
1.436091000000000006e+00	2.170882500000000093e+01
1.441923000000000066e+00	2.215324400000000082e+01
1.448144000000000098e+00	2.272030399999999872e+01
1.454538000000000109e+00	2.337661800000000056e+01
1.460887000000000047e+00	2.408877400000000080e+01
1.467041999999999957e+00	2.481191099999999850e+01
1.473030999999999979e+00	2.547099899999999906e+01
1.478914000000000062e+00	2.598609199999999930e+01
1.484749000000000096e+00	2.627724999999999866e+01
1.490591999999999917e+00	2.626457500000000067e+01
1.496488000000000040e+00	2.592920300000000111e+01
1.502428000000000097e+00	2.543307899999999933e+01
1.508397999999999906e+00	2.497147400000000061e+01
1.514380999999999977e+00	2.473965799999999859e+01
1.520361999999999991e+00	2.493288499999999885e+01
1.526329999999999965e+00	2.565244500000000016e+01
1.532284999999999897e+00	2.668604200000000048e+01
1.538232999999999961e+00	2.775604699999999880e+01
1.544175999999999993e+00	2.858482599999999962e+01
1.550119999999999942e+00	2.889474799999999988e+01
1.556068000000000007e+00	2.851281099999999924e+01
1.562019000000000046e+00	2.765991999999999962e+01
1.567971999999999921e+00	2.664967000000000041e+01
1.573925999999999936e+00	2.579565099999999944e+01
1.579879999999999951e+00	2.541145600000000115e+01
1.585833000000000048e+00	2.572941300000000098e+01
1.591785000000000005e+00	2.663647299999999873e+01
1.597736999999999963e+00	2.792785100000000043e+01
1.603688000000000002e+00	2.939876299999999887e+01
1.609639000000000042e+00	3.084442200000000156e+01
1.615590999999999999e+00	3.209638600000000253e+01
1.621542999999999957e+00	3.316063100000000219e+01
1.627494999999999914e+00	3.409539699999999840e+01
1.633447000000000093e+00	3.495893399999999929e+01
1.639399000000000051e+00	3.580949199999999877e+01
1.645350000000000090e+00	3.669374400000000236e+01
1.651302000000000048e+00	3.759555600000000197e+01
1.657253000000000087e+00	3.847759500000000088e+01
1.663205000000000044e+00	3.930250999999999806e+01
1.669157999999999920e+00	4.003294999999999959e+01
1.675111999999999934e+00	4.063703000000000287e+01
1.681065999999999949e+00	4.111643200000000320e+01
1.687019000000000046e+00	4.148557900000000132e+01
1.692971000000000004e+00	4.175892000000000337e+01
1.698919000000000068e+00	4.195090100000000177e+01
1.704863000000000017e+00	4.208429999999999893e+01
1.710806999999999967e+00	4.223999400000000293e+01
1.716752999999999973e+00	4.252359599999999773e+01
1.722706999999999988e+00	4.304081299999999999e+01
1.728671999999999986e+00	4.389735100000000045e+01
1.734652000000000083e+00	4.517545199999999994e+01
1.740636000000000072e+00	4.677099400000000173e+01
1.746609000000000078e+00	4.849098800000000153e+01
1.752555000000000085e+00	5.014189700000000016e+01
1.758458000000000077e+00	5.153018300000000096e+01
1.764308999999999905e+00	5.248148599999999675e+01
1.770140999999999964e+00	5.299558400000000091e+01
1.776011999999999924e+00	5.316507299999999958e+01
1.781979999999999897e+00	5.308341500000000224e+01
1.788105000000000055e+00	5.284407199999999705e+01
1.794426999999999994e+00	5.253521599999999836e+01
1.800829000000000013e+00	5.218980599999999725e+01
1.807091999999999921e+00	5.180796099999999882e+01
1.813002000000000002e+00	5.138936799999999749e+01
1.818338000000000010e+00	5.093371199999999988e+01
1.822912000000000088e+00	5.045302199999999715e+01
1.826850000000000085e+00	5.010821099999999717e+01
1.830492000000000008e+00	5.015886900000000281e+01
1.834179999999999922e+00	5.086635199999999912e+01
1.838259000000000087e+00	5.249201800000000162e+01
1.843048000000000020e+00	5.526474499999999779e+01
1.848562000000000038e+00	5.895723600000000175e+01
1.854589999999999961e+00	6.300567000000000206e+01
1.860913000000000039e+00	6.683837699999999415e+01
1.867313999999999918e+00	6.988368400000000236e+01
1.873583999999999916e+00	7.159901600000000599e+01
1.879660000000000108e+00	7.192189700000000130e+01
1.885596000000000050e+00	7.118372300000000052e+01
1.891450999999999993e+00	6.972753199999999651e+01
1.897281999999999913e+00	6.789636299999999380e+01
1.903146999999999922e+00	6.602815900000000227e+01
1.909062999999999954e+00	6.436109100000000183e+01
1.915018000000000109e+00	6.304234999999999900e+01
1.920995999999999926e+00	6.221579599999999743e+01
1.926979999999999915e+00	6.202529100000000284e+01
1.932955999999999896e+00	6.260964899999999744e+01
1.938917999999999919e+00	6.398884499999999775e+01
1.944868999999999959e+00	6.606243899999999769e+01
1.950814000000000048e+00	6.872462799999999561e+01
1.956757999999999997e+00	7.186961200000000360e+01
1.962703000000000086e+00	7.538455600000000345e+01
1.968652000000000069e+00	7.895432300000000225e+01
1.974604000000000026e+00	8.203598999999999819e+01
1.980558000000000041e+00	8.407447999999999411e+01
1.986512000000000056e+00	8.451471700000000453e+01
1.992466000000000070e+00	8.281740399999999624e+01
1.998418000000000028e+00	7.900832400000000177e+01
2.004370000000000207e+00	7.382053799999999910e+01
2.010321999999999942e+00	6.803177700000000527e+01
2.016272999999999982e+00	6.241976900000000228e+01
2.022224000000000022e+00	5.775316699999999770e+01
2.028176000000000201e+00	5.438620000000000232e+01
2.034127999999999936e+00	5.209612599999999816e+01
2.040080000000000116e+00	5.061749900000000224e+01
2.046031999999999851e+00	4.968487400000000065e+01
2.051984000000000030e+00	4.903413299999999708e+01
2.057935000000000070e+00	4.848082099999999883e+01
2.063886999999999805e+00	4.796396399999999716e+01
2.069837999999999845e+00	4.743320800000000048e+01
2.075791000000000164e+00	4.683820000000000050e+01
2.081744000000000039e+00	4.612871400000000222e+01
2.087698000000000054e+00	4.526491899999999902e+01
2.093652000000000069e+00	4.422494900000000229e+01
2.099604999999999944e+00	4.298872200000000277e+01
2.105554999999999843e+00	4.153615400000000335e+01
2.111501000000000072e+00	3.984768700000000052e+01
2.117445000000000022e+00	3.796583400000000097e+01
2.123388999999999971e+00	3.605281599999999997e+01
2.129338000000000175e+00	3.428449599999999720e+01
2.135295999999999861e+00	3.283673499999999734e+01
2.141268000000000171e+00	3.188485100000000116e+01
2.147250999999999799e+00	3.150474099999999922e+01
2.153232000000000035e+00	3.155787300000000073e+01
2.159196000000000115e+00	3.187781700000000029e+01
2.165125000000000188e+00	3.229813899999999904e+01
2.171006000000000213e+00	3.265259799999999757e+01
2.176841000000000026e+00	3.283460399999999879e+01
2.182682999999999929e+00	3.288170999999999822e+01
2.188588999999999896e+00	3.285281100000000265e+01
2.194618000000000180e+00	3.280680100000000010e+01
2.200828000000000007e+00	3.280254599999999954e+01
2.207209999999999894e+00	3.288189200000000056e+01
2.213579000000000185e+00	3.304050399999999854e+01
2.219714999999999883e+00	3.326629299999999745e+01
2.225403000000000020e+00	3.354716899999999669e+01
2.230423000000000044e+00	3.387102900000000005e+01
2.234681000000000139e+00	3.420121900000000181e+01
2.238447999999999993e+00	3.442616799999999699e+01
2.242068000000000172e+00	3.442006800000000055e+01
2.245884000000000214e+00	3.405710599999999744e+01
2.250237999999999960e+00	3.321148300000000120e+01
2.255365999999999982e+00	3.183897299999999930e+01
2.261130000000000084e+00	3.017589800000000011e+01
2.267313000000000134e+00	2.851884000000000086e+01
2.273696000000000161e+00	2.716438300000000083e+01
2.280063999999999869e+00	2.640910999999999831e+01
2.286243999999999943e+00	2.645687900000000070e+01
2.292251999999999956e+00	2.715171899999999994e+01
2.298146000000000022e+00	2.825038800000000094e+01
2.303983000000000114e+00	2.950964400000000154e+01
2.309822000000000042e+00	3.068624499999999955e+01
2.315710999999999853e+00	3.159131899999999860e+01
2.321645999999999876e+00	3.227418600000000026e+01
2.327612999999999932e+00	3.284937500000000199e+01
2.333594999999999864e+00	3.343141800000000075e+01
2.339576999999999796e+00	3.413484499999999855e+01
2.345546999999999827e+00	3.503266299999999944e+01
2.351503999999999817e+00	3.599240400000000051e+01
2.357451999999999881e+00	3.681815999999999889e+01
2.363395999999999830e+00	3.731400500000000164e+01
2.369339000000000084e+00	3.728401499999999658e+01
2.375286000000000008e+00	3.658106300000000033e+01
2.381237000000000048e+00	3.533110200000000134e+01
2.387189999999999923e+00	3.375501299999999816e+01
2.393143999999999938e+00	3.207377600000000228e+01
2.399097999999999953e+00	3.050836899999999829e+01
2.405050999999999828e+00	2.925581499999999835e+01
2.411004000000000147e+00	2.836125499999999988e+01
2.416955999999999882e+00	2.781049300000000102e+01
2.422906999999999922e+00	2.758919600000000116e+01
2.428857999999999961e+00	2.768303399999999925e+01
2.434809000000000001e+00	2.807748000000000133e+01
2.440760000000000041e+00	2.875662700000000171e+01
2.446712000000000220e+00	2.970396200000000064e+01
2.452663999999999955e+00	3.090296700000000030e+01
2.458616999999999830e+00	3.233712500000000034e+01
2.464570999999999845e+00	3.397190899999999658e+01
2.470524999999999860e+00	3.562494399999999928e+01
2.476478000000000179e+00	3.704134499999999974e+01
2.482429999999999914e+00	3.796573200000000270e+01
2.488377999999999979e+00	3.814272299999999660e+01
2.494323000000000068e+00	3.735780100000000203e+01
2.500265999999999877e+00	3.578042399999999645e+01
2.506212000000000106e+00	3.379043699999999717e+01
2.512164999999999981e+00	3.176983999999999853e+01
2.518129000000000062e+00	3.010063099999999991e+01
2.524108000000000018e+00	2.913003399999999843e+01
2.530091999999999786e+00	2.882925499999999985e+01
2.536067000000000071e+00	2.893968699999999927e+01
2.542015999999999831e+00	2.919942999999999955e+01
2.547924000000000078e+00	2.934658299999999898e+01
2.553779000000000021e+00	2.914950999999999937e+01
2.559610000000000163e+00	2.875553400000000082e+01
2.565475000000000172e+00	2.856997900000000001e+01
2.571432000000000162e+00	2.900312100000000015e+01
2.577539999999999942e+00	3.046523600000000087e+01
2.583845999999999865e+00	3.332019600000000281e+01
2.590249000000000024e+00	3.725393400000000099e+01
2.596534000000000120e+00	4.143876699999999857e+01
2.602485000000000159e+00	4.503426499999999777e+01
2.607883000000000173e+00	4.720000300000000237e+01
2.612527000000000044e+00	4.714353599999999744e+01
2.616509000000000196e+00	4.489798400000000100e+01
2.620163999999999938e+00	4.119192600000000226e+01
2.623834000000000000e+00	3.677566699999999855e+01
2.627863000000000060e+00	3.239951099999999684e+01
2.632579999999999920e+00	2.879027299999999912e+01
2.638037000000000187e+00	2.619356900000000010e+01
2.644026000000000209e+00	2.440450200000000081e+01
2.650332000000000132e+00	2.320082899999999881e+01
2.656734000000000151e+00	2.236030900000000088e+01
2.663022999999999918e+00	2.167211899999999858e+01
2.669115000000000126e+00	2.120779699999999934e+01
2.675060999999999911e+00	2.133261900000000111e+01
2.680919999999999970e+00	2.242556199999999933e+01
2.686751000000000111e+00	2.486560300000000012e+01
2.692610999999999866e+00	2.900957199999999858e+01
2.698523999999999923e+00	3.454266100000000250e+01
2.704476000000000102e+00	4.037357599999999991e+01
2.710452000000000083e+00	4.536777000000000015e+01
2.716435999999999851e+00	4.839069500000000090e+01
2.722412999999999972e+00	4.833229399999999742e+01
2.728375999999999912e+00	4.501216199999999645e+01
2.734328000000000092e+00	3.944478199999999646e+01
2.740273999999999877e+00	3.272322400000000187e+01
2.746217000000000130e+00	2.594055600000000084e+01
2.752162000000000219e+00	2.017855799999999888e+01
2.758110999999999979e+00	1.596882100000000015e+01
2.764063000000000159e+00	1.305620399999999925e+01
2.770016000000000034e+00	1.112505999999999950e+01
2.775971000000000188e+00	9.859740000000000393e+00
2.781924000000000063e+00	8.948982000000000880e+00
2.787876999999999938e+00	8.364751000000000047e+00
2.793829000000000118e+00	8.530039000000000371e+00
2.799780999999999853e+00	9.908075000000000188e+00
2.805731999999999893e+00	1.296208999999999989e+01
2.811682999999999932e+00	1.814794399999999897e+01
2.817635000000000112e+00	2.526336600000000132e+01
2.823586999999999847e+00	3.293744999999999834e+01
2.829539000000000026e+00	3.967914600000000291e+01
2.835491000000000206e+00	4.399740299999999849e+01
2.841442999999999941e+00	4.440855599999999725e+01
2.847395000000000120e+00	4.039341999999999899e+01
2.853346999999999856e+00	3.334542299999999670e+01
2.859299000000000035e+00	2.488334299999999999e+01
2.865251000000000214e+00	1.662595900000000171e+01
2.871201999999999810e+00	1.018880000000000052e+01
2.877153999999999989e+00	6.515501999999999683e+00
2.883106000000000169e+00	5.059082000000000079e+00
2.889057999999999904e+00	5.072174999999999656e+00
2.895010000000000083e+00	5.807412000000000241e+00
2.900961999999999819e+00	6.518275000000000041e+00
2.906913999999999998e+00	6.769712000000000174e+00
2.912866000000000177e+00	6.901237000000000066e+00
2.918817999999999913e+00	7.370739000000000374e+00
2.924770000000000092e+00	8.636108000000000118e+00
2.930721000000000132e+00	1.115489900000000034e+01
2.936672999999999867e+00	1.512260700000000035e+01
2.942625000000000046e+00	2.000272400000000061e+01
2.948576999999999781e+00	2.513191799999999887e+01
2.954528999999999961e+00	2.984686100000000053e+01
2.960481000000000140e+00	3.348429999999999751e+01
2.966432999999999875e+00	3.557023399999999924e+01
2.972385000000000055e+00	3.622560299999999955e+01
2.978336999999999790e+00	3.568795599999999979e+01
2.984288999999999970e+00	3.419484099999999671e+01
2.990240000000000009e+00	3.198380799999999979e+01
2.996192000000000188e+00	2.929240700000000075e+01
3.002143999999999924e+00	2.635818499999999887e+01
3.008096000000000103e+00	2.341869300000000109e+01
3.014047999999999838e+00	2.071147799999999961e+01
3.020000000000000018e+00	1.847409100000000137e+01
