1.199999999999999956e-01	6.481630421400877751e+00
1.249780000000000058e-01	6.186682246232173554e+00
1.305999999999999939e-01	5.355577856616777765e+00
1.367059999999999942e-01	5.838956804288723212e+00
1.431360000000000132e-01	5.193402528060361512e+00
1.497320000000000040e-01	4.894868850666600935e+00
1.563350000000000017e-01	4.515770486268804618e+00
1.627850000000000130e-01	4.679242543381583630e+00
1.689219999999999888e-01	4.347609169119664330e+00
1.745889999999999942e-01	4.153144704976606150e+00
1.796250000000000069e-01	3.877481492825975984e+00
1.839349999999999874e-01	4.754873915049296684e+00
1.877439999999999942e-01	3.487579783569050296e+00
1.913779999999999926e-01	3.899505940905701795e+00
1.951660000000000061e-01	3.005303908745695196e+00
1.994340000000000002e-01	2.635366958026665873e+00
2.044499999999999929e-01	2.351012306864386670e+00
2.101250000000000062e-01	2.613162052233825250e+00
2.162479999999999958e-01	2.016844714290625618e+00
2.226049999999999973e-01	2.336808513692354872e+00
2.289819999999999911e-01	2.342677775098225723e+00
2.351930000000000132e-01	2.068743497318029867e+00
2.412249999999999950e-01	4.433343130839284996e+00
2.471349999999999936e-01	4.427363503983518633e+00
2.529799999999999827e-01	5.284521200214337355e+00
2.588170000000000193e-01	5.592926107727564045e+00
2.646970000000000156e-01	6.116563304157544678e+00
2.706259999999999777e-01	5.869339923489141242e+00
2.765880000000000005e-01	3.836946958687227127e+00
2.825679999999999858e-01	4.225291118785879263e+00
2.885510000000000019e-01	3.490633155446277058e+00
2.945229999999999793e-01	4.863025955800843292e+00
3.004809999999999981e-01	5.433891479043025718e+00
3.064310000000000089e-01	5.473859954011169648e+00
3.123750000000000138e-01	6.117546056451326209e+00
3.183190000000000186e-01	6.093462006818546328e+00
3.242650000000000254e-01	5.673336979669832303e+00
3.302149999999999808e-01	5.202981605737450721e+00
3.361680000000000224e-01	3.780058320092842816e+00
3.421210000000000084e-01	2.428121212158793618e+00
3.480759999999999965e-01	1.187039504824111802e+00
3.540289999999999826e-01	1.144747448784521948e+00
3.599809999999999954e-01	1.329226543694359108e+00
3.659330000000000083e-01	2.212753263194133790e+00
3.718839999999999923e-01	3.411200565902024362e+00
3.778360000000000052e-01	4.728016002369520798e+00
3.837869999999999893e-01	6.073301908856452158e+00
3.897390000000000021e-01	5.842651733054438523e+00
3.956910000000000149e-01	6.815636792144310618e+00
4.016429999999999723e-01	7.022233250785717473e+00
4.075949999999999851e-01	5.560689542479122949e+00
4.135469999999999979e-01	5.428534945081866958e+00
4.194979999999999820e-01	4.544342981708687113e+00
4.254499999999999948e-01	3.758536551823693728e+00
4.314009999999999789e-01	2.253913089649223433e+00
4.373540000000000205e-01	1.682324914255111548e+00
4.433079999999999798e-01	1.602214506480238665e+00
4.492619999999999947e-01	2.504739105373166907e+00
4.552160000000000095e-01	3.586686474299737526e+00
4.611680000000000224e-01	4.474316601349771716e+00
4.671170000000000044e-01	6.144352559957892979e+00
4.730619999999999825e-01	6.708857076020631638e+00
4.790059999999999873e-01	5.778216934567150354e+00
4.849510000000000209e-01	5.538184755434557793e+00
4.909020000000000050e-01	4.367622455638304757e+00
4.968629999999999991e-01	4.354706481315703925e+00
5.028390000000000359e-01	4.117899666921179147e+00
5.088230000000000253e-01	4.024309939358532873e+00
5.148009999999999531e-01	3.790482140905965469e+00
5.207570000000000254e-01	3.434271970657745143e+00
5.266750000000000043e-01	4.472501960671910304e+00
5.325410000000000421e-01	4.166511306670959591e+00
5.383719999999999617e-01	4.651638117856792043e+00
5.442249999999999588e-01	5.796963251891971147e+00
5.501580000000000359e-01	5.626129539709310734e+00
5.562289999999999734e-01	5.831325374068782708e+00
5.624930000000000208e-01	5.896961711733321287e+00
5.688929999999999820e-01	6.043861490354896837e+00
5.752220000000000111e-01	5.693451084732886969e+00
5.812610000000000277e-01	5.536902596060381931e+00
5.867949999999999555e-01	5.579280348831283654e+00
5.916080000000000227e-01	5.806517557823092091e+00
5.957040000000000113e-01	6.612073338562317382e+00
5.993990000000000151e-01	6.254075604132879995e+00
6.030370000000000452e-01	7.180166063115748898e+00
6.069609999999999728e-01	7.294299196901926408e+00
6.115110000000000268e-01	7.036202239846937267e+00
6.168270000000000142e-01	6.574886730105835575e+00
6.227219999999999978e-01	5.754225374071768151e+00
6.289789999999999548e-01	4.641871753076490137e+00
6.353790000000000271e-01	4.103550096344275033e+00
6.417070000000000274e-01	3.323749901047721167e+00
6.478369999999999962e-01	3.471711402998579388e+00
6.538089999999999735e-01	3.399496217649436325e+00
6.596819999999999906e-01	3.478168348778120311e+00
6.655140000000000500e-01	3.122468436671353320e+00
6.713630000000000431e-01	2.818673514472505914e+00
6.772660000000000347e-01	3.344566541824686823e+00
6.832110000000000127e-01	2.892170096733949869e+00
6.891829999999999901e-01	2.846337197485138137e+00
6.951669999999999794e-01	3.634058768597976830e+00
7.011469999999999647e-01	3.988633041688735670e+00
7.071119999999999628e-01	4.276038095272396866e+00
7.130670000000000064e-01	5.004175595458677961e+00
7.190130000000000132e-01	5.828694143241675896e+00
7.249569999999999625e-01	6.641720378762287602e+00
7.309010000000000229e-01	6.881261757847779492e+00
7.368489999999999762e-01	7.735250561592824425e+00
7.428000000000000158e-01	7.985697492056909041e+00
7.487530000000000019e-01	8.005708746795749065e+00
7.547080000000000455e-01	8.943061882865514178e+00
7.606619999999999493e-01	7.898646055944639421e+00
7.666140000000000176e-01	7.340028146483758675e+00
7.725670000000000037e-01	7.537161875244010822e+00
7.785180000000000433e-01	7.183430768327973226e+00
7.844689999999999719e-01	6.433789153349078305e+00
7.904210000000000402e-01	6.551752527127447934e+00
7.963729999999999976e-01	5.794057300435802027e+00
8.023249999999999549e-01	4.314142124355673680e+00
8.082770000000000232e-01	4.959797169456307664e+00
8.142289999999999806e-01	5.199688343585039618e+00
8.201800000000000201e-01	5.380687908207923975e+00
8.261319999999999775e-01	6.035772864309953079e+00
8.320830000000000171e-01	7.132670132715545286e+00
8.380349999999999744e-01	8.612671667559835598e+00
8.439870000000000427e-01	9.263312172744564421e+00
8.499400000000000288e-01	1.048474525287013037e+01
8.558940000000000436e-01	1.027251288691454256e+01
8.618479999999999475e-01	9.372912025611515929e+00
8.678010000000000446e-01	8.750190893842020756e+00
8.737519999999999731e-01	8.922049622174739625e+00
8.797000000000000375e-01	8.305117287365748169e+00
8.856439999999999868e-01	8.232029586703431434e+00
8.915870000000000184e-01	7.920248078786992885e+00
8.975349999999999717e-01	8.850781527090587630e+00
9.034900000000000153e-01	8.334226342207319504e+00
9.094569999999999599e-01	8.047279584045142542e+00
9.154379999999999740e-01	7.825395665968901682e+00
9.214210000000000456e-01	7.410831771438935789e+00
9.273909999999999654e-01	7.181946420882367121e+00
9.333329999999999682e-01	7.128793105507067907e+00
9.392300000000000093e-01	6.755546823507289744e+00
9.450749999999999984e-01	6.463288996054613378e+00
9.509090000000000042e-01	7.140865000986959643e+00
9.567890000000000006e-01	7.297190275159763040e+00
9.627750000000000474e-01	7.458506181803349122e+00
9.689229999999999787e-01	8.448658483204678049e+00
9.752680000000000238e-01	9.302888458548586925e+00
9.816639999999999810e-01	1.077931702987777207e+01
9.878930000000000211e-01	1.059060285702093474e+01
9.937399999999999567e-01	1.124331666606218683e+01
9.989850000000000119e-01	1.184070752334618781e+01
1.003457999999999961e+00	1.162242769791310693e+01
1.007338000000000067e+00	1.195008882506496839e+01
1.010966000000000031e+00	1.140887132877706911e+01
1.014685999999999977e+00	1.069005222653558285e+01
1.018841000000000108e+00	1.110385808011556463e+01
1.023735000000000062e+00	1.021458132509621919e+01
1.029328999999999938e+00	8.855940791197344453e+00
1.035408000000000106e+00	9.143658243103795158e+00
1.041754000000000069e+00	8.547108323243234551e+00
1.048148999999999997e+00	9.331874521134130518e+00
1.054391999999999996e+00	9.261518976460621388e+00
1.060446000000000000e+00	1.070741323815099477e+01
1.066368999999999900e+00	1.131978434227895214e+01
1.072216999999999976e+00	1.080549939610563115e+01
1.078049000000000035e+00	1.120295665766572668e+01
1.083920999999999912e+00	1.130469930235753395e+01
1.089842999999999895e+00	1.082108662811658206e+01
1.095801999999999943e+00	1.009336987572308963e+01
1.101780999999999899e+00	9.167212366204857688e+00
1.107765000000000111e+00	8.608332971386580823e+00
1.113739999999999952e+00	8.085446547744012946e+00
1.119699999999999918e+00	9.729473649943400915e+00
1.125650000000000039e+00	9.287972695334770989e+00
1.131594999999999906e+00	1.038120420596147397e+01
1.137537999999999938e+00	1.133791281482911373e+01
1.143483999999999945e+00	1.222473487484383803e+01
1.149432999999999927e+00	1.271481220116191757e+01
1.155386000000000024e+00	1.309701763123727858e+01
1.161338999999999899e+00	1.394948593041749518e+01
1.167294000000000054e+00	1.304833728015260874e+01
1.173246999999999929e+00	1.416218851748772067e+01
1.179200000000000026e+00	1.391861142456807521e+01
1.185151999999999983e+00	1.481105985601187491e+01
1.191103000000000023e+00	1.376050078337165949e+01
1.197054000000000062e+00	1.459714974046210223e+01
1.203006000000000020e+00	1.529316583556681941e+01
1.208957999999999977e+00	1.365807603058921060e+01
1.214909999999999934e+00	1.392774952227371443e+01
1.220861999999999892e+00	1.474947613028779791e+01
1.226814000000000071e+00	1.365388645469977824e+01
1.232765000000000111e+00	1.422780249373796835e+01
1.238717000000000068e+00	1.340189726923284574e+01
1.244668000000000108e+00	1.363673431159406668e+01
1.250620000000000065e+00	1.256480591839131122e+01
1.256572000000000022e+00	1.314214117212417499e+01
1.262526000000000037e+00	1.400735213748011709e+01
1.268480000000000052e+00	1.403793503232286177e+01
1.274434000000000067e+00	1.463357990340813863e+01
1.280386000000000024e+00	1.556900681272505693e+01
1.286335999999999924e+00	1.610970109912435078e+01
1.292281999999999931e+00	1.629542743023093365e+01
1.298224999999999962e+00	1.637539881987104451e+01
1.304170000000000051e+00	1.551078553590133069e+01
1.310119999999999951e+00	1.523976137078712512e+01
1.316079999999999917e+00	1.508052052679770050e+01
1.322052999999999923e+00	1.464023559942896391e+01
1.328036999999999912e+00	1.411172090193126039e+01
1.334017000000000008e+00	1.451799508995568821e+01
1.339976000000000056e+00	1.414808345585472438e+01
1.345900000000000096e+00	1.454812296146924488e+01
1.351774000000000031e+00	1.544284873448650508e+01
1.357607000000000008e+00	1.621630094106333431e+01
1.363453000000000026e+00	1.715182840587699076e+01
1.369372000000000034e+00	1.805410989998964411e+01
1.375421999999999922e+00	1.873051037051148171e+01
1.381658999999999970e+00	1.938443453989149035e+01
1.388052000000000064e+00	2.100687614145481774e+01
1.394403000000000059e+00	2.201570367963974917e+01
1.400492999999999988e+00	2.227882950330943501e+01
1.406104999999999938e+00	2.228889367338789285e+01
1.411021999999999998e+00	2.187367706612108265e+01
1.415195999999999898e+00	2.245862206451383258e+01
1.418924000000000074e+00	2.208740222553660004e+01
1.422549999999999981e+00	2.144676064468196941e+01
1.426417000000000046e+00	2.149679913133072517e+01
1.430868000000000029e+00	2.224396979029916821e+01
1.436091000000000006e+00	2.196665914811862663e+01
1.441923000000000066e+00	2.169709067566399341e+01
1.448144000000000098e+00	2.224372587086419273e+01
1.454538000000000109e+00	2.287470457096153353e+01
1.460887000000000047e+00	2.377162893806856658e+01
1.467041999999999957e+00	2.446316633370815552e+01
1.473030999999999979e+00	2.484937284231270738e+01
1.478914000000000062e+00	2.637472922771691941e+01
1.484749000000000096e+00	2.738212812280188757e+01
1.490591999999999917e+00	2.732331328003597548e+01
1.496488000000000040e+00	2.776722008123424601e+01
1.502428000000000097e+00	2.764486515263047650e+01
1.508397999999999906e+00	2.880413933780402047e+01
1.514380999999999977e+00	2.935894313824740820e+01
1.520361999999999991e+00	2.938352881344056300e+01
1.526329999999999965e+00	2.956057319352816748e+01
1.532284999999999897e+00	2.946266384150118967e+01
1.538232999999999961e+00	2.917756656987641151e+01
1.544175999999999993e+00	2.917346550792230175e+01
1.550119999999999942e+00	2.905352827618099099e+01
1.556068000000000007e+00	2.944302992952386333e+01
1.562019000000000046e+00	2.941734332005207975e+01
1.567971999999999921e+00	2.964821324118106460e+01
1.573925999999999936e+00	2.960785668063878973e+01
1.579879999999999951e+00	2.893286848771464648e+01
1.585833000000000048e+00	2.832486774038078181e+01
1.591785000000000005e+00	2.920889819087585693e+01
1.597736999999999963e+00	2.779351276215890110e+01
1.603688000000000002e+00	2.927365405060362846e+01
1.609639000000000042e+00	2.904216979854754754e+01
1.615590999999999999e+00	2.981708784162122683e+01
1.621542999999999957e+00	3.157416974247407282e+01
1.627494999999999914e+00	3.282941236150332287e+01
1.633447000000000093e+00	3.375736855257960656e+01
1.639399000000000051e+00	3.566673212395048864e+01
1.645350000000000090e+00	3.549833217097978633e+01
1.651302000000000048e+00	3.744808253141807342e+01
1.657253000000000087e+00	3.915081021961974983e+01
1.663205000000000044e+00	3.894320538359270500e+01
1.669157999999999920e+00	4.050351977814463567e+01
1.675111999999999934e+00	4.055414853572751355e+01
1.681065999999999949e+00	4.012320394014533775e+01
1.687019000000000046e+00	4.036946698053264981e+01
1.692971000000000004e+00	4.006605382756769984e+01
1.698919000000000068e+00	4.005927298974597051e+01
1.704863000000000017e+00	3.994418321223045609e+01
1.710806999999999967e+00	3.911051590508525777e+01
1.716752999999999973e+00	4.021879662229212471e+01
1.722706999999999988e+00	4.061688384448555666e+01
1.728671999999999986e+00	4.132723718767702792e+01
1.734652000000000083e+00	4.290627859710916425e+01
1.740636000000000072e+00	4.467754084141434845e+01
1.746609000000000078e+00	4.613690904865509168e+01
1.752555000000000085e+00	4.797510430256945568e+01
1.758458000000000077e+00	5.044269665970778505e+01
1.764308999999999905e+00	5.215444809613556032e+01
1.770140999999999964e+00	5.317273670121120688e+01
1.776011999999999924e+00	5.368625388091435724e+01
1.781979999999999897e+00	5.383016720415353262e+01
1.788105000000000055e+00	5.455930246891892210e+01
1.794426999999999994e+00	5.388660549502929342e+01
1.800829000000000013e+00	5.236621792499633443e+01
1.807091999999999921e+00	5.085385967539843932e+01
1.813002000000000002e+00	5.044430030378564567e+01
1.818338000000000010e+00	4.979651519133712156e+01
1.822912000000000088e+00	4.874484159328692812e+01
1.826850000000000085e+00	4.977232885093388859e+01
1.830492000000000008e+00	4.907099677022430484e+01
1.834179999999999922e+00	5.169302468422486641e+01
1.838259000000000087e+00	5.369407121555251194e+01
1.843048000000000020e+00	5.583313974427134951e+01
1.848562000000000038e+00	5.927461292973873697e+01
1.854589999999999961e+00	6.225536958693730583e+01
1.860913000000000039e+00	6.555336979932197039e+01
1.867313999999999918e+00	6.775821007652514538e+01
1.873583999999999916e+00	7.012410119388081853e+01
1.879660000000000108e+00	7.110643963702096926e+01
1.885596000000000050e+00	7.161400404081015836e+01
1.891450999999999993e+00	6.963475539921523705e+01
1.897281999999999913e+00	6.902082403095859320e+01
1.903146999999999922e+00	6.756327364727921747e+01
1.909062999999999954e+00	6.490458223933696047e+01
1.915018000000000109e+00	6.377513887798948389e+01
1.920995999999999926e+00	6.307003783168330102e+01
1.926979999999999915e+00	6.131098882883971868e+01
1.932955999999999896e+00	6.150021769550532724e+01
1.938917999999999919e+00	6.306581369063960807e+01
1.944868999999999959e+00	6.474052427204637183e+01
1.950814000000000048e+00	6.757076236539762704e+01
1.956757999999999997e+00	7.073763390743691559e+01
1.962703000000000086e+00	7.435383978166110808e+01
1.968652000000000069e+00	7.945973961999852975e+01
1.974604000000000026e+00	8.234959705650499018e+01
1.980558000000000041e+00	8.509932002543189355e+01
1.986512000000000056e+00	8.533099835624999230e+01
1.992466000000000070e+00	8.255809514424892370e+01
1.998418000000000028e+00	7.714484457362571845e+01
2.004370000000000207e+00	7.164552341972739669e+01
2.010321999999999942e+00	6.388847220530333004e+01
2.016272999999999982e+00	5.698824610683360703e+01
2.022224000000000022e+00	5.262906443778784649e+01
2.028176000000000201e+00	4.933769027973654175e+01
2.034127999999999936e+00	4.830743927772093116e+01
2.040080000000000116e+00	4.733536678201729586e+01
2.046031999999999851e+00	4.642080279815954924e+01
2.051984000000000030e+00	4.575077533613667669e+01
2.057935000000000070e+00	4.559172455590142903e+01
2.063886999999999805e+00	4.506761680821262672e+01
2.069837999999999845e+00	4.305313350197148736e+01
2.075791000000000164e+00	4.392110907969932043e+01
2.081744000000000039e+00	4.251818733214741286e+01
2.087698000000000054e+00	4.262639228012189818e+01
2.093652000000000069e+00	4.227100097719384308e+01
2.099604999999999944e+00	4.149673716610720930e+01
2.105554999999999843e+00	4.050160223985691488e+01
2.111501000000000072e+00	3.901793251800723539e+01
2.117445000000000022e+00	3.817171845847772005e+01
2.123388999999999971e+00	3.499323720180189667e+01
2.129338000000000175e+00	3.303892135221722981e+01
2.135295999999999861e+00	3.122077035162539005e+01
2.141268000000000171e+00	3.044366468149873839e+01
2.147250999999999799e+00	2.949126639925913551e+01
2.153232000000000035e+00	2.979097210917282723e+01
2.159196000000000115e+00	3.101493339150584205e+01
2.165125000000000188e+00	3.109885594520639529e+01
2.171006000000000213e+00	3.114856541321604766e+01
2.176841000000000026e+00	3.165777104288950028e+01
2.182682999999999929e+00	3.195150807433048357e+01
2.188588999999999896e+00	3.137502577372967139e+01
2.194618000000000180e+00	3.177024773178186479e+01
2.200828000000000007e+00	3.244035322482356065e+01
2.207209999999999894e+00	3.360033376970796581e+01
2.213579000000000185e+00	3.533432817969814721e+01
2.219714999999999883e+00	3.686416443769686424e+01
2.225403000000000020e+00	3.881232510694188420e+01
2.230423000000000044e+00	3.927421155721860657e+01
2.234681000000000139e+00	3.885126031462425544e+01
2.238447999999999993e+00	3.727084562042318083e+01
2.242068000000000172e+00	3.594287337042371178e+01
2.245884000000000214e+00	3.395992810211710378e+01
2.250237999999999960e+00	3.218439265534073712e+01
2.255365999999999982e+00	3.153680596764758803e+01
2.261130000000000084e+00	2.939588894445302714e+01
2.267313000000000134e+00	2.970856753171235098e+01
2.273696000000000161e+00	2.943020311005699696e+01
2.280063999999999869e+00	2.882300596328306241e+01
2.286243999999999943e+00	2.872457671715510230e+01
2.292251999999999956e+00	3.016994333092477021e+01
2.298146000000000022e+00	2.927224035428476512e+01
2.303983000000000114e+00	2.963986373913447281e+01
2.309822000000000042e+00	2.955679598164896049e+01
2.315710999999999853e+00	3.142714846956702246e+01
2.321645999999999876e+00	3.268850165435665645e+01
2.327612999999999932e+00	3.274988408119283889e+01
2.333594999999999864e+00	3.370516586303370588e+01
2.339576999999999796e+00	3.425245548040970789e+01
2.345546999999999827e+00	3.486916488061235242e+01
2.351503999999999817e+00	3.496860671822285838e+01
2.357451999999999881e+00	3.443314939148666554e+01
2.363395999999999830e+00	3.430179143438643052e+01
2.369339000000000084e+00	3.391929071673341411e+01
2.375286000000000008e+00	3.337395727389805700e+01
2.381237000000000048e+00	3.182025674041074481e+01
2.387189999999999923e+00	3.040791035138585485e+01
2.393143999999999938e+00	2.987801906295812060e+01
2.399097999999999953e+00	2.956540065772324866e+01
2.405050999999999828e+00	2.885739132716184940e+01
2.411004000000000147e+00	2.934375263840397707e+01
2.416955999999999882e+00	2.983670290934859537e+01
2.422906999999999922e+00	3.039333392382291876e+01
2.428857999999999961e+00	3.113459343944458979e+01
2.434809000000000001e+00	3.104181460001926851e+01
2.440760000000000041e+00	3.123081492083096933e+01
2.446712000000000220e+00	3.177358230785182514e+01
2.452663999999999955e+00	3.219064072231997642e+01
2.458616999999999830e+00	3.217167286919428193e+01
2.464570999999999845e+00	3.279851488475631527e+01
2.470524999999999860e+00	3.277288325745332287e+01
2.476478000000000179e+00	3.389043791602555444e+01
2.482429999999999914e+00	3.477473966017740992e+01
2.488377999999999979e+00	3.560503833376295546e+01
2.494323000000000068e+00	3.529332314481050048e+01
2.500265999999999877e+00	3.503136693226507958e+01
2.506212000000000106e+00	3.426420698217318517e+01
2.512164999999999981e+00	3.332868160563083393e+01
2.518129000000000062e+00	3.281135207899281170e+01
2.524108000000000018e+00	3.197429938866389065e+01
2.530091999999999786e+00	3.155170815044929711e+01
2.536067000000000071e+00	3.012580281490480871e+01
2.542015999999999831e+00	3.042507588189754841e+01
2.547924000000000078e+00	2.866929349696530238e+01
2.553779000000000021e+00	2.866569418474432851e+01
2.559610000000000163e+00	2.767714860020765144e+01
2.565475000000000172e+00	2.704450008039449216e+01
2.571432000000000162e+00	2.742456250412015351e+01
2.577539999999999942e+00	2.874070272910594070e+01
2.583845999999999865e+00	3.168813328955381436e+01
2.590249000000000024e+00	3.523839354722145600e+01
2.596534000000000120e+00	4.115982295487637543e+01
2.602485000000000159e+00	4.568572256979386026e+01
2.607883000000000173e+00	4.760129579297058910e+01
2.612527000000000044e+00	4.817126965480911593e+01
2.616509000000000196e+00	4.652796154011488738e+01
2.620163999999999938e+00	4.344420389816818329e+01
2.623834000000000000e+00	3.875694298046624908e+01
2.627863000000000060e+00	3.403589479430448250e+01
2.632579999999999920e+00	3.070614403071275689e+01
2.638037000000000187e+00	2.743559528083866894e+01
2.644026000000000209e+00	2.533081103885999497e+01
2.650332000000000132e+00	2.360618936237277055e+01
2.656734000000000151e+00	2.299653969072222992e+01
2.663022999999999918e+00	2.197124336468909789e+01
2.669115000000000126e+00	2.218710099492387755e+01
2.675060999999999911e+00	2.245267588288143301e+01
2.680919999999999970e+00	2.443938773197542957e+01
2.686751000000000111e+00	2.647291778113196870e+01
2.692610999999999866e+00	2.994593673361127273e+01
2.698523999999999923e+00	3.605715809212941991e+01
2.704476000000000102e+00	4.018936731843038501e+01
2.710452000000000083e+00	4.389640174350563484e+01
2.716435999999999851e+00	4.633696984740674907e+01
2.722412999999999972e+00	4.665853180409398959e+01
2.728375999999999912e+00	4.392264210218530707e+01
2.734328000000000092e+00	4.029768735268307722e+01
2.740273999999999877e+00	3.395032513317192979e+01
2.746217000000000130e+00	2.728773508033497563e+01
2.752162000000000219e+00	2.262286313263800253e+01
2.758110999999999979e+00	1.754405000018369876e+01
2.764063000000000159e+00	1.398530437385412739e+01
2.770016000000000034e+00	1.260310432686357274e+01
2.775971000000000188e+00	1.019243861616364377e+01
2.781924000000000063e+00	9.373489202550606691e+00
2.787876999999999938e+00	8.744915901916915146e+00
2.793829000000000118e+00	8.714342452440156706e+00
2.799780999999999853e+00	1.036826201191210828e+01
2.805731999999999893e+00	1.367693016108197490e+01
2.811682999999999932e+00	1.729616107459890273e+01
2.817635000000000112e+00	2.502545241701100664e+01
2.823586999999999847e+00	3.214302860034925402e+01
2.829539000000000026e+00	3.803383091359483359e+01
2.835491000000000206e+00	4.232919998865371269e+01
2.841442999999999941e+00	4.373022698903479011e+01
2.847395000000000120e+00	4.005351621177708665e+01
2.853346999999999856e+00	3.523522401295710438e+01
2.859299000000000035e+00	2.913457512520584203e+01
2.865251000000000214e+00	2.059147282087136333e+01
2.871201999999999810e+00	1.523458161398412614e+01
2.877153999999999989e+00	9.440912443553429512e+00
2.883106000000000169e+00	8.065372868367179038e+00
2.889057999999999904e+00	6.178355839875927735e+00
2.895010000000000083e+00	4.816440356277268187e+00
2.900961999999999819e+00	4.818144864149053852e+00
2.906913999999999998e+00	3.671153853814799639e+00
2.912866000000000177e+00	4.238026369074859190e+00
2.918817999999999913e+00	4.787196169708432869e+00
2.924770000000000092e+00	6.150475548322125618e+00
2.930721000000000132e+00	9.832370160458648201e+00
2.936672999999999867e+00	1.383621914439686051e+01
2.942625000000000046e+00	1.967925566689100592e+01
2.948576999999999781e+00	2.601342713729433953e+01
2.954528999999999961e+00	3.030761936413591329e+01
2.960481000000000140e+00	3.518479382758497565e+01
2.966432999999999875e+00	3.742059908697761017e+01
2.972385000000000055e+00	3.783875369833143765e+01
2.978336999999999790e+00	3.712962158459181694e+01
2.984288999999999970e+00	3.656475993160855609e+01
2.990240000000000009e+00	3.432488773497172474e+01
2.996192000000000188e+00	3.198703973676870405e+01
3.002143999999999924e+00	2.904340180409421990e+01
3.008096000000000103e+00	2.655981516047538449e+01
3.014047999999999838e+00	2.284165780612968888e+01
3.020000000000000018e+00	2.102876461603394276e+01
