1.199999999999999956e-01	4.940713325487654295e+00
1.249780000000000058e-01	3.631822027265918074e+00
1.305999999999999939e-01	3.736954534506010450e+00
1.367059999999999942e-01	3.049013905294290172e+00
1.431360000000000132e-01	2.962698567231710989e+00
1.497320000000000040e-01	2.835457286771651209e+00
1.563350000000000017e-01	2.399560850243643628e+00
1.627850000000000130e-01	2.132268134000816051e+00
1.689219999999999888e-01	1.759763082494211872e+00
1.745889999999999942e-01	2.230804970266468512e+00
1.796250000000000069e-01	2.092339688702786304e+00
1.839349999999999874e-01	2.013980780513812352e+00
1.877439999999999942e-01	2.080229228764386207e+00
1.913779999999999926e-01	2.052392689045771323e+00
1.951660000000000061e-01	2.349190433604941841e+00
1.994340000000000002e-01	2.201457825102141719e+00
2.044499999999999929e-01	2.610334198259852911e+00
2.101250000000000062e-01	2.087941134375623786e+00
2.162479999999999958e-01	2.312483816555799265e+00
2.226049999999999973e-01	2.265567695245092494e+00
2.289819999999999911e-01	2.209198077593848453e+00
2.351930000000000132e-01	2.353724982743963245e+00
2.412249999999999950e-01	2.156451589444492445e+00
2.471349999999999936e-01	2.528385568485608914e+00
2.529799999999999827e-01	2.367385889864409343e+00
2.588170000000000193e-01	2.504656907717637715e+00
2.646970000000000156e-01	2.737238920192071490e+00
2.706259999999999777e-01	2.790750100183494453e+00
2.765880000000000005e-01	2.854938711584457334e+00
2.825679999999999858e-01	3.422404020180284334e+00
2.885510000000000019e-01	2.955099404516925432e+00
2.945229999999999793e-01	3.055060155206410499e+00
3.004809999999999981e-01	3.191936289849330866e+00
3.064310000000000089e-01	2.815441661586798983e+00
3.123750000000000138e-01	2.456757802224998954e+00
3.183190000000000186e-01	2.751379179527607466e+00
3.242650000000000254e-01	2.266407274185464615e+00
3.302149999999999808e-01	1.917505806876693253e+00
3.361680000000000224e-01	2.067312318332910959e+00
3.421210000000000084e-01	2.101294112182007900e+00
3.480759999999999965e-01	2.208551688461397156e+00
3.540289999999999826e-01	2.042898546436768825e+00
3.599809999999999954e-01	2.313387281328302958e+00
3.659330000000000083e-01	2.815935023811228621e+00
3.718839999999999923e-01	2.484679350730836234e+00
3.778360000000000052e-01	3.061594861686239621e+00
3.837869999999999893e-01	3.085412204253177748e+00
3.897390000000000021e-01	2.961836788766115447e+00
3.956910000000000149e-01	2.505090012338968553e+00
4.016429999999999723e-01	2.610195093501262331e+00
4.075949999999999851e-01	2.764826139704926966e+00
4.135469999999999979e-01	2.729818220120709515e+00
4.194979999999999820e-01	3.011351845110708858e+00
4.254499999999999948e-01	2.631093564721477929e+00
4.314009999999999789e-01	2.781075587560890128e+00
4.373540000000000205e-01	2.853542299308010843e+00
4.433079999999999798e-01	2.709896849835104149e+00
4.492619999999999947e-01	3.014258555037744536e+00
4.552160000000000095e-01	2.769281540854420243e+00
4.611680000000000224e-01	2.796641907112515923e+00
4.671170000000000044e-01	2.748512268293640037e+00
4.730619999999999825e-01	2.693487400404628751e+00
4.790059999999999873e-01	2.875609196553551072e+00
4.849510000000000209e-01	2.964589164959376522e+00
4.909020000000000050e-01	2.987753510863525808e+00
4.968629999999999991e-01	2.846738387315999930e+00
5.028390000000000359e-01	2.835227267397912421e+00
5.088230000000000253e-01	3.050411907623101104e+00
5.148009999999999531e-01	3.337275749414539305e+00
5.207570000000000254e-01	2.877972723196037030e+00
5.266750000000000043e-01	3.036951523572882117e+00
5.325410000000000421e-01	3.397933299782181393e+00
5.383719999999999617e-01	2.738072023315716308e+00
5.442249999999999588e-01	3.216944750388127883e+00
5.501580000000000359e-01	2.760225614758962109e+00
5.562289999999999734e-01	2.815195439912209885e+00
5.624930000000000208e-01	3.251486853822901146e+00
5.688929999999999820e-01	2.911601242781567844e+00
5.752220000000000111e-01	3.002929826930181179e+00
5.812610000000000277e-01	2.975007197251658297e+00
5.867949999999999555e-01	3.350748481855511329e+00
5.916080000000000227e-01	2.797338929718444334e+00
5.957040000000000113e-01	3.299955481026718207e+00
5.993990000000000151e-01	3.396434490019763164e+00
6.030370000000000452e-01	3.771402994848470414e+00
6.069609999999999728e-01	3.683428048759069373e+00
6.115110000000000268e-01	3.769640809047613672e+00
6.168270000000000142e-01	3.334542039727921292e+00
6.227219999999999978e-01	3.585700681773100307e+00
6.289789999999999548e-01	3.648469027705710577e+00
6.353790000000000271e-01	3.602973994804985480e+00
6.417070000000000274e-01	3.632188053691118412e+00
6.478369999999999962e-01	3.733405071842232914e+00
6.538089999999999735e-01	4.258993475747912427e+00
6.596819999999999906e-01	4.541313905280012442e+00
6.655140000000000500e-01	4.293590974080762734e+00
6.713630000000000431e-01	4.727523118921913792e+00
6.772660000000000347e-01	4.751778970430177829e+00
6.832110000000000127e-01	4.829322836773472183e+00
6.891829999999999901e-01	4.759445633078139615e+00
6.951669999999999794e-01	4.934329770642170487e+00
7.011469999999999647e-01	5.233180593247240608e+00
7.071119999999999628e-01	4.694070432217295696e+00
7.130670000000000064e-01	4.670303320648842238e+00
7.190130000000000132e-01	5.111396468301606433e+00
7.249569999999999625e-01	4.913169458386780875e+00
7.309010000000000229e-01	4.521489587874074623e+00
7.368489999999999762e-01	4.962000174579474177e+00
7.428000000000000158e-01	4.817157908138611333e+00
7.487530000000000019e-01	4.873071587735190668e+00
7.547080000000000455e-01	4.948667978669782030e+00
7.606619999999999493e-01	4.839642542106809664e+00
7.666140000000000176e-01	4.766196213184518804e+00
7.725670000000000037e-01	5.332477462417354985e+00
7.785180000000000433e-01	5.376310767350117814e+00
7.844689999999999719e-01	5.240218236098647786e+00
7.904210000000000402e-01	5.718598655811893750e+00
7.963729999999999976e-01	5.793691397075850347e+00
8.023249999999999549e-01	5.948996275608017470e+00
8.082770000000000232e-01	6.173235530201522714e+00
8.142289999999999806e-01	6.028112477482165943e+00
8.201800000000000201e-01	5.846793206931034881e+00
8.261319999999999775e-01	5.832275806870600654e+00
8.320830000000000171e-01	5.858257313357484009e+00
8.380349999999999744e-01	5.977108169929105763e+00
8.439870000000000427e-01	5.660252050604500873e+00
8.499400000000000288e-01	5.909070215799634873e+00
8.558940000000000436e-01	5.676182028964858794e+00
8.618479999999999475e-01	6.223462477305091056e+00
8.678010000000000446e-01	5.660190135347370699e+00
8.737519999999999731e-01	6.307587232592736015e+00
8.797000000000000375e-01	6.306948223324053693e+00
8.856439999999999868e-01	5.930549010176206615e+00
8.915870000000000184e-01	5.986357508498350910e+00
8.975349999999999717e-01	6.194776265594235554e+00
9.034900000000000153e-01	6.245305811681682862e+00
9.094569999999999599e-01	6.267245377748277058e+00
9.154379999999999740e-01	6.818816025958071236e+00
9.214210000000000456e-01	6.883309443130493754e+00
9.273909999999999654e-01	6.815546360492264810e+00
9.333329999999999682e-01	7.314710773575239244e+00
9.392300000000000093e-01	7.363565514955163316e+00
9.450749999999999984e-01	6.863152077621230696e+00
9.509090000000000042e-01	7.032392833764662399e+00
9.567890000000000006e-01	6.893109780568542178e+00
9.627750000000000474e-01	6.965238944750268502e+00
9.689229999999999787e-01	6.944242714293924479e+00
9.752680000000000238e-01	7.115444562222725366e+00
9.816639999999999810e-01	7.237935764756374013e+00
9.878930000000000211e-01	6.995810153985070556e+00
9.937399999999999567e-01	7.491495541727071661e+00
9.989850000000000119e-01	7.698859074471080532e+00
1.003457999999999961e+00	7.659081518514126330e+00
1.007338000000000067e+00	8.068318809111369561e+00
1.010966000000000031e+00	8.139295543322756288e+00
1.014685999999999977e+00	7.965871411400224034e+00
1.018841000000000108e+00	8.265849049166924090e+00
1.023735000000000062e+00	8.409160481396975584e+00
1.029328999999999938e+00	8.359986242345753382e+00
1.035408000000000106e+00	8.534339249596916588e+00
1.041754000000000069e+00	8.266288612601279340e+00
1.048148999999999997e+00	8.461804005836484066e+00
1.054391999999999996e+00	8.364866730934295447e+00
1.060446000000000000e+00	8.589695657228638481e+00
1.066368999999999900e+00	8.330636765845808256e+00
1.072216999999999976e+00	8.571667078620208713e+00
1.078049000000000035e+00	8.930381072309458546e+00
1.083920999999999912e+00	9.154528565762399595e+00
1.089842999999999895e+00	9.212092518053861312e+00
1.095801999999999943e+00	9.229962237901803590e+00
1.101780999999999899e+00	9.458705063383741063e+00
1.107765000000000111e+00	9.419642805817220577e+00
1.113739999999999952e+00	9.785013695820561352e+00
1.119699999999999918e+00	9.847836694058281992e+00
1.125650000000000039e+00	1.008386634205072951e+01
1.131594999999999906e+00	9.913730206040661130e+00
1.137537999999999938e+00	1.038891955394371003e+01
1.143483999999999945e+00	1.050172180467187921e+01
1.149432999999999927e+00	9.893982277175759066e+00
1.155386000000000024e+00	1.070815357781822463e+01
1.161338999999999899e+00	1.013131857537342029e+01
1.167294000000000054e+00	1.073517891374543076e+01
1.173246999999999929e+00	1.072890098264179848e+01
1.179200000000000026e+00	1.109101435518263301e+01
1.185151999999999983e+00	1.120010326169775894e+01
1.191103000000000023e+00	1.147858088733612902e+01
1.197054000000000062e+00	1.142859483604047988e+01
1.203006000000000020e+00	1.093373613144877865e+01
1.208957999999999977e+00	1.125311457103603274e+01
1.214909999999999934e+00	1.187165146702376539e+01
1.220861999999999892e+00	1.099956404389129361e+01
1.226814000000000071e+00	1.118357909512359427e+01
1.232765000000000111e+00	1.121899782115308675e+01
1.238717000000000068e+00	1.173005261154214196e+01
1.244668000000000108e+00	1.173631937454566199e+01
1.250620000000000065e+00	1.205308974179144421e+01
1.256572000000000022e+00	1.256645068174569246e+01
1.262526000000000037e+00	1.233624432329146536e+01
1.268480000000000052e+00	1.268158918299297255e+01
1.274434000000000067e+00	1.303817090101253662e+01
1.280386000000000024e+00	1.318698355979373815e+01
1.286335999999999924e+00	1.379498596855297876e+01
1.292281999999999931e+00	1.412118186849178336e+01
1.298224999999999962e+00	1.399767275253048915e+01
1.304170000000000051e+00	1.413096896922188783e+01
1.310119999999999951e+00	1.470990526308841062e+01
1.316079999999999917e+00	1.416052841711201360e+01
1.322052999999999923e+00	1.444335301785100789e+01
1.328036999999999912e+00	1.419768627709171760e+01
1.334017000000000008e+00	1.459617152470592494e+01
1.339976000000000056e+00	1.426433398569829158e+01
1.345900000000000096e+00	1.521997010233278225e+01
1.351774000000000031e+00	1.489396322175310061e+01
1.357607000000000008e+00	1.576963655664026831e+01
1.363453000000000026e+00	1.617763216347160693e+01
1.369372000000000034e+00	1.657419742933938878e+01
1.375421999999999922e+00	1.716753797210477472e+01
1.381658999999999970e+00	1.750781102327690064e+01
1.388052000000000064e+00	1.807439947454852813e+01
1.394403000000000059e+00	1.899866804712505086e+01
1.400492999999999988e+00	1.918344681666183860e+01
1.406104999999999938e+00	1.981416007265698909e+01
1.411021999999999998e+00	2.075687601223831535e+01
1.415195999999999898e+00	2.132378167486739429e+01
1.418924000000000074e+00	2.110518796134930497e+01
1.422549999999999981e+00	2.212786732117202959e+01
1.426417000000000046e+00	2.213749793667312460e+01
1.430868000000000029e+00	2.246076429028390109e+01
1.436091000000000006e+00	2.272860309274507529e+01
1.441923000000000066e+00	2.303180340740294696e+01
1.448144000000000098e+00	2.296785998868191569e+01
1.454538000000000109e+00	2.351410074116935789e+01
1.460887000000000047e+00	2.345717099945610684e+01
1.467041999999999957e+00	2.322767019082327877e+01
1.473030999999999979e+00	2.349773900448015596e+01
1.478914000000000062e+00	2.439626563885331478e+01
1.484749000000000096e+00	2.467490037961308147e+01
1.490591999999999917e+00	2.535941080141135728e+01
1.496488000000000040e+00	2.560045855494318801e+01
1.502428000000000097e+00	2.596312903689809914e+01
1.508397999999999906e+00	2.677925095543018585e+01
1.514380999999999977e+00	2.735671452546397830e+01
1.520361999999999991e+00	2.750925296312736634e+01
1.526329999999999965e+00	2.773552705531439955e+01
1.532284999999999897e+00	2.803384529373308709e+01
1.538232999999999961e+00	2.770405171305048597e+01
1.544175999999999993e+00	2.769047761192915402e+01
1.550119999999999942e+00	2.750703598845088749e+01
1.556068000000000007e+00	2.690646024055217822e+01
1.562019000000000046e+00	2.684494778633048995e+01
1.567971999999999921e+00	2.663645771628253911e+01
1.573925999999999936e+00	2.631614291675600370e+01
1.579879999999999951e+00	2.623249681393747323e+01
1.585833000000000048e+00	2.622048335958439935e+01
1.591785000000000005e+00	2.599832107659466018e+01
1.597736999999999963e+00	2.655690749961365071e+01
1.603688000000000002e+00	2.711921902267910767e+01
1.609639000000000042e+00	2.795657855322825469e+01
1.615590999999999999e+00	2.934261040234741813e+01
1.621542999999999957e+00	3.022547441268464397e+01
1.627494999999999914e+00	3.110729818698299098e+01
1.633447000000000093e+00	3.260145101408388513e+01
1.639399000000000051e+00	3.359670121397114428e+01
1.645350000000000090e+00	3.511481973113926358e+01
1.651302000000000048e+00	3.587854954149430853e+01
1.657253000000000087e+00	3.718588544910930693e+01
1.663205000000000044e+00	3.865411499832584497e+01
1.669157999999999920e+00	3.909393523249574542e+01
1.675111999999999934e+00	3.949604030151562739e+01
1.681065999999999949e+00	3.970765503554497400e+01
1.687019000000000046e+00	4.004492324739248232e+01
1.692971000000000004e+00	3.944816482478349684e+01
1.698919000000000068e+00	4.018811302836389387e+01
1.704863000000000017e+00	4.000110454560109474e+01
1.710806999999999967e+00	4.054821975600862771e+01
1.716752999999999973e+00	4.076828084332154134e+01
1.722706999999999988e+00	4.192982987170353937e+01
1.728671999999999986e+00	4.238526838894046023e+01
1.734652000000000083e+00	4.393588426427470495e+01
1.740636000000000072e+00	4.520991419897277552e+01
1.746609000000000078e+00	4.676193264445017661e+01
1.752555000000000085e+00	4.787391744625602996e+01
1.758458000000000077e+00	4.978803752661710291e+01
1.764308999999999905e+00	5.098080100670410530e+01
1.770140999999999964e+00	5.269157639283296390e+01
1.776011999999999924e+00	5.435532022411371855e+01
1.781979999999999897e+00	5.521167187720104863e+01
1.788105000000000055e+00	5.567316794597103069e+01
1.794426999999999994e+00	5.607261338366708969e+01
1.800829000000000013e+00	5.569071242621588169e+01
1.807091999999999921e+00	5.467453330665480848e+01
1.813002000000000002e+00	5.466327664820376953e+01
1.818338000000000010e+00	5.385394475550242532e+01
1.822912000000000088e+00	5.330712365210483483e+01
1.826850000000000085e+00	5.286680984237433734e+01
1.830492000000000008e+00	5.342516581808386178e+01
1.834179999999999922e+00	5.412597977196146815e+01
1.838259000000000087e+00	5.652651330400976093e+01
1.843048000000000020e+00	5.946802421630700053e+01
1.848562000000000038e+00	6.371849748601079000e+01
1.854589999999999961e+00	6.789301568695117339e+01
1.860913000000000039e+00	7.244882144048969508e+01
1.867313999999999918e+00	7.585766035627793258e+01
1.873583999999999916e+00	7.785474537416314433e+01
1.879660000000000108e+00	7.866607456298933698e+01
1.885596000000000050e+00	7.747691740195278953e+01
1.891450999999999993e+00	7.580103075099805210e+01
1.897281999999999913e+00	7.356403186338479827e+01
1.903146999999999922e+00	7.125694770234851205e+01
1.909062999999999954e+00	6.840568448327823603e+01
1.915018000000000109e+00	6.616514893467487468e+01
1.920995999999999926e+00	6.551834084130194924e+01
1.926979999999999915e+00	6.592733881004639329e+01
1.932955999999999896e+00	6.906946577140901411e+01
1.938917999999999919e+00	7.382659357764161712e+01
1.944868999999999959e+00	7.855525197112636704e+01
1.950814000000000048e+00	8.405588458723700285e+01
1.956757999999999997e+00	8.675903377513027692e+01
1.962703000000000086e+00	8.739629288090630155e+01
1.968652000000000069e+00	8.549075346751060067e+01
1.974604000000000026e+00	8.070523839499878704e+01
1.980558000000000041e+00	7.501552646222982901e+01
1.986512000000000056e+00	6.880824774675768651e+01
1.992466000000000070e+00	6.291259083206099945e+01
1.998418000000000028e+00	5.880861109720257929e+01
2.004370000000000207e+00	5.495287613658420867e+01
2.010321999999999942e+00	5.216438623391964313e+01
2.016272999999999982e+00	5.011120245468710266e+01
2.022224000000000022e+00	4.793599262212298129e+01
2.028176000000000201e+00	4.671696597703938636e+01
2.034127999999999936e+00	4.550235839167150687e+01
2.040080000000000116e+00	4.471523486210887199e+01
2.046031999999999851e+00	4.426665679527445008e+01
2.051984000000000030e+00	4.414745725665253673e+01
2.057935000000000070e+00	4.502665872242586431e+01
2.063886999999999805e+00	4.524021041177353908e+01
2.069837999999999845e+00	4.532797665683767008e+01
2.075791000000000164e+00	4.558734818636585828e+01
2.081744000000000039e+00	4.541451127727974324e+01
2.087698000000000054e+00	4.496572023851449984e+01
2.093652000000000069e+00	4.415096194886720582e+01
2.099604999999999944e+00	4.283017161760712099e+01
2.105554999999999843e+00	4.163522709510537823e+01
2.111501000000000072e+00	3.959586699893807804e+01
2.117445000000000022e+00	3.876765974022040240e+01
2.123388999999999971e+00	3.729499350357581022e+01
2.129338000000000175e+00	3.574996682153982874e+01
2.135295999999999861e+00	3.450337480466843232e+01
2.141268000000000171e+00	3.345596434025206634e+01
2.147250999999999799e+00	3.282984425778981574e+01
2.153232000000000035e+00	3.180930554559038370e+01
2.159196000000000115e+00	3.136130715430546090e+01
2.165125000000000188e+00	3.116906352872342367e+01
2.171006000000000213e+00	3.096154868357464451e+01
2.176841000000000026e+00	3.121015168796828476e+01
2.182682999999999929e+00	3.080197566604486781e+01
2.188588999999999896e+00	3.153078218323675230e+01
2.194618000000000180e+00	3.182503750788027830e+01
2.200828000000000007e+00	3.231405562612803095e+01
2.207209999999999894e+00	3.328867578683443185e+01
2.213579000000000185e+00	3.380484068881603577e+01
2.219714999999999883e+00	3.395520466171991814e+01
2.225403000000000020e+00	3.514719046930871116e+01
2.230423000000000044e+00	3.502806686180619522e+01
2.234681000000000139e+00	3.507088558241345311e+01
2.238447999999999993e+00	3.425784889525778709e+01
2.242068000000000172e+00	3.396122765859386305e+01
2.245884000000000214e+00	3.326529216041723913e+01
2.250237999999999960e+00	3.233703119953143812e+01
2.255365999999999982e+00	3.212295795222807726e+01
2.261130000000000084e+00	3.113850518563711844e+01
2.267313000000000134e+00	3.060356117662191622e+01
2.273696000000000161e+00	3.012935951206608820e+01
2.280063999999999869e+00	2.976621135094989157e+01
2.286243999999999943e+00	2.941898373381321719e+01
2.292251999999999956e+00	2.958158537067387073e+01
2.298146000000000022e+00	2.946921787706014229e+01
2.303983000000000114e+00	3.028818622170090080e+01
2.309822000000000042e+00	3.015590175412098972e+01
2.315710999999999853e+00	3.124189700033140227e+01
2.321645999999999876e+00	3.219498130302041972e+01
2.327612999999999932e+00	3.336538379620775885e+01
2.333594999999999864e+00	3.379158958268612167e+01
2.339576999999999796e+00	3.519767372407029171e+01
2.345546999999999827e+00	3.538063288516942606e+01
2.351503999999999817e+00	3.566310531903798875e+01
2.357451999999999881e+00	3.552606893516377085e+01
2.363395999999999830e+00	3.534603009532673923e+01
2.369339000000000084e+00	3.440331925131401647e+01
2.375286000000000008e+00	3.355129650144140641e+01
2.381237000000000048e+00	3.298630567342603825e+01
2.387189999999999923e+00	3.175384107542967271e+01
2.393143999999999938e+00	3.062889475973252473e+01
2.399097999999999953e+00	3.002148058543395948e+01
2.405050999999999828e+00	2.905384765763957233e+01
2.411004000000000147e+00	2.858455514404933240e+01
2.416955999999999882e+00	2.874704441377219055e+01
2.422906999999999922e+00	2.849443170364188305e+01
2.428857999999999961e+00	2.873578265352512418e+01
2.434809000000000001e+00	2.932027222148638401e+01
2.440760000000000041e+00	3.018412367681250430e+01
2.446712000000000220e+00	3.095802781037631490e+01
2.452663999999999955e+00	3.258586583168063555e+01
2.458616999999999830e+00	3.432583546803894592e+01
2.464570999999999845e+00	3.626741168732874598e+01
2.470524999999999860e+00	3.806953996062532042e+01
2.476478000000000179e+00	3.984919567905296134e+01
2.482429999999999914e+00	4.132561972575616238e+01
2.488377999999999979e+00	4.183853257074223109e+01
2.494323000000000068e+00	4.162751779138545061e+01
2.500265999999999877e+00	4.097077932073575823e+01
2.506212000000000106e+00	3.955133106531096132e+01
2.512164999999999981e+00	3.766581641419221427e+01
2.518129000000000062e+00	3.561338472619883078e+01
2.524108000000000018e+00	3.413935152178139987e+01
2.530091999999999786e+00	3.232234026418407069e+01
2.536067000000000071e+00	3.077648318740445532e+01
2.542015999999999831e+00	2.974302644424907882e+01
2.547924000000000078e+00	2.879536843543176516e+01
2.553779000000000021e+00	2.805939653272902490e+01
2.559610000000000163e+00	2.785889665917168401e+01
2.565475000000000172e+00	2.777520204497458067e+01
2.571432000000000162e+00	2.891669247638170859e+01
2.577539999999999942e+00	3.046924885976907760e+01
2.583845999999999865e+00	3.362595838347648680e+01
2.590249000000000024e+00	3.719462036354531165e+01
2.596534000000000120e+00	4.128220735383862205e+01
2.602485000000000159e+00	4.431888553572392908e+01
2.607883000000000173e+00	4.678844548843722606e+01
2.612527000000000044e+00	4.750586811632170026e+01
2.616509000000000196e+00	4.604707772427259727e+01
2.620163999999999938e+00	4.397251132122172379e+01
2.623834000000000000e+00	4.032678510277674633e+01
2.627863000000000060e+00	3.687455032791559262e+01
2.632579999999999920e+00	3.248931987414478328e+01
2.638037000000000187e+00	2.920602447129851953e+01
2.644026000000000209e+00	2.575812967970759004e+01
2.650332000000000132e+00	2.279980627347180899e+01
2.656734000000000151e+00	2.001068947267375009e+01
2.663022999999999918e+00	1.763733802927484362e+01
2.669115000000000126e+00	1.596260694760523968e+01
2.675060999999999911e+00	1.497401246160960042e+01
2.680919999999999970e+00	1.496686455837367191e+01
2.686751000000000111e+00	1.590336136911496645e+01
2.692610999999999866e+00	1.868207062148912811e+01
2.698523999999999923e+00	2.314145474909073386e+01
2.704476000000000102e+00	2.730327936271400802e+01
2.710452000000000083e+00	3.106784778185764040e+01
2.716435999999999851e+00	3.468414319769022569e+01
2.722412999999999972e+00	3.532982656986358450e+01
2.728375999999999912e+00	3.335600964836209670e+01
2.734328000000000092e+00	3.034197328015945772e+01
2.740273999999999877e+00	2.572871741293740655e+01
2.746217000000000130e+00	2.147577484906967271e+01
2.752162000000000219e+00	1.720471517782706172e+01
2.758110999999999979e+00	1.380400321760915716e+01
2.764063000000000159e+00	1.158273461524896319e+01
2.770016000000000034e+00	1.017173304465812400e+01
2.775971000000000188e+00	9.190216662486996313e+00
2.781924000000000063e+00	8.468905356478478197e+00
2.787876999999999938e+00	8.011989458409214393e+00
2.793829000000000118e+00	8.814174871338286366e+00
2.799780999999999853e+00	1.015693773062809591e+01
2.805731999999999893e+00	1.206820384431198079e+01
2.811682999999999932e+00	1.558882479269806076e+01
2.817635000000000112e+00	2.014195598234124773e+01
2.823586999999999847e+00	2.454288673126177400e+01
2.829539000000000026e+00	2.871458750622797140e+01
2.835491000000000206e+00	3.188675633762841244e+01
2.841442999999999941e+00	3.244659107046641111e+01
2.847395000000000120e+00	3.081434118135430467e+01
2.853346999999999856e+00	2.704177077260334272e+01
2.859299000000000035e+00	2.265349586375998214e+01
2.865251000000000214e+00	1.771977913166406537e+01
2.871201999999999810e+00	1.329644688776899386e+01
2.877153999999999989e+00	9.727090468014953473e+00
2.883106000000000169e+00	7.373016438277347540e+00
2.889057999999999904e+00	5.737342965511692761e+00
2.895010000000000083e+00	4.037624816586347087e+00
2.900961999999999819e+00	3.099831495543088344e+00
2.906913999999999998e+00	2.426795670137706029e+00
2.912866000000000177e+00	2.183555014134369365e+00
2.918817999999999913e+00	2.792425195968696539e+00
2.924770000000000092e+00	5.110273290544262714e+00
2.930721000000000132e+00	8.926134926153171278e+00
2.936672999999999867e+00	1.365515418622408284e+01
2.942625000000000046e+00	2.030687559422910127e+01
2.948576999999999781e+00	2.644700180754284702e+01
2.954528999999999961e+00	3.158690541500944349e+01
2.960481000000000140e+00	3.492005350367355732e+01
2.966432999999999875e+00	3.531718965258809106e+01
2.972385000000000055e+00	3.294392735438810860e+01
2.978336999999999790e+00	2.955937969878506522e+01
2.984288999999999970e+00	2.490310758843899919e+01
2.990240000000000009e+00	1.938759119809039433e+01
2.996192000000000188e+00	1.459055052643067185e+01
3.002143999999999924e+00	1.006647753248436317e+01
3.008096000000000103e+00	7.871390715769927660e+00
3.014047999999999838e+00	6.895514967807995887e+00
3.020000000000000018e+00	9.288421221425160468e+00
