1.199999999999999956e-01	4.395325673208041906e+00
1.249780000000000058e-01	3.979286162583913988e+00
1.305999999999999939e-01	4.335060318709524907e+00
1.367059999999999942e-01	3.798477921090820608e+00
1.431360000000000132e-01	3.294039214892495071e+00
1.497320000000000040e-01	3.984834538397862058e+00
1.563350000000000017e-01	3.314698468151685340e+00
1.627850000000000130e-01	3.024413481362828726e+00
1.689219999999999888e-01	2.703147282847446320e+00
1.745889999999999942e-01	2.296768710691656779e+00
1.796250000000000069e-01	2.642191954935706022e+00
1.839349999999999874e-01	1.613680460534374639e+00
1.877439999999999942e-01	1.882385784641479320e+00
1.913779999999999926e-01	1.704059007544003634e+00
1.951660000000000061e-01	1.568453226898844477e+00
1.994340000000000002e-01	8.720051038142192512e-01
2.044499999999999929e-01	1.687675051441198892e+00
2.101250000000000062e-01	2.626429420512096158e+00
2.162479999999999958e-01	1.862889993348995965e+00
2.226049999999999973e-01	2.416757860497936505e+00
2.289819999999999911e-01	3.198109964127958893e+00
2.351930000000000132e-01	2.718223341828115647e+00
2.412249999999999950e-01	3.534387377507002714e+00
2.471349999999999936e-01	3.317377350956959070e+00
2.529799999999999827e-01	4.069807299400409306e+00
2.588170000000000193e-01	3.470315378840534315e+00
2.646970000000000156e-01	3.773982083146356636e+00
2.706259999999999777e-01	4.268482897394126674e+00
2.765880000000000005e-01	3.545150781828303010e+00
2.825679999999999858e-01	2.842439885604506777e+00
2.885510000000000019e-01	3.284449277242676768e+00
2.945229999999999793e-01	3.212449922220053100e+00
3.004809999999999981e-01	3.233359037021847016e+00
3.064310000000000089e-01	3.630999995934179658e+00
3.123750000000000138e-01	2.761342079660436433e+00
3.183190000000000186e-01	3.954123073654069564e+00
3.242650000000000254e-01	3.906956985185261466e+00
3.302149999999999808e-01	4.037386734637090413e+00
3.361680000000000224e-01	3.254316094864237119e+00
3.421210000000000084e-01	3.723836601203712071e+00
3.480759999999999965e-01	4.507186666731390901e+00
3.540289999999999826e-01	4.160910474795556091e+00
3.599809999999999954e-01	4.144381921293983417e+00
3.659330000000000083e-01	3.827349027369087775e+00
3.718839999999999923e-01	3.376782710667185494e+00
3.778360000000000052e-01	2.585492496728145184e+00
3.837869999999999893e-01	1.771736848169231937e+00
3.897390000000000021e-01	2.460198670724746517e+00
3.956910000000000149e-01	2.901560175394308327e+00
4.016429999999999723e-01	2.414875179072967448e+00
4.075949999999999851e-01	3.001203304977753561e+00
4.135469999999999979e-01	2.536717724835152676e+00
4.194979999999999820e-01	2.751036007936838335e+00
4.254499999999999948e-01	2.835041370564490126e+00
4.314009999999999789e-01	3.189692607913372502e+00
4.373540000000000205e-01	2.874143866950958248e+00
4.433079999999999798e-01	3.440862228169281778e+00
4.492619999999999947e-01	3.731645413605892525e+00
4.552160000000000095e-01	4.072792379866795542e+00
4.611680000000000224e-01	5.037807074908894123e+00
4.671170000000000044e-01	3.716369598789170503e+00
4.730619999999999825e-01	4.288338055063019461e+00
4.790059999999999873e-01	3.763666019841208854e+00
4.849510000000000209e-01	4.127912670105711612e+00
4.909020000000000050e-01	3.429321874498261202e+00
4.968629999999999991e-01	3.720807792034568351e+00
5.028390000000000359e-01	3.568246282306244410e+00
5.088230000000000253e-01	4.171957025460282686e+00
5.148009999999999531e-01	3.655254135944542959e+00
5.207570000000000254e-01	4.217576501955678125e+00
5.266750000000000043e-01	4.567449994276183922e+00
5.325410000000000421e-01	4.142894336535025701e+00
5.383719999999999617e-01	4.972257437808194958e+00
5.442249999999999588e-01	4.342688667335817598e+00
5.501580000000000359e-01	4.056222065163977319e+00
5.562289999999999734e-01	3.607987378889238261e+00
5.624930000000000208e-01	3.379795993254388620e+00
5.688929999999999820e-01	4.322418826931274438e+00
5.752220000000000111e-01	4.076650125498139765e+00
5.812610000000000277e-01	4.149255570445079755e+00
5.867949999999999555e-01	3.777579777009209216e+00
5.916080000000000227e-01	3.593724097892108116e+00
5.957040000000000113e-01	4.273662395909731515e+00
5.993990000000000151e-01	3.949750821539959933e+00
6.030370000000000452e-01	2.818196176095288941e+00
6.069609999999999728e-01	4.054458216721175567e+00
6.115110000000000268e-01	3.739512149158219056e+00
6.168270000000000142e-01	4.152386792834991347e+00
6.227219999999999978e-01	4.737866414000826865e+00
6.289789999999999548e-01	5.062311829656379381e+00
6.353790000000000271e-01	5.384201013677634151e+00
6.417070000000000274e-01	5.834072625995038841e+00
6.478369999999999962e-01	5.658846204720578754e+00
6.538089999999999735e-01	5.255038477918387407e+00
6.596819999999999906e-01	4.280187973758236453e+00
6.655140000000000500e-01	4.566134635013475496e+00
6.713630000000000431e-01	4.695382803711176223e+00
6.772660000000000347e-01	4.258227679044174430e+00
6.832110000000000127e-01	4.637284781420431656e+00
6.891829999999999901e-01	6.175913153773561426e+00
6.951669999999999794e-01	5.219858087092749344e+00
7.011469999999999647e-01	6.557142914729757521e+00
7.071119999999999628e-01	6.184004814002605599e+00
7.130670000000000064e-01	5.963993312704685579e+00
7.190130000000000132e-01	5.419175260006819705e+00
7.249569999999999625e-01	4.342164640442584655e+00
7.309010000000000229e-01	4.737462529531603295e+00
7.368489999999999762e-01	3.831129829508924445e+00
7.428000000000000158e-01	3.948486618787122371e+00
7.487530000000000019e-01	4.253164886855764770e+00
7.547080000000000455e-01	5.280002453239330151e+00
7.606619999999999493e-01	5.392227892762142538e+00
7.666140000000000176e-01	4.754833036346194142e+00
7.725670000000000037e-01	5.518651459738647347e+00
7.785180000000000433e-01	6.284197102417779845e+00
7.844689999999999719e-01	6.147786637042952584e+00
7.904210000000000402e-01	6.679556419121629673e+00
7.963729999999999976e-01	6.260666678733948665e+00
8.023249999999999549e-01	5.527413449831064973e+00
8.082770000000000232e-01	5.856118671913657536e+00
8.142289999999999806e-01	5.174214154489840567e+00
8.201800000000000201e-01	5.684444935637433360e+00
8.261319999999999775e-01	4.958530411810630589e+00
8.320830000000000171e-01	5.397229469889629705e+00
8.380349999999999744e-01	5.613546442084901500e+00
8.439870000000000427e-01	5.809826272075411246e+00
8.499400000000000288e-01	5.869388884262004780e+00
8.558940000000000436e-01	5.896122674084359971e+00
8.618479999999999475e-01	5.907081575926257599e+00
8.678010000000000446e-01	5.963350886260756489e+00
8.737519999999999731e-01	7.580192119192142641e+00
8.797000000000000375e-01	6.724004022275951620e+00
8.856439999999999868e-01	5.990718323783807975e+00
8.915870000000000184e-01	5.704622876014744826e+00
8.975349999999999717e-01	5.627142691676888298e+00
9.034900000000000153e-01	6.440883452312362145e+00
9.094569999999999599e-01	6.107901508778717847e+00
9.154379999999999740e-01	6.012718817535988691e+00
9.214210000000000456e-01	6.582981057894951249e+00
9.273909999999999654e-01	6.950077206160965027e+00
9.333329999999999682e-01	7.472785462697674852e+00
9.392300000000000093e-01	7.811483829682615898e+00
9.450749999999999984e-01	8.664872374166758817e+00
9.509090000000000042e-01	8.217054526508924539e+00
9.567890000000000006e-01	8.593685134437933471e+00
9.627750000000000474e-01	7.631362650837998807e+00
9.689229999999999787e-01	7.951765861836499028e+00
9.752680000000000238e-01	7.798880071086568222e+00
9.816639999999999810e-01	8.250280496496817051e+00
9.878930000000000211e-01	7.904544012546162790e+00
9.937399999999999567e-01	8.400500197004360459e+00
9.989850000000000119e-01	9.042766167341071082e+00
1.003457999999999961e+00	8.817089809031346093e+00
1.007338000000000067e+00	8.644945854204543423e+00
1.010966000000000031e+00	8.455200766283365255e+00
1.014685999999999977e+00	9.324020351307215293e+00
1.018841000000000108e+00	8.500495240974554889e+00
1.023735000000000062e+00	8.384475269882681658e+00
1.029328999999999938e+00	9.372641079704907341e+00
1.035408000000000106e+00	9.692878764509647027e+00
1.041754000000000069e+00	9.275347619269481925e+00
1.048148999999999997e+00	9.497172058208979806e+00
1.054391999999999996e+00	9.773046141785542318e+00
1.060446000000000000e+00	9.570968544922402899e+00
1.066368999999999900e+00	9.919209337384890190e+00
1.072216999999999976e+00	9.670633846139107703e+00
1.078049000000000035e+00	9.441621606082669871e+00
1.083920999999999912e+00	9.505566512102078036e+00
1.089842999999999895e+00	1.017951933396165387e+01
1.095801999999999943e+00	1.007371737804852785e+01
1.101780999999999899e+00	1.045994599769636935e+01
1.107765000000000111e+00	1.056959072512560383e+01
1.113739999999999952e+00	9.842574098974239405e+00
1.119699999999999918e+00	9.985210131785901666e+00
1.125650000000000039e+00	9.964520014552753935e+00
1.131594999999999906e+00	1.001889344968915196e+01
1.137537999999999938e+00	1.096532994801133754e+01
1.143483999999999945e+00	9.777613989557583096e+00
1.149432999999999927e+00	1.105085338837249864e+01
1.155386000000000024e+00	1.127510568052314888e+01
1.161338999999999899e+00	1.166334270873230849e+01
1.167294000000000054e+00	1.235444187526008442e+01
1.173246999999999929e+00	1.214869419050371135e+01
1.179200000000000026e+00	1.199971501516856165e+01
1.185151999999999983e+00	1.195641028789339089e+01
1.191103000000000023e+00	1.160329761512895530e+01
1.197054000000000062e+00	1.226015097434804346e+01
1.203006000000000020e+00	1.018367196251665874e+01
1.208957999999999977e+00	1.066044583274933011e+01
1.214909999999999934e+00	1.086736784964632641e+01
1.220861999999999892e+00	1.079893805771637183e+01
1.226814000000000071e+00	1.139413027467705675e+01
1.232765000000000111e+00	1.206145726789132766e+01
1.238717000000000068e+00	1.134968161764253658e+01
1.244668000000000108e+00	1.157641014686126013e+01
1.250620000000000065e+00	1.168342636834849557e+01
1.256572000000000022e+00	1.282911349101687293e+01
1.262526000000000037e+00	1.340142449386511636e+01
1.268480000000000052e+00	1.427339199773074085e+01
1.274434000000000067e+00	1.366756025459876689e+01
1.280386000000000024e+00	1.424541792780615168e+01
1.286335999999999924e+00	1.524329269587171609e+01
1.292281999999999931e+00	1.550573284684193709e+01
1.298224999999999962e+00	1.570442488913328560e+01
1.304170000000000051e+00	1.574008976970511142e+01
1.310119999999999951e+00	1.566446341312427037e+01
1.316079999999999917e+00	1.561845515130507778e+01
1.322052999999999923e+00	1.559065866959250002e+01
1.328036999999999912e+00	1.453609342804159255e+01
1.334017000000000008e+00	1.513862881334863175e+01
1.339976000000000056e+00	1.491806607913452964e+01
1.345900000000000096e+00	1.538506407770454310e+01
1.351774000000000031e+00	1.465447735972793097e+01
1.357607000000000008e+00	1.499473240620827674e+01
1.363453000000000026e+00	1.590745793395579000e+01
1.369372000000000034e+00	1.625255146897617209e+01
1.375421999999999922e+00	1.751367374770950391e+01
1.381658999999999970e+00	1.807464298188948604e+01
1.388052000000000064e+00	1.841455484028850265e+01
1.394403000000000059e+00	1.984230344040319594e+01
1.400492999999999988e+00	1.954305344965336033e+01
1.406104999999999938e+00	2.020441555529917110e+01
1.411021999999999998e+00	2.125035449461412540e+01
1.415195999999999898e+00	2.135082836977003495e+01
1.418924000000000074e+00	2.258351026329232880e+01
1.422549999999999981e+00	2.200187388218620299e+01
1.426417000000000046e+00	2.248275942227023805e+01
1.430868000000000029e+00	2.281256422906877646e+01
1.436091000000000006e+00	2.245572140969299113e+01
1.441923000000000066e+00	2.234844811338179937e+01
1.448144000000000098e+00	2.269673962580077031e+01
1.454538000000000109e+00	2.313981135477829554e+01
1.460887000000000047e+00	2.362756477366042063e+01
1.467041999999999957e+00	2.413181918326016273e+01
1.473030999999999979e+00	2.493349497994373465e+01
1.478914000000000062e+00	2.538318576806645055e+01
1.484749000000000096e+00	2.527063983327705543e+01
1.490591999999999917e+00	2.623975864732159380e+01
1.496488000000000040e+00	2.710666320409817587e+01
1.502428000000000097e+00	2.732052699852375355e+01
1.508397999999999906e+00	2.736219995688173867e+01
1.514380999999999977e+00	2.852971648239241631e+01
1.520361999999999991e+00	2.822010665073679192e+01
1.526329999999999965e+00	2.860188786881527534e+01
1.532284999999999897e+00	2.913259792668203474e+01
1.538232999999999961e+00	2.954506185539937846e+01
1.544175999999999993e+00	2.965020233380717940e+01
1.550119999999999942e+00	2.899191853217782722e+01
1.556068000000000007e+00	2.824380026143909106e+01
1.562019000000000046e+00	2.814823575245892329e+01
1.567971999999999921e+00	2.714509559237027858e+01
1.573925999999999936e+00	2.728670403978487613e+01
1.579879999999999951e+00	2.702081571963142181e+01
1.585833000000000048e+00	2.639028578224418453e+01
1.591785000000000005e+00	2.703616357775479173e+01
1.597736999999999963e+00	2.795834150699223031e+01
1.603688000000000002e+00	2.828378278689744363e+01
1.609639000000000042e+00	2.947793471709466928e+01
1.615590999999999999e+00	3.030582604294507476e+01
1.621542999999999957e+00	3.079531647872577338e+01
1.627494999999999914e+00	3.253837240072609660e+01
1.633447000000000093e+00	3.229773254026575557e+01
1.639399000000000051e+00	3.407646082500303208e+01
1.645350000000000090e+00	3.457876231029950986e+01
1.651302000000000048e+00	3.547775610740017527e+01
1.657253000000000087e+00	3.724956759068852818e+01
1.663205000000000044e+00	3.864327891669812942e+01
1.669157999999999920e+00	3.905772151283331795e+01
1.675111999999999934e+00	4.060000587083108314e+01
1.681065999999999949e+00	4.103505162222977276e+01
1.687019000000000046e+00	4.150551770536161200e+01
1.692971000000000004e+00	4.194193936806979650e+01
1.698919000000000068e+00	4.194468798813515065e+01
1.704863000000000017e+00	4.201850685769694849e+01
1.710806999999999967e+00	4.211382793986130935e+01
1.716752999999999973e+00	4.143617717416710633e+01
1.722706999999999988e+00	4.233249548894997361e+01
1.728671999999999986e+00	4.285999555295369845e+01
1.734652000000000083e+00	4.390690865492285155e+01
1.740636000000000072e+00	4.495024670106032261e+01
1.746609000000000078e+00	4.580917286437361469e+01
1.752555000000000085e+00	4.776898738947022593e+01
1.758458000000000077e+00	4.976249705918627342e+01
1.764308999999999905e+00	5.227619181756894307e+01
1.770140999999999964e+00	5.375904533380163741e+01
1.776011999999999924e+00	5.667619779586929951e+01
1.781979999999999897e+00	5.718562511029110595e+01
1.788105000000000055e+00	5.771677835016735969e+01
1.794426999999999994e+00	5.772866069004042799e+01
1.800829000000000013e+00	5.687107249963341360e+01
1.807091999999999921e+00	5.603150356673482690e+01
1.813002000000000002e+00	5.398130433114694426e+01
1.818338000000000010e+00	5.335984094067280381e+01
1.822912000000000088e+00	5.271252010919958764e+01
1.826850000000000085e+00	5.288449397308405509e+01
1.830492000000000008e+00	5.359936519287818868e+01
1.834179999999999922e+00	5.507866740094421232e+01
1.838259000000000087e+00	5.795663958604491484e+01
1.843048000000000020e+00	6.075334163378718699e+01
1.848562000000000038e+00	6.443620273847081137e+01
1.854589999999999961e+00	6.754510661319180542e+01
1.860913000000000039e+00	7.218180195562840140e+01
1.867313999999999918e+00	7.527000671333941284e+01
1.873583999999999916e+00	7.741601443813350159e+01
1.879660000000000108e+00	7.817355289160337861e+01
1.885596000000000050e+00	7.811927135688185331e+01
1.891450999999999993e+00	7.570309115147253465e+01
1.897281999999999913e+00	7.460892356598940012e+01
1.903146999999999922e+00	7.097386853589384259e+01
1.909062999999999954e+00	6.971254902937972986e+01
1.915018000000000109e+00	6.729664030914761952e+01
1.920995999999999926e+00	6.628122463452309887e+01
1.926979999999999915e+00	6.707928945166422352e+01
1.932955999999999896e+00	6.973886995336341954e+01
1.938917999999999919e+00	7.501710409395263923e+01
1.944868999999999959e+00	7.976281246404026604e+01
1.950814000000000048e+00	8.586299402072830844e+01
1.956757999999999997e+00	8.967251106043329401e+01
1.962703000000000086e+00	8.973501875545522921e+01
1.968652000000000069e+00	8.600553856263515229e+01
1.974604000000000026e+00	8.191375729800293470e+01
1.980558000000000041e+00	7.505931027336933425e+01
1.986512000000000056e+00	6.813633791323177036e+01
1.992466000000000070e+00	6.273746841315170286e+01
1.998418000000000028e+00	5.830896246557490770e+01
2.004370000000000207e+00	5.519338706992345323e+01
2.010321999999999942e+00	5.202702779793794008e+01
2.016272999999999982e+00	5.100962772808242107e+01
2.022224000000000022e+00	4.936533636923520163e+01
2.028176000000000201e+00	4.759757331494972021e+01
2.034127999999999936e+00	4.583490358760825956e+01
2.040080000000000116e+00	4.461446884590957040e+01
2.046031999999999851e+00	4.498548021092400973e+01
2.051984000000000030e+00	4.337321293007028800e+01
2.057935000000000070e+00	4.409025995914790030e+01
2.063886999999999805e+00	4.383797911068426600e+01
2.069837999999999845e+00	4.450142165929618443e+01
2.075791000000000164e+00	4.543004484502382212e+01
2.081744000000000039e+00	4.510329774963572902e+01
2.087698000000000054e+00	4.542266855589724628e+01
2.093652000000000069e+00	4.444096394075999257e+01
2.099604999999999944e+00	4.393350270915486533e+01
2.105554999999999843e+00	4.242726303236932495e+01
2.111501000000000072e+00	4.095969929752074279e+01
2.117445000000000022e+00	3.947323311635476273e+01
2.123388999999999971e+00	3.754253040355275317e+01
2.129338000000000175e+00	3.632758581493029482e+01
2.135295999999999861e+00	3.520605567515244871e+01
2.141268000000000171e+00	3.423794117710137641e+01
2.147250999999999799e+00	3.307863553776629573e+01
2.153232000000000035e+00	3.246109312887829645e+01
2.159196000000000115e+00	3.166190160744319471e+01
2.165125000000000188e+00	3.203515280415002309e+01
2.171006000000000213e+00	3.186053701431616503e+01
2.176841000000000026e+00	3.172945808496453424e+01
2.182682999999999929e+00	3.217116282882989964e+01
2.188588999999999896e+00	3.268163135439952782e+01
2.194618000000000180e+00	3.244314378447856484e+01
2.200828000000000007e+00	3.364241431005353888e+01
2.207209999999999894e+00	3.425240119499136426e+01
2.213579000000000185e+00	3.396883260489746448e+01
2.219714999999999883e+00	3.409756287239154915e+01
2.225403000000000020e+00	3.613063415370341147e+01
2.230423000000000044e+00	3.457940556023950052e+01
2.234681000000000139e+00	3.537187410101635976e+01
2.238447999999999993e+00	3.548084234087598077e+01
2.242068000000000172e+00	3.383176588469300583e+01
2.245884000000000214e+00	3.407493016352964332e+01
2.250237999999999960e+00	3.285306595551514164e+01
2.255365999999999982e+00	3.225645720912875447e+01
2.261130000000000084e+00	3.154957495682821644e+01
2.267313000000000134e+00	3.059200870822187568e+01
2.273696000000000161e+00	3.014862147248881641e+01
2.280063999999999869e+00	2.879498009455615559e+01
2.286243999999999943e+00	2.960901413174148189e+01
2.292251999999999956e+00	2.912467625425880868e+01
2.298146000000000022e+00	2.847489888390303392e+01
2.303983000000000114e+00	2.963195288922412374e+01
2.309822000000000042e+00	2.921771811779012751e+01
2.315710999999999853e+00	2.996962178152260847e+01
2.321645999999999876e+00	3.131591742522603994e+01
2.327612999999999932e+00	3.272820540696366720e+01
2.333594999999999864e+00	3.330267149005379679e+01
2.339576999999999796e+00	3.445764603932006764e+01
2.345546999999999827e+00	3.530963650543029786e+01
2.351503999999999817e+00	3.537079063272808810e+01
2.357451999999999881e+00	3.563593095739154393e+01
2.363395999999999830e+00	3.463896255437732918e+01
2.369339000000000084e+00	3.513850306410479618e+01
2.375286000000000008e+00	3.332755239592815855e+01
2.381237000000000048e+00	3.348383305886029149e+01
2.387189999999999923e+00	3.184230775153985959e+01
2.393143999999999938e+00	3.177183531981248166e+01
2.399097999999999953e+00	3.025953856893247007e+01
2.405050999999999828e+00	3.008521513833057170e+01
2.411004000000000147e+00	2.998082950985439865e+01
2.416955999999999882e+00	2.925329656687959101e+01
2.422906999999999922e+00	2.990811880085398045e+01
2.428857999999999961e+00	3.017051836815788946e+01
2.434809000000000001e+00	3.127138946887366444e+01
2.440760000000000041e+00	3.163911868041848408e+01
2.446712000000000220e+00	3.278561136995546832e+01
2.452663999999999955e+00	3.393959745008758233e+01
2.458616999999999830e+00	3.505867367286747083e+01
2.464570999999999845e+00	3.689126784373767265e+01
2.470524999999999860e+00	3.930500259875758928e+01
2.476478000000000179e+00	4.067149923945496681e+01
2.482429999999999914e+00	4.174545880541306531e+01
2.488377999999999979e+00	4.324982297810642251e+01
2.494323000000000068e+00	4.343653331057820566e+01
2.500265999999999877e+00	4.292060828646253867e+01
2.506212000000000106e+00	4.007064352091090598e+01
2.512164999999999981e+00	3.914402363187096512e+01
2.518129000000000062e+00	3.724303267515407612e+01
2.524108000000000018e+00	3.508672528900245169e+01
2.530091999999999786e+00	3.324319616106502906e+01
2.536067000000000071e+00	3.117369477090286622e+01
2.542015999999999831e+00	3.026841803222342975e+01
2.547924000000000078e+00	2.879880113942177644e+01
2.553779000000000021e+00	2.793666978221595087e+01
2.559610000000000163e+00	2.762575661284048323e+01
2.565475000000000172e+00	2.818781896854134317e+01
2.571432000000000162e+00	2.880170185156056917e+01
2.577539999999999942e+00	3.121335160000992559e+01
2.583845999999999865e+00	3.413176150275199916e+01
2.590249000000000024e+00	3.738969603361363170e+01
2.596534000000000120e+00	4.073505593793211688e+01
2.602485000000000159e+00	4.378471837368293507e+01
2.607883000000000173e+00	4.601080735911259012e+01
2.612527000000000044e+00	4.751835856414939485e+01
2.616509000000000196e+00	4.650041962122864447e+01
2.620163999999999938e+00	4.543391763671371564e+01
2.623834000000000000e+00	4.243749676680576499e+01
2.627863000000000060e+00	3.929789862222462915e+01
2.632579999999999920e+00	3.509437847234612917e+01
2.638037000000000187e+00	3.090859415383010145e+01
2.644026000000000209e+00	2.618111345130094492e+01
2.650332000000000132e+00	2.288897826993623852e+01
2.656734000000000151e+00	1.972931632604275620e+01
2.663022999999999918e+00	1.750529434514714922e+01
2.669115000000000126e+00	1.552922036385107951e+01
2.675060999999999911e+00	1.457870982929390635e+01
2.680919999999999970e+00	1.454601947752578184e+01
2.686751000000000111e+00	1.633564454548120182e+01
2.692610999999999866e+00	1.839316983813663242e+01
2.698523999999999923e+00	2.208456262283039351e+01
2.704476000000000102e+00	2.635192895367023880e+01
2.710452000000000083e+00	3.042284294006135781e+01
2.716435999999999851e+00	3.353675471822042198e+01
2.722412999999999972e+00	3.303402918069100025e+01
2.728375999999999912e+00	3.122583466092771687e+01
2.734328000000000092e+00	2.815914950413788631e+01
2.740273999999999877e+00	2.441584433023719924e+01
2.746217000000000130e+00	1.987289451984803179e+01
2.752162000000000219e+00	1.639634596026956004e+01
2.758110999999999979e+00	1.337244622288947227e+01
2.764063000000000159e+00	1.135909956543692090e+01
2.770016000000000034e+00	1.015216391530800522e+01
2.775971000000000188e+00	9.418548674937387233e+00
2.781924000000000063e+00	9.577009881112372724e+00
2.787876999999999938e+00	9.380720698026019377e+00
2.793829000000000118e+00	8.662014707055448071e+00
2.799780999999999853e+00	1.096934077258576679e+01
2.805731999999999893e+00	1.304406590137462096e+01
2.811682999999999932e+00	1.541009772184268378e+01
2.817635000000000112e+00	2.015797838473647019e+01
2.823586999999999847e+00	2.426850855653808026e+01
2.829539000000000026e+00	2.778820575084167999e+01
2.835491000000000206e+00	3.110269653045667937e+01
2.841442999999999941e+00	3.222310149415879721e+01
2.847395000000000120e+00	2.988688498025220142e+01
2.853346999999999856e+00	2.801041834141849307e+01
2.859299000000000035e+00	2.287970562392241547e+01
2.865251000000000214e+00	1.935366447583491123e+01
2.871201999999999810e+00	1.436096203152662198e+01
2.877153999999999989e+00	1.255829163449940999e+01
2.883106000000000169e+00	9.765219210903168801e+00
2.889057999999999904e+00	7.981514941441244737e+00
2.895010000000000083e+00	5.606760983380606689e+00
2.900961999999999819e+00	4.718300081850504313e+00
2.906913999999999998e+00	3.727697442445204956e+00
2.912866000000000177e+00	3.517284019264566908e+00
2.918817999999999913e+00	4.215815112617445237e+00
2.924770000000000092e+00	6.298904119264215673e+00
2.930721000000000132e+00	9.433869449693146336e+00
2.936672999999999867e+00	1.509042496968562830e+01
2.942625000000000046e+00	2.199222087882148458e+01
2.948576999999999781e+00	2.826952984821653914e+01
2.954528999999999961e+00	3.291301689703865208e+01
2.960481000000000140e+00	3.535463478287297789e+01
2.966432999999999875e+00	3.587531068557046865e+01
2.972385000000000055e+00	3.427894154899306756e+01
2.978336999999999790e+00	2.969676336901684977e+01
2.984288999999999970e+00	2.443652521391913979e+01
2.990240000000000009e+00	1.900320863852367381e+01
2.996192000000000188e+00	1.365197029780520488e+01
3.002143999999999924e+00	1.010197875754293406e+01
3.008096000000000103e+00	7.992774315317252132e+00
3.014047999999999838e+00	8.813253643287866979e+00
3.020000000000000018e+00	1.190469393893306638e+01
