1.199999999999999956e-01	5.275582286716013591e+00
1.249780000000000058e-01	4.153174941962292976e+00
1.305999999999999939e-01	3.702933234179282884e+00
1.367059999999999942e-01	2.600733801176384308e+00
1.431360000000000132e-01	2.840598336170722327e+00
1.497320000000000040e-01	2.366387804837533082e+00
1.563350000000000017e-01	2.468239455228776080e+00
1.627850000000000130e-01	2.134490986029385251e+00
1.689219999999999888e-01	3.039091123481826973e+00
1.745889999999999942e-01	3.693350502274477254e+00
1.796250000000000069e-01	3.849723574272841731e+00
1.839349999999999874e-01	3.243647970696508231e+00
1.877439999999999942e-01	4.561571204297417026e+00
1.913779999999999926e-01	4.094259405526165629e+00
1.951660000000000061e-01	4.327573491286297980e+00
1.994340000000000002e-01	3.700834977957788929e+00
2.044499999999999929e-01	3.772544181785692174e+00
2.101250000000000062e-01	3.456644608445901490e+00
2.162479999999999958e-01	2.905270310346882212e+00
2.226049999999999973e-01	3.110008780437093279e+00
2.289819999999999911e-01	3.373216058771209891e+00
2.351930000000000132e-01	2.484447807764250005e+00
2.412249999999999950e-01	2.117530669916090513e+00
2.471349999999999936e-01	2.620226860954064207e+00
2.529799999999999827e-01	3.013433862534938168e+00
2.588170000000000193e-01	3.031561981571547548e+00
2.646970000000000156e-01	4.162805377589888778e+00
2.706259999999999777e-01	4.094190645835204201e+00
2.765880000000000005e-01	5.092073713427909709e+00
2.825679999999999858e-01	4.811219143906637186e+00
2.885510000000000019e-01	5.311400369514795550e+00
2.945229999999999793e-01	5.291635489748534482e+00
3.004809999999999981e-01	5.839857244791060609e+00
3.064310000000000089e-01	5.250746586129724669e+00
3.123750000000000138e-01	4.418051688559078372e+00
3.183190000000000186e-01	4.782684621615377552e+00
3.242650000000000254e-01	3.443226510916813421e+00
3.302149999999999808e-01	3.305206476987718300e+00
3.361680000000000224e-01	2.238017759477100022e+00
3.421210000000000084e-01	2.339870618502467359e+00
3.480759999999999965e-01	2.463564859721857569e+00
3.540289999999999826e-01	2.189085851287957851e+00
3.599809999999999954e-01	2.869437630812116780e+00
3.659330000000000083e-01	3.861392409480914889e+00
3.718839999999999923e-01	3.895558773057895330e+00
3.778360000000000052e-01	5.243270782398145258e+00
3.837869999999999893e-01	5.148939215498242739e+00
3.897390000000000021e-01	4.940774747856451654e+00
3.956910000000000149e-01	4.550828639777921403e+00
4.016429999999999723e-01	3.843751160927355581e+00
4.075949999999999851e-01	2.896572186829961204e+00
4.135469999999999979e-01	2.910191040977626820e+00
4.194979999999999820e-01	2.105214852455748797e+00
4.254499999999999948e-01	2.062883866332319904e+00
4.314009999999999789e-01	1.855553089908842601e+00
4.373540000000000205e-01	2.040729309005113734e+00
4.433079999999999798e-01	1.779957387252584011e+00
4.492619999999999947e-01	2.474818659671266463e+00
4.552160000000000095e-01	2.606638316206931982e+00
4.611680000000000224e-01	2.583827119384692672e+00
4.671170000000000044e-01	3.669499505486899960e+00
4.730619999999999825e-01	3.819887333771214699e+00
4.790059999999999873e-01	3.300916795821375871e+00
4.849510000000000209e-01	3.303282995891006379e+00
4.909020000000000050e-01	2.900591328540699010e+00
4.968629999999999991e-01	3.235531657807465766e+00
5.028390000000000359e-01	4.073057877420811934e+00
5.088230000000000253e-01	4.022470450888229188e+00
5.148009999999999531e-01	5.011150667906529854e+00
5.207570000000000254e-01	5.409956057073274316e+00
5.266750000000000043e-01	5.908771257277726008e+00
5.325410000000000421e-01	6.120325884420036111e+00
5.383719999999999617e-01	6.311937273796475623e+00
5.442249999999999588e-01	5.601061944834913930e+00
5.501580000000000359e-01	5.803768215155693078e+00
5.562289999999999734e-01	5.236559909796282497e+00
5.624930000000000208e-01	5.239283151543934203e+00
5.688929999999999820e-01	5.141423238564675202e+00
5.752220000000000111e-01	4.261885380764256048e+00
5.812610000000000277e-01	3.772723929194991221e+00
5.867949999999999555e-01	4.298012394886475462e+00
5.916080000000000227e-01	4.615399332395175414e+00
5.957040000000000113e-01	4.618794002066815452e+00
5.993990000000000151e-01	4.225077327299698204e+00
6.030370000000000452e-01	3.486067077051752783e+00
6.069609999999999728e-01	3.239704881907649270e+00
6.115110000000000268e-01	4.369807861696978435e+00
6.168270000000000142e-01	4.235421779680071275e+00
6.227219999999999978e-01	4.403447770880590362e+00
6.289789999999999548e-01	5.021879851268002959e+00
6.353790000000000271e-01	4.835471674532012543e+00
6.417070000000000274e-01	6.201211382872402034e+00
6.478369999999999962e-01	5.930259114403435561e+00
6.538089999999999735e-01	5.654903814974816534e+00
6.596819999999999906e-01	5.684212681416032531e+00
6.655140000000000500e-01	5.978016284956462201e+00
6.713630000000000431e-01	4.986646936001672969e+00
6.772660000000000347e-01	6.070757519719709450e+00
6.832110000000000127e-01	4.875786507732458475e+00
6.891829999999999901e-01	5.631077732618229525e+00
6.951669999999999794e-01	5.593681381285361631e+00
7.011469999999999647e-01	5.046899929578046340e+00
7.071119999999999628e-01	5.851210293997584522e+00
7.130670000000000064e-01	4.977986244754100120e+00
7.190130000000000132e-01	6.228867028971471598e+00
7.249569999999999625e-01	6.116555365317700499e+00
7.309010000000000229e-01	6.139297904692805119e+00
7.368489999999999762e-01	5.183802608759950026e+00
7.428000000000000158e-01	5.843274490191722847e+00
7.487530000000000019e-01	5.248465324240606300e+00
7.547080000000000455e-01	5.426476148487373585e+00
7.606619999999999493e-01	5.985217382948014198e+00
7.666140000000000176e-01	5.672335792275761790e+00
7.725670000000000037e-01	5.948411477064014186e+00
7.785180000000000433e-01	5.423634032357913526e+00
7.844689999999999719e-01	5.405117045007991727e+00
7.904210000000000402e-01	6.527445679573193438e+00
7.963729999999999976e-01	6.708058426000869545e+00
8.023249999999999549e-01	6.191566468126719514e+00
8.082770000000000232e-01	6.274963179060809360e+00
8.142289999999999806e-01	6.066390521818114223e+00
8.201800000000000201e-01	5.684291168866173471e+00
8.261319999999999775e-01	6.279206977443735127e+00
8.320830000000000171e-01	5.686728962911925755e+00
8.380349999999999744e-01	6.881096097338905260e+00
8.439870000000000427e-01	6.727949568327936447e+00
8.499400000000000288e-01	7.220308048642388954e+00
8.558940000000000436e-01	6.297964718369338577e+00
8.618479999999999475e-01	6.862697105846869761e+00
8.678010000000000446e-01	5.472061110172816711e+00
8.737519999999999731e-01	6.083478078975079306e+00
8.797000000000000375e-01	5.751545064696398590e+00
8.856439999999999868e-01	6.001449147257488015e+00
8.915870000000000184e-01	7.813615716881519901e+00
8.975349999999999717e-01	7.604754687242293976e+00
9.034900000000000153e-01	8.233281059004816882e+00
9.094569999999999599e-01	8.720178234959266916e+00
9.154379999999999740e-01	9.352095008987701519e+00
9.214210000000000456e-01	9.307467458407753469e+00
9.273909999999999654e-01	9.417543398615055850e+00
9.333329999999999682e-01	8.046900376649020359e+00
9.392300000000000093e-01	7.603305426065550598e+00
9.450749999999999984e-01	7.602457647957487907e+00
9.509090000000000042e-01	7.028333010148191562e+00
9.567890000000000006e-01	6.918054396883964507e+00
9.627750000000000474e-01	7.273486699010305756e+00
9.689229999999999787e-01	7.048046241891680275e+00
9.752680000000000238e-01	7.941369179729879768e+00
9.816639999999999810e-01	8.754852739740316636e+00
9.878930000000000211e-01	9.243078619904405713e+00
9.937399999999999567e-01	9.870015614681332039e+00
9.989850000000000119e-01	9.924793083828442164e+00
1.003457999999999961e+00	1.014490722896018404e+01
1.007338000000000067e+00	1.030020190171003414e+01
1.010966000000000031e+00	1.011658650381316704e+01
1.014685999999999977e+00	9.838316585988792440e+00
1.018841000000000108e+00	9.413803580959145378e+00
1.023735000000000062e+00	9.656673988738001313e+00
1.029328999999999938e+00	1.045974437957755931e+01
1.035408000000000106e+00	1.009314105999536437e+01
1.041754000000000069e+00	1.176927645271050160e+01
1.048148999999999997e+00	1.089615736957277115e+01
1.054391999999999996e+00	1.163468922868909416e+01
1.060446000000000000e+00	1.037913828355613077e+01
1.066368999999999900e+00	9.440224770980456981e+00
1.072216999999999976e+00	9.170748330968768514e+00
1.078049000000000035e+00	9.687134784276331345e+00
1.083920999999999912e+00	8.915383889478022184e+00
1.089842999999999895e+00	9.207293257068725367e+00
1.095801999999999943e+00	9.387922295534760764e+00
1.101780999999999899e+00	9.196562920336099012e+00
1.107765000000000111e+00	1.049897334892570200e+01
1.113739999999999952e+00	1.022863943339968884e+01
1.119699999999999918e+00	1.057173731164429498e+01
1.125650000000000039e+00	1.059857501832510174e+01
1.131594999999999906e+00	1.075354713133248552e+01
1.137537999999999938e+00	1.035100272606571892e+01
1.143483999999999945e+00	1.058289601293492588e+01
1.149432999999999927e+00	1.031760586060267215e+01
1.155386000000000024e+00	9.981130417498341956e+00
1.161338999999999899e+00	1.067467564411278325e+01
1.167294000000000054e+00	1.130738859255253637e+01
1.173246999999999929e+00	1.138862268215560114e+01
1.179200000000000026e+00	1.126508882599383199e+01
1.185151999999999983e+00	1.191505869028517850e+01
1.191103000000000023e+00	1.245419729204558479e+01
1.197054000000000062e+00	1.303486930896140095e+01
1.203006000000000020e+00	1.294141526661501551e+01
1.208957999999999977e+00	1.312028304016973657e+01
1.214909999999999934e+00	1.224775178056369285e+01
1.220861999999999892e+00	1.224197098042803056e+01
1.226814000000000071e+00	1.212570040668911986e+01
1.232765000000000111e+00	1.111813025548227074e+01
1.238717000000000068e+00	1.122178459174423182e+01
1.244668000000000108e+00	1.214095082515588331e+01
1.250620000000000065e+00	1.354625343251414193e+01
1.256572000000000022e+00	1.278373451785964754e+01
1.262526000000000037e+00	1.393532594494397259e+01
1.268480000000000052e+00	1.340270009561912978e+01
1.274434000000000067e+00	1.311079805135512366e+01
1.280386000000000024e+00	1.353893411895220922e+01
1.286335999999999924e+00	1.433686709523004588e+01
1.292281999999999931e+00	1.426239033016843827e+01
1.298224999999999962e+00	1.495625810832929581e+01
1.304170000000000051e+00	1.596187586630393085e+01
1.310119999999999951e+00	1.621984684486391259e+01
1.316079999999999917e+00	1.697020277752925210e+01
1.322052999999999923e+00	1.701635101373716807e+01
1.328036999999999912e+00	1.733526153954713678e+01
1.334017000000000008e+00	1.566317676472713138e+01
1.339976000000000056e+00	1.578357060817673663e+01
1.345900000000000096e+00	1.577189728499263666e+01
1.351774000000000031e+00	1.640715962190013855e+01
1.357607000000000008e+00	1.566138488918281801e+01
1.363453000000000026e+00	1.605370915568671819e+01
1.369372000000000034e+00	1.555697862012738497e+01
1.375421999999999922e+00	1.806627809701477716e+01
1.381658999999999970e+00	1.796527083660502910e+01
1.388052000000000064e+00	1.771335129628427651e+01
1.394403000000000059e+00	1.838456928746657582e+01
1.400492999999999988e+00	1.798192659683297734e+01
1.406104999999999938e+00	1.846066101790780678e+01
1.411021999999999998e+00	1.932162346420263788e+01
1.415195999999999898e+00	2.033778221581371781e+01
1.418924000000000074e+00	2.159337060487675686e+01
1.422549999999999981e+00	2.228505944315504195e+01
1.426417000000000046e+00	2.287164188208016924e+01
1.430868000000000029e+00	2.260406603649146362e+01
1.436091000000000006e+00	2.354145664609625399e+01
1.441923000000000066e+00	2.370334791341493386e+01
1.448144000000000098e+00	2.383442733977801709e+01
1.454538000000000109e+00	2.347078825966926985e+01
1.460887000000000047e+00	2.371829545081795487e+01
1.467041999999999957e+00	2.405832624224749239e+01
1.473030999999999979e+00	2.529823213381873614e+01
1.478914000000000062e+00	2.488526130595591113e+01
1.484749000000000096e+00	2.565935778517337340e+01
1.490591999999999917e+00	2.549615228773495090e+01
1.496488000000000040e+00	2.687012291107791029e+01
1.502428000000000097e+00	2.774512661963921545e+01
1.508397999999999906e+00	2.802605185766188711e+01
1.514380999999999977e+00	2.719228277642161018e+01
1.520361999999999991e+00	2.851124295292547828e+01
1.526329999999999965e+00	2.874216594451108264e+01
1.532284999999999897e+00	2.960883261783453690e+01
1.538232999999999961e+00	2.883414848366781413e+01
1.544175999999999993e+00	2.896087423048034637e+01
1.550119999999999942e+00	2.938319459444736026e+01
1.556068000000000007e+00	2.894608199820594763e+01
1.562019000000000046e+00	2.996601567632053076e+01
1.567971999999999921e+00	2.974461041897665581e+01
1.573925999999999936e+00	2.973384373109653112e+01
1.579879999999999951e+00	2.998790814051757181e+01
1.585833000000000048e+00	2.906953961844829948e+01
1.591785000000000005e+00	2.885925953105765274e+01
1.597736999999999963e+00	2.921692087532861137e+01
1.603688000000000002e+00	2.853911330418778292e+01
1.609639000000000042e+00	2.835115573398027422e+01
1.615590999999999999e+00	3.038361742772335816e+01
1.621542999999999957e+00	3.070592301409176628e+01
1.627494999999999914e+00	3.196300018364742712e+01
1.633447000000000093e+00	3.456777245509983487e+01
1.639399000000000051e+00	3.476984800446194868e+01
1.645350000000000090e+00	3.588294223684606976e+01
1.651302000000000048e+00	3.679872578394338944e+01
1.657253000000000087e+00	3.815942168066363394e+01
1.663205000000000044e+00	3.879004025313798110e+01
1.669157999999999920e+00	3.908552231892761597e+01
1.675111999999999934e+00	3.976120298975333611e+01
1.681065999999999949e+00	4.104020385560065165e+01
1.687019000000000046e+00	4.186399747067656563e+01
1.692971000000000004e+00	4.235472445595451774e+01
1.698919000000000068e+00	4.290073154941187283e+01
1.704863000000000017e+00	4.243544742306046658e+01
1.710806999999999967e+00	4.279815232230633626e+01
1.716752999999999973e+00	4.316244801482648796e+01
1.722706999999999988e+00	4.288689539248954219e+01
1.728671999999999986e+00	4.312619190718610440e+01
1.734652000000000083e+00	4.457346863607271104e+01
1.740636000000000072e+00	4.702958464207152645e+01
1.746609000000000078e+00	4.911911157342788670e+01
1.752555000000000085e+00	5.060101490987956652e+01
1.758458000000000077e+00	5.299815135442338487e+01
1.764308999999999905e+00	5.466243866248101568e+01
1.770140999999999964e+00	5.515421116469554619e+01
1.776011999999999924e+00	5.457219764463729916e+01
1.781979999999999897e+00	5.587821864825581031e+01
1.788105000000000055e+00	5.602598042545707102e+01
1.794426999999999994e+00	5.528907700810462700e+01
1.800829000000000013e+00	5.564632815013335687e+01
1.807091999999999921e+00	5.592729578850494931e+01
1.813002000000000002e+00	5.647767540613470061e+01
1.818338000000000010e+00	5.635443755542292621e+01
1.822912000000000088e+00	5.615536471504893257e+01
1.826850000000000085e+00	5.605745030687498343e+01
1.830492000000000008e+00	5.555902611493572607e+01
1.834179999999999922e+00	5.607360599818596825e+01
1.838259000000000087e+00	5.748490517791807264e+01
1.843048000000000020e+00	6.024134438495392629e+01
1.848562000000000038e+00	6.467927085244102159e+01
1.854589999999999961e+00	6.955201243288779267e+01
1.860913000000000039e+00	7.373696613049992266e+01
1.867313999999999918e+00	7.627411063416347758e+01
1.873583999999999916e+00	7.892228008187595378e+01
1.879660000000000108e+00	7.924729022208920526e+01
1.885596000000000050e+00	7.826886628371929078e+01
1.891450999999999993e+00	7.667403947979840950e+01
1.897281999999999913e+00	7.426791335268420369e+01
1.903146999999999922e+00	7.229749201725753949e+01
1.909062999999999954e+00	6.919898010346520323e+01
1.915018000000000109e+00	6.741510371617195574e+01
1.920995999999999926e+00	6.654685174321689090e+01
1.926979999999999915e+00	6.753797234997620080e+01
1.932955999999999896e+00	7.060622101180118193e+01
1.938917999999999919e+00	7.551043516879734341e+01
1.944868999999999959e+00	8.022505421357844568e+01
1.950814000000000048e+00	8.584429491875442864e+01
1.956757999999999997e+00	8.938643130705170847e+01
1.962703000000000086e+00	8.958255041139990738e+01
1.968652000000000069e+00	8.732755961906593711e+01
1.974604000000000026e+00	8.242752993885143553e+01
1.980558000000000041e+00	7.631108323456092535e+01
1.986512000000000056e+00	6.941760282523912906e+01
1.992466000000000070e+00	6.403830880866578923e+01
1.998418000000000028e+00	5.984244344824317352e+01
2.004370000000000207e+00	5.615456370113037110e+01
2.010321999999999942e+00	5.295490693280805772e+01
2.016272999999999982e+00	5.077761913745434441e+01
2.022224000000000022e+00	4.853883867611980918e+01
2.028176000000000201e+00	4.751455626338263016e+01
2.034127999999999936e+00	4.555386813496127019e+01
2.040080000000000116e+00	4.306771022094728352e+01
2.046031999999999851e+00	4.308520429655129647e+01
2.051984000000000030e+00	4.259017411179515733e+01
2.057935000000000070e+00	4.342765977926489995e+01
2.063886999999999805e+00	4.361596056034096591e+01
2.069837999999999845e+00	4.468457536327656499e+01
2.075791000000000164e+00	4.504452121434863443e+01
2.081744000000000039e+00	4.554099584725207706e+01
2.087698000000000054e+00	4.583674422859977682e+01
2.093652000000000069e+00	4.539081422556970580e+01
2.099604999999999944e+00	4.395146823866791408e+01
2.105554999999999843e+00	4.283375085771014312e+01
2.111501000000000072e+00	4.072088070850968222e+01
2.117445000000000022e+00	3.948361990926024134e+01
2.123388999999999971e+00	3.746016780480429276e+01
2.129338000000000175e+00	3.540849164402132487e+01
2.135295999999999861e+00	3.488073737104480188e+01
2.141268000000000171e+00	3.348097335261765295e+01
2.147250999999999799e+00	3.332681053037774888e+01
2.153232000000000035e+00	3.192053355196161846e+01
2.159196000000000115e+00	3.206127258778084155e+01
2.165125000000000188e+00	3.254209809419167243e+01
2.171006000000000213e+00	3.279395297422389888e+01
2.176841000000000026e+00	3.245642136477258077e+01
2.182682999999999929e+00	3.304464272051037455e+01
2.188588999999999896e+00	3.303134444834174843e+01
2.194618000000000180e+00	3.401471820836943749e+01
2.200828000000000007e+00	3.457143866963249224e+01
2.207209999999999894e+00	3.530003241642815226e+01
2.213579000000000185e+00	3.471106691088484553e+01
2.219714999999999883e+00	3.653981185991266756e+01
2.225403000000000020e+00	3.641157713040731636e+01
2.230423000000000044e+00	3.689346360462710805e+01
2.234681000000000139e+00	3.676905938138933294e+01
2.238447999999999993e+00	3.614784523850450171e+01
2.242068000000000172e+00	3.581152121070628169e+01
2.245884000000000214e+00	3.542214661766681161e+01
2.250237999999999960e+00	3.440658435340958476e+01
2.255365999999999982e+00	3.386732650532447053e+01
2.261130000000000084e+00	3.178612874632107221e+01
2.267313000000000134e+00	3.056718253973662769e+01
2.273696000000000161e+00	2.994355710183219443e+01
2.280063999999999869e+00	2.950594095789040239e+01
2.286243999999999943e+00	2.943272713113815442e+01
2.292251999999999956e+00	2.910436660102535456e+01
2.298146000000000022e+00	3.070365163332765235e+01
2.303983000000000114e+00	3.149960165153087388e+01
2.309822000000000042e+00	3.332715562003846799e+01
2.315710999999999853e+00	3.304842045955023622e+01
2.321645999999999876e+00	3.468457328174437038e+01
2.327612999999999932e+00	3.547174683767873660e+01
2.333594999999999864e+00	3.610156209911847469e+01
2.339576999999999796e+00	3.552033632244386041e+01
2.345546999999999827e+00	3.656188183624297494e+01
2.351503999999999817e+00	3.629775581849342103e+01
2.357451999999999881e+00	3.615763962088936978e+01
2.363395999999999830e+00	3.578139470406092926e+01
2.369339000000000084e+00	3.545173633020687021e+01
2.375286000000000008e+00	3.401561903070923876e+01
2.381237000000000048e+00	3.295745404171797333e+01
2.387189999999999923e+00	3.122684556776844644e+01
2.393143999999999938e+00	3.000292829890789648e+01
2.399097999999999953e+00	2.971596918683638933e+01
2.405050999999999828e+00	2.948200655796271263e+01
2.411004000000000147e+00	2.937340964588394598e+01
2.416955999999999882e+00	2.877198153424859584e+01
2.422906999999999922e+00	2.906117150120281423e+01
2.428857999999999961e+00	2.989678639327733478e+01
2.434809000000000001e+00	3.046925214795066594e+01
2.440760000000000041e+00	3.133528035947770007e+01
2.446712000000000220e+00	3.254862877099477458e+01
2.452663999999999955e+00	3.361072461857692417e+01
2.458616999999999830e+00	3.450082091891314917e+01
2.464570999999999845e+00	3.763760804306004104e+01
2.470524999999999860e+00	3.880011213591784269e+01
2.476478000000000179e+00	3.954327908244037815e+01
2.482429999999999914e+00	4.123100610386068610e+01
2.488377999999999979e+00	4.243743583651426832e+01
2.494323000000000068e+00	4.140794672568488721e+01
2.500265999999999877e+00	4.128159814900531188e+01
2.506212000000000106e+00	3.921895916202500842e+01
2.512164999999999981e+00	3.833283761722986327e+01
2.518129000000000062e+00	3.596806639979411813e+01
2.524108000000000018e+00	3.473149305404002973e+01
2.530091999999999786e+00	3.347894556606254923e+01
2.536067000000000071e+00	3.309480852689868868e+01
2.542015999999999831e+00	3.236428492991391437e+01
2.547924000000000078e+00	3.117844013892316823e+01
2.553779000000000021e+00	3.005974192637701847e+01
2.559610000000000163e+00	2.962614675767471439e+01
2.565475000000000172e+00	2.926993571423379237e+01
2.571432000000000162e+00	3.021241532432363996e+01
2.577539999999999942e+00	3.164776512789771346e+01
2.583845999999999865e+00	3.363131471216503598e+01
2.590249000000000024e+00	3.615581394697145612e+01
2.596534000000000120e+00	4.081440848839588398e+01
2.602485000000000159e+00	4.480398748561882627e+01
2.607883000000000173e+00	4.750694409672679086e+01
2.612527000000000044e+00	4.781248574910853222e+01
2.616509000000000196e+00	4.670832054468364447e+01
2.620163999999999938e+00	4.516683923432356806e+01
2.623834000000000000e+00	4.171798664504842691e+01
2.627863000000000060e+00	3.829121020381262497e+01
2.632579999999999920e+00	3.495388646642969377e+01
2.638037000000000187e+00	3.080778441738267404e+01
2.644026000000000209e+00	2.721477204243938175e+01
2.650332000000000132e+00	2.435278669106709515e+01
2.656734000000000151e+00	2.109075780269553491e+01
2.663022999999999918e+00	1.940602245306485685e+01
2.669115000000000126e+00	1.663021311039967998e+01
2.675060999999999911e+00	1.584357385049734113e+01
2.680919999999999970e+00	1.530698570319967367e+01
2.686751000000000111e+00	1.601544112632895889e+01
2.692610999999999866e+00	1.929256212567798556e+01
2.698523999999999923e+00	2.308600512090492529e+01
2.704476000000000102e+00	2.827532326949142316e+01
2.710452000000000083e+00	3.203924775127306646e+01
2.716435999999999851e+00	3.525013925132306269e+01
2.722412999999999972e+00	3.594460133675958957e+01
2.728375999999999912e+00	3.466540283595089278e+01
2.734328000000000092e+00	3.010193804452606514e+01
2.740273999999999877e+00	2.614055436928115128e+01
2.746217000000000130e+00	2.148759609989723884e+01
2.752162000000000219e+00	1.729530827172309770e+01
2.758110999999999979e+00	1.412711143659837987e+01
2.764063000000000159e+00	1.257539713078111454e+01
2.770016000000000034e+00	1.005720148855548501e+01
2.775971000000000188e+00	9.336857237534776033e+00
2.781924000000000063e+00	9.048762501648569767e+00
2.787876999999999938e+00	8.451696483783850411e+00
2.793829000000000118e+00	9.063953070934703149e+00
2.799780999999999853e+00	1.055658048774620816e+01
2.805731999999999893e+00	1.210274417554057713e+01
2.811682999999999932e+00	1.614178191271939866e+01
2.817635000000000112e+00	2.070006622513890449e+01
2.823586999999999847e+00	2.600606428769411593e+01
2.829539000000000026e+00	2.961726615315813405e+01
2.835491000000000206e+00	3.340608842195572947e+01
2.841442999999999941e+00	3.383671339625063723e+01
2.847395000000000120e+00	3.279418287350915762e+01
2.853346999999999856e+00	2.963411430292425308e+01
2.859299000000000035e+00	2.583912688095669097e+01
2.865251000000000214e+00	2.174645163912325430e+01
2.871201999999999810e+00	1.624846773675132283e+01
2.877153999999999989e+00	1.256387017236199988e+01
2.883106000000000169e+00	9.665506203436695642e+00
2.889057999999999904e+00	7.136059146259560393e+00
2.895010000000000083e+00	5.721112444293004806e+00
2.900961999999999819e+00	3.520775478350125276e+00
2.906913999999999998e+00	2.376698078956054339e+00
2.912866000000000177e+00	2.333123577040117524e+00
2.918817999999999913e+00	2.124215571168684757e+00
2.924770000000000092e+00	4.126209353267044300e+00
2.930721000000000132e+00	8.003707218998130202e+00
2.936672999999999867e+00	1.330762412225790392e+01
2.942625000000000046e+00	1.871145411472481612e+01
2.948576999999999781e+00	2.528059929719706034e+01
2.954528999999999961e+00	3.069007543470347343e+01
2.960481000000000140e+00	3.293381797271892708e+01
2.966432999999999875e+00	3.336590252494405462e+01
2.972385000000000055e+00	3.235510140226114117e+01
2.978336999999999790e+00	2.898154952315880095e+01
2.984288999999999970e+00	2.484549992334772384e+01
2.990240000000000009e+00	1.855618045548593287e+01
2.996192000000000188e+00	1.493386719839019605e+01
3.002143999999999924e+00	1.093422624279987865e+01
3.008096000000000103e+00	8.668766012438316793e+00
3.014047999999999838e+00	8.611009733651801668e+00
3.020000000000000018e+00	1.068400740218052469e+01
