1.199999999999999956e-01	2.763024999999999842e+00
1.249780000000000058e-01	3.664350999999999914e+00
1.305999999999999939e-01	4.289774000000000420e+00
1.367059999999999942e-01	4.667512999999999579e+00
1.431360000000000132e-01	4.825789000000000328e+00
1.497320000000000040e-01	4.792824000000000417e+00
1.563350000000000017e-01	4.596836999999999840e+00
1.627850000000000130e-01	4.266049999999999898e+00
1.689219999999999888e-01	3.828682999999999836e+00
1.745889999999999942e-01	3.312955999999999790e+00
1.796250000000000069e-01	2.747091000000000172e+00
1.839349999999999874e-01	2.162291999999999881e+00
1.877439999999999942e-01	1.604988000000000081e+00
1.913779999999999926e-01	1.126451000000000091e+00
1.951660000000000061e-01	7.779540000000000344e-01
1.994340000000000002e-01	6.107719999999999816e-01
2.044499999999999929e-01	6.637450000000000294e-01
2.101250000000000062e-01	9.039570000000000105e-01
2.162479999999999958e-01	1.272802999999999907e+00
2.226049999999999973e-01	1.711642000000000108e+00
2.289819999999999911e-01	2.161837999999999926e+00
2.351930000000000132e-01	2.570380000000000109e+00
2.412249999999999950e-01	2.921091000000000104e+00
2.471349999999999936e-01	3.212606000000000073e+00
2.529799999999999827e-01	3.443601999999999830e+00
2.588170000000000193e-01	3.612751999999999963e+00
2.646970000000000156e-01	3.720048999999999939e+00
2.706259999999999777e-01	3.775275999999999854e+00
2.765880000000000005e-01	3.792629999999999946e+00
2.825679999999999858e-01	3.786331999999999809e+00
2.885510000000000019e-01	3.770599999999999952e+00
2.945229999999999793e-01	3.757934000000000108e+00
3.004809999999999981e-01	3.746253999999999973e+00
3.064310000000000089e-01	3.726125000000000131e+00
3.123750000000000138e-01	3.688056000000000001e+00
3.183190000000000186e-01	3.622555999999999887e+00
3.242650000000000254e-01	3.522555000000000103e+00
3.302149999999999808e-01	3.404516000000000098e+00
3.361680000000000224e-01	3.298160999999999898e+00
3.421210000000000084e-01	3.233356000000000119e+00
3.480759999999999965e-01	3.239971999999999852e+00
3.540289999999999826e-01	3.342296999999999851e+00
3.599809999999999954e-01	3.502102999999999966e+00
3.659330000000000083e-01	3.641900999999999833e+00
3.718839999999999923e-01	3.683593000000000117e+00
3.778360000000000052e-01	3.549081999999999848e+00
3.837869999999999893e-01	3.170385000000000009e+00
3.897390000000000021e-01	2.611038000000000192e+00
3.956910000000000149e-01	2.026549999999999851e+00
4.016429999999999723e-01	1.574316999999999966e+00
4.075949999999999851e-01	1.411736000000000102e+00
4.135469999999999979e-01	1.684037000000000006e+00
4.194979999999999820e-01	2.351494999999999891e+00
4.254499999999999948e-01	3.230477000000000043e+00
4.314009999999999789e-01	4.133560000000000123e+00
4.373540000000000205e-01	4.873324000000000211e+00
4.433079999999999798e-01	5.270923999999999943e+00
4.492619999999999947e-01	5.301541000000000281e+00
4.552160000000000095e-01	5.073580999999999896e+00
4.611680000000000224e-01	4.699840000000000018e+00
4.671170000000000044e-01	4.293116000000000376e+00
4.730619999999999825e-01	3.963204000000000171e+00
4.790059999999999873e-01	3.755481000000000069e+00
4.849510000000000209e-01	3.653407000000000071e+00
4.909020000000000050e-01	3.637936999999999976e+00
4.968629999999999991e-01	3.690027000000000168e+00
5.028390000000000359e-01	3.790922999999999821e+00
5.088230000000000253e-01	3.929479999999999862e+00
5.148009999999999531e-01	4.102674000000000376e+00
5.207570000000000254e-01	4.307877000000000400e+00
5.266750000000000043e-01	4.542462999999999695e+00
5.325410000000000421e-01	4.802880000000000038e+00
5.383719999999999617e-01	5.055990999999999680e+00
5.442249999999999588e-01	5.233539000000000385e+00
5.501580000000000359e-01	5.265226000000000184e+00
5.562289999999999734e-01	5.080752999999999631e+00
5.624930000000000208e-01	4.612154000000000309e+00
5.688929999999999820e-01	3.885448999999999931e+00
5.752220000000000111e-01	3.050717000000000123e+00
5.812610000000000277e-01	2.266526999999999958e+00
5.867949999999999555e-01	1.691449999999999898e+00
5.916080000000000227e-01	1.481864999999999988e+00
5.957040000000000113e-01	1.680002999999999913e+00
5.993990000000000151e-01	2.160439000000000220e+00
6.030370000000000452e-01	2.784355000000000135e+00
6.069609999999999728e-01	3.412933000000000217e+00
6.115110000000000268e-01	3.908411000000000080e+00
6.168270000000000142e-01	4.206627000000000116e+00
6.227219999999999978e-01	4.363845000000000418e+00
6.289789999999999548e-01	4.447464000000000084e+00
6.353790000000000271e-01	4.524886999999999659e+00
6.417070000000000274e-01	4.663122999999999685e+00
6.478369999999999962e-01	4.891173000000000215e+00
6.538089999999999735e-01	5.168655000000000221e+00
6.596819999999999906e-01	5.447807000000000066e+00
6.655140000000000500e-01	5.680867000000000111e+00
6.713630000000000431e-01	5.820205999999999769e+00
6.772660000000000347e-01	5.837844999999999729e+00
6.832110000000000127e-01	5.745871000000000173e+00
6.891829999999999901e-01	5.561251000000000388e+00
6.951669999999999794e-01	5.300952999999999804e+00
7.011469999999999647e-01	4.981971999999999845e+00
7.071119999999999628e-01	4.627682000000000073e+00
7.130670000000000064e-01	4.276027000000000022e+00
7.190130000000000132e-01	3.966969000000000189e+00
7.249569999999999625e-01	3.740473000000000159e+00
7.309010000000000229e-01	3.636464999999999836e+00
7.368489999999999762e-01	3.679286999999999974e+00
7.428000000000000158e-01	3.853374000000000077e+00
7.487530000000000019e-01	4.136868999999999907e+00
7.547080000000000455e-01	4.507916999999999952e+00
7.606619999999999493e-01	4.944652999999999743e+00
7.666140000000000176e-01	5.419684000000000168e+00
7.725670000000000037e-01	5.889696999999999960e+00
7.785180000000000433e-01	6.308537000000000283e+00
7.844689999999999719e-01	6.630048000000000386e+00
7.904210000000000402e-01	6.808080999999999605e+00
7.963729999999999976e-01	6.819061999999999735e+00
8.023249999999999549e-01	6.712533999999999779e+00
8.082770000000000232e-01	6.552817000000000114e+00
8.142289999999999806e-01	6.404232000000000369e+00
8.201800000000000201e-01	6.331096999999999753e+00
8.261319999999999775e-01	6.379077999999999804e+00
8.320830000000000171e-01	6.525693999999999662e+00
8.380349999999999744e-01	6.732910999999999646e+00
8.439870000000000427e-01	6.962695000000000078e+00
8.499400000000000288e-01	7.177011000000000251e+00
8.558940000000000436e-01	7.344190000000000218e+00
8.618479999999999475e-01	7.458802000000000376e+00
8.678010000000000446e-01	7.522180999999999784e+00
8.737519999999999731e-01	7.535661000000000165e+00
8.797000000000000375e-01	7.500575000000000436e+00
8.856439999999999868e-01	7.422068000000000332e+00
8.915870000000000184e-01	7.323032999999999682e+00
8.975349999999999717e-01	7.231524000000000285e+00
9.034900000000000153e-01	7.175593000000000110e+00
9.094569999999999599e-01	7.183294000000000068e+00
9.154379999999999740e-01	7.273831999999999631e+00
9.214210000000000456e-01	7.419863000000000319e+00
9.273909999999999654e-01	7.578788000000000302e+00
9.333329999999999682e-01	7.707996999999999765e+00
9.392300000000000093e-01	7.764883000000000202e+00
9.450749999999999984e-01	7.716534000000000226e+00
9.509090000000000042e-01	7.587772000000000183e+00
9.567890000000000006e-01	7.424704000000000192e+00
9.627750000000000474e-01	7.273467000000000127e+00
9.689229999999999787e-01	7.180202000000000417e+00
9.752680000000000238e-01	7.184122999999999593e+00
9.816639999999999810e-01	7.277679000000000009e+00
9.878930000000000211e-01	7.433962000000000181e+00
9.937399999999999567e-01	7.626007000000000424e+00
9.989850000000000119e-01	7.826844000000000356e+00
1.003457999999999961e+00	8.011089000000000127e+00
1.007338000000000067e+00	8.165514999999999191e+00
1.010966000000000031e+00	8.282534000000000063e+00
1.014685999999999977e+00	8.354587999999999681e+00
1.018841000000000108e+00	8.374121000000000592e+00
1.023735000000000062e+00	8.336731000000000336e+00
1.029328999999999938e+00	8.265717000000000425e+00
1.035408000000000106e+00	8.198743000000000336e+00
1.041754000000000069e+00	8.173593000000000330e+00
1.048148999999999997e+00	8.228051999999999921e+00
1.054391999999999996e+00	8.394997999999999294e+00
1.060446000000000000e+00	8.657904000000000266e+00
1.066368999999999900e+00	8.971645000000000536e+00
1.072216999999999976e+00	9.290748999999999924e+00
1.078049000000000035e+00	9.569741000000000497e+00
1.083920999999999912e+00	9.767849000000000004e+00
1.089842999999999895e+00	9.898918999999999357e+00
1.095801999999999943e+00	1.001204199999999922e+01
1.101780999999999899e+00	1.015689199999999914e+01
1.107765000000000111e+00	1.038314699999999924e+01
1.113739999999999952e+00	1.073490800000000078e+01
1.119699999999999918e+00	1.118094999999999928e+01
1.125650000000000039e+00	1.163594800000000085e+01
1.131594999999999906e+00	1.201338999999999935e+01
1.137537999999999938e+00	1.222676399999999930e+01
1.143483999999999945e+00	1.219669500000000006e+01
1.149432999999999927e+00	1.195682799999999979e+01
1.155386000000000024e+00	1.163109900000000074e+01
1.161338999999999899e+00	1.134596799999999917e+01
1.167294000000000054e+00	1.122789399999999915e+01
1.173246999999999929e+00	1.139560999999999957e+01
1.179200000000000026e+00	1.182302699999999973e+01
1.185151999999999983e+00	1.235543200000000041e+01
1.191103000000000023e+00	1.283364300000000036e+01
1.197054000000000062e+00	1.309847700000000081e+01
1.203006000000000020e+00	1.299814600000000020e+01
1.208957999999999977e+00	1.254698800000000070e+01
1.214909999999999934e+00	1.192328700000000019e+01
1.220861999999999892e+00	1.131229199999999935e+01
1.226814000000000071e+00	1.089924700000000080e+01
1.232765000000000111e+00	1.086392599999999931e+01
1.238717000000000068e+00	1.123654100000000078e+01
1.244668000000000108e+00	1.188329099999999983e+01
1.250620000000000065e+00	1.266200300000000034e+01
1.256572000000000022e+00	1.343050299999999986e+01
1.262526000000000037e+00	1.404888000000000048e+01
1.268480000000000052e+00	1.445384400000000014e+01
1.274434000000000067e+00	1.467548999999999992e+01
1.280386000000000024e+00	1.474957799999999963e+01
1.286335999999999924e+00	1.471186400000000027e+01
1.292281999999999931e+00	1.459841400000000000e+01
1.298224999999999962e+00	1.445852299999999957e+01
1.304170000000000051e+00	1.435941700000000054e+01
1.310119999999999951e+00	1.436959700000000062e+01
1.316079999999999917e+00	1.455756599999999956e+01
1.322052999999999923e+00	1.499051799999999979e+01
1.328036999999999912e+00	1.566256100000000018e+01
1.334017000000000008e+00	1.645753500000000003e+01
1.339976000000000056e+00	1.725013500000000022e+01
1.345900000000000096e+00	1.791505799999999837e+01
1.351774000000000031e+00	1.832807999999999993e+01
1.357607000000000008e+00	1.844647099999999895e+01
1.363453000000000026e+00	1.836451999999999884e+01
1.369372000000000034e+00	1.818964700000000079e+01
1.375421999999999922e+00	1.802927100000000138e+01
1.381658999999999970e+00	1.799042899999999889e+01
1.388052000000000064e+00	1.813918500000000122e+01
1.394403000000000059e+00	1.846472599999999886e+01
1.400492999999999988e+00	1.894777500000000003e+01
1.406104999999999938e+00	1.956905400000000128e+01
1.411021999999999998e+00	2.030915699999999902e+01
1.415195999999999898e+00	2.112796200000000013e+01
1.418924000000000074e+00	2.194190000000000040e+01
1.422549999999999981e+00	2.266193399999999869e+01
1.426417000000000046e+00	2.319902499999999890e+01
1.430868000000000029e+00	2.346435100000000062e+01
1.436091000000000006e+00	2.342785200000000145e+01
1.441923000000000066e+00	2.319745500000000149e+01
1.448144000000000098e+00	2.290087199999999967e+01
1.454538000000000109e+00	2.266581499999999849e+01
1.460887000000000047e+00	2.261990899999999982e+01
1.467041999999999957e+00	2.284450599999999909e+01
1.473030999999999979e+00	2.329904099999999900e+01
1.478914000000000062e+00	2.392310099999999906e+01
1.484749000000000096e+00	2.465627500000000083e+01
1.490591999999999917e+00	2.543815700000000035e+01
1.496488000000000040e+00	2.621257699999999957e+01
1.502428000000000097e+00	2.693592299999999895e+01
1.508397999999999906e+00	2.756689799999999835e+01
1.514380999999999977e+00	2.806420699999999968e+01
1.520361999999999991e+00	2.838655400000000029e+01
1.526329999999999965e+00	2.850788800000000123e+01
1.532284999999999897e+00	2.845302099999999967e+01
1.538232999999999961e+00	2.825736500000000007e+01
1.544175999999999993e+00	2.795632900000000021e+01
1.550119999999999942e+00	2.758532500000000098e+01
1.556068000000000007e+00	2.718504199999999926e+01
1.562019000000000046e+00	2.681603899999999996e+01
1.567971999999999921e+00	2.654354999999999976e+01
1.573925999999999936e+00	2.643280999999999992e+01
1.579879999999999951e+00	2.654905199999999965e+01
1.585833000000000048e+00	2.693231400000000164e+01
1.591785000000000005e+00	2.751554300000000097e+01
1.597736999999999963e+00	2.820324199999999948e+01
1.603688000000000002e+00	2.889991699999999852e+01
1.609639000000000042e+00	2.951006800000000041e+01
1.615590999999999999e+00	2.997091700000000003e+01
1.621542999999999957e+00	3.037669899999999856e+01
1.627494999999999914e+00	3.086870199999999897e+01
1.633447000000000093e+00	3.158821999999999974e+01
1.639399000000000051e+00	3.267654699999999934e+01
1.645350000000000090e+00	3.422802300000000031e+01
1.651302000000000048e+00	3.608222099999999699e+01
1.657253000000000087e+00	3.799272200000000055e+01
1.663205000000000044e+00	3.971303900000000198e+01
1.669157999999999920e+00	4.099668700000000143e+01
1.675111999999999934e+00	4.164362599999999759e+01
1.681065999999999949e+00	4.173916700000000191e+01
1.687019000000000046e+00	4.147691999999999979e+01
1.692971000000000004e+00	4.105069900000000160e+01
1.698919000000000068e+00	4.065431999999999846e+01
1.704863000000000017e+00	4.046405699999999683e+01
1.710806999999999967e+00	4.053385300000000058e+01
1.716752999999999973e+00	4.086555500000000052e+01
1.722706999999999988e+00	4.146081800000000328e+01
1.728671999999999986e+00	4.232129599999999670e+01
1.734652000000000083e+00	4.344342999999999932e+01
1.740636000000000072e+00	4.478224399999999861e+01
1.746609000000000078e+00	4.627300999999999931e+01
1.752555000000000085e+00	4.785088100000000111e+01
1.758458000000000077e+00	4.945100800000000163e+01
1.764308999999999905e+00	5.100539299999999798e+01
1.770140999999999964e+00	5.241742599999999896e+01
1.776011999999999924e+00	5.357524599999999992e+01
1.781979999999999897e+00	5.436685200000000151e+01
1.788105000000000055e+00	5.468023999999999774e+01
1.794426999999999994e+00	5.442061499999999796e+01
1.800829000000000013e+00	5.367271000000000214e+01
1.807091999999999921e+00	5.262803900000000112e+01
1.813002000000000002e+00	5.147953300000000354e+01
1.818338000000000010e+00	5.042011800000000221e+01
1.822912000000000088e+00	4.963948200000000099e+01
1.826850000000000085e+00	4.928819299999999970e+01
1.830492000000000008e+00	4.949089299999999980e+01
1.834179999999999922e+00	5.037175899999999729e+01
1.838259000000000087e+00	5.205496999999999730e+01
1.843048000000000020e+00	5.464367099999999766e+01
1.848562000000000038e+00	5.794560400000000300e+01
1.854589999999999961e+00	6.155058900000000222e+01
1.860913000000000039e+00	6.504336100000000442e+01
1.867313999999999918e+00	6.800865400000000704e+01
1.873583999999999916e+00	7.004906800000000544e+01
1.879660000000000108e+00	7.106194499999999437e+01
1.885596000000000050e+00	7.118644000000000460e+01
1.891450999999999993e+00	7.056885300000000427e+01
1.897281999999999913e+00	6.935548400000000413e+01
1.903146999999999922e+00	6.769621899999999926e+01
1.909062999999999954e+00	6.581119300000000294e+01
1.915018000000000109e+00	6.398459700000000083e+01
1.920995999999999926e+00	6.250296600000000069e+01
1.926979999999999915e+00	6.165283800000000269e+01
1.932955999999999896e+00	6.171241200000000049e+01
1.938917999999999919e+00	6.276353999999999900e+01
1.944868999999999959e+00	6.468912299999999505e+01
1.950814000000000048e+00	6.736320299999999861e+01
1.956757999999999997e+00	7.065982499999999789e+01
1.962703000000000086e+00	7.444484799999999325e+01
1.968652000000000069e+00	7.834869700000000137e+01
1.974604000000000026e+00	8.173670099999999650e+01
1.980558000000000041e+00	8.396004899999999793e+01
1.986512000000000056e+00	8.436992999999999654e+01
1.992466000000000070e+00	8.233608900000000119e+01
1.998418000000000028e+00	7.789287099999999953e+01
2.004370000000000207e+00	7.190645999999999560e+01
2.010321999999999942e+00	6.529557300000000453e+01
2.016272999999999982e+00	5.897892800000000335e+01
2.022224000000000022e+00	5.386394200000000154e+01
2.028176000000000201e+00	5.034201300000000145e+01
2.034127999999999936e+00	4.808612699999999762e+01
2.040080000000000116e+00	4.671610100000000187e+01
2.046031999999999851e+00	4.585174899999999809e+01
2.051984000000000030e+00	4.511568900000000326e+01
2.057935000000000070e+00	4.429875599999999736e+01
2.063886999999999805e+00	4.345252099999999729e+01
2.069837999999999845e+00	4.265098100000000159e+01
2.075791000000000164e+00	4.196813600000000122e+01
2.081744000000000039e+00	4.147703599999999824e+01
2.087698000000000054e+00	4.117310299999999756e+01
2.093652000000000069e+00	4.091762899999999803e+01
2.099604999999999944e+00	4.055859199999999731e+01
2.105554999999999843e+00	3.994396799999999814e+01
2.111501000000000072e+00	3.892269999999999897e+01
2.117445000000000022e+00	3.745773100000000255e+01
2.123388999999999971e+00	3.573188499999999834e+01
2.129338000000000175e+00	3.395303499999999985e+01
2.135295999999999861e+00	3.232905300000000182e+01
2.141268000000000171e+00	3.106736400000000131e+01
2.147250999999999799e+00	3.029321699999999851e+01
2.153232000000000035e+00	2.995463000000000164e+01
2.159196000000000115e+00	2.997656299999999874e+01
2.165125000000000188e+00	3.028397199999999856e+01
2.171006000000000213e+00	3.080181999999999931e+01
2.176841000000000026e+00	3.145595799999999898e+01
2.182682999999999929e+00	3.217439399999999949e+01
2.188588999999999896e+00	3.288545700000000238e+01
2.194618000000000180e+00	3.351747399999999999e+01
2.200828000000000007e+00	3.399882199999999699e+01
2.207209999999999894e+00	3.429025000000000034e+01
2.213579000000000185e+00	3.444032099999999730e+01
2.219714999999999883e+00	3.451234399999999880e+01
2.225403000000000020e+00	3.456962899999999905e+01
2.230423000000000044e+00	3.467546399999999807e+01
2.234681000000000139e+00	3.485503800000000041e+01
2.238447999999999993e+00	3.501728299999999905e+01
2.242068000000000172e+00	3.504903000000000191e+01
2.245884000000000214e+00	3.483711199999999764e+01
2.250237999999999960e+00	3.426836699999999780e+01
2.255365999999999982e+00	3.328842000000000212e+01
2.261130000000000084e+00	3.204505600000000243e+01
2.267313000000000134e+00	3.072948500000000038e+01
2.273696000000000161e+00	2.953291799999999867e+01
2.280063999999999869e+00	2.864656499999999895e+01
2.286243999999999943e+00	2.821317799999999920e+01
2.292251999999999956e+00	2.818744600000000133e+01
2.298146000000000022e+00	2.847844999999999871e+01
2.303983000000000114e+00	2.899527199999999993e+01
2.309822000000000042e+00	2.964698999999999884e+01
2.315710999999999853e+00	3.035218499999999864e+01
2.321645999999999876e+00	3.107105200000000167e+01
2.327612999999999932e+00	3.177517999999999887e+01
2.333594999999999864e+00	3.243615799999999894e+01
2.339576999999999796e+00	3.302557500000000346e+01
2.345546999999999827e+00	3.351420499999999691e+01
2.351503999999999817e+00	3.386879400000000118e+01
2.357451999999999881e+00	3.405484200000000072e+01
2.363395999999999830e+00	3.403785100000000341e+01
2.369339000000000084e+00	3.378332199999999830e+01
2.375286000000000008e+00	3.327309600000000245e+01
2.381237000000000048e+00	3.258045700000000267e+01
2.387189999999999923e+00	3.181047500000000028e+01
2.393143999999999938e+00	3.106825500000000062e+01
2.399097999999999953e+00	3.045889999999999986e+01
2.405050999999999828e+00	3.007182299999999842e+01
2.411004000000000147e+00	2.989697599999999866e+01
2.416955999999999882e+00	2.988544699999999921e+01
2.422906999999999922e+00	2.998823799999999906e+01
2.428857999999999961e+00	3.015635100000000079e+01
2.434809000000000001e+00	3.035166500000000056e+01
2.440760000000000041e+00	3.061440699999999993e+01
2.446712000000000220e+00	3.101913100000000156e+01
2.452663999999999955e+00	3.164053600000000088e+01
2.458616999999999830e+00	3.255332200000000142e+01
2.464570999999999845e+00	3.380542400000000214e+01
2.470524999999999860e+00	3.522507300000000185e+01
2.476478000000000179e+00	3.653275299999999959e+01
2.482429999999999914e+00	3.744820699999999647e+01
2.488377999999999979e+00	3.769117899999999821e+01
2.494323000000000068e+00	3.702131099999999719e+01
2.500265999999999877e+00	3.557318300000000022e+01
2.506212000000000106e+00	3.368679999999999808e+01
2.512164999999999981e+00	3.170427499999999910e+01
2.518129000000000062e+00	2.996771899999999889e+01
2.524108000000000018e+00	2.878897200000000112e+01
2.530091999999999786e+00	2.815256400000000170e+01
2.536067000000000071e+00	2.784298400000000129e+01
2.542015999999999831e+00	2.764185000000000159e+01
2.547924000000000078e+00	2.733078300000000027e+01
2.553779000000000021e+00	2.671922800000000109e+01
2.559610000000000163e+00	2.596502699999999919e+01
2.565475000000000172e+00	2.546321899999999872e+01
2.571432000000000162e+00	2.561339699999999908e+01
2.577539999999999942e+00	2.681514999999999915e+01
2.583845999999999865e+00	2.942437400000000025e+01
2.590249000000000024e+00	3.315856999999999744e+01
2.596534000000000120e+00	3.725157699999999750e+01
2.602485000000000159e+00	4.092524000000000228e+01
2.607883000000000173e+00	4.340139800000000037e+01
2.612527000000000044e+00	4.394328200000000351e+01
2.616509000000000196e+00	4.252617399999999748e+01
2.620163999999999938e+00	3.972519599999999684e+01
2.623834000000000000e+00	3.613420700000000352e+01
2.627863000000000060e+00	3.234706700000000268e+01
2.632579999999999920e+00	2.894181599999999932e+01
2.638037000000000187e+00	2.617241599999999835e+01
2.644026000000000209e+00	2.398941699999999955e+01
2.650332000000000132e+00	2.233168500000000023e+01
2.656734000000000151e+00	2.113809099999999930e+01
2.663022999999999918e+00	2.035333400000000026e+01
2.669115000000000126e+00	2.006634700000000038e+01
2.675060999999999911e+00	2.051610300000000109e+01
2.680919999999999970e+00	2.194857500000000172e+01
2.686751000000000111e+00	2.460973399999999955e+01
2.692610999999999866e+00	2.872670799999999858e+01
2.698523999999999923e+00	3.395507400000000331e+01
2.704476000000000102e+00	3.928963999999999857e+01
2.710452000000000083e+00	4.368840600000000052e+01
2.716435999999999851e+00	4.610937200000000047e+01
2.722412999999999972e+00	4.553450000000000131e+01
2.728375999999999912e+00	4.185541599999999818e+01
2.734328000000000092e+00	3.613294100000000242e+01
2.740273999999999877e+00	2.950478999999999985e+01
2.746217000000000130e+00	2.310867899999999864e+01
2.752162000000000219e+00	1.806916100000000114e+01
2.758110999999999979e+00	1.486934199999999962e+01
2.764063000000000159e+00	1.307509499999999925e+01
2.770016000000000034e+00	1.218175300000000050e+01
2.775971000000000188e+00	1.168464600000000075e+01
2.781924000000000063e+00	1.108539999999999992e+01
2.787876999999999938e+00	1.029221399999999953e+01
2.793829000000000118e+00	9.860737999999999559e+00
2.799780999999999853e+00	1.040438299999999927e+01
2.805731999999999893e+00	1.253655799999999942e+01
2.811682999999999932e+00	1.686287099999999839e+01
2.817635000000000112e+00	2.329184800000000166e+01
2.823586999999999847e+00	3.049422799999999967e+01
2.829539000000000026e+00	3.701349400000000145e+01
2.835491000000000206e+00	4.139312999999999931e+01
2.841442999999999941e+00	4.218352000000000146e+01
2.847395000000000120e+00	3.883628900000000073e+01
2.853346999999999856e+00	3.259025900000000320e+01
2.859299000000000035e+00	2.489483099999999993e+01
2.865251000000000214e+00	1.719940199999999919e+01
2.871201999999999810e+00	1.095064700000000002e+01
2.877153999999999989e+00	7.031817000000000206e+00
2.883106000000000169e+00	5.076196000000000375e+00
2.889057999999999904e+00	4.549031000000000269e+00
2.895010000000000083e+00	4.915569999999999773e+00
2.900961999999999819e+00	5.641606999999999594e+00
2.906913999999999998e+00	6.393565999999999860e+00
2.912866000000000177e+00	7.336802999999999741e+00
2.918817999999999913e+00	8.712925000000000253e+00
2.924770000000000092e+00	1.076353600000000021e+01
2.930721000000000132e+00	1.373001600000000089e+01
2.936672999999999867e+00	1.767459900000000061e+01
2.942625000000000046e+00	2.215912900000000008e+01
2.948576999999999781e+00	2.665875099999999875e+01
2.954528999999999961e+00	3.064861399999999847e+01
2.960481000000000140e+00	3.360393200000000036e+01
2.966432999999999875e+00	3.515883900000000040e+01
2.972385000000000055e+00	3.544707199999999858e+01
2.978336999999999790e+00	3.470028500000000093e+01
2.984288999999999970e+00	3.315013600000000338e+01
2.990240000000000009e+00	3.102828200000000081e+01
2.996192000000000188e+00	2.856637900000000130e+01
3.002143999999999924e+00	2.599608299999999872e+01
3.008096000000000103e+00	2.354905199999999965e+01
3.014047999999999838e+00	2.145694200000000151e+01
3.020000000000000018e+00	1.995140999999999920e+01
