1.199999999999999956e-01	5.031136114768366419e+00
1.249780000000000058e-01	4.839923286875054131e+00
1.305999999999999939e-01	4.515211664414970016e+00
1.367059999999999942e-01	4.661913577861950486e+00
1.431360000000000132e-01	4.263270791094141643e+00
1.497320000000000040e-01	4.524741760049440842e+00
1.563350000000000017e-01	5.097170504485040610e+00
1.627850000000000130e-01	5.542596642676337559e+00
1.689219999999999888e-01	5.627974876870353249e+00
1.745889999999999942e-01	5.569070321407886048e+00
1.796250000000000069e-01	5.915019052113706266e+00
1.839349999999999874e-01	5.205455153025858372e+00
1.877439999999999942e-01	4.337908888360249016e+00
1.913779999999999926e-01	4.223287962514482352e+00
1.951660000000000061e-01	3.959085075737170722e+00
1.994340000000000002e-01	4.000876316763575247e+00
2.044499999999999929e-01	4.042490523986497664e+00
2.101250000000000062e-01	5.133073082107344476e+00
2.162479999999999958e-01	5.567438242661883585e+00
2.226049999999999973e-01	6.588841010418744482e+00
2.289819999999999911e-01	7.048721127697644917e+00
2.351930000000000132e-01	7.200447901270206508e+00
2.412249999999999950e-01	6.188921234339674449e+00
2.471349999999999936e-01	5.225164451067394467e+00
2.529799999999999827e-01	4.527154004920888930e+00
2.588170000000000193e-01	4.276172902625959615e+00
2.646970000000000156e-01	3.397445675023093692e+00
2.706259999999999777e-01	3.709067261712405639e+00
2.765880000000000005e-01	3.972878402976855128e+00
2.825679999999999858e-01	3.757295347697334087e+00
2.885510000000000019e-01	4.071335113781792359e+00
2.945229999999999793e-01	3.443210545090135355e+00
3.004809999999999981e-01	3.396501288707502564e+00
3.064310000000000089e-01	2.890181611616926549e+00
3.123750000000000138e-01	2.854504706499934485e+00
3.183190000000000186e-01	3.312018727535893881e+00
3.242650000000000254e-01	3.916486639827235550e+00
3.302149999999999808e-01	4.420164278859756379e+00
3.361680000000000224e-01	4.743711385705998929e+00
3.421210000000000084e-01	5.699622644427845941e+00
3.480759999999999965e-01	6.345514510455734225e+00
3.540289999999999826e-01	5.462667374300968604e+00
3.599809999999999954e-01	4.806679006825110179e+00
3.659330000000000083e-01	2.887341645360824494e+00
3.718839999999999923e-01	1.734749949326832796e+00
3.778360000000000052e-01	6.110876968151960353e-01
3.837869999999999893e-01	1.819214990845592905e-01
3.897390000000000021e-01	1.312771901251831519e+00
3.956910000000000149e-01	1.820767984620373925e+00
4.016429999999999723e-01	3.199386213680407209e+00
4.075949999999999851e-01	4.315200208290622896e+00
4.135469999999999979e-01	5.375749737241318549e+00
4.194979999999999820e-01	6.336723835688148121e+00
4.254499999999999948e-01	6.912166461915397520e+00
4.314009999999999789e-01	6.598756359636463564e+00
4.373540000000000205e-01	7.409232635397090760e+00
4.433079999999999798e-01	6.971411851836961660e+00
4.492619999999999947e-01	6.867581231776616946e+00
4.552160000000000095e-01	5.993605067888263527e+00
4.611680000000000224e-01	4.880837603689029081e+00
4.671170000000000044e-01	4.535492386484412108e+00
4.730619999999999825e-01	3.220275632236743846e+00
4.790059999999999873e-01	3.114802082821551021e+00
4.849510000000000209e-01	2.003913939358157315e+00
4.909020000000000050e-01	1.357259518297455170e+00
4.968629999999999991e-01	2.068739212433723829e+00
5.028390000000000359e-01	1.160169332972331047e+00
5.088230000000000253e-01	2.009973971801813253e+00
5.148009999999999531e-01	1.447070464863445372e+00
5.207570000000000254e-01	2.566592372203336136e+00
5.266750000000000043e-01	3.534081156348039432e+00
5.325410000000000421e-01	4.567753363351987339e+00
5.383719999999999617e-01	4.585145726920764275e+00
5.442249999999999588e-01	5.777013590086934158e+00
5.501580000000000359e-01	6.429236806756700062e+00
5.562289999999999734e-01	6.666876797820813216e+00
5.624930000000000208e-01	5.601210878703572149e+00
5.688929999999999820e-01	5.431231840179400194e+00
5.752220000000000111e-01	4.637990131621981149e+00
5.812610000000000277e-01	3.421321411493551068e+00
5.867949999999999555e-01	2.943860791349489414e+00
5.916080000000000227e-01	2.665424271724812222e+00
5.957040000000000113e-01	3.209003028303028859e+00
5.993990000000000151e-01	3.719421861811474717e+00
6.030370000000000452e-01	4.518351302106111689e+00
6.069609999999999728e-01	4.899104646643159811e+00
6.115110000000000268e-01	5.195609448841290501e+00
6.168270000000000142e-01	5.855426353786231886e+00
6.227219999999999978e-01	6.345201631312953339e+00
6.289789999999999548e-01	6.768259021404499975e+00
6.353790000000000271e-01	6.194897691402520223e+00
6.417070000000000274e-01	6.343428509429193340e+00
6.478369999999999962e-01	4.955764081306976543e+00
6.538089999999999735e-01	5.381745898199199019e+00
6.596819999999999906e-01	4.265153850583310202e+00
6.655140000000000500e-01	3.810819365314855656e+00
6.713630000000000431e-01	2.737165411037204343e+00
6.772660000000000347e-01	3.406305465320988990e+00
6.832110000000000127e-01	4.001877353475016719e+00
6.891829999999999901e-01	4.472659619833701861e+00
6.951669999999999794e-01	4.932063203234084092e+00
7.011469999999999647e-01	5.111803018552027567e+00
7.071119999999999628e-01	5.076151642291295119e+00
7.130670000000000064e-01	5.342739990735444700e+00
7.190130000000000132e-01	5.002852554563101961e+00
7.249569999999999625e-01	4.704914203856574773e+00
7.309010000000000229e-01	4.874557347285066733e+00
7.368489999999999762e-01	5.034263531560939420e+00
7.428000000000000158e-01	4.717193424121937539e+00
7.487530000000000019e-01	4.353112619665534311e+00
7.547080000000000455e-01	4.391607981035960506e+00
7.606619999999999493e-01	4.064727645310919790e+00
7.666140000000000176e-01	4.000571797502010085e+00
7.725670000000000037e-01	3.712387612525238634e+00
7.785180000000000433e-01	3.595279403625452730e+00
7.844689999999999719e-01	4.187131922473440682e+00
7.904210000000000402e-01	4.017875606148209044e+00
7.963729999999999976e-01	5.265356460526380289e+00
8.023249999999999549e-01	5.747133791980787443e+00
8.082770000000000232e-01	6.970620748033638847e+00
8.142289999999999806e-01	7.669998425245209361e+00
8.201800000000000201e-01	7.376973430766385675e+00
8.261319999999999775e-01	7.212546603631794895e+00
8.320830000000000171e-01	6.350857644854828621e+00
8.380349999999999744e-01	5.483297825968732830e+00
8.439870000000000427e-01	4.557024619549991939e+00
8.499400000000000288e-01	4.193283391626742684e+00
8.558940000000000436e-01	4.525256900120725234e+00
8.618479999999999475e-01	4.611884837800351633e+00
8.678010000000000446e-01	5.239546172056709139e+00
8.737519999999999731e-01	5.693573875969553555e+00
8.797000000000000375e-01	5.561374040034906763e+00
8.856439999999999868e-01	6.568912997184089164e+00
8.915870000000000184e-01	6.528323905198899268e+00
8.975349999999999717e-01	6.269305618026025151e+00
9.034900000000000153e-01	5.675009115339499033e+00
9.094569999999999599e-01	5.854208353786372498e+00
9.154379999999999740e-01	5.248849095217861027e+00
9.214210000000000456e-01	5.726234317640628291e+00
9.273909999999999654e-01	5.634459853714402833e+00
9.333329999999999682e-01	6.279394013336919045e+00
9.392300000000000093e-01	6.467754147006978371e+00
9.450749999999999984e-01	6.632099366049994948e+00
9.509090000000000042e-01	7.092397413323571875e+00
9.567890000000000006e-01	7.201710650460657170e+00
9.627750000000000474e-01	7.268756976201075304e+00
9.689229999999999787e-01	8.097233157289906558e+00
9.752680000000000238e-01	8.795268565600508737e+00
9.816639999999999810e-01	9.019193114114330001e+00
9.878930000000000211e-01	9.709866662925225711e+00
9.937399999999999567e-01	1.052665924914644791e+01
9.989850000000000119e-01	1.100550719418415646e+01
1.003457999999999961e+00	1.091712831621224389e+01
1.007338000000000067e+00	1.040497523425932513e+01
1.010966000000000031e+00	9.646526914993129864e+00
1.014685999999999977e+00	8.997911417370930920e+00
1.018841000000000108e+00	9.144526405102450184e+00
1.023735000000000062e+00	9.468981715426526335e+00
1.029328999999999938e+00	9.666531059565029338e+00
1.035408000000000106e+00	1.038525611475813903e+01
1.041754000000000069e+00	1.123355103731093152e+01
1.048148999999999997e+00	1.225917153056586351e+01
1.054391999999999996e+00	1.272160600786074802e+01
1.060446000000000000e+00	1.273192880815241246e+01
1.066368999999999900e+00	1.339908209082252100e+01
1.072216999999999976e+00	1.283245390191054547e+01
1.078049000000000035e+00	1.213184767024519317e+01
1.083920999999999912e+00	1.208482698956529511e+01
1.089842999999999895e+00	1.148151149180102948e+01
1.095801999999999943e+00	1.105022391855269959e+01
1.101780999999999899e+00	1.070075543556202646e+01
1.107765000000000111e+00	1.048052828486182086e+01
1.113739999999999952e+00	1.115742300052218283e+01
1.119699999999999918e+00	1.149759685318119118e+01
1.125650000000000039e+00	1.238152115305062750e+01
1.131594999999999906e+00	1.222911013193570717e+01
1.137537999999999938e+00	1.336678410062870626e+01
1.143483999999999945e+00	1.375019985536329870e+01
1.149432999999999927e+00	1.315263498208010340e+01
1.155386000000000024e+00	1.245057716218620669e+01
1.161338999999999899e+00	1.227121687993740196e+01
1.167294000000000054e+00	1.140336876773783992e+01
1.173246999999999929e+00	1.116918957164359760e+01
1.179200000000000026e+00	1.193411167232097903e+01
1.185151999999999983e+00	1.319981717080922579e+01
1.191103000000000023e+00	1.251003526386604214e+01
1.197054000000000062e+00	1.320823015199877659e+01
1.203006000000000020e+00	1.377329121600270945e+01
1.208957999999999977e+00	1.316326969885484210e+01
1.214909999999999934e+00	1.317636847346361684e+01
1.220861999999999892e+00	1.318909316183110292e+01
1.226814000000000071e+00	1.361846175892582167e+01
1.232765000000000111e+00	1.386478626935212688e+01
1.238717000000000068e+00	1.376400784593304039e+01
1.244668000000000108e+00	1.420832243650897730e+01
1.250620000000000065e+00	1.553080595900570593e+01
1.256572000000000022e+00	1.573584022072691724e+01
1.262526000000000037e+00	1.705183036755266457e+01
1.268480000000000052e+00	1.694647853345150779e+01
1.274434000000000067e+00	1.707099125500628389e+01
1.280386000000000024e+00	1.766421930983694466e+01
1.286335999999999924e+00	1.870400217439011925e+01
1.292281999999999931e+00	1.841091492095217674e+01
1.298224999999999962e+00	1.768287406952013541e+01
1.304170000000000051e+00	1.808539756620430339e+01
1.310119999999999951e+00	1.756683303282893860e+01
1.316079999999999917e+00	1.724250049532247075e+01
1.322052999999999923e+00	1.726622905175941369e+01
1.328036999999999912e+00	1.754160437321401744e+01
1.334017000000000008e+00	1.861508548227416071e+01
1.339976000000000056e+00	1.839659857649107977e+01
1.345900000000000096e+00	1.856893606122128659e+01
1.351774000000000031e+00	1.874614450443103308e+01
1.357607000000000008e+00	1.771368601403245790e+01
1.363453000000000026e+00	1.677632516992785483e+01
1.369372000000000034e+00	1.644429073589795109e+01
1.375421999999999922e+00	1.552321958772318133e+01
1.381658999999999970e+00	1.533101601419965476e+01
1.388052000000000064e+00	1.678423110817592345e+01
1.394403000000000059e+00	1.718967414387761394e+01
1.400492999999999988e+00	1.896369644364306239e+01
1.406104999999999938e+00	1.957883206098102846e+01
1.411021999999999998e+00	2.174680022391204304e+01
1.415195999999999898e+00	2.375031916117206165e+01
1.418924000000000074e+00	2.506440051846727357e+01
1.422549999999999981e+00	2.684017195403259137e+01
1.426417000000000046e+00	2.683485803214201582e+01
1.430868000000000029e+00	2.779986428044211166e+01
1.436091000000000006e+00	2.816540748476995049e+01
1.441923000000000066e+00	2.747844230343316951e+01
1.448144000000000098e+00	2.775162839254283753e+01
1.454538000000000109e+00	2.731592949039542972e+01
1.460887000000000047e+00	2.734508075330798960e+01
1.467041999999999957e+00	2.807719338270981524e+01
1.473030999999999979e+00	2.787913359320394946e+01
1.478914000000000062e+00	2.809458255889267164e+01
1.484749000000000096e+00	2.897049838004604538e+01
1.490591999999999917e+00	2.948081275046891392e+01
1.496488000000000040e+00	2.937151743131227377e+01
1.502428000000000097e+00	2.906933574249542929e+01
1.508397999999999906e+00	2.934329059825743258e+01
1.514380999999999977e+00	2.917792775564818086e+01
1.520361999999999991e+00	2.879193138014582942e+01
1.526329999999999965e+00	2.922022857961481535e+01
1.532284999999999897e+00	2.958781562471008897e+01
1.538232999999999961e+00	3.009205543963269847e+01
1.544175999999999993e+00	3.005924215488266071e+01
1.550119999999999942e+00	2.967085806862456820e+01
1.556068000000000007e+00	2.983517518013988479e+01
1.562019000000000046e+00	2.799126517450943652e+01
1.567971999999999921e+00	2.812380475680532044e+01
1.573925999999999936e+00	2.793021305260102594e+01
1.579879999999999951e+00	2.722953588679440173e+01
1.585833000000000048e+00	2.652110311737441251e+01
1.591785000000000005e+00	2.660588454226302701e+01
1.597736999999999963e+00	2.709648052018865627e+01
1.603688000000000002e+00	2.760904435933903400e+01
1.609639000000000042e+00	2.830044572288279170e+01
1.615590999999999999e+00	2.999464260161220608e+01
1.621542999999999957e+00	3.091732391907760658e+01
1.627494999999999914e+00	3.229536169118235733e+01
1.633447000000000093e+00	3.407347353046982619e+01
1.639399000000000051e+00	3.507395491855510983e+01
1.645350000000000090e+00	3.724502796919247061e+01
1.651302000000000048e+00	3.915615489364252255e+01
1.657253000000000087e+00	3.960511681472127776e+01
1.663205000000000044e+00	4.056902933173700632e+01
1.669157999999999920e+00	4.120811309892118146e+01
1.675111999999999934e+00	4.108455059263473430e+01
1.681065999999999949e+00	4.040842113482595011e+01
1.687019000000000046e+00	3.945681154969405213e+01
1.692971000000000004e+00	3.902842614996707482e+01
1.698919000000000068e+00	3.879141677449602810e+01
1.704863000000000017e+00	3.972648713262499598e+01
1.710806999999999967e+00	4.003906239546837043e+01
1.716752999999999973e+00	4.130903632798846559e+01
1.722706999999999988e+00	4.293058062676880127e+01
1.728671999999999986e+00	4.500297216526032429e+01
1.734652000000000083e+00	4.580057535485458686e+01
1.740636000000000072e+00	4.768555881167758770e+01
1.746609000000000078e+00	4.909740786130879542e+01
1.752555000000000085e+00	5.098860564251473448e+01
1.758458000000000077e+00	5.184016779772466776e+01
1.764308999999999905e+00	5.345103660198756756e+01
1.770140999999999964e+00	5.506226003764123789e+01
1.776011999999999924e+00	5.548438461016524315e+01
1.781979999999999897e+00	5.658448014619933986e+01
1.788105000000000055e+00	5.712877280543605707e+01
1.794426999999999994e+00	5.740107270914594295e+01
1.800829000000000013e+00	5.772079127432195378e+01
1.807091999999999921e+00	5.685821127915569662e+01
1.813002000000000002e+00	5.705637953994966693e+01
1.818338000000000010e+00	5.581499721044299633e+01
1.822912000000000088e+00	5.516556897822901817e+01
1.826850000000000085e+00	5.557499756810112501e+01
1.830492000000000008e+00	5.578798252187213080e+01
1.834179999999999922e+00	5.695410516867367789e+01
1.838259000000000087e+00	5.822423169625847805e+01
1.843048000000000020e+00	6.149745852013272440e+01
1.848562000000000038e+00	6.584969456123752707e+01
1.854589999999999961e+00	6.932493617982130729e+01
1.860913000000000039e+00	7.380032834280625309e+01
1.867313999999999918e+00	7.692991134471195380e+01
1.873583999999999916e+00	7.877717787624399648e+01
1.879660000000000108e+00	7.903148872145399650e+01
1.885596000000000050e+00	7.863549925422914555e+01
1.891450999999999993e+00	7.764864461897175829e+01
1.897281999999999913e+00	7.479417130902760391e+01
1.903146999999999922e+00	7.188549818890221843e+01
1.909062999999999954e+00	7.017254203766026421e+01
1.915018000000000109e+00	6.780726482161777824e+01
1.920995999999999926e+00	6.662418358045546540e+01
1.926979999999999915e+00	6.715541497205551025e+01
1.932955999999999896e+00	6.914715513131778835e+01
1.938917999999999919e+00	7.313127154110925687e+01
1.944868999999999959e+00	7.833569916566922586e+01
1.950814000000000048e+00	8.175852526399323494e+01
1.956757999999999997e+00	8.531175437409379469e+01
1.962703000000000086e+00	8.549066094072151145e+01
1.968652000000000069e+00	8.405271361904142680e+01
1.974604000000000026e+00	7.927162434778095701e+01
1.980558000000000041e+00	7.477834067643735239e+01
1.986512000000000056e+00	6.883310881573346762e+01
1.992466000000000070e+00	6.438940904441537327e+01
1.998418000000000028e+00	5.895747554284309899e+01
2.004370000000000207e+00	5.495687817386910723e+01
2.010321999999999942e+00	5.123450205100898103e+01
2.016272999999999982e+00	4.866350978463382404e+01
2.022224000000000022e+00	4.716749735373652896e+01
2.028176000000000201e+00	4.626063297514716766e+01
2.034127999999999936e+00	4.499560077375283385e+01
2.040080000000000116e+00	4.557567202291329522e+01
2.046031999999999851e+00	4.588396423658971202e+01
2.051984000000000030e+00	4.692762102016819625e+01
2.057935000000000070e+00	4.725566170045301817e+01
2.063886999999999805e+00	4.784116407301876706e+01
2.069837999999999845e+00	4.834933097465517449e+01
2.075791000000000164e+00	4.849049240490437995e+01
2.081744000000000039e+00	4.854490709253023795e+01
2.087698000000000054e+00	4.751435868146588604e+01
2.093652000000000069e+00	4.600393392381651125e+01
2.099604999999999944e+00	4.396125072601078898e+01
2.105554999999999843e+00	4.240590107372112527e+01
2.111501000000000072e+00	4.062019863485264182e+01
2.117445000000000022e+00	3.892660350172363337e+01
2.123388999999999971e+00	3.757315690764426108e+01
2.129338000000000175e+00	3.556616224322847586e+01
2.135295999999999861e+00	3.304706788438811316e+01
2.141268000000000171e+00	3.159038187974891798e+01
2.147250999999999799e+00	3.131717226179666724e+01
2.153232000000000035e+00	3.082631796726043660e+01
2.159196000000000115e+00	2.928097357578720406e+01
2.165125000000000188e+00	2.990662700805735241e+01
2.171006000000000213e+00	3.023361120950659853e+01
2.176841000000000026e+00	3.048449544913291831e+01
2.182682999999999929e+00	3.149829401928287709e+01
2.188588999999999896e+00	3.207119642122318481e+01
2.194618000000000180e+00	3.354684645168350698e+01
2.200828000000000007e+00	3.420069922638655413e+01
2.207209999999999894e+00	3.502855327332326141e+01
2.213579000000000185e+00	3.535711759420635758e+01
2.219714999999999883e+00	3.614105407245891399e+01
2.225403000000000020e+00	3.674522633778188663e+01
2.230423000000000044e+00	3.645152051434047280e+01
2.234681000000000139e+00	3.642194713748140344e+01
2.238447999999999993e+00	3.566697999646196848e+01
2.242068000000000172e+00	3.577650338914410355e+01
2.245884000000000214e+00	3.482971440890311499e+01
2.250237999999999960e+00	3.463678875307498828e+01
2.255365999999999982e+00	3.388623127178149730e+01
2.261130000000000084e+00	3.416609862941040632e+01
2.267313000000000134e+00	3.341508673229679971e+01
2.273696000000000161e+00	3.354887300886196044e+01
2.280063999999999869e+00	3.282082300609776127e+01
2.286243999999999943e+00	3.227088432682469943e+01
2.292251999999999956e+00	3.124522575084810327e+01
2.298146000000000022e+00	3.102083851780015067e+01
2.303983000000000114e+00	3.087988160495837064e+01
2.309822000000000042e+00	3.096665092773194772e+01
2.315710999999999853e+00	3.127088126651422328e+01
2.321645999999999876e+00	3.245259022340170674e+01
2.327612999999999932e+00	3.403172511326198446e+01
2.333594999999999864e+00	3.484711578887606720e+01
2.339576999999999796e+00	3.569739362717349707e+01
2.345546999999999827e+00	3.636094041058456128e+01
2.351503999999999817e+00	3.612059257980619265e+01
2.357451999999999881e+00	3.553843408625144917e+01
2.363395999999999830e+00	3.517994402132385545e+01
2.369339000000000084e+00	3.471045003305611232e+01
2.375286000000000008e+00	3.458290834836137151e+01
2.381237000000000048e+00	3.401499443136001588e+01
2.387189999999999923e+00	3.340221102136886344e+01
2.393143999999999938e+00	3.323186396110627783e+01
2.399097999999999953e+00	3.235921295433816880e+01
2.405050999999999828e+00	3.130963205572048125e+01
2.411004000000000147e+00	3.024781712289571800e+01
2.416955999999999882e+00	2.868427932071676878e+01
2.422906999999999922e+00	2.843183767877172841e+01
2.428857999999999961e+00	2.791210806231567432e+01
2.434809000000000001e+00	2.856859716400986571e+01
2.440760000000000041e+00	2.947913285185197552e+01
2.446712000000000220e+00	3.170417060604825465e+01
2.452663999999999955e+00	3.393661993446342251e+01
2.458616999999999830e+00	3.672631875995367068e+01
2.464570999999999845e+00	3.966447225502788854e+01
2.470524999999999860e+00	4.174652206077706040e+01
2.476478000000000179e+00	4.362799442945819095e+01
2.482429999999999914e+00	4.556416161111161500e+01
2.488377999999999979e+00	4.498300286335746989e+01
2.494323000000000068e+00	4.426921838031267953e+01
2.500265999999999877e+00	4.183593450527619240e+01
2.506212000000000106e+00	3.973936424406704049e+01
2.512164999999999981e+00	3.614680190714696550e+01
2.518129000000000062e+00	3.417025406353194228e+01
2.524108000000000018e+00	3.327671544282981841e+01
2.530091999999999786e+00	3.206116776279191782e+01
2.536067000000000071e+00	3.218297293866869069e+01
2.542015999999999831e+00	3.267272339494510192e+01
2.547924000000000078e+00	3.217891145709086231e+01
2.553779000000000021e+00	3.183353379578198172e+01
2.559610000000000163e+00	3.121238480384872815e+01
2.565475000000000172e+00	3.216188214288629155e+01
2.571432000000000162e+00	3.151191362398824936e+01
2.577539999999999942e+00	3.208319456074177367e+01
2.583845999999999865e+00	3.481650260554842191e+01
2.590249000000000024e+00	3.868200874860340832e+01
2.596534000000000120e+00	4.199244309813207821e+01
2.602485000000000159e+00	4.494160787726710282e+01
2.607883000000000173e+00	4.824625664046575935e+01
2.612527000000000044e+00	4.883006556228615125e+01
2.616509000000000196e+00	4.785995704338696299e+01
2.620163999999999938e+00	4.550216637634304107e+01
2.623834000000000000e+00	4.258739023382693745e+01
2.627863000000000060e+00	3.861949088920215445e+01
2.632579999999999920e+00	3.559880016720605056e+01
2.638037000000000187e+00	3.118963281403712173e+01
2.644026000000000209e+00	2.837899547639069553e+01
2.650332000000000132e+00	2.462117345005692925e+01
2.656734000000000151e+00	2.242660811587612812e+01
2.663022999999999918e+00	1.997071527968461879e+01
2.669115000000000126e+00	1.727909819749070408e+01
2.675060999999999911e+00	1.620157012918481954e+01
2.680919999999999970e+00	1.636716677781930684e+01
2.686751000000000111e+00	1.726914265601064002e+01
2.692610999999999866e+00	2.069429981278284103e+01
2.698523999999999923e+00	2.468360901222584758e+01
2.704476000000000102e+00	3.001820448647912443e+01
2.710452000000000083e+00	3.506227566221335934e+01
2.716435999999999851e+00	3.779559740883122743e+01
2.722412999999999972e+00	3.878334526085079403e+01
2.728375999999999912e+00	3.680264524939294546e+01
2.734328000000000092e+00	3.286485616495340167e+01
2.740273999999999877e+00	2.776038244991590176e+01
2.746217000000000130e+00	2.333810423711876680e+01
2.752162000000000219e+00	1.841514195993661929e+01
2.758110999999999979e+00	1.527850071655065101e+01
2.764063000000000159e+00	1.307201350020320518e+01
2.770016000000000034e+00	1.230154256613291608e+01
2.775971000000000188e+00	1.111421450732962590e+01
2.781924000000000063e+00	1.066128368150670624e+01
2.787876999999999938e+00	1.035498883661689895e+01
2.793829000000000118e+00	1.143845936341931235e+01
2.799780999999999853e+00	1.246482968650200185e+01
2.805731999999999893e+00	1.428632816674224415e+01
2.811682999999999932e+00	1.685231780786232392e+01
2.817635000000000112e+00	2.088474817232268066e+01
2.823586999999999847e+00	2.414443378113971406e+01
2.829539000000000026e+00	2.770941945120296523e+01
2.835491000000000206e+00	2.992441331145828443e+01
2.841442999999999941e+00	3.016273667353993204e+01
2.847395000000000120e+00	2.861494296391058612e+01
2.853346999999999856e+00	2.499680494429679456e+01
2.859299000000000035e+00	2.181245906145882074e+01
2.865251000000000214e+00	1.784489671831778423e+01
2.871201999999999810e+00	1.411908594233963576e+01
2.877153999999999989e+00	1.176434109384622317e+01
2.883106000000000169e+00	9.972447071699333421e+00
2.889057999999999904e+00	8.571441702410732333e+00
2.895010000000000083e+00	7.326859430627340686e+00
2.900961999999999819e+00	6.566630366307525613e+00
2.906913999999999998e+00	5.366915816095849223e+00
2.912866000000000177e+00	4.517189223130817943e+00
2.918817999999999913e+00	5.354711550415151677e+00
2.924770000000000092e+00	7.055616662887476132e+00
2.930721000000000132e+00	1.101923276110353633e+01
2.936672999999999867e+00	1.569975794590664009e+01
2.942625000000000046e+00	2.190052386749295721e+01
2.948576999999999781e+00	2.828829448244195177e+01
2.954528999999999961e+00	3.348522063910051827e+01
2.960481000000000140e+00	3.656949479219297672e+01
2.966432999999999875e+00	3.751461726640538075e+01
2.972385000000000055e+00	3.558294412498933923e+01
2.978336999999999790e+00	3.223078733675462360e+01
2.984288999999999970e+00	2.709549247116802917e+01
2.990240000000000009e+00	2.257296421018568111e+01
2.996192000000000188e+00	1.741494467950641933e+01
3.002143999999999924e+00	1.320852240809923117e+01
3.008096000000000103e+00	1.086009099851244208e+01
3.014047999999999838e+00	9.293957998368824747e+00
3.020000000000000018e+00	1.121310381490020802e+01
