1.199999999999999956e-01	4.495838599168131111e+00
1.249780000000000058e-01	3.481084966159770921e+00
1.305999999999999939e-01	2.819507677321799299e+00
1.367059999999999942e-01	1.913449540027278406e+00
1.431360000000000132e-01	1.241961932483238273e+00
1.497320000000000040e-01	1.530453892780166081e+00
1.563350000000000017e-01	1.237688206707959981e+00
1.627850000000000130e-01	1.181171282525758315e+00
1.689219999999999888e-01	1.380968112648799373e+00
1.745889999999999942e-01	1.880067777150523867e+00
1.796250000000000069e-01	2.322372191554135323e+00
1.839349999999999874e-01	2.797167933217418412e+00
1.877439999999999942e-01	3.346275812148043372e+00
1.913779999999999926e-01	3.953724811147131923e+00
1.951660000000000061e-01	4.369092104654767716e+00
1.994340000000000002e-01	4.095220513249986816e+00
2.044499999999999929e-01	4.391721075282188025e+00
2.101250000000000062e-01	4.075409776816038665e+00
2.162479999999999958e-01	3.587078803442702135e+00
2.226049999999999973e-01	3.407494947355497850e+00
2.289819999999999911e-01	2.798264264713901994e+00
2.351930000000000132e-01	2.744237516408319255e+00
2.412249999999999950e-01	2.915014332755043736e+00
2.471349999999999936e-01	3.278081941932190269e+00
2.529799999999999827e-01	3.539350111520191966e+00
2.588170000000000193e-01	4.010369020299772380e+00
2.646970000000000156e-01	4.026008183505218163e+00
2.706259999999999777e-01	4.032391844866191732e+00
2.765880000000000005e-01	3.923185352855328212e+00
2.825679999999999858e-01	3.623149449464903249e+00
2.885510000000000019e-01	3.928330766001651320e+00
2.945229999999999793e-01	3.845295567213512289e+00
3.004809999999999981e-01	3.840603739412042916e+00
3.064310000000000089e-01	4.195256945783586211e+00
3.123750000000000138e-01	4.309854525365423683e+00
3.183190000000000186e-01	4.472487893069311049e+00
3.242650000000000254e-01	4.408978108022533426e+00
3.302149999999999808e-01	3.958441115581145198e+00
3.361680000000000224e-01	4.440020591443767373e+00
3.421210000000000084e-01	4.133791648568048593e+00
3.480759999999999965e-01	3.910352102127541141e+00
3.540289999999999826e-01	3.908839149064717411e+00
3.599809999999999954e-01	3.578676440013361937e+00
3.659330000000000083e-01	3.199892063325406877e+00
3.718839999999999923e-01	3.397441304700602682e+00
3.778360000000000052e-01	2.758463448052133948e+00
3.837869999999999893e-01	3.353708501716204715e+00
3.897390000000000021e-01	3.016471423671098329e+00
3.956910000000000149e-01	3.782705077181150344e+00
4.016429999999999723e-01	4.033877543224594575e+00
4.075949999999999851e-01	4.524751050723597068e+00
4.135469999999999979e-01	4.621118319924274687e+00
4.194979999999999820e-01	4.629221065852967776e+00
4.254499999999999948e-01	4.774047241727510382e+00
4.314009999999999789e-01	4.154559788720367131e+00
4.373540000000000205e-01	3.769536579765518702e+00
4.433079999999999798e-01	3.518220355220978757e+00
4.492619999999999947e-01	3.920891475423075700e+00
4.552160000000000095e-01	2.837168880139885996e+00
4.611680000000000224e-01	3.240176317246343363e+00
4.671170000000000044e-01	3.277762705999537562e+00
4.730619999999999825e-01	2.756549058821591291e+00
4.790059999999999873e-01	3.438097715567320023e+00
4.849510000000000209e-01	3.280555130923843432e+00
4.909020000000000050e-01	3.580682739757329536e+00
4.968629999999999991e-01	3.675415726858388243e+00
5.028390000000000359e-01	3.296245859235318321e+00
5.088230000000000253e-01	3.396778002698367160e+00
5.148009999999999531e-01	3.205789961368679108e+00
5.207570000000000254e-01	2.708777166640548462e+00
5.266750000000000043e-01	2.693206556219405190e+00
5.325410000000000421e-01	2.315870751864737453e+00
5.383719999999999617e-01	2.619323238266823672e+00
5.442249999999999588e-01	3.225101416254084086e+00
5.501580000000000359e-01	4.006499920865009834e+00
5.562289999999999734e-01	4.336836254786966549e+00
5.624930000000000208e-01	5.045444381722337113e+00
5.688929999999999820e-01	5.403217947064842264e+00
5.752220000000000111e-01	5.622009341650967329e+00
5.812610000000000277e-01	6.009876665778017824e+00
5.867949999999999555e-01	6.239415947149409725e+00
5.916080000000000227e-01	5.972138629192603965e+00
5.957040000000000113e-01	5.591776835097600262e+00
5.993990000000000151e-01	4.627810457703941616e+00
6.030370000000000452e-01	3.994813071712938868e+00
6.069609999999999728e-01	4.074828920979166824e+00
6.115110000000000268e-01	3.816180942647810603e+00
6.168270000000000142e-01	4.146455354566912277e+00
6.227219999999999978e-01	4.324875332174713094e+00
6.289789999999999548e-01	5.309911837192605510e+00
6.353790000000000271e-01	6.057922851905191308e+00
6.417070000000000274e-01	5.862007758294086379e+00
6.478369999999999962e-01	6.061676364932520933e+00
6.538089999999999735e-01	5.634466867672517587e+00
6.596819999999999906e-01	5.354217535157301811e+00
6.655140000000000500e-01	4.766887849229306973e+00
6.713630000000000431e-01	4.302807478235125771e+00
6.772660000000000347e-01	4.478040020393221354e+00
6.832110000000000127e-01	4.723479086603944666e+00
6.891829999999999901e-01	5.175251201983397387e+00
6.951669999999999794e-01	5.419631029150808743e+00
7.011469999999999647e-01	5.240518441269942151e+00
7.071119999999999628e-01	5.493003122582337916e+00
7.130670000000000064e-01	5.196644624847489347e+00
7.190130000000000132e-01	5.041224321910547701e+00
7.249569999999999625e-01	5.011075377637166817e+00
7.309010000000000229e-01	4.827234786973610525e+00
7.368489999999999762e-01	4.242962633316851750e+00
7.428000000000000158e-01	4.376854404275664301e+00
7.487530000000000019e-01	4.669106480055727815e+00
7.547080000000000455e-01	4.804734275697038370e+00
7.606619999999999493e-01	4.892057938875780998e+00
7.666140000000000176e-01	4.933894996100738339e+00
7.725670000000000037e-01	4.796824647589161827e+00
7.785180000000000433e-01	4.736297834120279049e+00
7.844689999999999719e-01	4.703546327529902094e+00
7.904210000000000402e-01	4.768210798783599103e+00
7.963729999999999976e-01	4.736277172146118097e+00
8.023249999999999549e-01	4.743599814077904320e+00
8.082770000000000232e-01	4.407741370479064891e+00
8.142289999999999806e-01	4.596892522178865015e+00
8.201800000000000201e-01	4.869035000461328089e+00
8.261319999999999775e-01	5.253093042363389920e+00
8.320830000000000171e-01	4.948489560219702987e+00
8.380349999999999744e-01	5.540313166208406415e+00
8.439870000000000427e-01	6.242582062201023518e+00
8.499400000000000288e-01	6.049155284352205619e+00
8.558940000000000436e-01	5.706749130805239822e+00
8.618479999999999475e-01	5.651059877974216938e+00
8.678010000000000446e-01	5.952686619392835610e+00
8.737519999999999731e-01	5.835739801221142997e+00
8.797000000000000375e-01	6.487397874870136860e+00
8.856439999999999868e-01	6.686950365420511133e+00
8.915870000000000184e-01	6.813977033973792174e+00
8.975349999999999717e-01	7.567828370883520783e+00
9.034900000000000153e-01	8.695545620972930934e+00
9.094569999999999599e-01	8.720694749536884061e+00
9.154379999999999740e-01	8.304968242328957473e+00
9.214210000000000456e-01	8.612188060859891081e+00
9.273909999999999654e-01	7.845885030396302362e+00
9.333329999999999682e-01	7.586188034280929138e+00
9.392300000000000093e-01	7.326040237702468261e+00
9.450749999999999984e-01	7.006060407921203215e+00
9.509090000000000042e-01	6.741282932700497277e+00
9.567890000000000006e-01	6.618294366609659640e+00
9.627750000000000474e-01	6.623580637488458933e+00
9.689229999999999787e-01	6.657100769402984675e+00
9.752680000000000238e-01	6.835365570563958215e+00
9.816639999999999810e-01	6.429097642311244698e+00
9.878930000000000211e-01	7.552037770966125052e+00
9.937399999999999567e-01	7.590455777788469582e+00
9.989850000000000119e-01	7.548762205980947826e+00
1.003457999999999961e+00	7.686800850663245477e+00
1.007338000000000067e+00	8.067834791337574529e+00
1.010966000000000031e+00	8.053976374883511369e+00
1.014685999999999977e+00	8.437026693341177719e+00
1.018841000000000108e+00	8.681951200176431627e+00
1.023735000000000062e+00	8.698076659711453829e+00
1.029328999999999938e+00	8.623382544577234299e+00
1.035408000000000106e+00	8.935254684963434002e+00
1.041754000000000069e+00	8.830804472597531429e+00
1.048148999999999997e+00	9.191679498824488093e+00
1.054391999999999996e+00	9.010455586685857554e+00
1.060446000000000000e+00	9.403104589689290194e+00
1.066368999999999900e+00	9.201912337331393132e+00
1.072216999999999976e+00	9.500349529435665019e+00
1.078049000000000035e+00	9.949389806374121292e+00
1.083920999999999912e+00	9.824525397632468682e+00
1.089842999999999895e+00	1.027910862396124614e+01
1.095801999999999943e+00	1.033518600046055624e+01
1.101780999999999899e+00	1.052967244616093900e+01
1.107765000000000111e+00	1.042497046039316722e+01
1.113739999999999952e+00	1.022039721937005474e+01
1.119699999999999918e+00	9.684488866426834264e+00
1.125650000000000039e+00	9.541155539137443853e+00
1.131594999999999906e+00	8.534733924825937734e+00
1.137537999999999938e+00	8.627149607665078435e+00
1.143483999999999945e+00	8.789473991544927145e+00
1.149432999999999927e+00	9.199648268628466852e+00
1.155386000000000024e+00	9.828981378725330842e+00
1.161338999999999899e+00	1.005966390538855393e+01
1.167294000000000054e+00	1.118993048161590131e+01
1.173246999999999929e+00	1.134825258388308100e+01
1.179200000000000026e+00	1.121157658225308573e+01
1.185151999999999983e+00	1.119435255681367281e+01
1.191103000000000023e+00	1.093063272597182412e+01
1.197054000000000062e+00	1.118514779276818061e+01
1.203006000000000020e+00	1.104776747897256328e+01
1.208957999999999977e+00	1.115707429251597915e+01
1.214909999999999934e+00	1.182434351995792632e+01
1.220861999999999892e+00	1.170596874865415060e+01
1.226814000000000071e+00	1.270133668440256258e+01
1.232765000000000111e+00	1.260809887301123311e+01
1.238717000000000068e+00	1.298238462383079472e+01
1.244668000000000108e+00	1.278927417978261971e+01
1.250620000000000065e+00	1.324390515363627863e+01
1.256572000000000022e+00	1.382232395291934601e+01
1.262526000000000037e+00	1.384134960839863204e+01
1.268480000000000052e+00	1.430805980129355248e+01
1.274434000000000067e+00	1.506697784143550223e+01
1.280386000000000024e+00	1.557532836014728517e+01
1.286335999999999924e+00	1.625439105374818638e+01
1.292281999999999931e+00	1.583735502240059745e+01
1.298224999999999962e+00	1.633710076194958560e+01
1.304170000000000051e+00	1.563101509015853274e+01
1.310119999999999951e+00	1.542239691687481873e+01
1.316079999999999917e+00	1.516167204548485081e+01
1.322052999999999923e+00	1.471079553437763821e+01
1.328036999999999912e+00	1.434247098345766069e+01
1.334017000000000008e+00	1.444750434137762696e+01
1.339976000000000056e+00	1.442053093007815079e+01
1.345900000000000096e+00	1.403416477300911325e+01
1.351774000000000031e+00	1.460648776003150218e+01
1.357607000000000008e+00	1.431336773095958748e+01
1.363453000000000026e+00	1.481051710617775541e+01
1.369372000000000034e+00	1.528186598061465773e+01
1.375421999999999922e+00	1.550524541097093234e+01
1.381658999999999970e+00	1.660917521574624800e+01
1.388052000000000064e+00	1.719634859629662316e+01
1.394403000000000059e+00	1.833688161905151048e+01
1.400492999999999988e+00	1.939931931756629524e+01
1.406104999999999938e+00	2.015188212733712447e+01
1.411021999999999998e+00	2.068890069591671121e+01
1.415195999999999898e+00	2.108617284778262402e+01
1.418924000000000074e+00	2.149854636187141921e+01
1.422549999999999981e+00	2.198968713470982550e+01
1.426417000000000046e+00	2.155455466775975282e+01
1.430868000000000029e+00	2.192427515099882740e+01
1.436091000000000006e+00	2.195217324190384289e+01
1.441923000000000066e+00	2.255509878527244538e+01
1.448144000000000098e+00	2.314699097631916302e+01
1.454538000000000109e+00	2.304878795856582840e+01
1.460887000000000047e+00	2.323342510869454358e+01
1.467041999999999957e+00	2.268368769277634556e+01
1.473030999999999979e+00	2.321390333762536784e+01
1.478914000000000062e+00	2.334618984817321419e+01
1.484749000000000096e+00	2.330053703601275217e+01
1.490591999999999917e+00	2.395790179418286314e+01
1.496488000000000040e+00	2.502066049291717675e+01
1.502428000000000097e+00	2.581219200772284594e+01
1.508397999999999906e+00	2.711008612785328964e+01
1.514380999999999977e+00	2.832709939650475661e+01
1.520361999999999991e+00	2.846129487262156843e+01
1.526329999999999965e+00	2.861329974398035958e+01
1.532284999999999897e+00	2.824054880548614932e+01
1.538232999999999961e+00	2.787792161806935454e+01
1.544175999999999993e+00	2.703939551548227271e+01
1.550119999999999942e+00	2.650925695673058158e+01
1.556068000000000007e+00	2.589406321475974337e+01
1.562019000000000046e+00	2.569244671841498828e+01
1.567971999999999921e+00	2.599818343124293563e+01
1.573925999999999936e+00	2.542189468029109634e+01
1.579879999999999951e+00	2.605533487113378754e+01
1.585833000000000048e+00	2.638873581593588824e+01
1.591785000000000005e+00	2.719895749199073975e+01
1.597736999999999963e+00	2.789727231589014877e+01
1.603688000000000002e+00	2.880457221753394847e+01
1.609639000000000042e+00	2.985172539026954297e+01
1.615590999999999999e+00	3.097496739476762784e+01
1.621542999999999957e+00	3.222069042252805815e+01
1.627494999999999914e+00	3.361615288468065188e+01
1.633447000000000093e+00	3.502989858154740688e+01
1.639399000000000051e+00	3.626458225507001742e+01
1.645350000000000090e+00	3.760450216814909652e+01
1.651302000000000048e+00	3.837184862872781110e+01
1.657253000000000087e+00	4.023466378059946180e+01
1.663205000000000044e+00	4.086674390771177912e+01
1.669157999999999920e+00	4.144879293784759255e+01
1.675111999999999934e+00	4.142780444648897742e+01
1.681065999999999949e+00	4.132919147244189162e+01
1.687019000000000046e+00	4.091610864053224361e+01
1.692971000000000004e+00	4.018221403351228105e+01
1.698919000000000068e+00	4.012195469241898849e+01
1.704863000000000017e+00	4.068871882204465606e+01
1.710806999999999967e+00	4.116187417276648830e+01
1.716752999999999973e+00	4.223667094266271249e+01
1.722706999999999988e+00	4.319406562212407863e+01
1.728671999999999986e+00	4.420218478549772811e+01
1.734652000000000083e+00	4.548212920193812892e+01
1.740636000000000072e+00	4.635609163817638745e+01
1.746609000000000078e+00	4.684602820356892749e+01
1.752555000000000085e+00	4.790299284933429647e+01
1.758458000000000077e+00	4.888855838979990409e+01
1.764308999999999905e+00	4.958502139048950852e+01
1.770140999999999964e+00	5.115113641606428274e+01
1.776011999999999924e+00	5.211421803496408245e+01
1.781979999999999897e+00	5.327265854924498001e+01
1.788105000000000055e+00	5.388969637859889161e+01
1.794426999999999994e+00	5.400656891111901814e+01
1.800829000000000013e+00	5.345224091205883354e+01
1.807091999999999921e+00	5.283485054387947599e+01
1.813002000000000002e+00	5.207616417198752146e+01
1.818338000000000010e+00	5.088471728956393747e+01
1.822912000000000088e+00	4.986947794715400306e+01
1.826850000000000085e+00	4.997304011359213405e+01
1.830492000000000008e+00	4.998438953478918734e+01
1.834179999999999922e+00	5.077531244449112791e+01
1.838259000000000087e+00	5.269926227785129669e+01
1.843048000000000020e+00	5.515877968221398930e+01
1.848562000000000038e+00	5.863478380650242627e+01
1.854589999999999961e+00	6.310838051634824808e+01
1.860913000000000039e+00	6.636293240998645615e+01
1.867313999999999918e+00	6.925410163982652989e+01
1.873583999999999916e+00	7.128039713020120871e+01
1.879660000000000108e+00	7.170820503402302393e+01
1.885596000000000050e+00	7.134515700861686582e+01
1.891450999999999993e+00	7.051111180909990139e+01
1.897281999999999913e+00	6.839394405411772482e+01
1.903146999999999922e+00	6.753251773276701897e+01
1.909062999999999954e+00	6.566147069372591716e+01
1.915018000000000109e+00	6.410585603883525607e+01
1.920995999999999926e+00	6.366898022669122525e+01
1.926979999999999915e+00	6.316001064319025460e+01
1.932955999999999896e+00	6.363144687628251717e+01
1.938917999999999919e+00	6.489848361435187485e+01
1.944868999999999959e+00	6.633254554049550222e+01
1.950814000000000048e+00	6.799697032433056165e+01
1.956757999999999997e+00	7.134594835862942830e+01
1.962703000000000086e+00	7.427263959449069830e+01
1.968652000000000069e+00	7.731018717464985457e+01
1.974604000000000026e+00	8.038361036697314432e+01
1.980558000000000041e+00	8.221876728225306863e+01
1.986512000000000056e+00	8.226385950791035384e+01
1.992466000000000070e+00	8.011655676686520167e+01
1.998418000000000028e+00	7.600205111944755743e+01
2.004370000000000207e+00	7.024351960976056830e+01
2.010321999999999942e+00	6.428169903178859101e+01
2.016272999999999982e+00	5.858679062058995868e+01
2.022224000000000022e+00	5.405520858450021393e+01
2.028176000000000201e+00	5.140341614895752542e+01
2.034127999999999936e+00	4.892849316743389210e+01
2.040080000000000116e+00	4.808362434090123827e+01
2.046031999999999851e+00	4.723054621242481943e+01
2.051984000000000030e+00	4.733917709927231243e+01
2.057935000000000070e+00	4.666498239797215319e+01
2.063886999999999805e+00	4.606856429975221801e+01
2.069837999999999845e+00	4.528633226436932802e+01
2.075791000000000164e+00	4.466094645460323420e+01
2.081744000000000039e+00	4.345290476591308249e+01
2.087698000000000054e+00	4.242324208332981073e+01
2.093652000000000069e+00	4.139195649912344521e+01
2.099604999999999944e+00	4.012141991956217879e+01
2.105554999999999843e+00	3.931149846033451212e+01
2.111501000000000072e+00	3.808573730796448586e+01
2.117445000000000022e+00	3.754574491230667377e+01
2.123388999999999971e+00	3.664180996745200503e+01
2.129338000000000175e+00	3.632295440836912093e+01
2.135295999999999861e+00	3.549012926927937173e+01
2.141268000000000171e+00	3.477424276835016315e+01
2.147250999999999799e+00	3.411118900441442037e+01
2.153232000000000035e+00	3.352404063192428652e+01
2.159196000000000115e+00	3.270354107492914153e+01
2.165125000000000188e+00	3.214357997765715425e+01
2.171006000000000213e+00	3.139899630517371065e+01
2.176841000000000026e+00	3.134729417464424728e+01
2.182682999999999929e+00	3.070196200641560580e+01
2.188588999999999896e+00	3.086146912962558275e+01
2.194618000000000180e+00	3.156459615250464168e+01
2.200828000000000007e+00	3.213539429587595464e+01
2.207209999999999894e+00	3.263615484015845425e+01
2.213579000000000185e+00	3.381514447606682694e+01
2.219714999999999883e+00	3.431861607975589834e+01
2.225403000000000020e+00	3.469908699758448023e+01
2.230423000000000044e+00	3.521779252431044682e+01
2.234681000000000139e+00	3.512603502873275119e+01
2.238447999999999993e+00	3.462192990661723258e+01
2.242068000000000172e+00	3.377865661342404024e+01
2.245884000000000214e+00	3.311091400220148273e+01
2.250237999999999960e+00	3.229466781015236876e+01
2.255365999999999982e+00	3.168118524787129431e+01
2.261130000000000084e+00	3.097679250409174045e+01
2.267313000000000134e+00	3.018291116099447180e+01
2.273696000000000161e+00	2.959729751366775830e+01
2.280063999999999869e+00	2.909194260315226899e+01
2.286243999999999943e+00	2.869605143580689699e+01
2.292251999999999956e+00	2.805314527264262381e+01
2.298146000000000022e+00	2.820987248917346335e+01
2.303983000000000114e+00	2.810195663824461931e+01
2.309822000000000042e+00	2.863050679280854283e+01
2.315710999999999853e+00	2.908921418137033754e+01
2.321645999999999876e+00	3.028735250508002252e+01
2.327612999999999932e+00	3.120842643107895853e+01
2.333594999999999864e+00	3.265725306819473417e+01
2.339576999999999796e+00	3.426057448439718200e+01
2.345546999999999827e+00	3.508388384495295043e+01
2.351503999999999817e+00	3.552527411826464743e+01
2.357451999999999881e+00	3.595406214090406394e+01
2.363395999999999830e+00	3.586868978650864648e+01
2.369339000000000084e+00	3.580023324951972086e+01
2.375286000000000008e+00	3.525884456524144639e+01
2.381237000000000048e+00	3.402357888503819794e+01
2.387189999999999923e+00	3.270058656596832236e+01
2.393143999999999938e+00	3.188028935870180547e+01
2.399097999999999953e+00	3.101796274307586998e+01
2.405050999999999828e+00	3.040440543568102072e+01
2.411004000000000147e+00	2.998572921035562189e+01
2.416955999999999882e+00	2.991127735299225421e+01
2.422906999999999922e+00	2.951928544624353634e+01
2.428857999999999961e+00	2.975929564096495383e+01
2.434809000000000001e+00	2.961059496858751316e+01
2.440760000000000041e+00	3.051601248659921239e+01
2.446712000000000220e+00	3.101570891731968160e+01
2.452663999999999955e+00	3.140877981182194034e+01
2.458616999999999830e+00	3.200475025135190066e+01
2.464570999999999845e+00	3.294797272474631455e+01
2.470524999999999860e+00	3.402219107580125979e+01
2.476478000000000179e+00	3.513010582001779625e+01
2.482429999999999914e+00	3.550594804817293237e+01
2.488377999999999979e+00	3.590586736044420491e+01
2.494323000000000068e+00	3.560931008335459325e+01
2.500265999999999877e+00	3.484883562010385560e+01
2.506212000000000106e+00	3.346718283932334259e+01
2.512164999999999981e+00	3.163233401617180363e+01
2.518129000000000062e+00	3.038514724450151405e+01
2.524108000000000018e+00	2.917498126954968640e+01
2.530091999999999786e+00	2.872922213619735388e+01
2.536067000000000071e+00	2.732641072925828851e+01
2.542015999999999831e+00	2.723618376045837763e+01
2.547924000000000078e+00	2.639479226427249969e+01
2.553779000000000021e+00	2.621642599197439338e+01
2.559610000000000163e+00	2.582468356940537646e+01
2.565475000000000172e+00	2.656969347861877040e+01
2.571432000000000162e+00	2.718955127546821515e+01
2.577539999999999942e+00	2.992029871907331184e+01
2.583845999999999865e+00	3.323247090860626685e+01
2.590249000000000024e+00	3.721002322020246567e+01
2.596534000000000120e+00	4.164189166810142240e+01
2.602485000000000159e+00	4.531634532434796370e+01
2.607883000000000173e+00	4.722693917663789875e+01
2.612527000000000044e+00	4.698511156899001406e+01
2.616509000000000196e+00	4.475182674941654426e+01
2.620163999999999938e+00	4.113235490933314509e+01
2.623834000000000000e+00	3.699362662406902302e+01
2.627863000000000060e+00	3.306883092178578210e+01
2.632579999999999920e+00	2.919930862247067083e+01
2.638037000000000187e+00	2.678073564754217273e+01
2.644026000000000209e+00	2.484462163075486885e+01
2.650332000000000132e+00	2.382966933788595298e+01
2.656734000000000151e+00	2.280759727823672378e+01
2.663022999999999918e+00	2.141958763387039966e+01
2.669115000000000126e+00	2.107820332374944883e+01
2.675060999999999911e+00	2.070279065909569027e+01
2.680919999999999970e+00	2.116463872571344496e+01
2.686751000000000111e+00	2.369631078285055636e+01
2.692610999999999866e+00	2.753534133980826226e+01
2.698523999999999923e+00	3.317499158520328706e+01
2.704476000000000102e+00	3.938287708199806048e+01
2.710452000000000083e+00	4.459515807429890089e+01
2.716435999999999851e+00	4.807187121085937775e+01
2.722412999999999972e+00	4.775190310904434909e+01
2.728375999999999912e+00	4.395501915516432945e+01
2.734328000000000092e+00	3.863919233505397699e+01
2.740273999999999877e+00	3.166095855627686007e+01
2.746217000000000130e+00	2.475913621489005934e+01
2.752162000000000219e+00	1.942400933140104158e+01
2.758110999999999979e+00	1.497104566391897329e+01
2.764063000000000159e+00	1.296390919331931357e+01
2.770016000000000034e+00	1.162328167229328990e+01
2.775971000000000188e+00	1.091589805206392505e+01
2.781924000000000063e+00	1.040728887637562750e+01
2.787876999999999938e+00	9.731593792331450388e+00
2.793829000000000118e+00	9.874548599398032422e+00
2.799780999999999853e+00	1.096920347684199371e+01
2.805731999999999893e+00	1.310266669824032526e+01
2.811682999999999932e+00	1.738265587260546496e+01
2.817635000000000112e+00	2.375810107932480619e+01
2.823586999999999847e+00	3.070892196728494383e+01
2.829539000000000026e+00	3.685685158028164921e+01
2.835491000000000206e+00	4.131557865246600159e+01
2.841442999999999941e+00	4.215094506286636999e+01
2.847395000000000120e+00	3.960733426579341199e+01
2.853346999999999856e+00	3.412024622388381800e+01
2.859299000000000035e+00	2.743424304367008304e+01
2.865251000000000214e+00	2.003878422964803718e+01
2.871201999999999810e+00	1.462502462706314788e+01
2.877153999999999989e+00	1.049263995687012851e+01
2.883106000000000169e+00	8.265077216028577922e+00
2.889057999999999904e+00	6.923145341246267570e+00
2.895010000000000083e+00	6.812639525503699112e+00
2.900961999999999819e+00	6.361670503973460455e+00
2.906913999999999998e+00	6.156749746785800781e+00
2.912866000000000177e+00	5.806879744698451695e+00
2.918817999999999913e+00	6.034575212358595842e+00
2.924770000000000092e+00	8.120877534708533574e+00
2.930721000000000132e+00	1.029806788584930644e+01
2.936672999999999867e+00	1.477798059770734440e+01
2.942625000000000046e+00	1.971036468371254813e+01
2.948576999999999781e+00	2.466427974219699237e+01
2.954528999999999961e+00	2.982246915026815870e+01
2.960481000000000140e+00	3.329820672251425862e+01
2.966432999999999875e+00	3.573853066533092715e+01
2.972385000000000055e+00	3.637703700568576437e+01
2.978336999999999790e+00	3.626524023178526335e+01
2.984288999999999970e+00	3.486009188452361229e+01
2.990240000000000009e+00	3.322989257443360600e+01
2.996192000000000188e+00	3.005469242703433252e+01
3.002143999999999924e+00	2.672369024991872521e+01
3.008096000000000103e+00	2.368628199122985833e+01
3.014047999999999838e+00	2.039231141724671303e+01
3.020000000000000018e+00	1.717349983144978154e+01
