1.199999999999999956e-01	5.988363014988697941e+00
1.249780000000000058e-01	5.339826204892030859e+00
1.305999999999999939e-01	4.013873957895373046e+00
1.367059999999999942e-01	3.673807049013617210e+00
1.431360000000000132e-01	2.992727328372907447e+00
1.497320000000000040e-01	2.317042110082797812e+00
1.563350000000000017e-01	2.204243905823451755e+00
1.627850000000000130e-01	2.648985091064465003e+00
1.689219999999999888e-01	2.322991901071500109e+00
1.745889999999999942e-01	2.600681633018670169e+00
1.796250000000000069e-01	2.571290502795221755e+00
1.839349999999999874e-01	2.804995944524047324e+00
1.877439999999999942e-01	3.538030076455458861e+00
1.913779999999999926e-01	4.054629314531514872e+00
1.951660000000000061e-01	4.389571445038311204e+00
1.994340000000000002e-01	4.414702941708002371e+00
2.044499999999999929e-01	4.254660042584316848e+00
2.101250000000000062e-01	3.645868032976703699e+00
2.162479999999999958e-01	3.123566881405875240e+00
2.226049999999999973e-01	2.484269234904973533e+00
2.289819999999999911e-01	1.920372232909728361e+00
2.351930000000000132e-01	1.484406483470721128e+00
2.412249999999999950e-01	1.582053469878838881e+00
2.471349999999999936e-01	1.983551221073279081e+00
2.529799999999999827e-01	2.007276881297701099e+00
2.588170000000000193e-01	2.538013885148687088e+00
2.646970000000000156e-01	2.310150664761010386e+00
2.706259999999999777e-01	2.439257923457726740e+00
2.765880000000000005e-01	2.249500833748089068e+00
2.825679999999999858e-01	2.892488693121496812e+00
2.885510000000000019e-01	3.004841822560821107e+00
2.945229999999999793e-01	3.522129814170164686e+00
3.004809999999999981e-01	3.986022590585926562e+00
3.064310000000000089e-01	4.172243200107260463e+00
3.123750000000000138e-01	4.713916786651084934e+00
3.183190000000000186e-01	4.809820548882082214e+00
3.242650000000000254e-01	4.034523806389599621e+00
3.302149999999999808e-01	3.542982872506875491e+00
3.361680000000000224e-01	2.153175205276311566e+00
3.421210000000000084e-01	1.051610752749993161e+00
3.480759999999999965e-01	6.580736200693897420e-01
3.540289999999999826e-01	1.027654603811963829e+00
3.599809999999999954e-01	1.795160581384284360e+00
3.659330000000000083e-01	2.649909013951174952e+00
3.718839999999999923e-01	4.001846266974151689e+00
3.778360000000000052e-01	4.374227219974592629e+00
3.837869999999999893e-01	4.702041101361161601e+00
3.897390000000000021e-01	4.394310125495646702e+00
3.956910000000000149e-01	3.823882666108318507e+00
4.016429999999999723e-01	3.257830594621093923e+00
4.075949999999999851e-01	2.408695736109624619e+00
4.135469999999999979e-01	2.451995760425909943e+00
4.194979999999999820e-01	2.632943767040652361e+00
4.254499999999999948e-01	1.997450282634921859e+00
4.314009999999999789e-01	2.470094764744579674e+00
4.373540000000000205e-01	2.983688536141706038e+00
4.433079999999999798e-01	3.157567881484875105e+00
4.492619999999999947e-01	4.183270743098677080e+00
4.552160000000000095e-01	4.056387333602905265e+00
4.611680000000000224e-01	4.069740807754580914e+00
4.671170000000000044e-01	3.943407864317418632e+00
4.730619999999999825e-01	4.395167515900250343e+00
4.790059999999999873e-01	4.114456384953994572e+00
4.849510000000000209e-01	4.302234778892623623e+00
4.909020000000000050e-01	4.442282791637939710e+00
4.968629999999999991e-01	4.774043597129953298e+00
5.028390000000000359e-01	4.738236331191505002e+00
5.088230000000000253e-01	4.550270992427703831e+00
5.148009999999999531e-01	4.203773900213376713e+00
5.207570000000000254e-01	4.543955421930835570e+00
5.266750000000000043e-01	4.651505429730533159e+00
5.325410000000000421e-01	4.445049086572542052e+00
5.383719999999999617e-01	4.597165032115113625e+00
5.442249999999999588e-01	4.850123300555039485e+00
5.501580000000000359e-01	4.960097753065193515e+00
5.562289999999999734e-01	4.538560613973777080e+00
5.624930000000000208e-01	4.971070825510687463e+00
5.688929999999999820e-01	4.624333361558175426e+00
5.752220000000000111e-01	4.512463341699449515e+00
5.812610000000000277e-01	4.563233351188426212e+00
5.867949999999999555e-01	4.353538292878777582e+00
5.916080000000000227e-01	4.256622605463709519e+00
5.957040000000000113e-01	4.495479475180572670e+00
5.993990000000000151e-01	4.427111307328962297e+00
6.030370000000000452e-01	3.921144990183282886e+00
6.069609999999999728e-01	4.356121257407830072e+00
6.115110000000000268e-01	4.266927700870053464e+00
6.168270000000000142e-01	4.225187437431674908e+00
6.227219999999999978e-01	4.354196390505417291e+00
6.289789999999999548e-01	4.531460528260234710e+00
6.353790000000000271e-01	4.532170943170759969e+00
6.417070000000000274e-01	4.754286810776860328e+00
6.478369999999999962e-01	5.165987945119034919e+00
6.538089999999999735e-01	4.674011575354662718e+00
6.596819999999999906e-01	5.586605025728967888e+00
6.655140000000000500e-01	4.918697392145431557e+00
6.713630000000000431e-01	4.992032878587770561e+00
6.772660000000000347e-01	5.321188484037764788e+00
6.832110000000000127e-01	5.166175174635496248e+00
6.891829999999999901e-01	5.549048299145317387e+00
6.951669999999999794e-01	5.323163393668494336e+00
7.011469999999999647e-01	5.269643455774018825e+00
7.071119999999999628e-01	5.524128366146856983e+00
7.130670000000000064e-01	5.747982391143695580e+00
7.190130000000000132e-01	6.007775855618122662e+00
7.249569999999999625e-01	6.655156203833542783e+00
7.309010000000000229e-01	6.971147250152934127e+00
7.368489999999999762e-01	7.220079856828786724e+00
7.428000000000000158e-01	7.749217642266799544e+00
7.487530000000000019e-01	8.488617526954573833e+00
7.547080000000000455e-01	8.977152205232190596e+00
7.606619999999999493e-01	8.852265959594976863e+00
7.666140000000000176e-01	8.963879581747180580e+00
7.725670000000000037e-01	8.774611646347397098e+00
7.785180000000000433e-01	9.108553690635014632e+00
7.844689999999999719e-01	8.801220909819758020e+00
7.904210000000000402e-01	7.700995441927542373e+00
7.963729999999999976e-01	7.516099992728697110e+00
8.023249999999999549e-01	6.805943872288070295e+00
8.082770000000000232e-01	6.452848086648586445e+00
8.142289999999999806e-01	6.443717147565434900e+00
8.201800000000000201e-01	6.473436251872513481e+00
8.261319999999999775e-01	6.786761750307812591e+00
8.320830000000000171e-01	7.191089558910684687e+00
8.380349999999999744e-01	7.465885123377987931e+00
8.439870000000000427e-01	7.634614793049467885e+00
8.499400000000000288e-01	7.745491340469492059e+00
8.558940000000000436e-01	7.560699708459949875e+00
8.618479999999999475e-01	6.605441801435446791e+00
8.678010000000000446e-01	5.898338046638226473e+00
8.737519999999999731e-01	5.401559115582903914e+00
8.797000000000000375e-01	5.048818751398626681e+00
8.856439999999999868e-01	4.594242685894430522e+00
8.915870000000000184e-01	5.684439020251386587e+00
8.975349999999999717e-01	5.673500302836226084e+00
9.034900000000000153e-01	6.602844077161189595e+00
9.094569999999999599e-01	6.856198137257305092e+00
9.154379999999999740e-01	7.227316020728417278e+00
9.214210000000000456e-01	7.470264349930759273e+00
9.273909999999999654e-01	7.368773249603114195e+00
9.333329999999999682e-01	7.614719414137419484e+00
9.392300000000000093e-01	7.703771036373517234e+00
9.450749999999999984e-01	7.691804960886265086e+00
9.509090000000000042e-01	7.702184051854628066e+00
9.567890000000000006e-01	7.781964346867019877e+00
9.627750000000000474e-01	7.596209967719892653e+00
9.689229999999999787e-01	8.023627029538330291e+00
9.752680000000000238e-01	7.642404010537603654e+00
9.816639999999999810e-01	8.195084957866132669e+00
9.878930000000000211e-01	8.090639620262237486e+00
9.937399999999999567e-01	8.704109321548903822e+00
9.989850000000000119e-01	8.291983309751305598e+00
1.003457999999999961e+00	8.764666698538601253e+00
1.007338000000000067e+00	8.767607073932634165e+00
1.010966000000000031e+00	8.262633689549707228e+00
1.014685999999999977e+00	8.666031668602547811e+00
1.018841000000000108e+00	8.702738412958924030e+00
1.023735000000000062e+00	8.668679108559405933e+00
1.029328999999999938e+00	8.935537768605010811e+00
1.035408000000000106e+00	9.573273288141617599e+00
1.041754000000000069e+00	9.900355305045712484e+00
1.048148999999999997e+00	1.032939577526288133e+01
1.054391999999999996e+00	1.020910440665040220e+01
1.060446000000000000e+00	9.712869771779121919e+00
1.066368999999999900e+00	1.022319421388223759e+01
1.072216999999999976e+00	9.989973029472135835e+00
1.078049000000000035e+00	9.877840323824653268e+00
1.083920999999999912e+00	1.084116464180396378e+01
1.089842999999999895e+00	1.111216944561756215e+01
1.095801999999999943e+00	1.170597871181955973e+01
1.101780999999999899e+00	1.220800082434046452e+01
1.107765000000000111e+00	1.320263087212835984e+01
1.113739999999999952e+00	1.259473377228828284e+01
1.119699999999999918e+00	1.278143078079083850e+01
1.125650000000000039e+00	1.227072985167436769e+01
1.131594999999999906e+00	1.187861327887167384e+01
1.137537999999999938e+00	1.184836583327529524e+01
1.143483999999999945e+00	1.181722267405178606e+01
1.149432999999999927e+00	1.202539073445631601e+01
1.155386000000000024e+00	1.211193232037659406e+01
1.161338999999999899e+00	1.273488024337976832e+01
1.167294000000000054e+00	1.316585740730258891e+01
1.173246999999999929e+00	1.350749996271463615e+01
1.179200000000000026e+00	1.359491943045611428e+01
1.185151999999999983e+00	1.271446111168865123e+01
1.191103000000000023e+00	1.291640664043840125e+01
1.197054000000000062e+00	1.234450873388998282e+01
1.203006000000000020e+00	1.164864702912123562e+01
1.208957999999999977e+00	1.095676586131143715e+01
1.214909999999999934e+00	1.067626294060108094e+01
1.220861999999999892e+00	1.023799769320011244e+01
1.226814000000000071e+00	1.012160481805518053e+01
1.232765000000000111e+00	1.060795482215864816e+01
1.238717000000000068e+00	1.108295163360673108e+01
1.244668000000000108e+00	1.179508354143125537e+01
1.250620000000000065e+00	1.316086149687692952e+01
1.256572000000000022e+00	1.366364702649410390e+01
1.262526000000000037e+00	1.446556665212771087e+01
1.268480000000000052e+00	1.467968518969388825e+01
1.274434000000000067e+00	1.479238598008319627e+01
1.280386000000000024e+00	1.463180889814636920e+01
1.286335999999999924e+00	1.486333225065002139e+01
1.292281999999999931e+00	1.500318862726511071e+01
1.298224999999999962e+00	1.502832778446733464e+01
1.304170000000000051e+00	1.621579017802319811e+01
1.310119999999999951e+00	1.671559211363917541e+01
1.316079999999999917e+00	1.698408556441615147e+01
1.322052999999999923e+00	1.711086839533752624e+01
1.328036999999999912e+00	1.708010976739151943e+01
1.334017000000000008e+00	1.663584828200914245e+01
1.339976000000000056e+00	1.611631895893743760e+01
1.345900000000000096e+00	1.561314159354183850e+01
1.351774000000000031e+00	1.551528414007524859e+01
1.357607000000000008e+00	1.601007157126078084e+01
1.363453000000000026e+00	1.661065479450257243e+01
1.369372000000000034e+00	1.810160283721869945e+01
1.375421999999999922e+00	1.858725754995337098e+01
1.381658999999999970e+00	1.923063607082858439e+01
1.388052000000000064e+00	2.030456675673612565e+01
1.394403000000000059e+00	2.086524397035316625e+01
1.400492999999999988e+00	2.120032474648721887e+01
1.406104999999999938e+00	2.144226800438925551e+01
1.411021999999999998e+00	2.202200474924997309e+01
1.415195999999999898e+00	2.188915474911359382e+01
1.418924000000000074e+00	2.227967984230566856e+01
1.422549999999999981e+00	2.240218138314611807e+01
1.426417000000000046e+00	2.263818291501286595e+01
1.430868000000000029e+00	2.230426264981548456e+01
1.436091000000000006e+00	2.265551609901352137e+01
1.441923000000000066e+00	2.227756961878635522e+01
1.448144000000000098e+00	2.243617597007402509e+01
1.454538000000000109e+00	2.207321754990997320e+01
1.460887000000000047e+00	2.230217482146063546e+01
1.467041999999999957e+00	2.295103928104605018e+01
1.473030999999999979e+00	2.396626562804507543e+01
1.478914000000000062e+00	2.514596562580437933e+01
1.484749000000000096e+00	2.607811342308228930e+01
1.490591999999999917e+00	2.657597932861278878e+01
1.496488000000000040e+00	2.689953851389043749e+01
1.502428000000000097e+00	2.761386747758497862e+01
1.508397999999999906e+00	2.750021992399674886e+01
1.514380999999999977e+00	2.777363954295804760e+01
1.520361999999999991e+00	2.783589584087396318e+01
1.526329999999999965e+00	2.815740715835180197e+01
1.532284999999999897e+00	2.877842352468403675e+01
1.538232999999999961e+00	2.893980802257502916e+01
1.544175999999999993e+00	2.888422118634220581e+01
1.550119999999999942e+00	2.871001007184044695e+01
1.556068000000000007e+00	2.765164633028882335e+01
1.562019000000000046e+00	2.711622749561357537e+01
1.567971999999999921e+00	2.658437711527381353e+01
1.573925999999999936e+00	2.615427775912604957e+01
1.579879999999999951e+00	2.576250212670395356e+01
1.585833000000000048e+00	2.621982837193838378e+01
1.591785000000000005e+00	2.695196991071893322e+01
1.597736999999999963e+00	2.758156582745047913e+01
1.603688000000000002e+00	2.862943128422547545e+01
1.609639000000000042e+00	2.949102447073839528e+01
1.615590999999999999e+00	3.025438968952689578e+01
1.621542999999999957e+00	3.136265760182524787e+01
1.627494999999999914e+00	3.181067484512736954e+01
1.633447000000000093e+00	3.225553405668271978e+01
1.639399000000000051e+00	3.349335356597485003e+01
1.645350000000000090e+00	3.461010246531110823e+01
1.651302000000000048e+00	3.593180857277666718e+01
1.657253000000000087e+00	3.748394479843899774e+01
1.663205000000000044e+00	3.913677064911459524e+01
1.669157999999999920e+00	4.018859421322438408e+01
1.675111999999999934e+00	4.143398953571021792e+01
1.681065999999999949e+00	4.133413436832325516e+01
1.687019000000000046e+00	4.175828280242049573e+01
1.692971000000000004e+00	4.158613710015705323e+01
1.698919000000000068e+00	4.139445112002716343e+01
1.704863000000000017e+00	4.158803499505016532e+01
1.710806999999999967e+00	4.195188951887465834e+01
1.716752999999999973e+00	4.238815885604073230e+01
1.722706999999999988e+00	4.298991880064178872e+01
1.728671999999999986e+00	4.397601017010700986e+01
1.734652000000000083e+00	4.487817655738367506e+01
1.740636000000000072e+00	4.638186967328944377e+01
1.746609000000000078e+00	4.764631693194858286e+01
1.752555000000000085e+00	4.891317921177234496e+01
1.758458000000000077e+00	5.003082523814414628e+01
1.764308999999999905e+00	5.117183710465510416e+01
1.770140999999999964e+00	5.225906821651560108e+01
1.776011999999999924e+00	5.284246415081187820e+01
1.781979999999999897e+00	5.309534146134962640e+01
1.788105000000000055e+00	5.309292106579375314e+01
1.794426999999999994e+00	5.278509836949919531e+01
1.800829000000000013e+00	5.258599353815517929e+01
1.807091999999999921e+00	5.216576765342884414e+01
1.813002000000000002e+00	5.142328352007199754e+01
1.818338000000000010e+00	5.085141957988711425e+01
1.822912000000000088e+00	5.027215547838235921e+01
1.826850000000000085e+00	5.043340123966458322e+01
1.830492000000000008e+00	5.090449336454499019e+01
1.834179999999999922e+00	5.230203520402171335e+01
1.838259000000000087e+00	5.419050637072331256e+01
1.843048000000000020e+00	5.663492235844516642e+01
1.848562000000000038e+00	6.007875857371950445e+01
1.854589999999999961e+00	6.373274961910873060e+01
1.860913000000000039e+00	6.670875519133007003e+01
1.867313999999999918e+00	6.967831408806965499e+01
1.873583999999999916e+00	7.197001907726810543e+01
1.879660000000000108e+00	7.231749777103459564e+01
1.885596000000000050e+00	7.226317685146169367e+01
1.891450999999999993e+00	7.167213731531712995e+01
1.897281999999999913e+00	7.016189088892770087e+01
1.903146999999999922e+00	6.861820642151425886e+01
1.909062999999999954e+00	6.624699560784387131e+01
1.915018000000000109e+00	6.430055629901255543e+01
1.920995999999999926e+00	6.229875015033436370e+01
1.926979999999999915e+00	6.153775639148922494e+01
1.932955999999999896e+00	6.199027164457604044e+01
1.938917999999999919e+00	6.277563955240916727e+01
1.944868999999999959e+00	6.496309668495202061e+01
1.950814000000000048e+00	6.804072945348586643e+01
1.956757999999999997e+00	7.109871573058401850e+01
1.962703000000000086e+00	7.426534663235864286e+01
1.968652000000000069e+00	7.744834990345084691e+01
1.974604000000000026e+00	8.074091546696350008e+01
1.980558000000000041e+00	8.242240636443627011e+01
1.986512000000000056e+00	8.252423053870006697e+01
1.992466000000000070e+00	8.060923428805010360e+01
1.998418000000000028e+00	7.638241155582311137e+01
2.004370000000000207e+00	7.124836936723013991e+01
2.010321999999999942e+00	6.545713856823209653e+01
2.016272999999999982e+00	5.944568562145376234e+01
2.022224000000000022e+00	5.496003660690244885e+01
2.028176000000000201e+00	5.130016620133848448e+01
2.034127999999999936e+00	4.958834704536144500e+01
2.040080000000000116e+00	4.864756040341446663e+01
2.046031999999999851e+00	4.785622220200900756e+01
2.051984000000000030e+00	4.691167329722766510e+01
2.057935000000000070e+00	4.678307618953103031e+01
2.063886999999999805e+00	4.605829437966031747e+01
2.069837999999999845e+00	4.518652876920968708e+01
2.075791000000000164e+00	4.476302372717716338e+01
2.081744000000000039e+00	4.369610108839957974e+01
2.087698000000000054e+00	4.282198797476932128e+01
2.093652000000000069e+00	4.200821029533765483e+01
2.099604999999999944e+00	4.083883533249080244e+01
2.105554999999999843e+00	3.987755874318285976e+01
2.111501000000000072e+00	3.848903502818037481e+01
2.117445000000000022e+00	3.711710904247485843e+01
2.123388999999999971e+00	3.574646015885902983e+01
2.129338000000000175e+00	3.412387321282131580e+01
2.135295999999999861e+00	3.253552878296157758e+01
2.141268000000000171e+00	3.121522289690768304e+01
2.147250999999999799e+00	3.061169390088191733e+01
2.153232000000000035e+00	2.989202069195280487e+01
2.159196000000000115e+00	2.917148469632590491e+01
2.165125000000000188e+00	2.980926468683429675e+01
2.171006000000000213e+00	3.008051502622204865e+01
2.176841000000000026e+00	3.094709846711808510e+01
2.182682999999999929e+00	3.140371725135342018e+01
2.188588999999999896e+00	3.233175197529260458e+01
2.194618000000000180e+00	3.331424736504994399e+01
2.200828000000000007e+00	3.435974986372842466e+01
2.207209999999999894e+00	3.515779105101462676e+01
2.213579000000000185e+00	3.566581046598825822e+01
2.219714999999999883e+00	3.535704932712949500e+01
2.225403000000000020e+00	3.541267706992778130e+01
2.230423000000000044e+00	3.541822156932208543e+01
2.234681000000000139e+00	3.531116090766985138e+01
2.238447999999999993e+00	3.486018667216193023e+01
2.242068000000000172e+00	3.403695819971809300e+01
2.245884000000000214e+00	3.310385117710816161e+01
2.250237999999999960e+00	3.281877396543527681e+01
2.255365999999999982e+00	3.199065411588843233e+01
2.261130000000000084e+00	3.169332812730273119e+01
2.267313000000000134e+00	3.115615234448603132e+01
2.273696000000000161e+00	3.046231534115147355e+01
2.280063999999999869e+00	3.007427994419998996e+01
2.286243999999999943e+00	2.896217016637785235e+01
2.292251999999999956e+00	2.871642679300734713e+01
2.298146000000000022e+00	2.851308908530162967e+01
2.303983000000000114e+00	2.812402255490540526e+01
2.309822000000000042e+00	2.797864324022568994e+01
2.315710999999999853e+00	2.820664574412418446e+01
2.321645999999999876e+00	2.892999969864443344e+01
2.327612999999999932e+00	2.970035449073758471e+01
2.333594999999999864e+00	3.072417200686805572e+01
2.339576999999999796e+00	3.189025348465527188e+01
2.345546999999999827e+00	3.300453427985468835e+01
2.351503999999999817e+00	3.352144968623260723e+01
2.357451999999999881e+00	3.377550046245102777e+01
2.363395999999999830e+00	3.441422262634171858e+01
2.369339000000000084e+00	3.441458317253550092e+01
2.375286000000000008e+00	3.468296224675670913e+01
2.381237000000000048e+00	3.375488185954377229e+01
2.387189999999999923e+00	3.288673356744474319e+01
2.393143999999999938e+00	3.199761624744559541e+01
2.399097999999999953e+00	3.104425577011787851e+01
2.405050999999999828e+00	3.050534422689923275e+01
2.411004000000000147e+00	3.018547820660671732e+01
2.416955999999999882e+00	2.968126546023950851e+01
2.422906999999999922e+00	2.958362216356735175e+01
2.428857999999999961e+00	2.962084650751815218e+01
2.434809000000000001e+00	2.974541990184354745e+01
2.440760000000000041e+00	3.044140405863240062e+01
2.446712000000000220e+00	3.127674427409613145e+01
2.452663999999999955e+00	3.234319598563828180e+01
2.458616999999999830e+00	3.294652598560632839e+01
2.464570999999999845e+00	3.451374667560803999e+01
2.470524999999999860e+00	3.510843275154203980e+01
2.476478000000000179e+00	3.583536178369161007e+01
2.482429999999999914e+00	3.647870486298689485e+01
2.488377999999999979e+00	3.631370050505009317e+01
2.494323000000000068e+00	3.548134273193988975e+01
2.500265999999999877e+00	3.443164858563409325e+01
2.506212000000000106e+00	3.284611347918956170e+01
2.512164999999999981e+00	3.163747353836174270e+01
2.518129000000000062e+00	3.049611330236637485e+01
2.524108000000000018e+00	2.954025832236109395e+01
2.530091999999999786e+00	2.908688102323102598e+01
2.536067000000000071e+00	2.907619791264847464e+01
2.542015999999999831e+00	2.934689824276661696e+01
2.547924000000000078e+00	2.965241191933119325e+01
2.553779000000000021e+00	2.932633228008688064e+01
2.559610000000000163e+00	2.882372819288224974e+01
2.565475000000000172e+00	2.912609114830448220e+01
2.571432000000000162e+00	2.999600035521131502e+01
2.577539999999999942e+00	3.098578326751851364e+01
2.583845999999999865e+00	3.351996880665164014e+01
2.590249000000000024e+00	3.667552864695013426e+01
2.596534000000000120e+00	4.006019453707560274e+01
2.602485000000000159e+00	4.305243572813579078e+01
2.607883000000000173e+00	4.499246823591802524e+01
2.612527000000000044e+00	4.514233569136876412e+01
2.616509000000000196e+00	4.273613949608339624e+01
2.620163999999999938e+00	3.995584791304725059e+01
2.623834000000000000e+00	3.614894667585240029e+01
2.627863000000000060e+00	3.242796043118248406e+01
2.632579999999999920e+00	2.928950522902091080e+01
2.638037000000000187e+00	2.719632069875315494e+01
2.644026000000000209e+00	2.563901394024916414e+01
2.650332000000000132e+00	2.428894668154632797e+01
2.656734000000000151e+00	2.346966746804084636e+01
2.663022999999999918e+00	2.289308026601857904e+01
2.669115000000000126e+00	2.255689936701742226e+01
2.675060999999999911e+00	2.265722815046480676e+01
2.680919999999999970e+00	2.378245868115399375e+01
2.686751000000000111e+00	2.615601852077813305e+01
2.692610999999999866e+00	2.994355570416378498e+01
2.698523999999999923e+00	3.425942479770389326e+01
2.704476000000000102e+00	4.063258775560627356e+01
2.710452000000000083e+00	4.428763893694876685e+01
2.716435999999999851e+00	4.751388200800284523e+01
2.722412999999999972e+00	4.716239156285006118e+01
2.728375999999999912e+00	4.370304527379278881e+01
2.734328000000000092e+00	3.865508803308283348e+01
2.740273999999999877e+00	3.223029435688712141e+01
2.746217000000000130e+00	2.566406802518912045e+01
2.752162000000000219e+00	2.061278721672385217e+01
2.758110999999999979e+00	1.687263678546304746e+01
2.764063000000000159e+00	1.373181786597069376e+01
2.770016000000000034e+00	1.195278205013991624e+01
2.775971000000000188e+00	1.051079789491141803e+01
2.781924000000000063e+00	1.010366783042759664e+01
2.787876999999999938e+00	8.943182108374047701e+00
2.793829000000000118e+00	8.299043853090788403e+00
2.799780999999999853e+00	9.595480543520997330e+00
2.805731999999999893e+00	1.168734858796256759e+01
2.811682999999999932e+00	1.640918047171480509e+01
2.817635000000000112e+00	2.307132288198186387e+01
2.823586999999999847e+00	3.064259356277355906e+01
2.829539000000000026e+00	3.800317968904646193e+01
2.835491000000000206e+00	4.262711267289154193e+01
2.841442999999999941e+00	4.308404489460752274e+01
2.847395000000000120e+00	3.962247924029364299e+01
2.853346999999999856e+00	3.268097815312094667e+01
2.859299000000000035e+00	2.522887332926701021e+01
2.865251000000000214e+00	1.772168052203092614e+01
2.871201999999999810e+00	1.150955733730059372e+01
2.877153999999999989e+00	8.246763969003357175e+00
2.883106000000000169e+00	6.685058794526269388e+00
2.889057999999999904e+00	6.464471412370761172e+00
2.895010000000000083e+00	7.621191290881466074e+00
2.900961999999999819e+00	7.792197402612692336e+00
2.906913999999999998e+00	7.905562966831500837e+00
2.912866000000000177e+00	7.729569306117515026e+00
2.918817999999999913e+00	8.145453856696700967e+00
2.924770000000000092e+00	9.197990810458794186e+00
2.930721000000000132e+00	1.185127159796240193e+01
2.936672999999999867e+00	1.599825711414887408e+01
2.942625000000000046e+00	2.093863321310772463e+01
2.948576999999999781e+00	2.603324835543807225e+01
2.954528999999999961e+00	3.082378479187947562e+01
2.960481000000000140e+00	3.461267031388685211e+01
2.966432999999999875e+00	3.634564553151267319e+01
2.972385000000000055e+00	3.691556491177374255e+01
2.978336999999999790e+00	3.617957120792657832e+01
2.984288999999999970e+00	3.423935588986656597e+01
2.990240000000000009e+00	3.200291942731815453e+01
2.996192000000000188e+00	2.899282634103757772e+01
3.002143999999999924e+00	2.612202448153238876e+01
3.008096000000000103e+00	2.313742599696666602e+01
3.014047999999999838e+00	2.107298306623300022e+01
3.020000000000000018e+00	1.978138389615675052e+01
