1.199999999999999956e-01	4.229952597689129234e+00
1.249780000000000058e-01	3.913975508500497913e+00
1.305999999999999939e-01	3.340968979224367974e+00
1.367059999999999942e-01	2.941786226988362785e+00
1.431360000000000132e-01	2.590737554892122763e+00
1.497320000000000040e-01	2.032581953440036671e+00
1.563350000000000017e-01	2.195738891537490467e+00
1.627850000000000130e-01	2.014030560581336893e+00
1.689219999999999888e-01	2.373493653976853857e+00
1.745889999999999942e-01	2.006080630154419620e+00
1.796250000000000069e-01	1.622224741381821600e+00
1.839349999999999874e-01	2.012800101638941186e+00
1.877439999999999942e-01	1.919845844067684881e+00
1.913779999999999926e-01	1.722700707642351059e+00
1.951660000000000061e-01	2.016132201804651913e+00
1.994340000000000002e-01	1.685467813418859206e+00
2.044499999999999929e-01	1.993131293666715376e+00
2.101250000000000062e-01	1.515808053505955044e+00
2.162479999999999958e-01	1.915464787862420248e+00
2.226049999999999973e-01	2.198262105617178275e+00
2.289819999999999911e-01	2.125359196171286769e+00
2.351930000000000132e-01	2.316821278293184516e+00
2.412249999999999950e-01	2.344331006720175470e+00
2.471349999999999936e-01	2.369597866261093699e+00
2.529799999999999827e-01	2.262013286138585766e+00
2.588170000000000193e-01	2.328137502554442850e+00
2.646970000000000156e-01	2.391996063959462404e+00
2.706259999999999777e-01	2.502035302054026911e+00
2.765880000000000005e-01	2.738749102424176129e+00
2.825679999999999858e-01	2.458849362078912026e+00
2.885510000000000019e-01	2.737055878755584093e+00
2.945229999999999793e-01	2.532589313770703399e+00
3.004809999999999981e-01	2.527146025918297401e+00
3.064310000000000089e-01	2.261185054809253359e+00
3.123750000000000138e-01	2.394665119312747503e+00
3.183190000000000186e-01	2.769274091837801599e+00
3.242650000000000254e-01	2.269090197597180225e+00
3.302149999999999808e-01	2.629427443669030584e+00
3.361680000000000224e-01	2.768949908443284258e+00
3.421210000000000084e-01	2.813093501211706204e+00
3.480759999999999965e-01	2.568250536242873139e+00
3.540289999999999826e-01	2.593396768533473562e+00
3.599809999999999954e-01	2.487171298176114043e+00
3.659330000000000083e-01	2.655986155667071635e+00
3.718839999999999923e-01	2.574834681651420265e+00
3.778360000000000052e-01	2.340613452687270168e+00
3.837869999999999893e-01	2.786568788564836474e+00
3.897390000000000021e-01	2.259790146491718499e+00
3.956910000000000149e-01	2.795786218347807051e+00
4.016429999999999723e-01	2.662696522410155087e+00
4.075949999999999851e-01	2.507222283945226504e+00
4.135469999999999979e-01	2.590593034034191167e+00
4.194979999999999820e-01	2.549648556264956678e+00
4.254499999999999948e-01	2.730784940225765567e+00
4.314009999999999789e-01	2.634782989976968803e+00
4.373540000000000205e-01	2.367024113610834313e+00
4.433079999999999798e-01	2.769436857342454150e+00
4.492619999999999947e-01	2.530482429849062243e+00
4.552160000000000095e-01	2.409341559833670932e+00
4.611680000000000224e-01	2.281381655855610813e+00
4.671170000000000044e-01	2.438583769558043013e+00
4.730619999999999825e-01	2.564283556729742397e+00
4.790059999999999873e-01	2.378571384266375155e+00
4.849510000000000209e-01	2.692664636505425424e+00
4.909020000000000050e-01	2.553508213286527884e+00
4.968629999999999991e-01	2.718635227696964751e+00
5.028390000000000359e-01	2.926470948725472976e+00
5.088230000000000253e-01	3.335514718721567462e+00
5.148009999999999531e-01	3.187044732996768381e+00
5.207570000000000254e-01	3.168727015261490365e+00
5.266750000000000043e-01	3.351132232184958148e+00
5.325410000000000421e-01	3.656484213980307985e+00
5.383719999999999617e-01	3.653092979159453080e+00
5.442249999999999588e-01	3.366613410397181205e+00
5.501580000000000359e-01	3.490785801271817590e+00
5.562289999999999734e-01	3.105850352205635989e+00
5.624930000000000208e-01	2.979662724292281073e+00
5.688929999999999820e-01	2.909021185450818336e+00
5.752220000000000111e-01	3.326413179794574404e+00
5.812610000000000277e-01	3.002519309310212492e+00
5.867949999999999555e-01	3.209182895602565200e+00
5.916080000000000227e-01	3.027245820904286955e+00
5.957040000000000113e-01	2.853072319925806788e+00
5.993990000000000151e-01	3.143585786418465755e+00
6.030370000000000452e-01	3.038168619290247729e+00
6.069609999999999728e-01	3.341783594839697002e+00
6.115110000000000268e-01	3.321662089834428677e+00
6.168270000000000142e-01	3.599446543743344051e+00
6.227219999999999978e-01	3.955539706974192882e+00
6.289789999999999548e-01	3.568743264915043678e+00
6.353790000000000271e-01	4.181692334895060092e+00
6.417070000000000274e-01	3.900112703953309889e+00
6.478369999999999962e-01	3.814176381992712805e+00
6.538089999999999735e-01	4.048961139337805548e+00
6.596819999999999906e-01	3.979891011181466709e+00
6.655140000000000500e-01	4.273445030555269142e+00
6.713630000000000431e-01	4.294886877415862614e+00
6.772660000000000347e-01	4.348742153617262574e+00
6.832110000000000127e-01	4.099448924666044825e+00
6.891829999999999901e-01	3.863637577967959036e+00
6.951669999999999794e-01	3.924989962938479682e+00
7.011469999999999647e-01	4.299125018131577214e+00
7.071119999999999628e-01	4.236469095235648297e+00
7.130670000000000064e-01	4.115457368216704381e+00
7.190130000000000132e-01	4.312562376934782726e+00
7.249569999999999625e-01	4.640532491513321922e+00
7.309010000000000229e-01	3.976404413965060947e+00
7.368489999999999762e-01	4.303430528567036895e+00
7.428000000000000158e-01	4.129141770887184038e+00
7.487530000000000019e-01	4.711992137567822425e+00
7.547080000000000455e-01	4.759408988815487795e+00
7.606619999999999493e-01	4.778193480135131566e+00
7.666140000000000176e-01	4.974356953296314110e+00
7.725670000000000037e-01	5.199426742648766364e+00
7.785180000000000433e-01	4.930743125391178872e+00
7.844689999999999719e-01	4.941261132544100043e+00
7.904210000000000402e-01	5.365300638892526841e+00
7.963729999999999976e-01	5.261395362811331466e+00
8.023249999999999549e-01	5.145816924717180996e+00
8.082770000000000232e-01	5.126330458798948442e+00
8.142289999999999806e-01	5.131124623899602000e+00
8.201800000000000201e-01	5.385339022963203881e+00
8.261319999999999775e-01	4.851286443081640698e+00
8.320830000000000171e-01	5.275896521555128338e+00
8.380349999999999744e-01	5.056289873137359336e+00
8.439870000000000427e-01	5.513175978439253555e+00
8.499400000000000288e-01	5.253159974291178536e+00
8.558940000000000436e-01	5.537611485100177866e+00
8.618479999999999475e-01	5.753040238803683870e+00
8.678010000000000446e-01	5.598302142364332212e+00
8.737519999999999731e-01	5.852078385179932063e+00
8.797000000000000375e-01	5.744958397154848129e+00
8.856439999999999868e-01	5.942627794293823484e+00
8.915870000000000184e-01	5.918610696138817850e+00
8.975349999999999717e-01	6.145205489714487435e+00
9.034900000000000153e-01	6.290805992132794344e+00
9.094569999999999599e-01	6.564149213222176371e+00
9.154379999999999740e-01	6.251493781036400854e+00
9.214210000000000456e-01	6.629507998370839594e+00
9.273909999999999654e-01	6.561835299309851877e+00
9.333329999999999682e-01	6.590969067312521190e+00
9.392300000000000093e-01	6.961280441514655415e+00
9.450749999999999984e-01	6.648121628076633094e+00
9.509090000000000042e-01	6.425985904343597177e+00
9.567890000000000006e-01	6.588844807346085908e+00
9.627750000000000474e-01	6.464147036843544747e+00
9.689229999999999787e-01	6.529090136718400217e+00
9.752680000000000238e-01	6.699090312430401539e+00
9.816639999999999810e-01	6.978261934712713277e+00
9.878930000000000211e-01	6.747185302689471698e+00
9.937399999999999567e-01	7.055336682090604938e+00
9.989850000000000119e-01	7.253104679518409981e+00
1.003457999999999961e+00	7.291992157973028910e+00
1.007338000000000067e+00	7.331810603607640253e+00
1.010966000000000031e+00	7.538476799208137180e+00
1.014685999999999977e+00	7.910620100436650759e+00
1.018841000000000108e+00	7.858957534707196046e+00
1.023735000000000062e+00	8.490926513254967389e+00
1.029328999999999938e+00	8.365895693806043809e+00
1.035408000000000106e+00	8.208335714487498436e+00
1.041754000000000069e+00	8.161960234795220259e+00
1.048148999999999997e+00	8.223565695273634901e+00
1.054391999999999996e+00	8.685384487933895059e+00
1.060446000000000000e+00	8.704878412622834460e+00
1.066368999999999900e+00	9.113420826218996851e+00
1.072216999999999976e+00	8.643537224607507952e+00
1.078049000000000035e+00	8.834119434769723611e+00
1.083920999999999912e+00	8.942876922205398316e+00
1.089842999999999895e+00	8.930448704055244491e+00
1.095801999999999943e+00	8.757851876697573701e+00
1.101780999999999899e+00	8.727248973692674383e+00
1.107765000000000111e+00	8.788504823338326943e+00
1.113739999999999952e+00	8.881346768934687219e+00
1.119699999999999918e+00	9.560292460073361198e+00
1.125650000000000039e+00	9.762856697410009943e+00
1.131594999999999906e+00	1.036018808153531978e+01
1.137537999999999938e+00	9.743183476375866903e+00
1.143483999999999945e+00	1.026015466242006013e+01
1.149432999999999927e+00	1.034714020413054136e+01
1.155386000000000024e+00	1.082808276127473945e+01
1.161338999999999899e+00	1.031588165579309013e+01
1.167294000000000054e+00	1.073493608506135288e+01
1.173246999999999929e+00	1.090043403689129597e+01
1.179200000000000026e+00	1.102375891277053377e+01
1.185151999999999983e+00	1.078791814641417446e+01
1.191103000000000023e+00	1.096185979828934620e+01
1.197054000000000062e+00	1.102693579147446457e+01
1.203006000000000020e+00	1.075401742088884305e+01
1.208957999999999977e+00	1.119765100345576947e+01
1.214909999999999934e+00	1.032891087994048718e+01
1.220861999999999892e+00	1.107081454452534608e+01
1.226814000000000071e+00	1.062226850459867755e+01
1.232765000000000111e+00	1.091482005987625925e+01
1.238717000000000068e+00	1.148727961238219031e+01
1.244668000000000108e+00	1.141098653253764184e+01
1.250620000000000065e+00	1.157725198776305930e+01
1.256572000000000022e+00	1.189491034466014519e+01
1.262526000000000037e+00	1.230061925465363615e+01
1.268480000000000052e+00	1.307658661501302433e+01
1.274434000000000067e+00	1.316980856902400632e+01
1.280386000000000024e+00	1.319837370645188557e+01
1.286335999999999924e+00	1.393487976011940610e+01
1.292281999999999931e+00	1.419444269258974956e+01
1.298224999999999962e+00	1.442835392004044870e+01
1.304170000000000051e+00	1.400502581636709287e+01
1.310119999999999951e+00	1.438186886199587811e+01
1.316079999999999917e+00	1.463845205848483921e+01
1.322052999999999923e+00	1.426395610638527423e+01
1.328036999999999912e+00	1.469220870163716697e+01
1.334017000000000008e+00	1.484180838435526972e+01
1.339976000000000056e+00	1.474503717016483684e+01
1.345900000000000096e+00	1.502852914629069403e+01
1.351774000000000031e+00	1.522223654369964052e+01
1.357607000000000008e+00	1.553334894213613815e+01
1.363453000000000026e+00	1.597332496289919490e+01
1.369372000000000034e+00	1.614241950804231962e+01
1.375421999999999922e+00	1.650112517477878527e+01
1.381658999999999970e+00	1.722216314291485872e+01
1.388052000000000064e+00	1.747535773425671835e+01
1.394403000000000059e+00	1.811232788030106278e+01
1.400492999999999988e+00	1.862077139678287097e+01
1.406104999999999938e+00	1.911067804831717254e+01
1.411021999999999998e+00	1.965020779928135042e+01
1.415195999999999898e+00	2.031867846830607860e+01
1.418924000000000074e+00	2.096248549439416919e+01
1.422549999999999981e+00	2.121436210950340850e+01
1.426417000000000046e+00	2.180739583081342658e+01
1.430868000000000029e+00	2.178657175127567669e+01
1.436091000000000006e+00	2.216337647856038373e+01
1.441923000000000066e+00	2.194445866092467057e+01
1.448144000000000098e+00	2.256307264911389510e+01
1.454538000000000109e+00	2.284896546198068989e+01
1.460887000000000047e+00	2.326153425478439729e+01
1.467041999999999957e+00	2.293309696175101209e+01
1.473030999999999979e+00	2.353699475478977376e+01
1.478914000000000062e+00	2.385273144916509835e+01
1.484749000000000096e+00	2.432590028417601502e+01
1.490591999999999917e+00	2.490356388276177668e+01
1.496488000000000040e+00	2.525992586285246944e+01
1.502428000000000097e+00	2.557888543654277314e+01
1.508397999999999906e+00	2.653635252281316070e+01
1.514380999999999977e+00	2.713269584378096155e+01
1.520361999999999991e+00	2.709490062713821956e+01
1.526329999999999965e+00	2.718192359824148951e+01
1.532284999999999897e+00	2.734458536356994784e+01
1.538232999999999961e+00	2.711715323777195152e+01
1.544175999999999993e+00	2.746227127213289521e+01
1.550119999999999942e+00	2.731869250614143141e+01
1.556068000000000007e+00	2.633273505662220515e+01
1.562019000000000046e+00	2.647637473936346453e+01
1.567971999999999921e+00	2.617826334540868771e+01
1.573925999999999936e+00	2.607401187188503044e+01
1.579879999999999951e+00	2.591608547562551834e+01
1.585833000000000048e+00	2.608404178602353340e+01
1.591785000000000005e+00	2.613886139869057601e+01
1.597736999999999963e+00	2.649320273806634773e+01
1.603688000000000002e+00	2.699151214853929659e+01
1.609639000000000042e+00	2.780278762766878131e+01
1.615590999999999999e+00	2.855502958377523726e+01
1.621542999999999957e+00	2.992619677533388511e+01
1.627494999999999914e+00	3.123018148700055718e+01
1.633447000000000093e+00	3.201419793624332755e+01
1.639399000000000051e+00	3.377512811987244135e+01
1.645350000000000090e+00	3.471907166389070909e+01
1.651302000000000048e+00	3.588603543906449289e+01
1.657253000000000087e+00	3.693945991845188814e+01
1.663205000000000044e+00	3.797077936576002344e+01
1.669157999999999920e+00	3.844589346618680992e+01
1.675111999999999934e+00	3.910460679101473147e+01
1.681065999999999949e+00	3.943475035580328125e+01
1.687019000000000046e+00	3.970145512617036587e+01
1.692971000000000004e+00	3.974264816600972239e+01
1.698919000000000068e+00	3.961655617858083644e+01
1.704863000000000017e+00	4.020425705129147076e+01
1.710806999999999967e+00	4.040059325272967072e+01
1.716752999999999973e+00	4.062718411948056030e+01
1.722706999999999988e+00	4.153355855978456646e+01
1.728671999999999986e+00	4.199401767072593117e+01
1.734652000000000083e+00	4.344100874654346001e+01
1.740636000000000072e+00	4.468952503676369048e+01
1.746609000000000078e+00	4.658010468673054305e+01
1.752555000000000085e+00	4.790626714644098172e+01
1.758458000000000077e+00	4.992403873968036976e+01
1.764308999999999905e+00	5.104104001966036464e+01
1.770140999999999964e+00	5.284776858516814713e+01
1.776011999999999924e+00	5.412412856373172332e+01
1.781979999999999897e+00	5.490596723275005786e+01
1.788105000000000055e+00	5.529928324777887383e+01
1.794426999999999994e+00	5.554247518532158523e+01
1.800829000000000013e+00	5.543160180359765832e+01
1.807091999999999921e+00	5.453658042694053876e+01
1.813002000000000002e+00	5.372387964021925910e+01
1.818338000000000010e+00	5.389949019332075153e+01
1.822912000000000088e+00	5.316422457939776791e+01
1.826850000000000085e+00	5.255732248713326982e+01
1.830492000000000008e+00	5.316761664275069421e+01
1.834179999999999922e+00	5.405998029372134539e+01
1.838259000000000087e+00	5.595478302001866666e+01
1.843048000000000020e+00	5.924701834971645553e+01
1.848562000000000038e+00	6.378761229943703626e+01
1.854589999999999961e+00	6.769652870795631827e+01
1.860913000000000039e+00	7.232427459780686263e+01
1.867313999999999918e+00	7.550941832332243564e+01
1.873583999999999916e+00	7.751996060725309690e+01
1.879660000000000108e+00	7.822411861064884420e+01
1.885596000000000050e+00	7.740230436400476322e+01
1.891450999999999993e+00	7.635234367257665156e+01
1.897281999999999913e+00	7.335210783927335854e+01
1.903146999999999922e+00	7.119132077362905875e+01
1.909062999999999954e+00	6.816772424680429765e+01
1.915018000000000109e+00	6.655584692505841815e+01
1.920995999999999926e+00	6.505046173911901519e+01
1.926979999999999915e+00	6.591183555133250138e+01
1.932955999999999896e+00	6.849211317041768154e+01
1.938917999999999919e+00	7.357046966070141991e+01
1.944868999999999959e+00	7.903603256263227195e+01
1.950814000000000048e+00	8.358361872033428597e+01
1.956757999999999997e+00	8.727498115246105215e+01
1.962703000000000086e+00	8.727841958279830692e+01
1.968652000000000069e+00	8.496329681742547280e+01
1.974604000000000026e+00	8.040225211122006499e+01
1.980558000000000041e+00	7.414213211167972872e+01
1.986512000000000056e+00	6.778952771802256905e+01
1.992466000000000070e+00	6.225753628171663934e+01
1.998418000000000028e+00	5.841083996230575082e+01
2.004370000000000207e+00	5.473010427922792331e+01
2.010321999999999942e+00	5.165350816074856510e+01
2.016272999999999982e+00	4.981624838051472892e+01
2.022224000000000022e+00	4.798143338575786743e+01
2.028176000000000201e+00	4.668174188923472911e+01
2.034127999999999936e+00	4.581789178480963187e+01
2.040080000000000116e+00	4.478461902277853568e+01
2.046031999999999851e+00	4.439285005254423311e+01
2.051984000000000030e+00	4.441277690224135455e+01
2.057935000000000070e+00	4.475727107176371788e+01
2.063886999999999805e+00	4.476592370988986147e+01
2.069837999999999845e+00	4.520941063929299730e+01
2.075791000000000164e+00	4.551279154788822723e+01
2.081744000000000039e+00	4.517586997505659951e+01
2.087698000000000054e+00	4.455532278647209665e+01
2.093652000000000069e+00	4.361294588089810986e+01
2.099604999999999944e+00	4.249131651984984615e+01
2.105554999999999843e+00	4.107206104570278882e+01
2.111501000000000072e+00	4.011449884662395249e+01
2.117445000000000022e+00	3.821187034075956035e+01
2.123388999999999971e+00	3.675951572303462456e+01
2.129338000000000175e+00	3.569267420930578538e+01
2.135295999999999861e+00	3.441237500014772621e+01
2.141268000000000171e+00	3.348909882041089503e+01
2.147250999999999799e+00	3.239374908890434313e+01
2.153232000000000035e+00	3.196092974657809194e+01
2.159196000000000115e+00	3.130381407190663268e+01
2.165125000000000188e+00	3.073043413222677245e+01
2.171006000000000213e+00	3.069000218854149509e+01
2.176841000000000026e+00	3.079439575490786041e+01
2.182682999999999929e+00	3.112108945432935059e+01
2.188588999999999896e+00	3.156598771899901479e+01
2.194618000000000180e+00	3.171838445182956789e+01
2.200828000000000007e+00	3.231301477387395948e+01
2.207209999999999894e+00	3.329222482454157728e+01
2.213579000000000185e+00	3.351461201663747147e+01
2.219714999999999883e+00	3.397592904317026097e+01
2.225403000000000020e+00	3.450959732283681092e+01
2.230423000000000044e+00	3.446504351520965059e+01
2.234681000000000139e+00	3.436781387241683206e+01
2.238447999999999993e+00	3.417664843500353555e+01
2.242068000000000172e+00	3.342626560405009428e+01
2.245884000000000214e+00	3.282749954874040554e+01
2.250237999999999960e+00	3.213877321120157404e+01
2.255365999999999982e+00	3.111954263708365076e+01
2.261130000000000084e+00	3.040612718457491326e+01
2.267313000000000134e+00	3.028037489300658081e+01
2.273696000000000161e+00	2.973470168245054523e+01
2.280063999999999869e+00	2.950530198680962712e+01
2.286243999999999943e+00	2.930352863906120575e+01
2.292251999999999956e+00	2.906668003691176594e+01
2.298146000000000022e+00	2.932424583169315468e+01
2.303983000000000114e+00	2.991588948760183087e+01
2.309822000000000042e+00	3.040761706105472939e+01
2.315710999999999853e+00	3.118088194612566255e+01
2.321645999999999876e+00	3.225109198125774412e+01
2.327612999999999932e+00	3.311408808982322682e+01
2.333594999999999864e+00	3.373416434637064754e+01
2.339576999999999796e+00	3.443907611792263168e+01
2.345546999999999827e+00	3.509552056103803608e+01
2.351503999999999817e+00	3.506252402194421336e+01
2.357451999999999881e+00	3.485972353170049587e+01
2.363395999999999830e+00	3.423195349130676135e+01
2.369339000000000084e+00	3.391559958287525234e+01
2.375286000000000008e+00	3.303410018758293631e+01
2.381237000000000048e+00	3.256061911524170682e+01
2.387189999999999923e+00	3.132766733852987073e+01
2.393143999999999938e+00	3.041620940524097350e+01
2.399097999999999953e+00	2.946661730613551811e+01
2.405050999999999828e+00	2.900795939466838291e+01
2.411004000000000147e+00	2.866807988164276111e+01
2.416955999999999882e+00	2.873160976252729526e+01
2.422906999999999922e+00	2.865965143111853308e+01
2.428857999999999961e+00	2.892517848262971469e+01
2.434809000000000001e+00	2.926529547949863286e+01
2.440760000000000041e+00	3.044365970986279990e+01
2.446712000000000220e+00	3.140345780913845886e+01
2.452663999999999955e+00	3.235370684079370562e+01
2.458616999999999830e+00	3.427431710458439795e+01
2.464570999999999845e+00	3.622991811441895749e+01
2.470524999999999860e+00	3.774291706176860117e+01
2.476478000000000179e+00	3.986312528813498091e+01
2.482429999999999914e+00	4.095518771019410309e+01
2.488377999999999979e+00	4.169238984446290885e+01
2.494323000000000068e+00	4.190563569208616457e+01
2.500265999999999877e+00	4.120395070630584655e+01
2.506212000000000106e+00	3.948114088964747026e+01
2.512164999999999981e+00	3.779334951585556723e+01
2.518129000000000062e+00	3.582931634994592685e+01
2.524108000000000018e+00	3.382224576735267618e+01
2.530091999999999786e+00	3.221003368185157711e+01
2.536067000000000071e+00	3.073244811180208202e+01
2.542015999999999831e+00	2.940968149666908360e+01
2.547924000000000078e+00	2.844710260629046061e+01
2.553779000000000021e+00	2.802575352483145821e+01
2.559610000000000163e+00	2.754345888767455719e+01
2.565475000000000172e+00	2.720580981824454980e+01
2.571432000000000162e+00	2.829695682550083546e+01
2.577539999999999942e+00	2.998934892834101262e+01
2.583845999999999865e+00	3.341466795615029639e+01
2.590249000000000024e+00	3.651860434739371897e+01
2.596534000000000120e+00	4.103255336976833689e+01
2.602485000000000159e+00	4.411892227597873983e+01
2.607883000000000173e+00	4.651891732837749771e+01
2.612527000000000044e+00	4.677763347637554858e+01
2.616509000000000196e+00	4.592223837430275069e+01
2.620163999999999938e+00	4.374398430244001190e+01
2.623834000000000000e+00	4.033328475775559241e+01
2.627863000000000060e+00	3.700062190288733177e+01
2.632579999999999920e+00	3.310837825544192725e+01
2.638037000000000187e+00	2.959798984867780902e+01
2.644026000000000209e+00	2.556028042965613878e+01
2.650332000000000132e+00	2.274917828306212897e+01
2.656734000000000151e+00	1.936228832197529925e+01
2.663022999999999918e+00	1.697881186087299099e+01
2.669115000000000126e+00	1.487568976036260793e+01
2.675060999999999911e+00	1.374296346630357668e+01
2.680919999999999970e+00	1.397311525103597596e+01
2.686751000000000111e+00	1.526635303856112813e+01
2.692610999999999866e+00	1.826013377979662877e+01
2.698523999999999923e+00	2.253625665843808434e+01
2.704476000000000102e+00	2.704849513282466233e+01
2.710452000000000083e+00	3.137195099207405846e+01
2.716435999999999851e+00	3.383981657603131765e+01
2.722412999999999972e+00	3.469777160958832241e+01
2.728375999999999912e+00	3.266179617617338238e+01
2.734328000000000092e+00	2.950754807238273614e+01
2.740273999999999877e+00	2.492563819039853712e+01
2.746217000000000130e+00	2.054177618842813047e+01
2.752162000000000219e+00	1.664656633557451570e+01
2.758110999999999979e+00	1.326716267729099918e+01
2.764063000000000159e+00	1.136591173636577601e+01
2.770016000000000034e+00	9.578019728040628067e+00
2.775971000000000188e+00	8.886453221915406431e+00
2.781924000000000063e+00	8.397041722846902090e+00
2.787876999999999938e+00	8.216858735180741391e+00
2.793829000000000118e+00	8.591202992858974596e+00
2.799780999999999853e+00	9.751289964343529348e+00
2.805731999999999893e+00	1.161137725936599630e+01
2.811682999999999932e+00	1.537109192829142934e+01
2.817635000000000112e+00	1.959495315521352410e+01
2.823586999999999847e+00	2.413360916728593963e+01
2.829539000000000026e+00	2.833134963297683129e+01
2.835491000000000206e+00	3.141154271463912195e+01
2.841442999999999941e+00	3.198837822760659932e+01
2.847395000000000120e+00	3.056197313469966304e+01
2.853346999999999856e+00	2.701474357170129537e+01
2.859299000000000035e+00	2.262930742438605947e+01
2.865251000000000214e+00	1.785619631735017876e+01
2.871201999999999810e+00	1.332468727321078994e+01
2.877153999999999989e+00	1.001974432947816318e+01
2.883106000000000169e+00	8.015873197054586896e+00
2.889057999999999904e+00	5.865136295034421465e+00
2.895010000000000083e+00	4.491354257098623570e+00
2.900961999999999819e+00	3.313203336610273997e+00
2.906913999999999998e+00	2.259654962741458384e+00
2.912866000000000177e+00	1.842296256120620424e+00
2.918817999999999913e+00	2.659881733172253515e+00
2.924770000000000092e+00	4.653315051729625118e+00
2.930721000000000132e+00	7.970626136308429643e+00
2.936672999999999867e+00	1.374875773114903232e+01
2.942625000000000046e+00	1.970815735501225063e+01
2.948576999999999781e+00	2.610115723275925959e+01
2.954528999999999961e+00	3.127563027020943309e+01
2.960481000000000140e+00	3.421763533536620372e+01
2.966432999999999875e+00	3.496892314651763911e+01
2.972385000000000055e+00	3.275752465463448004e+01
2.978336999999999790e+00	2.924163309587870074e+01
2.984288999999999970e+00	2.434224806591317858e+01
2.990240000000000009e+00	1.960871667453989176e+01
2.996192000000000188e+00	1.501516050717648909e+01
3.002143999999999924e+00	1.021829787208459095e+01
3.008096000000000103e+00	8.288226418353518810e+00
3.014047999999999838e+00	7.598980123846683199e+00
3.020000000000000018e+00	9.594528918547092999e+00
