1.199999999999999956e-01	6.818295183584522690e+00
1.249780000000000058e-01	5.427139892511650743e+00
1.305999999999999939e-01	2.984487254014354551e+00
1.367059999999999942e-01	3.479713730609990563e+00
1.431360000000000132e-01	2.918949832227549557e+00
1.497320000000000040e-01	2.652246056415354492e+00
1.563350000000000017e-01	3.883478779903623668e+00
1.627850000000000130e-01	3.676919082869801070e+00
1.689219999999999888e-01	4.264382772827866042e+00
1.745889999999999942e-01	4.800685073725452945e+00
1.796250000000000069e-01	5.430136343809939703e+00
1.839349999999999874e-01	4.492814755064686416e+00
1.877439999999999942e-01	3.878426132314272134e+00
1.913779999999999926e-01	3.413420321202112806e+00
1.951660000000000061e-01	1.675321505938623945e+00
1.994340000000000002e-01	2.356229970728506373e+00
2.044499999999999929e-01	2.095940983522763368e+00
2.101250000000000062e-01	2.369446234095207160e+00
2.162479999999999958e-01	2.795638853420604253e+00
2.226049999999999973e-01	3.973253405541046224e+00
2.289819999999999911e-01	4.020899674364104115e+00
2.351930000000000132e-01	5.459177006979774482e+00
2.412249999999999950e-01	5.414038970645951743e+00
2.471349999999999936e-01	4.566660742616819313e+00
2.529799999999999827e-01	4.414171405249824431e+00
2.588170000000000193e-01	4.304688133296326491e+00
2.646970000000000156e-01	3.781841583355415537e+00
2.706259999999999777e-01	3.942687718625499382e+00
2.765880000000000005e-01	2.640784981010721566e+00
2.825679999999999858e-01	2.512144248603452201e+00
2.885510000000000019e-01	2.674393123306400444e+00
2.945229999999999793e-01	3.611586328956718273e+00
3.004809999999999981e-01	3.846398188915231664e+00
3.064310000000000089e-01	4.869034056171044789e+00
3.123750000000000138e-01	5.171034407928593701e+00
3.183190000000000186e-01	6.416723716849046077e+00
3.242650000000000254e-01	5.841636205762632983e+00
3.302149999999999808e-01	6.031252812123296003e+00
3.361680000000000224e-01	6.084064513198083723e+00
3.421210000000000084e-01	5.628463641344427337e+00
3.480759999999999965e-01	5.163392926950442607e+00
3.540289999999999826e-01	4.579172448174419152e+00
3.599809999999999954e-01	4.823331453663716850e+00
3.659330000000000083e-01	3.631242145803718291e+00
3.718839999999999923e-01	2.969731054649881852e+00
3.778360000000000052e-01	3.555618898029274888e+00
3.837869999999999893e-01	2.418684128814360790e+00
3.897390000000000021e-01	3.264589932551771323e+00
3.956910000000000149e-01	2.799456440521543410e+00
4.016429999999999723e-01	2.946487052559646713e+00
4.075949999999999851e-01	3.780582519449807055e+00
4.135469999999999979e-01	3.856208811546086856e+00
4.194979999999999820e-01	4.471142384164761729e+00
4.254499999999999948e-01	5.151692611105261221e+00
4.314009999999999789e-01	5.423540690601583947e+00
4.373540000000000205e-01	6.251332774282885474e+00
4.433079999999999798e-01	6.292643205661384798e+00
4.492619999999999947e-01	5.787409689711332739e+00
4.552160000000000095e-01	5.276665244771236551e+00
4.611680000000000224e-01	5.494355818453495743e+00
4.671170000000000044e-01	6.065849435060790107e+00
4.730619999999999825e-01	5.270134087770419029e+00
4.790059999999999873e-01	4.320730833272531157e+00
4.849510000000000209e-01	5.150598176026687902e+00
4.909020000000000050e-01	5.736546134575299050e+00
4.968629999999999991e-01	5.166090585003942692e+00
5.028390000000000359e-01	4.580830285229896326e+00
5.088230000000000253e-01	4.354348524765590867e+00
5.148009999999999531e-01	3.736903626078522223e+00
5.207570000000000254e-01	3.407470079078850578e+00
5.266750000000000043e-01	3.515244634693565295e+00
5.325410000000000421e-01	4.324297353082971362e+00
5.383719999999999617e-01	2.987446050441978862e+00
5.442249999999999588e-01	3.384962425725494661e+00
5.501580000000000359e-01	3.671706201375898537e+00
5.562289999999999734e-01	3.932616724752747039e+00
5.624930000000000208e-01	3.709542088545708438e+00
5.688929999999999820e-01	4.446101536172980317e+00
5.752220000000000111e-01	4.056562955456927355e+00
5.812610000000000277e-01	4.162515066284163012e+00
5.867949999999999555e-01	3.314845337540134551e+00
5.916080000000000227e-01	3.212693010075752476e+00
5.957040000000000113e-01	3.378485855930429160e+00
5.993990000000000151e-01	4.011135636349602684e+00
6.030370000000000452e-01	4.325988959721956739e+00
6.069609999999999728e-01	3.680194130980118494e+00
6.115110000000000268e-01	4.159020428967727945e+00
6.168270000000000142e-01	4.620047183581394101e+00
6.227219999999999978e-01	6.309486201355811730e+00
6.289789999999999548e-01	5.986329694759807474e+00
6.353790000000000271e-01	5.950191908948897712e+00
6.417070000000000274e-01	6.756426187728718169e+00
6.478369999999999962e-01	6.495688571549470325e+00
6.538089999999999735e-01	6.349687194573959026e+00
6.596819999999999906e-01	6.184648222024408781e+00
6.655140000000000500e-01	6.252802679916276141e+00
6.713630000000000431e-01	7.084188662609110843e+00
6.772660000000000347e-01	5.459876796416669897e+00
6.832110000000000127e-01	5.437213428481501687e+00
6.891829999999999901e-01	6.270698498073588922e+00
6.951669999999999794e-01	5.019420526668341154e+00
7.011469999999999647e-01	5.114386439169852139e+00
7.071119999999999628e-01	4.411174702265802772e+00
7.130670000000000064e-01	3.740511191517100986e+00
7.190130000000000132e-01	3.242859972386642919e+00
7.249569999999999625e-01	3.127130068537383956e+00
7.309010000000000229e-01	2.622183680796084992e+00
7.368489999999999762e-01	2.111354294518557939e+00
7.428000000000000158e-01	3.107772756569458394e+00
7.487530000000000019e-01	3.450373591547251984e+00
7.547080000000000455e-01	3.627852497062178383e+00
7.606619999999999493e-01	4.580657117449703719e+00
7.666140000000000176e-01	5.377776747742744057e+00
7.725670000000000037e-01	6.414626916410412605e+00
7.785180000000000433e-01	7.546658297048429276e+00
7.844689999999999719e-01	7.518592878635590893e+00
7.904210000000000402e-01	7.131446302477452370e+00
7.963729999999999976e-01	8.478663499347334209e+00
8.023249999999999549e-01	7.595478793280333818e+00
8.082770000000000232e-01	7.151696198429212892e+00
8.142289999999999806e-01	6.636883813923581954e+00
8.201800000000000201e-01	5.596111242652603401e+00
8.261319999999999775e-01	5.230290885887749930e+00
8.320830000000000171e-01	5.749415237731850148e+00
8.380349999999999744e-01	5.353549586483981493e+00
8.439870000000000427e-01	5.244746757353802913e+00
8.499400000000000288e-01	5.462552189582144280e+00
8.558940000000000436e-01	5.419875540731442953e+00
8.618479999999999475e-01	6.916431274587254485e+00
8.678010000000000446e-01	7.929136633567453352e+00
8.737519999999999731e-01	9.031452685559766991e+00
8.797000000000000375e-01	9.123744076208801346e+00
8.856439999999999868e-01	9.737225095556821586e+00
8.915870000000000184e-01	8.753715973100899106e+00
8.975349999999999717e-01	9.250623804653006488e+00
9.034900000000000153e-01	8.677626006212015852e+00
9.094569999999999599e-01	8.456203506417589111e+00
9.154379999999999740e-01	7.955343854115023206e+00
9.214210000000000456e-01	8.141492733627870848e+00
9.273909999999999654e-01	8.501357613257871648e+00
9.333329999999999682e-01	7.997840968993501498e+00
9.392300000000000093e-01	9.530647961908861987e+00
9.450749999999999984e-01	8.417052035387916575e+00
9.509090000000000042e-01	9.462314273599849557e+00
9.567890000000000006e-01	9.827960887004568491e+00
9.627750000000000474e-01	8.243713522283160344e+00
9.689229999999999787e-01	8.688525786956359909e+00
9.752680000000000238e-01	8.450004471312309917e+00
9.816639999999999810e-01	8.817678313605595619e+00
9.878930000000000211e-01	8.500870785983108746e+00
9.937399999999999567e-01	9.059940329697113270e+00
9.989850000000000119e-01	8.940837252684625369e+00
1.003457999999999961e+00	8.719196925894387107e+00
1.007338000000000067e+00	9.261224603437947067e+00
1.010966000000000031e+00	1.066402665389724547e+01
1.014685999999999977e+00	1.031693057821430415e+01
1.018841000000000108e+00	1.196024709421220322e+01
1.023735000000000062e+00	1.131984672881263343e+01
1.029328999999999938e+00	1.139247789231990460e+01
1.035408000000000106e+00	1.154437005576529174e+01
1.041754000000000069e+00	1.033003597661916650e+01
1.048148999999999997e+00	9.744419028728362520e+00
1.054391999999999996e+00	9.708551883339062272e+00
1.060446000000000000e+00	8.706771403909622009e+00
1.066368999999999900e+00	8.822647115364569359e+00
1.072216999999999976e+00	7.295009532097971316e+00
1.078049000000000035e+00	8.001970917698747243e+00
1.083920999999999912e+00	8.137710390561101903e+00
1.089842999999999895e+00	9.427081592937424759e+00
1.095801999999999943e+00	9.742401124450902117e+00
1.101780999999999899e+00	1.143301535761792920e+01
1.107765000000000111e+00	1.183817793695394016e+01
1.113739999999999952e+00	1.240078485790189511e+01
1.119699999999999918e+00	1.180648917062387682e+01
1.125650000000000039e+00	1.133355169284975794e+01
1.131594999999999906e+00	1.138483216119634811e+01
1.137537999999999938e+00	1.046728064456667617e+01
1.143483999999999945e+00	9.893449448231704579e+00
1.149432999999999927e+00	1.019270883429320129e+01
1.155386000000000024e+00	1.179293821441772039e+01
1.161338999999999899e+00	1.247053685444863014e+01
1.167294000000000054e+00	1.293932852798299393e+01
1.173246999999999929e+00	1.434652286679354383e+01
1.179200000000000026e+00	1.440363929939577226e+01
1.185151999999999983e+00	1.400166240258943517e+01
1.191103000000000023e+00	1.390628281927739174e+01
1.197054000000000062e+00	1.371015366138384906e+01
1.203006000000000020e+00	1.261190860394964552e+01
1.208957999999999977e+00	1.345737467628414485e+01
1.214909999999999934e+00	1.310320027402319099e+01
1.220861999999999892e+00	1.271039880743204620e+01
1.226814000000000071e+00	1.379097183478530297e+01
1.232765000000000111e+00	1.266033516550788640e+01
1.238717000000000068e+00	1.248358693644587802e+01
1.244668000000000108e+00	1.272688159802948960e+01
1.250620000000000065e+00	1.297086304801351275e+01
1.256572000000000022e+00	1.244067569681369889e+01
1.262526000000000037e+00	1.322377284339341941e+01
1.268480000000000052e+00	1.381272935981071193e+01
1.274434000000000067e+00	1.389227719540620853e+01
1.280386000000000024e+00	1.420602724405979522e+01
1.286335999999999924e+00	1.548218464992524090e+01
1.292281999999999931e+00	1.503585559257659376e+01
1.298224999999999962e+00	1.589992224797468445e+01
1.304170000000000051e+00	1.649471474116236891e+01
1.310119999999999951e+00	1.653775178084642405e+01
1.316079999999999917e+00	1.631059031296466699e+01
1.322052999999999923e+00	1.678475640356041154e+01
1.328036999999999912e+00	1.659536333393452523e+01
1.334017000000000008e+00	1.498824405480091748e+01
1.339976000000000056e+00	1.526948414254926689e+01
1.345900000000000096e+00	1.518038313911828929e+01
1.351774000000000031e+00	1.436826866332773456e+01
1.357607000000000008e+00	1.475282747602597766e+01
1.363453000000000026e+00	1.470868177662638843e+01
1.369372000000000034e+00	1.557333054747376266e+01
1.375421999999999922e+00	1.579698649794586807e+01
1.381658999999999970e+00	1.757571801328450789e+01
1.388052000000000064e+00	1.853888985855766336e+01
1.394403000000000059e+00	2.008405283290341714e+01
1.400492999999999988e+00	2.197280494783863602e+01
1.406104999999999938e+00	2.319467095310926652e+01
1.411021999999999998e+00	2.409310669694935925e+01
1.415195999999999898e+00	2.343951675164988302e+01
1.418924000000000074e+00	2.348815041473891441e+01
1.422549999999999981e+00	2.182947007746293977e+01
1.426417000000000046e+00	2.192058440240208128e+01
1.430868000000000029e+00	2.196247329529147052e+01
1.436091000000000006e+00	2.134802229893953651e+01
1.441923000000000066e+00	2.085251420269690570e+01
1.448144000000000098e+00	2.175467791517709415e+01
1.454538000000000109e+00	2.259031616981355484e+01
1.460887000000000047e+00	2.285612549625153278e+01
1.467041999999999957e+00	2.263473050045686108e+01
1.473030999999999979e+00	2.352560871700294598e+01
1.478914000000000062e+00	2.498774628195365111e+01
1.484749000000000096e+00	2.455109438191711746e+01
1.490591999999999917e+00	2.649276765930012800e+01
1.496488000000000040e+00	2.784709791938517753e+01
1.502428000000000097e+00	2.767108982512295157e+01
1.508397999999999906e+00	2.866776690782923254e+01
1.514380999999999977e+00	2.911832184467277784e+01
1.520361999999999991e+00	2.933428622063517111e+01
1.526329999999999965e+00	2.968258009523479046e+01
1.532284999999999897e+00	2.880142884409365323e+01
1.538232999999999961e+00	2.872506035220084541e+01
1.544175999999999993e+00	2.766103895008634339e+01
1.550119999999999942e+00	2.780030847145537720e+01
1.556068000000000007e+00	2.715550803058499341e+01
1.562019000000000046e+00	2.610994427647648664e+01
1.567971999999999921e+00	2.637689470963131555e+01
1.573925999999999936e+00	2.617460056353687037e+01
1.579879999999999951e+00	2.649212986517274260e+01
1.585833000000000048e+00	2.649319433106416000e+01
1.591785000000000005e+00	2.768720065861902313e+01
1.597736999999999963e+00	2.961849532949318586e+01
1.603688000000000002e+00	3.139554425491446565e+01
1.609639000000000042e+00	3.264434633505978667e+01
1.615590999999999999e+00	3.392615458856006683e+01
1.621542999999999957e+00	3.416651710522523899e+01
1.627494999999999914e+00	3.422251083351776657e+01
1.633447000000000093e+00	3.518835026724435266e+01
1.639399000000000051e+00	3.500755989557564618e+01
1.645350000000000090e+00	3.644095218852789486e+01
1.651302000000000048e+00	3.763939261251863400e+01
1.657253000000000087e+00	3.943081024359394604e+01
1.663205000000000044e+00	4.019516214196728754e+01
1.669157999999999920e+00	4.098647331009775741e+01
1.675111999999999934e+00	4.159297943607850812e+01
1.681065999999999949e+00	4.249898191680752291e+01
1.687019000000000046e+00	4.147285614548056287e+01
1.692971000000000004e+00	4.191586510656018305e+01
1.698919000000000068e+00	4.089227011617874297e+01
1.704863000000000017e+00	4.003319734347493153e+01
1.710806999999999967e+00	4.116091854993911880e+01
1.716752999999999973e+00	4.071300266011321867e+01
1.722706999999999988e+00	4.142542116769081417e+01
1.728671999999999986e+00	4.144976785796015406e+01
1.734652000000000083e+00	4.320598963453906549e+01
1.740636000000000072e+00	4.499092799603614878e+01
1.746609000000000078e+00	4.723670241839213446e+01
1.752555000000000085e+00	4.941586605018510170e+01
1.758458000000000077e+00	5.196992682040223599e+01
1.764308999999999905e+00	5.332896606696282760e+01
1.770140999999999964e+00	5.550365474676231514e+01
1.776011999999999924e+00	5.488493419315130950e+01
1.781979999999999897e+00	5.635345633608989857e+01
1.788105000000000055e+00	5.655613022532610046e+01
1.794426999999999994e+00	5.585014317781838145e+01
1.800829000000000013e+00	5.500755402054233656e+01
1.807091999999999921e+00	5.419554081818834845e+01
1.813002000000000002e+00	5.310559331482437528e+01
1.818338000000000010e+00	5.306573043587903271e+01
1.822912000000000088e+00	5.211959520221098785e+01
1.826850000000000085e+00	5.343605340653493840e+01
1.830492000000000008e+00	5.346260783870931022e+01
1.834179999999999922e+00	5.667434766188625872e+01
1.838259000000000087e+00	5.883014208054419214e+01
1.843048000000000020e+00	6.185665672156244455e+01
1.848562000000000038e+00	6.534403899658980208e+01
1.854589999999999961e+00	7.070572761927172678e+01
1.860913000000000039e+00	7.437888967372609272e+01
1.867313999999999918e+00	7.683847680573548189e+01
1.873583999999999916e+00	7.893466238122918810e+01
1.879660000000000108e+00	7.925323509263037636e+01
1.885596000000000050e+00	7.776466541172193558e+01
1.891450999999999993e+00	7.684073592080063975e+01
1.897281999999999913e+00	7.380667785039837270e+01
1.903146999999999922e+00	7.166462726509988101e+01
1.909062999999999954e+00	6.947704665571131954e+01
1.915018000000000109e+00	6.753024664744712879e+01
1.920995999999999926e+00	6.613882518999564297e+01
1.926979999999999915e+00	6.675184437586021602e+01
1.932955999999999896e+00	7.061581241607676418e+01
1.938917999999999919e+00	7.519671040784635352e+01
1.944868999999999959e+00	8.031524560741650021e+01
1.950814000000000048e+00	8.480250090700450016e+01
1.956757999999999997e+00	8.854328841199379951e+01
1.962703000000000086e+00	8.935160791150957493e+01
1.968652000000000069e+00	8.662552626294321101e+01
1.974604000000000026e+00	8.426773020776944634e+01
1.980558000000000041e+00	7.837542696395664166e+01
1.986512000000000056e+00	7.236083821318864295e+01
1.992466000000000070e+00	6.686928728646084608e+01
1.998418000000000028e+00	6.197508622129331712e+01
2.004370000000000207e+00	5.800177921670884018e+01
2.010321999999999942e+00	5.441292779906822830e+01
2.016272999999999982e+00	5.207576631047324156e+01
2.022224000000000022e+00	4.944710461012238056e+01
2.028176000000000201e+00	4.753607857295029504e+01
2.034127999999999936e+00	4.541216443210058884e+01
2.040080000000000116e+00	4.533386219059018174e+01
2.046031999999999851e+00	4.545236438105183652e+01
2.051984000000000030e+00	4.448302994890043749e+01
2.057935000000000070e+00	4.521902930310476876e+01
2.063886999999999805e+00	4.614326952157710338e+01
2.069837999999999845e+00	4.786301709268892779e+01
2.075791000000000164e+00	4.883028716081048515e+01
2.081744000000000039e+00	4.899507067499333601e+01
2.087698000000000054e+00	4.809711871258578242e+01
2.093652000000000069e+00	4.769011349064882666e+01
2.099604999999999944e+00	4.653208147671347206e+01
2.105554999999999843e+00	4.435017990649685515e+01
2.111501000000000072e+00	4.303894537099683504e+01
2.117445000000000022e+00	4.098810809336114858e+01
2.123388999999999971e+00	3.940785028445473870e+01
2.129338000000000175e+00	3.693551380253560978e+01
2.135295999999999861e+00	3.464714707852966313e+01
2.141268000000000171e+00	3.421172697879428171e+01
2.147250999999999799e+00	3.298008434750539664e+01
2.153232000000000035e+00	3.192537919580485095e+01
2.159196000000000115e+00	3.069887353486926429e+01
2.165125000000000188e+00	3.137294546152818242e+01
2.171006000000000213e+00	3.087048023785698092e+01
2.176841000000000026e+00	3.122612388219966917e+01
2.182682999999999929e+00	3.208614657234770817e+01
2.188588999999999896e+00	3.306396009069877095e+01
2.194618000000000180e+00	3.410676155065671367e+01
2.200828000000000007e+00	3.429559260462036008e+01
2.207209999999999894e+00	3.559164422548640516e+01
2.213579000000000185e+00	3.653219815025784101e+01
2.219714999999999883e+00	3.693086805026717911e+01
2.225403000000000020e+00	3.849656502385482781e+01
2.230423000000000044e+00	3.809532052033853944e+01
2.234681000000000139e+00	3.795811442640149380e+01
2.238447999999999993e+00	3.750378849489100475e+01
2.242068000000000172e+00	3.667940570162710401e+01
2.245884000000000214e+00	3.707321129659334247e+01
2.250237999999999960e+00	3.615976651344166015e+01
2.255365999999999982e+00	3.536442617048059134e+01
2.261130000000000084e+00	3.529429380895713564e+01
2.267313000000000134e+00	3.417642820117401214e+01
2.273696000000000161e+00	3.365264488784831798e+01
2.280063999999999869e+00	3.329794772374494016e+01
2.286243999999999943e+00	3.282711520604682676e+01
2.292251999999999956e+00	3.273243630531514015e+01
2.298146000000000022e+00	3.271303515838866360e+01
2.303983000000000114e+00	3.321741567714021670e+01
2.309822000000000042e+00	3.394287160621245647e+01
2.315710999999999853e+00	3.486628322375722888e+01
2.321645999999999876e+00	3.585192127632400627e+01
2.327612999999999932e+00	3.797546430637031989e+01
2.333594999999999864e+00	3.839742793421461897e+01
2.339576999999999796e+00	4.003706119806668795e+01
2.345546999999999827e+00	3.986288823741197973e+01
2.351503999999999817e+00	3.852701375798471162e+01
2.357451999999999881e+00	3.680567034293749629e+01
2.363395999999999830e+00	3.617557912780043949e+01
2.369339000000000084e+00	3.460698729554519559e+01
2.375286000000000008e+00	3.314803801780607984e+01
2.381237000000000048e+00	3.316903979208636599e+01
2.387189999999999923e+00	3.137207473138996860e+01
2.393143999999999938e+00	3.202398162190610265e+01
2.399097999999999953e+00	3.099157965536104697e+01
2.405050999999999828e+00	3.098255767070380884e+01
2.411004000000000147e+00	3.040115843759599557e+01
2.416955999999999882e+00	2.999590848295412115e+01
2.422906999999999922e+00	2.973111422836067064e+01
2.428857999999999961e+00	2.912971399484844071e+01
2.434809000000000001e+00	3.001947083724877530e+01
2.440760000000000041e+00	3.035502213011699979e+01
2.446712000000000220e+00	3.152414877779957791e+01
2.452663999999999955e+00	3.285429723235927213e+01
2.458616999999999830e+00	3.414291727174362023e+01
2.464570999999999845e+00	3.628673094451108483e+01
2.470524999999999860e+00	3.833918651011217094e+01
2.476478000000000179e+00	4.077819062839814990e+01
2.482429999999999914e+00	4.167579185123496188e+01
2.488377999999999979e+00	4.304199965771693570e+01
2.494323000000000068e+00	4.268827401975140390e+01
2.500265999999999877e+00	4.176889033054646916e+01
2.506212000000000106e+00	3.946906161899473631e+01
2.512164999999999981e+00	3.795160455066567806e+01
2.518129000000000062e+00	3.505078952754880817e+01
2.524108000000000018e+00	3.391385464738731770e+01
2.530091999999999786e+00	3.165787245253302373e+01
2.536067000000000071e+00	3.094388826037749141e+01
2.542015999999999831e+00	2.955356783645919805e+01
2.547924000000000078e+00	2.819992888981324342e+01
2.553779000000000021e+00	2.812577049941144125e+01
2.559610000000000163e+00	2.844976658643428991e+01
2.565475000000000172e+00	2.885095079849235589e+01
2.571432000000000162e+00	3.003314961887773293e+01
2.577539999999999942e+00	3.162665531169714228e+01
2.583845999999999865e+00	3.508708238103380950e+01
2.590249000000000024e+00	3.870177740079940776e+01
2.596534000000000120e+00	4.214390457541701807e+01
2.602485000000000159e+00	4.615255355281159666e+01
2.607883000000000173e+00	4.821461063774128064e+01
2.612527000000000044e+00	4.951654171835311047e+01
2.616509000000000196e+00	4.830205296544183824e+01
2.620163999999999938e+00	4.672718120267228414e+01
2.623834000000000000e+00	4.393433522335185870e+01
2.627863000000000060e+00	4.117539011054790876e+01
2.632579999999999920e+00	3.698141552009933974e+01
2.638037000000000187e+00	3.220653841436171660e+01
2.644026000000000209e+00	2.727605994511077725e+01
2.650332000000000132e+00	2.336511440569491072e+01
2.656734000000000151e+00	2.061478423337437604e+01
2.663022999999999918e+00	1.785528743251628114e+01
2.669115000000000126e+00	1.564372069723012970e+01
2.675060999999999911e+00	1.448664580379011291e+01
2.680919999999999970e+00	1.500575334277077211e+01
2.686751000000000111e+00	1.694831923246229977e+01
2.692610999999999866e+00	2.012625008065085908e+01
2.698523999999999923e+00	2.467159099098044095e+01
2.704476000000000102e+00	2.976124168796967595e+01
2.710452000000000083e+00	3.426942193015337779e+01
2.716435999999999851e+00	3.622062889426972276e+01
2.722412999999999972e+00	3.664846006895190555e+01
2.728375999999999912e+00	3.615446135027444541e+01
2.734328000000000092e+00	3.166632430944392951e+01
2.740273999999999877e+00	2.716117179980693308e+01
2.746217000000000130e+00	2.226356523047417113e+01
2.752162000000000219e+00	1.733295560783098921e+01
2.758110999999999979e+00	1.307370959781942155e+01
2.764063000000000159e+00	1.109566749295198029e+01
2.770016000000000034e+00	8.480196594974000135e+00
2.775971000000000188e+00	7.298538291524017119e+00
2.781924000000000063e+00	6.521975406185573476e+00
2.787876999999999938e+00	6.468389839432632016e+00
2.793829000000000118e+00	8.515725964403417336e+00
2.799780999999999853e+00	1.052659987796798546e+01
2.805731999999999893e+00	1.373042629315937191e+01
2.811682999999999932e+00	1.799731258304514725e+01
2.817635000000000112e+00	2.274875178507629414e+01
2.823586999999999847e+00	2.706090794545788825e+01
2.829539000000000026e+00	3.137236695343433368e+01
2.835491000000000206e+00	3.337377290381068917e+01
2.841442999999999941e+00	3.280111456714539742e+01
2.847395000000000120e+00	3.107849698288759654e+01
2.853346999999999856e+00	2.747498481452745267e+01
2.859299000000000035e+00	2.325521443176248937e+01
2.865251000000000214e+00	1.840607099264816782e+01
2.871201999999999810e+00	1.443329823533363054e+01
2.877153999999999989e+00	1.100706130123661275e+01
2.883106000000000169e+00	8.703181556854143963e+00
2.889057999999999904e+00	7.353703004701248602e+00
2.895010000000000083e+00	6.042294416735439988e+00
2.900961999999999819e+00	6.288109828287685055e+00
2.906913999999999998e+00	4.688312229058166913e+00
2.912866000000000177e+00	5.005386797555936518e+00
2.918817999999999913e+00	6.022407753129234820e+00
2.924770000000000092e+00	7.241198867447105947e+00
2.930721000000000132e+00	1.078713771510182262e+01
2.936672999999999867e+00	1.646676240485914278e+01
2.942625000000000046e+00	2.220499846838617586e+01
2.948576999999999781e+00	2.871099612210087315e+01
2.954528999999999961e+00	3.443109010012373261e+01
2.960481000000000140e+00	3.625194880712378165e+01
2.966432999999999875e+00	3.726233925834283411e+01
2.972385000000000055e+00	3.540292805054723857e+01
2.978336999999999790e+00	3.228510391751665054e+01
2.984288999999999970e+00	2.850191578413690507e+01
2.990240000000000009e+00	2.329783183014493630e+01
2.996192000000000188e+00	1.936107234103073438e+01
3.002143999999999924e+00	1.520810806585432928e+01
3.008096000000000103e+00	1.251265487354172912e+01
3.014047999999999838e+00	1.098385126573426440e+01
3.020000000000000018e+00	1.270478494174933815e+01
