1.199999999999999956e-01	7.542183999999999777e+00
1.249780000000000058e-01	3.515695000000000014e+00
1.305999999999999939e-01	4.370020000000000016e-01
1.367059999999999942e-01	-1.795139999999999958e+00
1.431360000000000132e-01	-3.281973999999999947e+00
1.497320000000000040e-01	-4.124744999999999884e+00
1.563350000000000017e-01	-4.424699000000000382e+00
1.627850000000000130e-01	-4.283078999999999859e+00
1.689219999999999888e-01	-3.801130999999999815e+00
1.745889999999999942e-01	-3.080099000000000142e+00
1.796250000000000069e-01	-2.221226999999999840e+00
1.839349999999999874e-01	-1.318526000000000087e+00
1.877439999999999942e-01	-4.291019999999999834e-01
1.913779999999999926e-01	4.016810000000000103e-01
1.951660000000000061e-01	1.128462999999999994e+00
1.994340000000000002e-01	1.705883000000000038e+00
2.044499999999999929e-01	2.095775999999999861e+00
2.101250000000000062e-01	2.301511999999999780e+00
2.162479999999999958e-01	2.341327999999999854e+00
2.226049999999999973e-01	2.233480000000000132e+00
2.289819999999999911e-01	1.996223999999999998e+00
2.351930000000000132e-01	1.650255999999999945e+00
2.412249999999999950e-01	1.232226999999999961e+00
2.471349999999999936e-01	7.852069999999999883e-01
2.529799999999999827e-01	3.522810000000000108e-01
2.588170000000000193e-01	-2.346399999999999875e-02
2.646970000000000156e-01	-3.030640000000000001e-01
2.706259999999999777e-01	-4.782279999999999864e-01
2.765880000000000005e-01	-5.544869999999999521e-01
2.825679999999999858e-01	-5.374419999999999753e-01
2.885510000000000019e-01	-4.326889999999999903e-01
2.945229999999999793e-01	-2.474979999999999958e-01
3.004809999999999981e-01	-3.285000000000000159e-03
3.064310000000000089e-01	2.713949999999999974e-01
3.123750000000000138e-01	5.479309999999999459e-01
3.183190000000000186e-01	7.977149999999999519e-01
3.242650000000000254e-01	9.941480000000000317e-01
3.302149999999999808e-01	1.130211000000000077e+00
3.361680000000000224e-01	1.209905000000000008e+00
3.421210000000000084e-01	1.237357999999999958e+00
3.480759999999999965e-01	1.216695000000000082e+00
3.540289999999999826e-01	1.152587000000000028e+00
3.599809999999999954e-01	1.055792000000000064e+00
3.659330000000000083e-01	9.408950000000000369e-01
3.718839999999999923e-01	8.225379999999999914e-01
3.778360000000000052e-01	7.153639999999999999e-01
3.837869999999999893e-01	6.331219999999999626e-01
3.897390000000000021e-01	5.779210000000000180e-01
3.956910000000000149e-01	5.437359999999999971e-01
4.016429999999999723e-01	5.243700000000000028e-01
4.075949999999999851e-01	5.136309999999999487e-01
4.135469999999999979e-01	5.054650000000000531e-01
4.194979999999999820e-01	4.959859999999999824e-01
4.254499999999999948e-01	4.829910000000000037e-01
4.314009999999999789e-01	4.643229999999999857e-01
4.373540000000000205e-01	4.378219999999999890e-01
4.433079999999999798e-01	4.016580000000000150e-01
4.492619999999999947e-01	3.598480000000000012e-01
4.552160000000000095e-01	3.214739999999999820e-01
4.611680000000000224e-01	2.957819999999999894e-01
4.671170000000000044e-01	2.920209999999999750e-01
4.730619999999999825e-01	3.190850000000000075e-01
4.790059999999999873e-01	3.783449999999999869e-01
4.849510000000000209e-01	4.639360000000000150e-01
4.909020000000000050e-01	5.696980000000000377e-01
4.968629999999999991e-01	6.894730000000000025e-01
5.028390000000000359e-01	8.170060000000000100e-01
5.088230000000000253e-01	9.434820000000000428e-01
5.148009999999999531e-01	1.057355000000000045e+00
5.207570000000000254e-01	1.146945000000000103e+00
5.266750000000000043e-01	1.200572999999999890e+00
5.325410000000000421e-01	1.206862000000000101e+00
5.383719999999999617e-01	1.164090000000000069e+00
5.442249999999999588e-01	1.081997000000000098e+00
5.501580000000000359e-01	9.709910000000000485e-01
5.562289999999999734e-01	8.414779999999999482e-01
5.624930000000000208e-01	7.038820000000000077e-01
5.688929999999999820e-01	5.692469999999999475e-01
5.752220000000000111e-01	4.494389999999999774e-01
5.812610000000000277e-01	3.563830000000000053e-01
5.867949999999999555e-01	3.020010000000000194e-01
5.916080000000000227e-01	2.980459999999999776e-01
5.957040000000000113e-01	3.473740000000000161e-01
5.993990000000000151e-01	4.397730000000000250e-01
6.030370000000000452e-01	5.639880000000000448e-01
6.069609999999999728e-01	7.087639999999999496e-01
6.115110000000000268e-01	8.628559999999999564e-01
6.168270000000000142e-01	1.015595999999999943e+00
6.227219999999999978e-01	1.157267999999999963e+00
6.289789999999999548e-01	1.278243999999999936e+00
6.353790000000000271e-01	1.368894999999999973e+00
6.417070000000000274e-01	1.419659000000000004e+00
6.478369999999999962e-01	1.427465999999999902e+00
6.538089999999999735e-01	1.401091000000000086e+00
6.596819999999999906e-01	1.350575000000000081e+00
6.655140000000000500e-01	1.285952999999999902e+00
6.713630000000000431e-01	1.217254999999999976e+00
6.772660000000000347e-01	1.153216999999999937e+00
6.832110000000000127e-01	1.099939000000000000e+00
6.891829999999999901e-01	1.063199000000000005e+00
6.951669999999999794e-01	1.048775000000000013e+00
7.011469999999999647e-01	1.062430999999999903e+00
7.071119999999999628e-01	1.105961999999999890e+00
7.130670000000000064e-01	1.172120000000000051e+00
7.190130000000000132e-01	1.252399000000000040e+00
7.249569999999999625e-01	1.338292000000000037e+00
7.309010000000000229e-01	1.421297000000000033e+00
7.368489999999999762e-01	1.494472000000000023e+00
7.428000000000000158e-01	1.554872000000000032e+00
7.487530000000000019e-01	1.600178000000000100e+00
7.547080000000000455e-01	1.628076000000000079e+00
7.606619999999999493e-01	1.636249000000000065e+00
7.666140000000000176e-01	1.624263999999999930e+00
7.725670000000000037e-01	1.597099999999999964e+00
7.785180000000000433e-01	1.560702000000000034e+00
7.844689999999999719e-01	1.521015999999999924e+00
7.904210000000000402e-01	1.483985000000000110e+00
7.963729999999999976e-01	1.454444000000000070e+00
8.023249999999999549e-01	1.433624000000000009e+00
8.082770000000000232e-01	1.422028999999999987e+00
8.142289999999999806e-01	1.420163000000000064e+00
8.201800000000000201e-01	1.428530000000000078e+00
8.261319999999999775e-01	1.447313999999999989e+00
8.320830000000000171e-01	1.475532000000000066e+00
8.380349999999999744e-01	1.511935999999999947e+00
8.439870000000000427e-01	1.555274999999999963e+00
8.499400000000000288e-01	1.604300000000000059e+00
8.558940000000000436e-01	1.658063000000000065e+00
8.618479999999999475e-01	1.716857000000000077e+00
8.678010000000000446e-01	1.781295000000000073e+00
8.737519999999999731e-01	1.851989000000000107e+00
8.797000000000000375e-01	1.929551999999999934e+00
8.856439999999999868e-01	2.013581999999999983e+00
8.915870000000000184e-01	2.098949000000000176e+00
8.975349999999999717e-01	2.179148999999999781e+00
9.034900000000000153e-01	2.247678000000000065e+00
9.094569999999999599e-01	2.298030999999999935e+00
9.154379999999999740e-01	2.324603999999999893e+00
9.214210000000000456e-01	2.326519999999999921e+00
9.273909999999999654e-01	2.304453999999999780e+00
9.333329999999999682e-01	2.259078999999999837e+00
9.392300000000000093e-01	2.191072000000000131e+00
9.450749999999999984e-01	2.102393000000000178e+00
9.509090000000000042e-01	2.002667999999999893e+00
9.567890000000000006e-01	1.904344000000000037e+00
9.627750000000000474e-01	1.819874999999999909e+00
9.689229999999999787e-01	1.761714999999999920e+00
9.752680000000000238e-01	1.740966000000000014e+00
9.816639999999999810e-01	1.759600000000000053e+00
9.878930000000000211e-01	1.815811999999999982e+00
9.937399999999999567e-01	1.907785999999999982e+00
9.989850000000000119e-01	2.033704999999999874e+00
1.003457999999999961e+00	2.190465999999999802e+00
1.007338000000000067e+00	2.365083999999999964e+00
1.010966000000000031e+00	2.539989999999999970e+00
1.014685999999999977e+00	2.697592000000000212e+00
1.018841000000000108e+00	2.820298000000000194e+00
1.023735000000000062e+00	2.891976999999999798e+00
1.029328999999999938e+00	2.909330000000000194e+00
1.035408000000000106e+00	2.875710999999999906e+00
1.041754000000000069e+00	2.794531000000000098e+00
1.048148999999999997e+00	2.669201999999999853e+00
1.054391999999999996e+00	2.504180999999999990e+00
1.060446000000000000e+00	2.314494999999999969e+00
1.066368999999999900e+00	2.121278999999999915e+00
1.072216999999999976e+00	1.945748999999999951e+00
1.078049000000000035e+00	1.809115000000000029e+00
1.083920999999999912e+00	1.731398999999999910e+00
1.089842999999999895e+00	1.718755000000000033e+00
1.095801999999999943e+00	1.768389999999999906e+00
1.101780999999999899e+00	1.877362999999999893e+00
1.107765000000000111e+00	2.042733000000000132e+00
1.113739999999999952e+00	2.260750999999999955e+00
1.119699999999999918e+00	2.516725999999999797e+00
1.125650000000000039e+00	2.788111999999999924e+00
1.131594999999999906e+00	3.052191999999999794e+00
1.137537999999999938e+00	3.286246999999999918e+00
1.143483999999999945e+00	3.468471000000000082e+00
1.149432999999999927e+00	3.591505000000000170e+00
1.155386000000000024e+00	3.659533000000000147e+00
1.161338999999999899e+00	3.677059999999999995e+00
1.167294000000000054e+00	3.648591999999999835e+00
1.173246999999999929e+00	3.579149999999999832e+00
1.179200000000000026e+00	3.483439999999999870e+00
1.185151999999999983e+00	3.384765999999999941e+00
1.191103000000000023e+00	3.306731000000000087e+00
1.197054000000000062e+00	3.272939000000000043e+00
1.203006000000000020e+00	3.306229000000000084e+00
1.208957999999999977e+00	3.412277000000000005e+00
1.214909999999999934e+00	3.579822000000000060e+00
1.220861999999999892e+00	3.796882000000000090e+00
1.226814000000000071e+00	4.051477000000000217e+00
1.232765000000000111e+00	4.331447999999999965e+00
1.238717000000000068e+00	4.619772000000000212e+00
1.244668000000000108e+00	4.894093999999999944e+00
1.250620000000000065e+00	5.131784999999999819e+00
1.256572000000000022e+00	5.310217999999999883e+00
1.262526000000000037e+00	5.407309999999999839e+00
1.268480000000000052e+00	5.419472999999999985e+00
1.274434000000000067e+00	5.365662000000000376e+00
1.280386000000000024e+00	5.266197000000000017e+00
1.286335999999999924e+00	5.141397000000000439e+00
1.292281999999999931e+00	5.011476000000000042e+00
1.298224999999999962e+00	4.891979000000000077e+00
1.304170000000000051e+00	4.792132999999999754e+00
1.310119999999999951e+00	4.720714000000000077e+00
1.316079999999999917e+00	4.686494999999999855e+00
1.322052999999999923e+00	4.698097999999999885e+00
1.328036999999999912e+00	4.755493999999999666e+00
1.334017000000000008e+00	4.845602000000000409e+00
1.339976000000000056e+00	4.954259999999999664e+00
1.345900000000000096e+00	5.067306000000000310e+00
1.351774000000000031e+00	5.170615999999999879e+00
1.357607000000000008e+00	5.253002999999999645e+00
1.363453000000000026e+00	5.308211000000000013e+00
1.369372000000000034e+00	5.330460000000000420e+00
1.375421999999999922e+00	5.313966999999999885e+00
1.381658999999999970e+00	5.253015000000000434e+00
1.388052000000000064e+00	5.148857999999999713e+00
1.394403000000000059e+00	5.015819999999999723e+00
1.400492999999999988e+00	4.869669000000000025e+00
1.406104999999999938e+00	4.726169999999999760e+00
1.411021999999999998e+00	4.601066999999999574e+00
1.415195999999999898e+00	4.506619999999999848e+00
1.418924000000000074e+00	4.447778999999999705e+00
1.422549999999999981e+00	4.428574000000000233e+00
1.426417000000000046e+00	4.453035999999999994e+00
1.430868000000000029e+00	4.525191000000000408e+00
1.436091000000000006e+00	4.648119999999999585e+00
1.441923000000000066e+00	4.822684999999999889e+00
1.448144000000000098e+00	5.049428999999999945e+00
1.454538000000000109e+00	5.328895000000000159e+00
1.460887000000000047e+00	5.661615000000000286e+00
1.467041999999999957e+00	6.042442999999999564e+00
1.473030999999999979e+00	6.451268999999999920e+00
1.478914000000000062e+00	6.865549999999999820e+00
1.484749000000000096e+00	7.262741000000000113e+00
1.490591999999999917e+00	7.620300000000000296e+00
1.496488000000000040e+00	7.919120999999999633e+00
1.502428000000000097e+00	8.150277000000000882e+00
1.508397999999999906e+00	8.306718000000000046e+00
1.514380999999999977e+00	8.381392999999999205e+00
1.520361999999999991e+00	8.367252000000000578e+00
1.526329999999999965e+00	8.263852999999999227e+00
1.532284999999999897e+00	8.092800999999999689e+00
1.538232999999999961e+00	7.880297999999999803e+00
1.544175999999999993e+00	7.652542000000000399e+00
1.550119999999999942e+00	7.435735000000000205e+00
1.556068000000000007e+00	7.257295000000000051e+00
1.562019000000000046e+00	7.149231999999999587e+00
1.567971999999999921e+00	7.144636000000000209e+00
1.573925999999999936e+00	7.276596999999999760e+00
1.579879999999999951e+00	7.578203000000000245e+00
1.585833000000000048e+00	8.071443000000000367e+00
1.591785000000000005e+00	8.731116999999999351e+00
1.597736999999999963e+00	9.519494999999999152e+00
1.603688000000000002e+00	1.039884600000000070e+01
1.609639000000000042e+00	1.133143699999999932e+01
1.615590999999999999e+00	1.228078000000000003e+01
1.621542999999999957e+00	1.321634500000000045e+01
1.627494999999999914e+00	1.410939100000000046e+01
1.633447000000000093e+00	1.493117499999999964e+01
1.639399000000000051e+00	1.565295500000000040e+01
1.645350000000000090e+00	1.625658500000000117e+01
1.651302000000000048e+00	1.678140700000000152e+01
1.657253000000000087e+00	1.728616999999999848e+01
1.663205000000000044e+00	1.782963600000000071e+01
1.669157999999999920e+00	1.847056800000000010e+01
1.675111999999999934e+00	1.925859099999999913e+01
1.681065999999999949e+00	2.018720100000000173e+01
1.687019000000000046e+00	2.122858599999999996e+01
1.692971000000000004e+00	2.235489700000000113e+01
1.698919000000000068e+00	2.353828299999999984e+01
1.704863000000000017e+00	2.473902100000000104e+01
1.710806999999999967e+00	2.583457900000000151e+01
1.716752999999999973e+00	2.666716500000000067e+01
1.722706999999999988e+00	2.707885500000000079e+01
1.728671999999999986e+00	2.691172600000000159e+01
1.734652000000000083e+00	2.603682600000000136e+01
1.740636000000000072e+00	2.455528599999999884e+01
1.746609000000000078e+00	2.267795900000000131e+01
1.752555000000000085e+00	2.061637299999999939e+01
1.758458000000000077e+00	1.858205600000000146e+01
1.764308999999999905e+00	1.677384699999999995e+01
1.770140999999999964e+00	1.527537200000000084e+01
1.776011999999999924e+00	1.410884399999999950e+01
1.781979999999999897e+00	1.329590400000000017e+01
1.788105000000000055e+00	1.285819000000000045e+01
1.794426999999999994e+00	1.281225300000000011e+01
1.800829000000000013e+00	1.312152099999999955e+01
1.807091999999999921e+00	1.371782800000000080e+01
1.813002000000000002e+00	1.453259100000000004e+01
1.818338000000000010e+00	1.549722399999999922e+01
1.822912000000000088e+00	1.654113399999999956e+01
1.826850000000000085e+00	1.756948699999999874e+01
1.830492000000000008e+00	1.847138500000000150e+01
1.834179999999999922e+00	1.913564300000000173e+01
1.838259000000000087e+00	1.945107399999999842e+01
1.843048000000000020e+00	1.931443900000000014e+01
1.848562000000000038e+00	1.873411199999999965e+01
1.854589999999999961e+00	1.780080600000000146e+01
1.860913000000000039e+00	1.660715400000000130e+01
1.867313999999999918e+00	1.524578799999999923e+01
1.873583999999999916e+00	1.380904300000000084e+01
1.879660000000000108e+00	1.238429700000000011e+01
1.885596000000000050e+00	1.105486400000000025e+01
1.891450999999999993e+00	9.903938999999999382e+00
1.897281999999999913e+00	9.014715999999999951e+00
1.903146999999999922e+00	8.467235000000000511e+00
1.909062999999999954e+00	8.279747999999999664e+00
1.915018000000000109e+00	8.414165999999999812e+00
1.920995999999999926e+00	8.830334999999999823e+00
1.926979999999999915e+00	9.488103000000000620e+00
1.932955999999999896e+00	1.034611899999999984e+01
1.938917999999999919e+00	1.133480899999999991e+01
1.944868999999999959e+00	1.235600099999999912e+01
1.950814000000000048e+00	1.331025099999999917e+01
1.956757999999999997e+00	1.409811299999999967e+01
1.962703000000000086e+00	1.462231000000000058e+01
1.968652000000000069e+00	1.484791500000000042e+01
1.974604000000000026e+00	1.481020099999999928e+01
1.980558000000000041e+00	1.454819200000000023e+01
1.986512000000000056e+00	1.410090699999999941e+01
1.992466000000000070e+00	1.350784200000000013e+01
1.998418000000000028e+00	1.282550900000000027e+01
2.004370000000000207e+00	1.213171099999999925e+01
2.010321999999999942e+00	1.150559900000000013e+01
2.016272999999999982e+00	1.102632400000000068e+01
2.022224000000000022e+00	1.077244999999999919e+01
2.028176000000000201e+00	1.079578799999999994e+01
2.034127999999999936e+00	1.111090399999999967e+01
2.040080000000000116e+00	1.172960800000000070e+01
2.046031999999999851e+00	1.266370900000000077e+01
2.051984000000000030e+00	1.392453800000000008e+01
2.057935000000000070e+00	1.549481800000000042e+01
2.063886999999999805e+00	1.731292399999999887e+01
2.069837999999999845e+00	1.931341799999999864e+01
2.075791000000000164e+00	2.143086100000000016e+01
2.081744000000000039e+00	2.359935300000000069e+01
2.087698000000000054e+00	2.571516799999999847e+01
2.093652000000000069e+00	2.760923100000000119e+01
2.099604999999999944e+00	2.910597699999999932e+01
2.105554999999999843e+00	3.002984299999999962e+01
2.111501000000000072e+00	3.020635300000000001e+01
2.117445000000000022e+00	2.958973500000000101e+01
2.123388999999999971e+00	2.838244200000000106e+01
2.129338000000000175e+00	2.681521100000000146e+01
2.135295999999999861e+00	2.511877499999999941e+01
2.141268000000000171e+00	2.352347200000000171e+01
2.147250999999999799e+00	2.218679699999999855e+01
2.153232000000000035e+00	2.110914700000000011e+01
2.159196000000000115e+00	2.027047900000000169e+01
2.165125000000000188e+00	1.965074699999999908e+01
2.171006000000000213e+00	1.922994600000000176e+01
2.176841000000000026e+00	1.900059999999999860e+01
2.182682999999999929e+00	1.898550200000000032e+01
2.188588999999999896e+00	1.921192999999999884e+01
2.194618000000000180e+00	1.970715999999999823e+01
2.200828000000000007e+00	2.049837899999999991e+01
2.207209999999999894e+00	2.155684400000000167e+01
2.213579000000000185e+00	2.270208200000000076e+01
2.219714999999999883e+00	2.372813800000000128e+01
2.225403000000000020e+00	2.442905599999999922e+01
2.230423000000000044e+00	2.459892999999999930e+01
2.234681000000000139e+00	2.411267399999999839e+01
2.238447999999999993e+00	2.309184899999999985e+01
2.242068000000000172e+00	2.170489500000000049e+01
2.245884000000000214e+00	2.012025600000000125e+01
2.250237999999999960e+00	1.850636899999999940e+01
2.255365999999999982e+00	1.701664299999999841e+01
2.261130000000000084e+00	1.575278199999999984e+01
2.267313000000000134e+00	1.480538600000000038e+01
2.273696000000000161e+00	1.426505500000000026e+01
2.280063999999999869e+00	1.422238899999999973e+01
2.286243999999999943e+00	1.475913300000000028e+01
2.292251999999999956e+00	1.592267499999999991e+01
2.298146000000000022e+00	1.775206500000000176e+01
2.303983000000000114e+00	2.028635699999999886e+01
2.309822000000000042e+00	2.356460300000000174e+01
2.315710999999999853e+00	2.755878399999999928e+01
2.321645999999999876e+00	3.194704600000000028e+01
2.327612999999999932e+00	3.632709499999999991e+01
2.333594999999999864e+00	4.029663500000000198e+01
2.339576999999999796e+00	4.345336799999999755e+01
2.345546999999999827e+00	4.545139300000000304e+01
2.351503999999999817e+00	4.622386000000000195e+01
2.357451999999999881e+00	4.579007800000000117e+01
2.363395999999999830e+00	4.416937999999999676e+01
2.369339000000000084e+00	4.138109899999999897e+01
2.375286000000000008e+00	3.750652399999999886e+01
2.381237000000000048e+00	3.297363399999999700e+01
2.387189999999999923e+00	2.833093200000000067e+01
2.393143999999999938e+00	2.412704199999999943e+01
2.399097999999999953e+00	2.091058699999999959e+01
2.405050999999999828e+00	1.913921300000000159e+01
2.411004000000000147e+00	1.869377100000000169e+01
2.416955999999999882e+00	1.922977099999999950e+01
2.422906999999999922e+00	2.040220400000000112e+01
2.428857999999999961e+00	2.186606099999999842e+01
2.434809000000000001e+00	2.329217799999999983e+01
2.440760000000000041e+00	2.446549299999999860e+01
2.446712000000000220e+00	2.522093900000000133e+01
2.452663999999999955e+00	2.539366000000000057e+01
2.458616999999999830e+00	2.481880100000000056e+01
2.464570999999999845e+00	2.336845999999999890e+01
2.470524999999999860e+00	2.121807300000000041e+01
2.476478000000000179e+00	1.869183699999999959e+01
2.482429999999999914e+00	1.611497299999999910e+01
2.488377999999999979e+00	1.381270300000000084e+01
2.494323000000000068e+00	1.207751099999999944e+01
2.500265999999999877e+00	1.089427000000000056e+01
2.506212000000000106e+00	1.007930799999999927e+01
2.512164999999999981e+00	9.447228000000000847e+00
2.518129000000000062e+00	8.812632999999999939e+00
2.524108000000000018e+00	8.013961999999999364e+00
2.530091999999999786e+00	7.147389999999999688e+00
2.536067000000000071e+00	6.466613999999999862e+00
2.542015999999999831e+00	6.227587999999999901e+00
2.547924000000000078e+00	6.686268000000000100e+00
2.553779000000000021e+00	8.062307999999999808e+00
2.559610000000000163e+00	1.012086799999999975e+01
2.565475000000000172e+00	1.231767400000000023e+01
2.571432000000000162e+00	1.410251599999999961e+01
2.577539999999999942e+00	1.492518199999999950e+01
2.583845999999999865e+00	1.429321200000000047e+01
2.590249000000000024e+00	1.255785900000000055e+01
2.596534000000000120e+00	1.070958500000000058e+01
2.602485000000000159e+00	9.754713999999999885e+00
2.607883000000000173e+00	1.069956900000000033e+01
2.612527000000000044e+00	1.446920000000000073e+01
2.616509000000000196e+00	2.059036800000000156e+01
2.620163999999999938e+00	2.741190599999999833e+01
2.623834000000000000e+00	3.324585100000000182e+01
2.627863000000000060e+00	3.640424000000000149e+01
2.632579999999999920e+00	3.528141600000000011e+01
2.638037000000000187e+00	2.995786100000000118e+01
2.644026000000000209e+00	2.209267399999999881e+01
2.650332000000000132e+00	1.340573099999999940e+01
2.656734000000000151e+00	5.616905000000000037e+00
2.663022999999999918e+00	3.996089999999999920e-01
2.669115000000000126e+00	-1.721422999999999925e+00
2.675060999999999911e+00	-1.416449000000000069e+00
2.680919999999999970e+00	5.885420000000000096e-01
2.686751000000000111e+00	3.567562000000000122e+00
2.692610999999999866e+00	6.801591000000000165e+00
2.698523999999999923e+00	9.782951000000000619e+00
2.704476000000000102e+00	1.224829599999999985e+01
2.710452000000000083e+00	1.394788800000000073e+01
2.716435999999999851e+00	1.463199299999999958e+01
2.722412999999999972e+00	1.406256800000000062e+01
2.728375999999999912e+00	1.244554300000000069e+01
2.734328000000000092e+00	1.055748099999999923e+01
2.740273999999999877e+00	9.212476000000000553e+00
2.746217000000000130e+00	9.224621000000000848e+00
2.752162000000000219e+00	1.139105699999999999e+01
2.758110999999999979e+00	1.568269300000000044e+01
2.764063000000000159e+00	2.088897300000000001e+01
2.770016000000000034e+00	2.570848200000000006e+01
2.775971000000000188e+00	2.883980299999999986e+01
2.781924000000000063e+00	2.899519499999999894e+01
2.787876999999999938e+00	2.577037100000000081e+01
2.793829000000000118e+00	2.016790400000000005e+01
2.799780999999999853e+00	1.331587700000000041e+01
2.805731999999999893e+00	6.342373000000000260e+00
2.811682999999999932e+00	3.703480000000000105e-01
2.817635000000000112e+00	-3.935223999999999833e+00
2.823586999999999847e+00	-6.722603000000000328e+00
2.829539000000000026e+00	-8.223653000000000546e+00
2.835491000000000206e+00	-8.670239000000000473e+00
2.841442999999999941e+00	-8.293226000000000653e+00
2.847395000000000120e+00	-7.192628000000000021e+00
2.853346999999999856e+00	-5.208986000000000338e+00
2.859299000000000035e+00	-2.152267000000000152e+00
2.865251000000000214e+00	2.167558999999999791e+00
2.871201999999999810e+00	7.938628999999999714e+00
2.877153999999999989e+00	1.495687399999999911e+01
2.883106000000000169e+00	2.214811100000000010e+01
2.889057999999999904e+00	2.832118399999999880e+01
2.895010000000000083e+00	3.228493999999999886e+01
2.900961999999999819e+00	3.284997299999999854e+01
2.906913999999999998e+00	2.946966899999999967e+01
2.912866000000000177e+00	2.319591899999999995e+01
2.918817999999999913e+00	1.532491100000000017e+01
2.924770000000000092e+00	7.152830999999999939e+00
2.930721000000000132e+00	-2.460700000000000040e-02
2.936672999999999867e+00	-5.284281000000000006e+00
2.942625000000000046e+00	-8.743809999999999860e+00
2.948576999999999781e+00	-1.070112800000000064e+01
2.954528999999999961e+00	-1.145416400000000046e+01
2.960481000000000140e+00	-1.130083300000000079e+01
2.966432999999999875e+00	-1.049902100000000083e+01
2.972385000000000055e+00	-9.180773999999999546e+00
2.978336999999999790e+00	-7.453476000000000212e+00
2.984288999999999970e+00	-5.424508999999999581e+00
2.990240000000000009e+00	-3.201255999999999879e+00
2.996192000000000188e+00	-8.910989999999999744e-01
3.002143999999999924e+00	1.398579999999999934e+00
3.008096000000000103e+00	3.560397000000000034e+00
3.014047999999999838e+00	5.486970000000000347e+00
3.020000000000000018e+00	7.070916000000000423e+00
