1.199999999999999956e-01	-2.515497193649473551e-01
1.249780000000000058e-01	4.414006222138819879e-01
1.305999999999999939e-01	1.478099124712484169e+00
1.367059999999999942e-01	1.542263870973659134e+00
1.431360000000000132e-01	1.684895656005068298e+00
1.497320000000000040e-01	2.024124042866276785e+00
1.563350000000000017e-01	2.669338701632737898e+00
1.627850000000000130e-01	3.230107723789044982e+00
1.689219999999999888e-01	3.467250111845493254e+00
1.745889999999999942e-01	3.074887201804144876e+00
1.796250000000000069e-01	2.101304154233474719e+00
1.839349999999999874e-01	2.624546523635276518e+00
1.877439999999999942e-01	2.368895564760691741e+00
1.913779999999999926e-01	2.257472653580122834e+00
1.951660000000000061e-01	2.318104037624239666e+00
1.994340000000000002e-01	1.293827718102941393e+00
2.044499999999999929e-01	1.082703740151403027e+00
2.101250000000000062e-01	2.806598012113680762e-01
2.162479999999999958e-01	1.015066863178664125e+00
2.226049999999999973e-01	9.047823182586509638e-01
2.289819999999999911e-01	4.648407124700103532e-01
2.351930000000000132e-01	5.103693480941877691e-01
2.412249999999999950e-01	8.925931201216809052e-01
2.471349999999999936e-01	3.648704972298449367e-01
2.529799999999999827e-01	8.032332714975256582e-01
2.588170000000000193e-01	1.765459585531182984e+00
2.646970000000000156e-01	1.397914609016177034e-01
2.706259999999999777e-01	6.755034647178028706e-01
2.765880000000000005e-01	5.328298398574132788e-01
2.825679999999999858e-01	7.907139577149131515e-01
2.885510000000000019e-01	8.615898437922462350e-01
2.945229999999999793e-01	1.993812625876260958e+00
3.004809999999999981e-01	1.220143259166786009e+00
3.064310000000000089e-01	1.159612040262918420e+00
3.123750000000000138e-01	1.262980680913963871e+00
3.183190000000000186e-01	2.250908574219029123e+00
3.242650000000000254e-01	1.911917545364326898e+00
3.302149999999999808e-01	2.049319140702444475e+00
3.361680000000000224e-01	1.949158831075239906e+00
3.421210000000000084e-01	1.810132830199954856e+00
3.480759999999999965e-01	1.047761834253412738e+00
3.540289999999999826e-01	1.386791307583948862e+00
3.599809999999999954e-01	1.671505102194235093e+00
3.659330000000000083e-01	1.349545629028739535e+00
3.718839999999999923e-01	2.018989465036812980e+00
3.778360000000000052e-01	2.025484795714343811e+00
3.837869999999999893e-01	1.882216320351720817e+00
3.897390000000000021e-01	1.403534715754587658e+00
3.956910000000000149e-01	1.628608654454260396e+00
4.016429999999999723e-01	1.275526989296068558e+00
4.075949999999999851e-01	1.015634180627268179e+00
4.135469999999999979e-01	6.675499720834487949e-01
4.194979999999999820e-01	5.759725206773054218e-01
4.254499999999999948e-01	1.306879792010624319e+00
4.314009999999999789e-01	1.502078791884096542e+00
4.373540000000000205e-01	1.831044391468522825e+00
4.433079999999999798e-01	1.814045258261727911e+00
4.492619999999999947e-01	1.734057842039669284e+00
4.552160000000000095e-01	2.597341239483318187e+00
4.611680000000000224e-01	2.777511049941670862e+00
4.671170000000000044e-01	2.940146981231548828e+00
4.730619999999999825e-01	2.419121865708741215e+00
4.790059999999999873e-01	2.931972472455664835e+00
4.849510000000000209e-01	2.664793315072572000e+00
4.909020000000000050e-01	3.482452489164563403e+00
4.968629999999999991e-01	3.041264154345397319e+00
5.028390000000000359e-01	2.864453938874011119e+00
5.088230000000000253e-01	3.011176978087297229e+00
5.148009999999999531e-01	2.353458009625140512e+00
5.207570000000000254e-01	2.551278373862408522e+00
5.266750000000000043e-01	2.867622840498372128e+00
5.325410000000000421e-01	2.468599871463085460e+00
5.383719999999999617e-01	2.502245679858621230e+00
5.442249999999999588e-01	2.228007678653638468e+00
5.501580000000000359e-01	2.823353364312267022e+00
5.562289999999999734e-01	2.933568424141832054e+00
5.624930000000000208e-01	2.899217198766846693e+00
5.688929999999999820e-01	3.044209107621536070e+00
5.752220000000000111e-01	2.404267839193991119e+00
5.812610000000000277e-01	2.321884237177510357e+00
5.867949999999999555e-01	2.559562419014104862e+00
5.916080000000000227e-01	3.150402681797859206e+00
5.957040000000000113e-01	3.003973006616611041e+00
5.993990000000000151e-01	2.486540714735827162e+00
6.030370000000000452e-01	3.176212120854164933e+00
6.069609999999999728e-01	3.728707744967731053e+00
6.115110000000000268e-01	3.907038104365686326e+00
6.168270000000000142e-01	3.688614372592418533e+00
6.227219999999999978e-01	3.938830250580934056e+00
6.289789999999999548e-01	4.129475075273019158e+00
6.353790000000000271e-01	4.041255981545799791e+00
6.417070000000000274e-01	3.867366204645370065e+00
6.478369999999999962e-01	4.212284176070390629e+00
6.538089999999999735e-01	3.791138914052111897e+00
6.596819999999999906e-01	3.874567999325659873e+00
6.655140000000000500e-01	3.904026281756608263e+00
6.713630000000000431e-01	3.866930101139194331e+00
6.772660000000000347e-01	3.356230950966847093e+00
6.832110000000000127e-01	3.728741924830162979e+00
6.891829999999999901e-01	3.455889791436892455e+00
6.951669999999999794e-01	3.597153272016839765e+00
7.011469999999999647e-01	3.375469929375384481e+00
7.071119999999999628e-01	3.725537703286499358e+00
7.130670000000000064e-01	4.055162229566086296e+00
7.190130000000000132e-01	4.470450235227655611e+00
7.249569999999999625e-01	4.177416513019626798e+00
7.309010000000000229e-01	4.343448076836165406e+00
7.368489999999999762e-01	4.264607780306292284e+00
7.428000000000000158e-01	4.336240098344842586e+00
7.487530000000000019e-01	3.991912266521842056e+00
7.547080000000000455e-01	3.952212352461260902e+00
7.606619999999999493e-01	4.018968976394518222e+00
7.666140000000000176e-01	4.161740350809255418e+00
7.725670000000000037e-01	3.292560299657444123e+00
7.785180000000000433e-01	3.648701218830433302e+00
7.844689999999999719e-01	4.378598824813000334e+00
7.904210000000000402e-01	3.920411871320828467e+00
7.963729999999999976e-01	4.068731624795865365e+00
8.023249999999999549e-01	4.508869207100659082e+00
8.082770000000000232e-01	4.169705617242765783e+00
8.142289999999999806e-01	3.983711721785413662e+00
8.201800000000000201e-01	4.751673228302916385e+00
8.261319999999999775e-01	4.387403792338043118e+00
8.320830000000000171e-01	4.455849930464781394e+00
8.380349999999999744e-01	4.276855331539767491e+00
8.439870000000000427e-01	4.521460414391285099e+00
8.499400000000000288e-01	4.602076208052347184e+00
8.558940000000000436e-01	5.310306253023738599e+00
8.618479999999999475e-01	5.448898573827031022e+00
8.678010000000000446e-01	5.283930022326464915e+00
8.737519999999999731e-01	5.525545087858265703e+00
8.797000000000000375e-01	5.608601550254618040e+00
8.856439999999999868e-01	5.656941582418165915e+00
8.915870000000000184e-01	5.396792802912903753e+00
8.975349999999999717e-01	4.757189259888109589e+00
9.034900000000000153e-01	4.966619605476797261e+00
9.094569999999999599e-01	5.236211819924928790e+00
9.154379999999999740e-01	4.440174592007747556e+00
9.214210000000000456e-01	4.932028193950446671e+00
9.273909999999999654e-01	5.166181132688639543e+00
9.333329999999999682e-01	6.018925909117298190e+00
9.392300000000000093e-01	5.780537910780818578e+00
9.450749999999999984e-01	5.917315962177100985e+00
9.509090000000000042e-01	6.176247293533735139e+00
9.567890000000000006e-01	6.457767064852466099e+00
9.627750000000000474e-01	6.374801752232719387e+00
9.689229999999999787e-01	5.400983861745481285e+00
9.752680000000000238e-01	5.759075048532527497e+00
9.816639999999999810e-01	5.622821353542573952e+00
9.878930000000000211e-01	5.660245622541275168e+00
9.937399999999999567e-01	5.634355338357648790e+00
9.989850000000000119e-01	5.538786274109614105e+00
1.003457999999999961e+00	5.753768037200440943e+00
1.007338000000000067e+00	5.691378400753866806e+00
1.010966000000000031e+00	6.121681004699927264e+00
1.014685999999999977e+00	5.707424451581852409e+00
1.018841000000000108e+00	6.118061611311484072e+00
1.023735000000000062e+00	6.496233606861487431e+00
1.029328999999999938e+00	6.253602535522171380e+00
1.035408000000000106e+00	6.628411588334166105e+00
1.041754000000000069e+00	6.501628754853425285e+00
1.048148999999999997e+00	6.944469517387263480e+00
1.054391999999999996e+00	6.889872396366667928e+00
1.060446000000000000e+00	7.104723518860231124e+00
1.066368999999999900e+00	6.532970362637147588e+00
1.072216999999999976e+00	7.254184449720341377e+00
1.078049000000000035e+00	6.604507842816327745e+00
1.083920999999999912e+00	6.561917433177768544e+00
1.089842999999999895e+00	7.140005073152513759e+00
1.095801999999999943e+00	6.325620637738274432e+00
1.101780999999999899e+00	7.460520662398744562e+00
1.107765000000000111e+00	6.923134401956044570e+00
1.113739999999999952e+00	7.464800988887641431e+00
1.119699999999999918e+00	7.834153350561772200e+00
1.125650000000000039e+00	6.395633536814040454e+00
1.131594999999999906e+00	7.504154065782608463e+00
1.137537999999999938e+00	7.401891321956018288e+00
1.143483999999999945e+00	7.728520740498302288e+00
1.149432999999999927e+00	7.475080702507788111e+00
1.155386000000000024e+00	8.389849842487397069e+00
1.161338999999999899e+00	8.141952554840205636e+00
1.167294000000000054e+00	8.492052249372038730e+00
1.173246999999999929e+00	8.562041896839863497e+00
1.179200000000000026e+00	7.986605782746860172e+00
1.185151999999999983e+00	8.622831251143644238e+00
1.191103000000000023e+00	8.005138106140263332e+00
1.197054000000000062e+00	7.720886515506353298e+00
1.203006000000000020e+00	8.403675040356370474e+00
1.208957999999999977e+00	7.857461425094360408e+00
1.214909999999999934e+00	8.324413930597952316e+00
1.220861999999999892e+00	8.024816408845389049e+00
1.226814000000000071e+00	8.351945115900210936e+00
1.232765000000000111e+00	8.441280745479270209e+00
1.238717000000000068e+00	8.849586886447575296e+00
1.244668000000000108e+00	8.951347700463021084e+00
1.250620000000000065e+00	9.017250913969858672e+00
1.256572000000000022e+00	9.525168994498864450e+00
1.262526000000000037e+00	9.886970542013038710e+00
1.268480000000000052e+00	1.032346271840803098e+01
1.274434000000000067e+00	1.040343881468317022e+01
1.280386000000000024e+00	1.068186401666369001e+01
1.286335999999999924e+00	1.046065683702186533e+01
1.292281999999999931e+00	1.061801755591507224e+01
1.298224999999999962e+00	1.018256552062721276e+01
1.304170000000000051e+00	1.084675563798361608e+01
1.310119999999999951e+00	1.035484533281187502e+01
1.316079999999999917e+00	1.061713978984053242e+01
1.322052999999999923e+00	1.114888635904346259e+01
1.328036999999999912e+00	1.116593542167123765e+01
1.334017000000000008e+00	1.093505431265084660e+01
1.339976000000000056e+00	1.098263738053768712e+01
1.345900000000000096e+00	1.070467282751983795e+01
1.351774000000000031e+00	1.112667416716620927e+01
1.357607000000000008e+00	1.112600716823134483e+01
1.363453000000000026e+00	1.065287518475676265e+01
1.369372000000000034e+00	1.059462989090162566e+01
1.375421999999999922e+00	1.150298534368903880e+01
1.381658999999999970e+00	1.069303245806831448e+01
1.388052000000000064e+00	1.017448855697101351e+01
1.394403000000000059e+00	1.093078003815081445e+01
1.400492999999999988e+00	1.049962752298827873e+01
1.406104999999999938e+00	1.020480553707652227e+01
1.411021999999999998e+00	1.037089425395765829e+01
1.415195999999999898e+00	1.059585452654565962e+01
1.418924000000000074e+00	9.983287417586099721e+00
1.422549999999999981e+00	9.824555161436913764e+00
1.426417000000000046e+00	9.695910534502029776e+00
1.430868000000000029e+00	8.929316329667280172e+00
1.436091000000000006e+00	9.164692624106876906e+00
1.441923000000000066e+00	9.781060587353360702e+00
1.448144000000000098e+00	9.960129290230332444e+00
1.454538000000000109e+00	9.769951691978363328e+00
1.460887000000000047e+00	9.994597255874035469e+00
1.467041999999999957e+00	9.677416743389155585e+00
1.473030999999999979e+00	9.504646765833891564e+00
1.478914000000000062e+00	9.863054781613405098e+00
1.484749000000000096e+00	1.011628971420822332e+01
1.490591999999999917e+00	1.049534029064746399e+01
1.496488000000000040e+00	1.066264004785287334e+01
1.502428000000000097e+00	1.088744091771189559e+01
1.508397999999999906e+00	1.228031534281933013e+01
1.514380999999999977e+00	1.297342270788220375e+01
1.520361999999999991e+00	1.318455683500083708e+01
1.526329999999999965e+00	1.339648295615403484e+01
1.532284999999999897e+00	1.371569646898766770e+01
1.538232999999999961e+00	1.409203939469776223e+01
1.544175999999999993e+00	1.371043252074647434e+01
1.550119999999999942e+00	1.376105968740711738e+01
1.556068000000000007e+00	1.362581986418916102e+01
1.562019000000000046e+00	1.407351940472410767e+01
1.567971999999999921e+00	1.362262783065446747e+01
1.573925999999999936e+00	1.438973400736834840e+01
1.579879999999999951e+00	1.470393456633529183e+01
1.585833000000000048e+00	1.448015257865427863e+01
1.591785000000000005e+00	1.527709427003911635e+01
1.597736999999999963e+00	1.532423733857948456e+01
1.603688000000000002e+00	1.538728467855581883e+01
1.609639000000000042e+00	1.607295621139682140e+01
1.615590999999999999e+00	1.726904568609351287e+01
1.621542999999999957e+00	1.699946695258765317e+01
1.627494999999999914e+00	1.799905956269343577e+01
1.633447000000000093e+00	1.824250195922467910e+01
1.639399000000000051e+00	1.923541195540227733e+01
1.645350000000000090e+00	2.030317779946778245e+01
1.651302000000000048e+00	2.123771392303187966e+01
1.657253000000000087e+00	2.221928861861819726e+01
1.663205000000000044e+00	2.303354554502544715e+01
1.669157999999999920e+00	2.318579680775334140e+01
1.675111999999999934e+00	2.459441743901189170e+01
1.681065999999999949e+00	2.465443830954237470e+01
1.687019000000000046e+00	2.552720237052986363e+01
1.692971000000000004e+00	2.615210500651260261e+01
1.698919000000000068e+00	2.586154317362099420e+01
1.704863000000000017e+00	2.605357183785343977e+01
1.710806999999999967e+00	2.585820032578844874e+01
1.716752999999999973e+00	2.566488378753113864e+01
1.722706999999999988e+00	2.600909489127153051e+01
1.728671999999999986e+00	2.580648206905043551e+01
1.734652000000000083e+00	2.515043960936278822e+01
1.740636000000000072e+00	2.453693846873551365e+01
1.746609000000000078e+00	2.327701957172363123e+01
1.752555000000000085e+00	2.320945781871571967e+01
1.758458000000000077e+00	2.236857102911441686e+01
1.764308999999999905e+00	2.154791201515819665e+01
1.770140999999999964e+00	2.063561657178221864e+01
1.776011999999999924e+00	1.923876843297136929e+01
1.781979999999999897e+00	1.871527935425808309e+01
1.788105000000000055e+00	1.803425903362655092e+01
1.794426999999999994e+00	1.780291535564436955e+01
1.800829000000000013e+00	1.704979169904204284e+01
1.807091999999999921e+00	1.693674237391182302e+01
1.813002000000000002e+00	1.658688898783286803e+01
1.818338000000000010e+00	1.614204069656115337e+01
1.822912000000000088e+00	1.654403127593443656e+01
1.826850000000000085e+00	1.650982923986989093e+01
1.830492000000000008e+00	1.576695924308868690e+01
1.834179999999999922e+00	1.546860822395375479e+01
1.838259000000000087e+00	1.477948050089345777e+01
1.843048000000000020e+00	1.508164290388150874e+01
1.848562000000000038e+00	1.487872045359944906e+01
1.854589999999999961e+00	1.445339598049838159e+01
1.860913000000000039e+00	1.450567498863502891e+01
1.867313999999999918e+00	1.413229708196368506e+01
1.873583999999999916e+00	1.432423379196985636e+01
1.879660000000000108e+00	1.441519301111482498e+01
1.885596000000000050e+00	1.472260709356738673e+01
1.891450999999999993e+00	1.377506455157462106e+01
1.897281999999999913e+00	1.370551823072414166e+01
1.903146999999999922e+00	1.395412878677915813e+01
1.909062999999999954e+00	1.407697213548295601e+01
1.915018000000000109e+00	1.421128073408006820e+01
1.920995999999999926e+00	1.469723920980053578e+01
1.926979999999999915e+00	1.548137717805025737e+01
1.932955999999999896e+00	1.604837114129965414e+01
1.938917999999999919e+00	1.696726915483702669e+01
1.944868999999999959e+00	1.676337000884083395e+01
1.950814000000000048e+00	1.766597388484214903e+01
1.956757999999999997e+00	1.840179222812234627e+01
1.962703000000000086e+00	1.905974204445232090e+01
1.968652000000000069e+00	1.899921757164776892e+01
1.974604000000000026e+00	1.978137411377181465e+01
1.980558000000000041e+00	1.933828001670137198e+01
1.986512000000000056e+00	2.010379918844909852e+01
1.992466000000000070e+00	2.010418875146810436e+01
1.998418000000000028e+00	2.002876243970456116e+01
2.004370000000000207e+00	2.026492295775413410e+01
2.010321999999999942e+00	2.062618574109941960e+01
2.016272999999999982e+00	1.974040711113129021e+01
2.022224000000000022e+00	1.993966069385355411e+01
2.028176000000000201e+00	1.999268108283196099e+01
2.034127999999999936e+00	2.027581442555894853e+01
2.040080000000000116e+00	2.049399520498425531e+01
2.046031999999999851e+00	2.052377044960377006e+01
2.051984000000000030e+00	2.111148064021849891e+01
2.057935000000000070e+00	2.246420048906189493e+01
2.063886999999999805e+00	2.292343976637857139e+01
2.069837999999999845e+00	2.391042052910457372e+01
2.075791000000000164e+00	2.505579339765501601e+01
2.081744000000000039e+00	2.585118370473764671e+01
2.087698000000000054e+00	2.731033438267030533e+01
2.093652000000000069e+00	2.849016607401466317e+01
2.099604999999999944e+00	2.990599594077187007e+01
2.105554999999999843e+00	3.079275979640798511e+01
2.111501000000000072e+00	3.111655823425938294e+01
2.117445000000000022e+00	3.172106681417010776e+01
2.123388999999999971e+00	3.176601875894867533e+01
2.129338000000000175e+00	3.220700715260633729e+01
2.135295999999999861e+00	3.193954582914523144e+01
2.141268000000000171e+00	3.170488721683230438e+01
2.147250999999999799e+00	3.086039582649040725e+01
2.153232000000000035e+00	3.029359089765188173e+01
2.159196000000000115e+00	2.967267741496072375e+01
2.165125000000000188e+00	2.869902070006727257e+01
2.171006000000000213e+00	2.782810523039158213e+01
2.176841000000000026e+00	2.692376433794784063e+01
2.182682999999999929e+00	2.645864818126149487e+01
2.188588999999999896e+00	2.624094256025887262e+01
2.194618000000000180e+00	2.475088357272274564e+01
2.200828000000000007e+00	2.487364306786241031e+01
2.207209999999999894e+00	2.410537410761096311e+01
2.213579000000000185e+00	2.303975464617704816e+01
2.219714999999999883e+00	2.253921617480636996e+01
2.225403000000000020e+00	2.241226996351984724e+01
2.230423000000000044e+00	2.163402138762631921e+01
2.234681000000000139e+00	2.058070061485087265e+01
2.238447999999999993e+00	2.053579183852965073e+01
2.242068000000000172e+00	2.037977333340032260e+01
2.245884000000000214e+00	1.924040283022834785e+01
2.250237999999999960e+00	1.943876345697827546e+01
2.255365999999999982e+00	1.885218530280375404e+01
2.261130000000000084e+00	1.834757757713095927e+01
2.267313000000000134e+00	1.816593608298086693e+01
2.273696000000000161e+00	1.787609350912614303e+01
2.280063999999999869e+00	1.792396333906328820e+01
2.286243999999999943e+00	1.839825123377345761e+01
2.292251999999999956e+00	1.891047828983751700e+01
2.298146000000000022e+00	1.983484820472923360e+01
2.303983000000000114e+00	2.071695525888264200e+01
2.309822000000000042e+00	2.244827947438706772e+01
2.315710999999999853e+00	2.324919452602112102e+01
2.321645999999999876e+00	2.506555077265686293e+01
2.327612999999999932e+00	2.719223386513085572e+01
2.333594999999999864e+00	2.887133477976844631e+01
2.339576999999999796e+00	3.131218459291392264e+01
2.345546999999999827e+00	3.283253547853190213e+01
2.351503999999999817e+00	3.554391501993802649e+01
2.357451999999999881e+00	3.655584726059015566e+01
2.363395999999999830e+00	3.728880429134030550e+01
2.369339000000000084e+00	3.756085572518486515e+01
2.375286000000000008e+00	3.782130985803307510e+01
2.381237000000000048e+00	3.685911341901753957e+01
2.387189999999999923e+00	3.525150890695022809e+01
2.393143999999999938e+00	3.419178411104419268e+01
2.399097999999999953e+00	3.293121664280734251e+01
2.405050999999999828e+00	3.202882230585366585e+01
2.411004000000000147e+00	3.219504505346601775e+01
2.416955999999999882e+00	3.119319556150192341e+01
2.422906999999999922e+00	3.109559336463900081e+01
2.428857999999999961e+00	3.135447541503896218e+01
2.434809000000000001e+00	3.121905681433080559e+01
2.440760000000000041e+00	3.097250606718900556e+01
2.446712000000000220e+00	3.006129477141012174e+01
2.452663999999999955e+00	2.892202839538010650e+01
2.458616999999999830e+00	2.820257363494355474e+01
2.464570999999999845e+00	2.667011918599044407e+01
2.470524999999999860e+00	2.644783700610002342e+01
2.476478000000000179e+00	2.522081644504870468e+01
2.482429999999999914e+00	2.388871835981576908e+01
2.488377999999999979e+00	2.240821712334851057e+01
2.494323000000000068e+00	2.074460977196330802e+01
2.500265999999999877e+00	1.960036349334457739e+01
2.506212000000000106e+00	1.838590061473279746e+01
2.512164999999999981e+00	1.726212210624792931e+01
2.518129000000000062e+00	1.744099333840389932e+01
2.524108000000000018e+00	1.821518937132947968e+01
2.530091999999999786e+00	2.066435552824906807e+01
2.536067000000000071e+00	2.275407817516150999e+01
2.542015999999999831e+00	2.497566518239925415e+01
2.547924000000000078e+00	2.913447618587030519e+01
2.553779000000000021e+00	3.354293757003129173e+01
2.559610000000000163e+00	3.748892062171589146e+01
2.565475000000000172e+00	4.135778283237943498e+01
2.571432000000000162e+00	4.381683946576322342e+01
2.577539999999999942e+00	4.481334955272183862e+01
2.583845999999999865e+00	4.257156281392099828e+01
2.590249000000000024e+00	3.854334961891193245e+01
2.596534000000000120e+00	3.258058540972810135e+01
2.602485000000000159e+00	2.694937895952498152e+01
2.607883000000000173e+00	2.089377155318181067e+01
2.612527000000000044e+00	1.800557800656896745e+01
2.616509000000000196e+00	1.573992259522877291e+01
2.620163999999999938e+00	1.574424192787411414e+01
2.623834000000000000e+00	1.631903391242271439e+01
2.627863000000000060e+00	1.714147396153055070e+01
2.632579999999999920e+00	1.944438546096513676e+01
2.638037000000000187e+00	2.004041971689514057e+01
2.644026000000000209e+00	2.130739925170651716e+01
2.650332000000000132e+00	2.167210390567258571e+01
2.656734000000000151e+00	2.170656584603243289e+01
2.663022999999999918e+00	2.115973916117526343e+01
2.669115000000000126e+00	1.944733768442521438e+01
2.675060999999999911e+00	1.726119142017004293e+01
2.680919999999999970e+00	1.684613513665881612e+01
2.686751000000000111e+00	1.706552931782806226e+01
2.692610999999999866e+00	1.871407562848985862e+01
2.698523999999999923e+00	2.287395827123871683e+01
2.704476000000000102e+00	2.606042620108948427e+01
2.710452000000000083e+00	3.037383563432512545e+01
2.716435999999999851e+00	3.437886644126853497e+01
2.722412999999999972e+00	3.648622164566501880e+01
2.728375999999999912e+00	3.762933535793279560e+01
2.734328000000000092e+00	3.658724702455806010e+01
2.740273999999999877e+00	3.424251939409387546e+01
2.746217000000000130e+00	3.117680569070012098e+01
2.752162000000000219e+00	2.852201250156920054e+01
2.758110999999999979e+00	2.512322762901796480e+01
2.764063000000000159e+00	2.329056613338893555e+01
2.770016000000000034e+00	2.247454690569798785e+01
2.775971000000000188e+00	2.338219373234338860e+01
2.781924000000000063e+00	2.861586472773874945e+01
2.787876999999999938e+00	3.584155918714230182e+01
2.793829000000000118e+00	4.408276802243145909e+01
2.799780999999999853e+00	5.197751407620366138e+01
2.805731999999999893e+00	5.659306955762689029e+01
2.811682999999999932e+00	5.706865004504489747e+01
2.817635000000000112e+00	5.137693753534180985e+01
2.823586999999999847e+00	4.319507167442845486e+01
2.829539000000000026e+00	3.363062656459040056e+01
2.835491000000000206e+00	2.493106937430217229e+01
2.841442999999999941e+00	2.004762726411662754e+01
2.847395000000000120e+00	1.859765607998728854e+01
2.853346999999999856e+00	2.113492664282432187e+01
2.859299000000000035e+00	2.564395416345519152e+01
2.865251000000000214e+00	2.962953563802820867e+01
2.871201999999999810e+00	3.233194940326380618e+01
2.877153999999999989e+00	3.283723326079392280e+01
2.883106000000000169e+00	3.147419392827975670e+01
2.889057999999999904e+00	3.057059926149940310e+01
2.895010000000000083e+00	2.769613214078164987e+01
2.900961999999999819e+00	2.537933347737677181e+01
2.906913999999999998e+00	2.429917431340966161e+01
2.912866000000000177e+00	2.331389222857872667e+01
2.918817999999999913e+00	2.363303768949074879e+01
2.924770000000000092e+00	2.412512344501159234e+01
2.930721000000000132e+00	2.497976171696034342e+01
2.936672999999999867e+00	2.615495751831418758e+01
2.942625000000000046e+00	2.652845137080384674e+01
2.948576999999999781e+00	2.746459595445950441e+01
2.954528999999999961e+00	2.644469767822822348e+01
2.960481000000000140e+00	2.603855718637742456e+01
2.966432999999999875e+00	2.421599227547820377e+01
2.972385000000000055e+00	2.187643632097231006e+01
2.978336999999999790e+00	1.946642939947218309e+01
2.984288999999999970e+00	1.680419954348198530e+01
2.990240000000000009e+00	1.402691396664770451e+01
2.996192000000000188e+00	1.277768819499127595e+01
3.002143999999999924e+00	1.093229701508233198e+01
3.008096000000000103e+00	1.051740793748065528e+01
3.014047999999999838e+00	1.098182310172388476e+01
3.020000000000000018e+00	1.340533551318582717e+01
