1.199999999999999956e-01	6.529189551904430289e+00
1.249780000000000058e-01	3.227399447882084882e+00
1.305999999999999939e-01	7.137724414964992103e-01
1.367059999999999942e-01	-1.171084768531260423e+00
1.431360000000000132e-01	-2.696960960256722828e+00
1.497320000000000040e-01	-3.390869397773152993e+00
1.563350000000000017e-01	-3.013488733043323542e+00
1.627850000000000130e-01	-2.987315469202549423e+00
1.689219999999999888e-01	-2.351386339439711204e+00
1.745889999999999942e-01	-1.545962219780861124e+00
1.796250000000000069e-01	-2.863317913945824800e-01
1.839349999999999874e-01	2.784897109158802064e-01
1.877439999999999942e-01	1.913755350357102536e+00
1.913779999999999926e-01	3.062799472603086492e+00
1.951660000000000061e-01	3.403293045583708487e+00
1.994340000000000002e-01	4.024129158969889097e+00
2.044499999999999929e-01	4.563418562044972759e+00
2.101250000000000062e-01	3.924137809871730109e+00
2.162479999999999958e-01	3.526310280584324275e+00
2.226049999999999973e-01	2.994316713563863086e+00
2.289819999999999911e-01	2.714715178549844232e+00
2.351930000000000132e-01	2.435866099795528150e+00
2.412249999999999950e-01	2.363490769960258753e+00
2.471349999999999936e-01	2.550691021404095871e+00
2.529799999999999827e-01	2.115260682984969609e+00
2.588170000000000193e-01	1.959118454395637254e+00
2.646970000000000156e-01	1.256770066081572823e+00
2.706259999999999777e-01	4.594868972286378361e-01
2.765880000000000005e-01	5.267277086117390095e-01
2.825679999999999858e-01	3.082192568223469653e-01
2.885510000000000019e-01	-4.226291255274813863e-01
2.945229999999999793e-01	1.975814600550837852e-01
3.004809999999999981e-01	5.316261640757564688e-01
3.064310000000000089e-01	9.798105498210151199e-01
3.123750000000000138e-01	1.408836796689534765e+00
3.183190000000000186e-01	1.606532242319320902e+00
3.242650000000000254e-01	2.207817158560167581e+00
3.302149999999999808e-01	2.232002707569825439e+00
3.361680000000000224e-01	2.184824357943695006e+00
3.421210000000000084e-01	1.971935288473804171e+00
3.480759999999999965e-01	1.830871335929204147e+00
3.540289999999999826e-01	2.026068468940966927e+00
3.599809999999999954e-01	2.181367495540109225e+00
3.659330000000000083e-01	2.355131087711736626e+00
3.718839999999999923e-01	2.355994354224899556e+00
3.778360000000000052e-01	2.487530029150705424e+00
3.837869999999999893e-01	2.321641591235055646e+00
3.897390000000000021e-01	2.133071642281125335e+00
3.956910000000000149e-01	1.156155357075387080e+00
4.016429999999999723e-01	1.311055732173101118e+00
4.075949999999999851e-01	2.242597624179513693e-01
4.135469999999999979e-01	6.265354227651113161e-01
4.194979999999999820e-01	8.897982464369422750e-01
4.254499999999999948e-01	8.376912749256369972e-01
4.314009999999999789e-01	8.156700603157689411e-01
4.373540000000000205e-01	9.709430664332626693e-01
4.433079999999999798e-01	1.249012534639543759e+00
4.492619999999999947e-01	9.595826451835256510e-01
4.552160000000000095e-01	7.338121462306703702e-01
4.611680000000000224e-01	8.152123892147318251e-01
4.671170000000000044e-01	8.015200873932277759e-01
4.730619999999999825e-01	9.800282310594071733e-01
4.790059999999999873e-01	1.157492496214438393e+00
4.849510000000000209e-01	1.845031607540458918e+00
4.909020000000000050e-01	2.841718323979051775e+00
4.968629999999999991e-01	2.515511719168455063e+00
5.028390000000000359e-01	2.808352031885613442e+00
5.088230000000000253e-01	2.447480967964404286e+00
5.148009999999999531e-01	2.137637028864323163e+00
5.207570000000000254e-01	1.295905865770970333e+00
5.266750000000000043e-01	9.082222595604314552e-01
5.325410000000000421e-01	1.427648277959353784e+00
5.383719999999999617e-01	1.296123389927502867e+00
5.442249999999999588e-01	1.907448894700292330e+00
5.501580000000000359e-01	2.321087124012036984e+00
5.562289999999999734e-01	2.451185350525549200e+00
5.624930000000000208e-01	2.240102406238636323e+00
5.688929999999999820e-01	1.882372533469717890e+00
5.752220000000000111e-01	2.016555774883085572e+00
5.812610000000000277e-01	1.028342256847342373e+00
5.867949999999999555e-01	8.643590536991032636e-01
5.916080000000000227e-01	9.015502697296936541e-01
5.957040000000000113e-01	6.028677908883492975e-01
5.993990000000000151e-01	1.505532146234848545e+00
6.030370000000000452e-01	1.621596232467801491e+00
6.069609999999999728e-01	2.035886112845028961e+00
6.115110000000000268e-01	2.498953594411985168e+00
6.168270000000000142e-01	2.665304784076536038e+00
6.227219999999999978e-01	2.244492138843714457e+00
6.289789999999999548e-01	2.040412206699278030e+00
6.353790000000000271e-01	2.302450802266315932e+00
6.417070000000000274e-01	2.165087013421256756e+00
6.478369999999999962e-01	2.263599315613447960e+00
6.538089999999999735e-01	2.465498770057859890e+00
6.596819999999999906e-01	2.635302381525294280e+00
6.655140000000000500e-01	2.687430765541564792e+00
6.713630000000000431e-01	2.280504306483411181e+00
6.772660000000000347e-01	2.605136620715670759e+00
6.832110000000000127e-01	1.962920505278529903e+00
6.891829999999999901e-01	1.745748373944188581e+00
6.951669999999999794e-01	1.405069125888635195e+00
7.011469999999999647e-01	1.529065693381127300e+00
7.071119999999999628e-01	1.245482102152171366e+00
7.130670000000000064e-01	1.225604423055265180e+00
7.190130000000000132e-01	1.513451187871349690e+00
7.249569999999999625e-01	1.383710910650439718e+00
7.309010000000000229e-01	1.837071088445424660e+00
7.368489999999999762e-01	1.944322313908291910e+00
7.428000000000000158e-01	2.250929529255546679e+00
7.487530000000000019e-01	2.162561265969729085e+00
7.547080000000000455e-01	2.265480048401111279e+00
7.606619999999999493e-01	2.121215615435870561e+00
7.666140000000000176e-01	2.092030984190961451e+00
7.725670000000000037e-01	2.507024608772447927e+00
7.785180000000000433e-01	2.690239961494667043e+00
7.844689999999999719e-01	2.598993652624206341e+00
7.904210000000000402e-01	2.624830557025697342e+00
7.963729999999999976e-01	2.876585765997481392e+00
8.023249999999999549e-01	2.729278315746832995e+00
8.082770000000000232e-01	2.776821716721769473e+00
8.142289999999999806e-01	2.099444309535150488e+00
8.201800000000000201e-01	2.278169916975998799e+00
8.261319999999999775e-01	2.279707637536325215e+00
8.320830000000000171e-01	2.205723233932519456e+00
8.380349999999999744e-01	1.664547252858043613e+00
8.439870000000000427e-01	1.944847800531139592e+00
8.499400000000000288e-01	1.482942550172561491e+00
8.558940000000000436e-01	1.946298207323889917e+00
8.618479999999999475e-01	2.348705545133681571e+00
8.678010000000000446e-01	2.220913443512818386e+00
8.737519999999999731e-01	2.472066426092299984e+00
8.797000000000000375e-01	3.071445097135179658e+00
8.856439999999999868e-01	2.727744509365887637e+00
8.915870000000000184e-01	2.813003959464822845e+00
8.975349999999999717e-01	3.077633663914656648e+00
9.034900000000000153e-01	2.852018299823351644e+00
9.094569999999999599e-01	2.888530721888971975e+00
9.154379999999999740e-01	3.013991182680830772e+00
9.214210000000000456e-01	3.281767302528240116e+00
9.273909999999999654e-01	3.388189951476793915e+00
9.333329999999999682e-01	3.067604588123117981e+00
9.392300000000000093e-01	3.448646681438312100e+00
9.450749999999999984e-01	2.797755641047690478e+00
9.509090000000000042e-01	3.453145523642348280e+00
9.567890000000000006e-01	3.130452587451627799e+00
9.627750000000000474e-01	2.686332200572807416e+00
9.689229999999999787e-01	3.001340173485841145e+00
9.752680000000000238e-01	3.055512644897438346e+00
9.816639999999999810e-01	2.970918464312673812e+00
9.878930000000000211e-01	2.952011464837266619e+00
9.937399999999999567e-01	3.252685015580435213e+00
9.989850000000000119e-01	3.695533264335307599e+00
1.003457999999999961e+00	3.603903886398673428e+00
1.007338000000000067e+00	3.786243016240903092e+00
1.010966000000000031e+00	4.029678164989588751e+00
1.014685999999999977e+00	4.063417260196088066e+00
1.018841000000000108e+00	4.272707636761136740e+00
1.023735000000000062e+00	4.014061369619882136e+00
1.029328999999999938e+00	3.589469986852937389e+00
1.035408000000000106e+00	3.562720735045425968e+00
1.041754000000000069e+00	3.185186629165611905e+00
1.048148999999999997e+00	2.657733672138586911e+00
1.054391999999999996e+00	2.761776064057640312e+00
1.060446000000000000e+00	2.124331616270667134e+00
1.066368999999999900e+00	2.101243963611133747e+00
1.072216999999999976e+00	2.033789110126611455e+00
1.078049000000000035e+00	2.088421110003872982e+00
1.083920999999999912e+00	1.665688809377409596e+00
1.089842999999999895e+00	2.552704095178470745e+00
1.095801999999999943e+00	2.033043095862639316e+00
1.101780999999999899e+00	2.504765077975924292e+00
1.107765000000000111e+00	2.514744541621847240e+00
1.113739999999999952e+00	3.012721764851906681e+00
1.119699999999999918e+00	2.718787879556183729e+00
1.125650000000000039e+00	3.825409764662625722e+00
1.131594999999999906e+00	3.889178773593598315e+00
1.137537999999999938e+00	4.888663689755634145e+00
1.143483999999999945e+00	5.084064690594684244e+00
1.149432999999999927e+00	5.376264117384786267e+00
1.155386000000000024e+00	5.526361276037857984e+00
1.161338999999999899e+00	5.685199537313888385e+00
1.167294000000000054e+00	5.689396570797008224e+00
1.173246999999999929e+00	5.202455647392470794e+00
1.179200000000000026e+00	5.728228687813766484e+00
1.185151999999999983e+00	5.127630433740635318e+00
1.191103000000000023e+00	5.053679667273770271e+00
1.197054000000000062e+00	4.649550813934587801e+00
1.203006000000000020e+00	4.450656593619420676e+00
1.208957999999999977e+00	3.903432210966309324e+00
1.214909999999999934e+00	3.862176139227363247e+00
1.220861999999999892e+00	3.613790000571134975e+00
1.226814000000000071e+00	3.153566061988020586e+00
1.232765000000000111e+00	4.006587073029022505e+00
1.238717000000000068e+00	4.514808068252993856e+00
1.244668000000000108e+00	5.038077146332098799e+00
1.250620000000000065e+00	5.678715174637491536e+00
1.256572000000000022e+00	6.094647017812925505e+00
1.262526000000000037e+00	6.253112207375048470e+00
1.268480000000000052e+00	7.188505144529808710e+00
1.274434000000000067e+00	6.845987211682922791e+00
1.280386000000000024e+00	6.946065830573455280e+00
1.286335999999999924e+00	6.605621725141642919e+00
1.292281999999999931e+00	6.570893295000843182e+00
1.298224999999999962e+00	6.840168119277572067e+00
1.304170000000000051e+00	6.534868402551154531e+00
1.310119999999999951e+00	7.066372444727344160e+00
1.316079999999999917e+00	7.001366623021707980e+00
1.322052999999999923e+00	6.990287999608517211e+00
1.328036999999999912e+00	6.853113874700874852e+00
1.334017000000000008e+00	6.565839653126372966e+00
1.339976000000000056e+00	6.296167422100451105e+00
1.345900000000000096e+00	6.421192463577754417e+00
1.351774000000000031e+00	6.511718868015859307e+00
1.357607000000000008e+00	6.569555403428076090e+00
1.363453000000000026e+00	6.558939070065331833e+00
1.369372000000000034e+00	6.867480283437237709e+00
1.375421999999999922e+00	6.822888668958168701e+00
1.381658999999999970e+00	7.290052288602534070e+00
1.388052000000000064e+00	6.541085769533694361e+00
1.394403000000000059e+00	6.266528950636220507e+00
1.400492999999999988e+00	5.679625209585416279e+00
1.406104999999999938e+00	5.310036185789849483e+00
1.411021999999999998e+00	5.034630404775261248e+00
1.415195999999999898e+00	4.970950672271547077e+00
1.418924000000000074e+00	4.821771954435440932e+00
1.422549999999999981e+00	4.743949277783931606e+00
1.426417000000000046e+00	5.208016005005212890e+00
1.430868000000000029e+00	5.548164965885819200e+00
1.436091000000000006e+00	5.943130636709766712e+00
1.441923000000000066e+00	6.601222451734331642e+00
1.448144000000000098e+00	7.620473353536036498e+00
1.454538000000000109e+00	7.702437279566792583e+00
1.460887000000000047e+00	8.178181585262482400e+00
1.467041999999999957e+00	8.121640294588315712e+00
1.473030999999999979e+00	8.229623751697761946e+00
1.478914000000000062e+00	8.211847028411426663e+00
1.484749000000000096e+00	7.859123319419058618e+00
1.490591999999999917e+00	7.725905741526678305e+00
1.496488000000000040e+00	7.956061850118179457e+00
1.502428000000000097e+00	8.124296850800361014e+00
1.508397999999999906e+00	8.330812831598782608e+00
1.514380999999999977e+00	8.818265649244285243e+00
1.520361999999999991e+00	8.720194682332964575e+00
1.526329999999999965e+00	9.085928420177125986e+00
1.532284999999999897e+00	9.029756080316449385e+00
1.538232999999999961e+00	9.568902050696875605e+00
1.544175999999999993e+00	9.513733872302877259e+00
1.550119999999999942e+00	9.389872622321227880e+00
1.556068000000000007e+00	9.268020306546652876e+00
1.562019000000000046e+00	9.300423305283949560e+00
1.567971999999999921e+00	8.886143997166012554e+00
1.573925999999999936e+00	8.907162107938470186e+00
1.579879999999999951e+00	9.605454426951624214e+00
1.585833000000000048e+00	9.968141844021358722e+00
1.591785000000000005e+00	1.045246543690421603e+01
1.597736999999999963e+00	1.172621185770477048e+01
1.603688000000000002e+00	1.220186977506357628e+01
1.609639000000000042e+00	1.312100529893113787e+01
1.615590999999999999e+00	1.333174404013536396e+01
1.621542999999999957e+00	1.376978906695124216e+01
1.627494999999999914e+00	1.438153585883916996e+01
1.633447000000000093e+00	1.466713839465445623e+01
1.639399000000000051e+00	1.474872981651451376e+01
1.645350000000000090e+00	1.491565834203365348e+01
1.651302000000000048e+00	1.539073779412437304e+01
1.657253000000000087e+00	1.591001632967194723e+01
1.663205000000000044e+00	1.664129835876291708e+01
1.669157999999999920e+00	1.732794643116852029e+01
1.675111999999999934e+00	1.815382917247434591e+01
1.681065999999999949e+00	1.951738067841210267e+01
1.687019000000000046e+00	2.054385466294468898e+01
1.692971000000000004e+00	2.208753318792127374e+01
1.698919000000000068e+00	2.405458132791135029e+01
1.704863000000000017e+00	2.568656297789935650e+01
1.710806999999999967e+00	2.800321431505600955e+01
1.716752999999999973e+00	2.954202869664194608e+01
1.722706999999999988e+00	3.123174548164131537e+01
1.728671999999999986e+00	3.168187414020232850e+01
1.734652000000000083e+00	3.144314489829120163e+01
1.740636000000000072e+00	3.024541397795905695e+01
1.746609000000000078e+00	2.896164397442838379e+01
1.752555000000000085e+00	2.702278130454074656e+01
1.758458000000000077e+00	2.515557957735921590e+01
1.764308999999999905e+00	2.322851514907801729e+01
1.770140999999999964e+00	2.131654666912704954e+01
1.776011999999999924e+00	1.967731110137098227e+01
1.781979999999999897e+00	1.861320659882113304e+01
1.788105000000000055e+00	1.757120119067480601e+01
1.794426999999999994e+00	1.672608549760662200e+01
1.800829000000000013e+00	1.608122984174193704e+01
1.807091999999999921e+00	1.583072113169181883e+01
1.813002000000000002e+00	1.583254014042282698e+01
1.818338000000000010e+00	1.566391829741592900e+01
1.822912000000000088e+00	1.599098015267818518e+01
1.826850000000000085e+00	1.643691885959051646e+01
1.830492000000000008e+00	1.637580867218168734e+01
1.834179999999999922e+00	1.638014423088790039e+01
1.838259000000000087e+00	1.626003866450009028e+01
1.843048000000000020e+00	1.599121245047389017e+01
1.848562000000000038e+00	1.529475282283112847e+01
1.854589999999999961e+00	1.429634372425382871e+01
1.860913000000000039e+00	1.292045902062620755e+01
1.867313999999999918e+00	1.164575490711484385e+01
1.873583999999999916e+00	1.036862096085163110e+01
1.879660000000000108e+00	9.257424974432606035e+00
1.885596000000000050e+00	8.130352577455537855e+00
1.891450999999999993e+00	7.505218746370577954e+00
1.897281999999999913e+00	6.610170286582348176e+00
1.903146999999999922e+00	6.789301439579063846e+00
1.909062999999999954e+00	7.619400625761521439e+00
1.915018000000000109e+00	7.999971120490686260e+00
1.920995999999999926e+00	9.439555144744332438e+00
1.926979999999999915e+00	1.062826948231647606e+01
1.932955999999999896e+00	1.190030420854280102e+01
1.938917999999999919e+00	1.317704144639279740e+01
1.944868999999999959e+00	1.448110205921667593e+01
1.950814000000000048e+00	1.548395969337023814e+01
1.956757999999999997e+00	1.604270057254877457e+01
1.962703000000000086e+00	1.672365315049480117e+01
1.968652000000000069e+00	1.636078135631299801e+01
1.974604000000000026e+00	1.601267603576254217e+01
1.980558000000000041e+00	1.526656269786584730e+01
1.986512000000000056e+00	1.459158940295480811e+01
1.992466000000000070e+00	1.428443499447988785e+01
1.998418000000000028e+00	1.332773052775186784e+01
2.004370000000000207e+00	1.285001592942596638e+01
2.010321999999999942e+00	1.305590432663813161e+01
2.016272999999999982e+00	1.278709505105162236e+01
2.022224000000000022e+00	1.255862472720089862e+01
2.028176000000000201e+00	1.302600011779070854e+01
2.034127999999999936e+00	1.327748145983508365e+01
2.040080000000000116e+00	1.353389999995795989e+01
2.046031999999999851e+00	1.402408268764650856e+01
2.051984000000000030e+00	1.490359523639839878e+01
2.057935000000000070e+00	1.605861665121186022e+01
2.063886999999999805e+00	1.773143387513160718e+01
2.069837999999999845e+00	1.891402773955108430e+01
2.075791000000000164e+00	2.102704226597255044e+01
2.081744000000000039e+00	2.327874385876629404e+01
2.087698000000000054e+00	2.617728871340946384e+01
2.093652000000000069e+00	2.836952147883975073e+01
2.099604999999999944e+00	3.092137306069480474e+01
2.105554999999999843e+00	3.306242562378896821e+01
2.111501000000000072e+00	3.437393182260077396e+01
2.117445000000000022e+00	3.488776758953132173e+01
2.123388999999999971e+00	3.474454999905552910e+01
2.129338000000000175e+00	3.424634935741237740e+01
2.135295999999999861e+00	3.375085032910741489e+01
2.141268000000000171e+00	3.288530941721709411e+01
2.147250999999999799e+00	3.184274899742505482e+01
2.153232000000000035e+00	3.025347953783214194e+01
2.159196000000000115e+00	2.893101325246007605e+01
2.165125000000000188e+00	2.765687388887696230e+01
2.171006000000000213e+00	2.649324270261260850e+01
2.176841000000000026e+00	2.508758597099097898e+01
2.182682999999999929e+00	2.475847858319402306e+01
2.188588999999999896e+00	2.358142880055674695e+01
2.194618000000000180e+00	2.227149433843749549e+01
2.200828000000000007e+00	2.108868926336199934e+01
2.207209999999999894e+00	1.971148426472315762e+01
2.213579000000000185e+00	1.837953190160633454e+01
2.219714999999999883e+00	1.732681985230692590e+01
2.225403000000000020e+00	1.616713573588058850e+01
2.230423000000000044e+00	1.472315728570601223e+01
2.234681000000000139e+00	1.385709985619461726e+01
2.238447999999999993e+00	1.229638292480028916e+01
2.242068000000000172e+00	1.108246799262902726e+01
2.245884000000000214e+00	1.083775162115105317e+01
2.250237999999999960e+00	1.009719714396194412e+01
2.255365999999999982e+00	9.806736560565477490e+00
2.261130000000000084e+00	9.460796227888186749e+00
2.267313000000000134e+00	9.572591926155215702e+00
2.273696000000000161e+00	9.706922021537888412e+00
2.280063999999999869e+00	1.019190437597467103e+01
2.286243999999999943e+00	1.172038754728169074e+01
2.292251999999999956e+00	1.351643974080361410e+01
2.298146000000000022e+00	1.532085981489605508e+01
2.303983000000000114e+00	1.707998134600638096e+01
2.309822000000000042e+00	1.952339588070300636e+01
2.315710999999999853e+00	2.210604281374213187e+01
2.321645999999999876e+00	2.428530422364421426e+01
2.327612999999999932e+00	2.616574257400328563e+01
2.333594999999999864e+00	2.766425443864294920e+01
2.339576999999999796e+00	2.855331352111996424e+01
2.345546999999999827e+00	2.888117352944627569e+01
2.351503999999999817e+00	2.803594753763217895e+01
2.357451999999999881e+00	2.735771036712942106e+01
2.363395999999999830e+00	2.566651313840831961e+01
2.369339000000000084e+00	2.380511006911759964e+01
2.375286000000000008e+00	2.235211062565817031e+01
2.381237000000000048e+00	2.094302141244576632e+01
2.387189999999999923e+00	1.966061497109458500e+01
2.393143999999999938e+00	1.878708325512401345e+01
2.399097999999999953e+00	1.851824129127615848e+01
2.405050999999999828e+00	1.918746349696937159e+01
2.411004000000000147e+00	2.011301194525227132e+01
2.416955999999999882e+00	2.169333583896322537e+01
2.422906999999999922e+00	2.313578337877221358e+01
2.428857999999999961e+00	2.498011529255392560e+01
2.434809000000000001e+00	2.733311816369972647e+01
2.440760000000000041e+00	2.981000923444284822e+01
2.446712000000000220e+00	3.215707551200684833e+01
2.452663999999999955e+00	3.499238673912545039e+01
2.458616999999999830e+00	3.783358288851598417e+01
2.464570999999999845e+00	4.103654444546215529e+01
2.470524999999999860e+00	4.425871359458133014e+01
2.476478000000000179e+00	4.705080260593535257e+01
2.482429999999999914e+00	4.906324404127568783e+01
2.488377999999999979e+00	4.890583655002630081e+01
2.494323000000000068e+00	4.794978161881046930e+01
2.500265999999999877e+00	4.536212753391072994e+01
2.506212000000000106e+00	4.135937685967088839e+01
2.512164999999999981e+00	3.844452690180668952e+01
2.518129000000000062e+00	3.522412517632096041e+01
2.524108000000000018e+00	3.472255390983173129e+01
2.530091999999999786e+00	3.447330659739045444e+01
2.536067000000000071e+00	3.517045578262608529e+01
2.542015999999999831e+00	3.583260917045194560e+01
2.547924000000000078e+00	3.523023457407626324e+01
2.553779000000000021e+00	3.375732071413356294e+01
2.559610000000000163e+00	3.083951862605437100e+01
2.565475000000000172e+00	2.712409475076442433e+01
2.571432000000000162e+00	2.475706516412788716e+01
2.577539999999999942e+00	2.285997731310473924e+01
2.583845999999999865e+00	2.183991366984307447e+01
2.590249000000000024e+00	2.329670172524677696e+01
2.596534000000000120e+00	2.421588355019359895e+01
2.602485000000000159e+00	2.682841342749981095e+01
2.607883000000000173e+00	2.804210846438877169e+01
2.612527000000000044e+00	2.885088052122010538e+01
2.616509000000000196e+00	2.877565914249928625e+01
2.620163999999999938e+00	2.702701199670526577e+01
2.623834000000000000e+00	2.490563855160825213e+01
2.627863000000000060e+00	2.141115385065697296e+01
2.632579999999999920e+00	1.793041067381760456e+01
2.638037000000000187e+00	1.407126066205437809e+01
2.644026000000000209e+00	1.072748952166183933e+01
2.650332000000000132e+00	9.679812676996135679e+00
2.656734000000000151e+00	1.101278931574830189e+01
2.663022999999999918e+00	1.601143572092878742e+01
2.669115000000000126e+00	2.368532305066816335e+01
2.675060999999999911e+00	3.266444887076626458e+01
2.680919999999999970e+00	4.037844674312045612e+01
2.686751000000000111e+00	4.488649596888367199e+01
2.692610999999999866e+00	4.436585163115245223e+01
2.698523999999999923e+00	3.798963136061155410e+01
2.704476000000000102e+00	2.878141849267136365e+01
2.710452000000000083e+00	1.760160216141020939e+01
2.716435999999999851e+00	6.768618570596117046e+00
2.722412999999999972e+00	-1.771487731012765021e+00
2.728375999999999912e+00	-7.056344273315423798e+00
2.734328000000000092e+00	-1.013615314431319803e+01
2.740273999999999877e+00	-1.127663009851006493e+01
2.746217000000000130e+00	-1.125968274847409489e+01
2.752162000000000219e+00	-1.144451079857071996e+01
2.758110999999999979e+00	-1.080539066482676347e+01
2.764063000000000159e+00	-1.044171372438928813e+01
2.770016000000000034e+00	-1.028187323581824053e+01
2.775971000000000188e+00	-9.502893208086788945e+00
2.781924000000000063e+00	-8.826087587339875640e+00
2.787876999999999938e+00	-7.585792202405213125e+00
2.793829000000000118e+00	-6.264979778330080684e+00
2.799780999999999853e+00	-5.300968145250100072e+00
2.805731999999999893e+00	-4.766089705660069065e+00
2.811682999999999932e+00	-4.793078363896386307e+00
2.817635000000000112e+00	-5.292667564074733377e+00
2.823586999999999847e+00	-6.674863753066504479e+00
2.829539000000000026e+00	-8.048713028422191940e+00
2.835491000000000206e+00	-9.376072642040655936e+00
2.841442999999999941e+00	-1.011315645108692962e+01
2.847395000000000120e+00	-1.012586050028951234e+01
2.853346999999999856e+00	-9.922956741625464261e+00
2.859299000000000035e+00	-8.663597852461631277e+00
2.865251000000000214e+00	-6.890795821330977233e+00
2.871201999999999810e+00	-4.959679561493183897e+00
2.877153999999999989e+00	-2.793084938016790808e+00
2.883106000000000169e+00	-1.799151545946142683e-02
2.889057999999999904e+00	2.211188385030557590e+00
2.895010000000000083e+00	4.046806358060784703e+00
2.900961999999999819e+00	5.362189825222717587e+00
2.906913999999999998e+00	5.959095656166794264e+00
2.912866000000000177e+00	5.198890131726960462e+00
2.918817999999999913e+00	3.518589049232203614e+00
2.924770000000000092e+00	1.026354363182666374e+00
2.930721000000000132e+00	-3.300956708873990397e+00
2.936672999999999867e+00	-8.285572167832235380e+00
2.942625000000000046e+00	-1.359110024119417659e+01
2.948576999999999781e+00	-1.881321593009067072e+01
2.954528999999999961e+00	-2.253116771745091995e+01
2.960481000000000140e+00	-2.405775347869084868e+01
2.966432999999999875e+00	-2.327058352157229137e+01
2.972385000000000055e+00	-2.071011133543229832e+01
2.978336999999999790e+00	-1.613203071535984634e+01
2.984288999999999970e+00	-1.127637094877058388e+01
2.990240000000000009e+00	-6.386938941641009393e+00
2.996192000000000188e+00	-2.797250960561652899e+00
3.002143999999999924e+00	1.458886377834582304e-01
3.008096000000000103e+00	9.695230939220383926e-02
3.014047999999999838e+00	-1.985251217339801144e+00
3.020000000000000018e+00	-8.313710377517738337e+00
