1.199999999999999956e-01	2.071286999999999878e+00
1.249780000000000058e-01	1.651842000000000033e+00
1.305999999999999939e-01	1.344729000000000063e+00
1.367059999999999942e-01	1.139904999999999946e+00
1.431360000000000132e-01	1.027330999999999994e+00
1.497320000000000040e-01	9.969639999999999613e-01
1.563350000000000017e-01	1.038763000000000103e+00
1.627850000000000130e-01	1.142687999999999926e+00
1.689219999999999888e-01	1.298696000000000073e+00
1.745889999999999942e-01	1.496745999999999910e+00
1.796250000000000069e-01	1.726798000000000055e+00
1.839349999999999874e-01	1.976185999999999998e+00
1.877439999999999942e-01	2.218856999999999857e+00
1.913779999999999926e-01	2.424501999999999935e+00
1.951660000000000061e-01	2.562807999999999975e+00
1.994340000000000002e-01	2.603463000000000083e+00
2.044499999999999929e-01	2.525291000000000174e+00
2.101250000000000062e-01	2.359855000000000036e+00
2.162479999999999958e-01	2.157601000000000102e+00
2.226049999999999973e-01	1.968995000000000051e+00
2.289819999999999911e-01	1.844506999999999897e+00
2.351930000000000132e-01	1.825515999999999917e+00
2.412249999999999950e-01	1.893939999999999957e+00
2.471349999999999936e-01	2.007786999999999988e+00
2.529799999999999827e-01	2.124997000000000025e+00
2.588170000000000193e-01	2.203513000000000055e+00
2.646970000000000156e-01	2.207396999999999831e+00
2.706259999999999777e-01	2.146256000000000164e+00
2.765880000000000005e-01	2.050222999999999907e+00
2.825679999999999858e-01	1.949530999999999903e+00
2.885510000000000019e-01	1.874411999999999967e+00
2.945229999999999793e-01	1.852510000000000101e+00
3.004809999999999981e-01	1.889488999999999974e+00
3.064310000000000089e-01	1.979929999999999968e+00
3.123750000000000138e-01	2.118329000000000129e+00
3.183190000000000186e-01	2.299182000000000059e+00
3.242650000000000254e-01	2.515522999999999954e+00
3.302149999999999808e-01	2.746166999999999803e+00
3.361680000000000224e-01	2.961920999999999804e+00
3.421210000000000084e-01	3.133502000000000010e+00
3.480759999999999965e-01	3.231627000000000027e+00
3.540289999999999826e-01	3.229817999999999856e+00
3.599809999999999954e-01	3.133027999999999924e+00
3.659330000000000083e-01	2.965951000000000004e+00
3.718839999999999923e-01	2.753585999999999867e+00
3.778360000000000052e-01	2.520929999999999893e+00
3.837869999999999893e-01	2.293333000000000066e+00
3.897390000000000021e-01	2.100699999999999790e+00
3.956910000000000149e-01	1.976126000000000049e+00
4.016429999999999723e-01	1.952768999999999977e+00
4.075949999999999851e-01	2.063788000000000178e+00
4.135469999999999979e-01	2.338375999999999788e+00
4.194979999999999820e-01	2.745455000000000201e+00
4.254499999999999948e-01	3.207050000000000178e+00
4.314009999999999789e-01	3.643949000000000105e+00
4.373540000000000205e-01	3.976942999999999895e+00
4.433079999999999798e-01	4.130644000000000204e+00
4.492619999999999947e-01	4.098279999999999923e+00
4.552160000000000095e-01	3.932430000000000092e+00
4.611680000000000224e-01	3.687631999999999799e+00
4.671170000000000044e-01	3.418420999999999932e+00
4.730619999999999825e-01	3.178134000000000015e+00
4.790059999999999873e-01	2.994397000000000197e+00
4.849510000000000209e-01	2.870117000000000029e+00
4.909020000000000050e-01	2.807201000000000057e+00
4.968629999999999991e-01	2.807558999999999916e+00
5.028390000000000359e-01	2.872301000000000215e+00
5.088230000000000253e-01	2.981835999999999931e+00
5.148009999999999531e-01	3.094465000000000021e+00
5.207570000000000254e-01	3.167405000000000026e+00
5.266750000000000043e-01	3.157877000000000045e+00
5.325410000000000421e-01	3.024558999999999997e+00
5.383719999999999617e-01	2.772842999999999947e+00
5.442249999999999588e-01	2.463572000000000095e+00
5.501580000000000359e-01	2.160810999999999815e+00
5.562289999999999734e-01	1.928627000000000091e+00
5.624930000000000208e-01	1.829879999999999951e+00
5.688929999999999820e-01	1.878797999999999968e+00
5.752220000000000111e-01	2.025421999999999834e+00
5.812610000000000277e-01	2.215397999999999978e+00
5.867949999999999555e-01	2.394372999999999863e+00
5.916080000000000227e-01	2.508583999999999925e+00
5.957040000000000113e-01	2.535054000000000141e+00
5.993990000000000151e-01	2.496024999999999938e+00
6.030370000000000452e-01	2.417346999999999912e+00
6.069609999999999728e-01	2.324873999999999885e+00
6.115110000000000268e-01	2.244362000000000190e+00
6.168270000000000142e-01	2.194958999999999882e+00
6.227219999999999978e-01	2.184997000000000078e+00
6.289789999999999548e-01	2.221807000000000087e+00
6.353790000000000271e-01	2.312720999999999805e+00
6.417070000000000274e-01	2.464885000000000215e+00
6.478369999999999962e-01	2.667447000000000124e+00
6.538089999999999735e-01	2.876704000000000150e+00
6.596819999999999906e-01	3.045459000000000138e+00
6.655140000000000500e-01	3.126511999999999958e+00
6.713630000000000431e-01	3.072921000000000014e+00
6.772660000000000347e-01	2.874916999999999945e+00
6.832110000000000127e-01	2.598538000000000014e+00
6.891829999999999901e-01	2.319053999999999949e+00
6.951669999999999794e-01	2.111734999999999918e+00
7.011469999999999647e-01	2.051686999999999816e+00
7.071119999999999628e-01	2.175243000000000038e+00
7.130670000000000064e-01	2.430242999999999931e+00
7.190130000000000132e-01	2.752235000000000209e+00
7.249569999999999625e-01	3.076773000000000202e+00
7.309010000000000229e-01	3.339456000000000202e+00
7.368489999999999762e-01	3.497939000000000132e+00
7.428000000000000158e-01	3.566314000000000206e+00
7.487530000000000019e-01	3.567578000000000138e+00
7.547080000000000455e-01	3.524729999999999919e+00
7.606619999999999493e-01	3.460763000000000034e+00
7.666140000000000176e-01	3.396370000000000111e+00
7.725670000000000037e-01	3.345622999999999791e+00
7.785180000000000433e-01	3.321412000000000031e+00
7.844689999999999719e-01	3.336625000000000174e+00
7.904210000000000402e-01	3.404148000000000174e+00
7.963729999999999976e-01	3.529611000000000054e+00
8.023249999999999549e-01	3.695129000000000108e+00
8.082770000000000232e-01	3.878068999999999988e+00
8.142289999999999806e-01	4.055795999999999957e+00
8.201800000000000201e-01	4.205676000000000414e+00
8.261319999999999775e-01	4.308626000000000289e+00
8.320830000000000171e-01	4.358540999999999777e+00
8.380349999999999744e-01	4.352276999999999951e+00
8.439870000000000427e-01	4.286686999999999692e+00
8.499400000000000288e-01	4.158629000000000353e+00
8.558940000000000436e-01	3.974820999999999938e+00
8.618479999999999475e-01	3.782655999999999796e+00
8.678010000000000446e-01	3.640006000000000075e+00
8.737519999999999731e-01	3.604741999999999891e+00
8.797000000000000375e-01	3.734738000000000113e+00
8.856439999999999868e-01	4.065599999999999881e+00
8.915870000000000184e-01	4.529270000000000351e+00
8.975349999999999717e-01	5.027550999999999881e+00
9.034900000000000153e-01	5.462240000000000428e+00
9.094569999999999599e-01	5.735134999999999650e+00
9.154379999999999740e-01	5.770522999999999847e+00
9.214210000000000456e-01	5.610999999999999766e+00
9.273909999999999654e-01	5.337932000000000343e+00
9.333329999999999682e-01	5.032707000000000264e+00
9.392300000000000093e-01	4.776715000000000266e+00
9.450749999999999984e-01	4.638024999999999842e+00
9.509090000000000042e-01	4.605399000000000242e+00
9.567890000000000006e-01	4.638366000000000433e+00
9.627750000000000474e-01	4.696406999999999776e+00
9.689229999999999787e-01	4.739003000000000299e+00
9.752680000000000238e-01	4.731684999999999697e+00
9.816639999999999810e-01	4.680829000000000129e+00
9.878930000000000211e-01	4.609717999999999982e+00
9.937399999999999567e-01	4.541687999999999725e+00
9.989850000000000119e-01	4.500075999999999965e+00
1.003457999999999961e+00	4.505112999999999701e+00
1.007338000000000067e+00	4.553179000000000087e+00
1.010966000000000031e+00	4.629590999999999568e+00
1.014685999999999977e+00	4.719608000000000025e+00
1.018841000000000108e+00	4.808487999999999651e+00
1.023735000000000062e+00	4.881947000000000259e+00
1.029328999999999938e+00	4.929731000000000307e+00
1.035408000000000106e+00	4.943672000000000288e+00
1.041754000000000069e+00	4.915620999999999796e+00
1.048148999999999997e+00	4.837428000000000061e+00
1.054391999999999996e+00	4.703832000000000235e+00
1.060446000000000000e+00	4.538655000000000328e+00
1.066368999999999900e+00	4.382553999999999839e+00
1.072216999999999976e+00	4.276388999999999996e+00
1.078049000000000035e+00	4.261021999999999643e+00
1.083920999999999912e+00	4.372537000000000340e+00
1.089842999999999895e+00	4.591483000000000203e+00
1.095801999999999943e+00	4.862578000000000067e+00
1.101780999999999899e+00	5.129944000000000059e+00
1.107765000000000111e+00	5.337701000000000029e+00
1.113739999999999952e+00	5.434173999999999616e+00
1.119699999999999918e+00	5.424457999999999558e+00
1.125650000000000039e+00	5.354426000000000130e+00
1.131594999999999906e+00	5.270847999999999978e+00
1.137537999999999938e+00	5.220488999999999713e+00
1.143483999999999945e+00	5.247647999999999868e+00
1.149432999999999927e+00	5.357517999999999780e+00
1.155386000000000024e+00	5.524047999999999625e+00
1.161338999999999899e+00	5.720317999999999792e+00
1.167294000000000054e+00	5.919405000000000250e+00
1.173246999999999929e+00	6.095024999999999693e+00
1.179200000000000026e+00	6.232865999999999573e+00
1.185151999999999983e+00	6.329246000000000372e+00
1.191103000000000023e+00	6.380851999999999968e+00
1.197054000000000062e+00	6.384373000000000076e+00
1.203006000000000020e+00	6.336949999999999861e+00
1.208957999999999977e+00	6.245929000000000286e+00
1.214909999999999934e+00	6.128726000000000340e+00
1.220861999999999892e+00	6.003186000000000355e+00
1.226814000000000071e+00	5.887152000000000385e+00
1.232765000000000111e+00	5.798544999999999838e+00
1.238717000000000068e+00	5.757405999999999580e+00
1.244668000000000108e+00	5.786100000000000243e+00
1.250620000000000065e+00	5.907109000000000165e+00
1.256572000000000022e+00	6.142919000000000018e+00
1.262526000000000037e+00	6.515017000000000280e+00
1.268480000000000052e+00	7.011277999999999899e+00
1.274434000000000067e+00	7.578599999999999781e+00
1.280386000000000024e+00	8.161398000000000152e+00
1.286335999999999924e+00	8.704088000000000491e+00
1.292281999999999931e+00	9.151626999999999512e+00
1.298224999999999962e+00	9.472284000000000148e+00
1.304170000000000051e+00	9.665922000000000125e+00
1.310119999999999951e+00	9.734652999999999778e+00
1.316079999999999917e+00	9.680590000000000472e+00
1.322052999999999923e+00	9.506182000000000798e+00
1.328036999999999912e+00	9.232677000000000689e+00
1.334017000000000008e+00	8.909682999999999353e+00
1.339976000000000056e+00	8.589161000000000712e+00
1.345900000000000096e+00	8.323074000000000083e+00
1.351774000000000031e+00	8.162900999999999740e+00
1.357607000000000008e+00	8.123926000000000869e+00
1.363453000000000026e+00	8.160574000000000439e+00
1.369372000000000034e+00	8.221436000000000632e+00
1.375421999999999922e+00	8.255103999999999331e+00
1.381658999999999970e+00	8.210535999999999390e+00
1.388052000000000064e+00	8.075836000000000681e+00
1.394403000000000059e+00	7.912558999999999898e+00
1.400492999999999988e+00	7.790346000000000437e+00
1.406104999999999938e+00	7.778838999999999615e+00
1.411021999999999998e+00	7.947372999999999799e+00
1.415195999999999898e+00	8.315538000000000096e+00
1.418924000000000074e+00	8.798602999999999952e+00
1.422549999999999981e+00	9.298704000000000747e+00
1.426417000000000046e+00	9.717974999999999142e+00
1.430868000000000029e+00	9.958733999999999753e+00
1.436091000000000006e+00	9.973186000000000107e+00
1.441923000000000066e+00	9.830676000000000414e+00
1.448144000000000098e+00	9.617345000000000255e+00
1.454538000000000109e+00	9.419337000000000515e+00
1.460887000000000047e+00	9.322727000000000430e+00
1.467041999999999957e+00	9.378652000000000655e+00
1.473030999999999979e+00	9.546191000000000315e+00
1.478914000000000062e+00	9.769439999999999458e+00
1.484749000000000096e+00	9.992494000000000653e+00
1.490591999999999917e+00	1.015946300000000058e+01
1.496488000000000040e+00	1.023650400000000005e+01
1.502428000000000097e+00	1.025507700000000000e+01
1.508397999999999906e+00	1.025867900000000077e+01
1.514380999999999977e+00	1.029080699999999915e+01
1.520361999999999991e+00	1.039495699999999978e+01
1.526329999999999965e+00	1.059738100000000038e+01
1.532284999999999897e+00	1.086680499999999938e+01
1.538232999999999961e+00	1.115996200000000016e+01
1.544175999999999993e+00	1.143358899999999956e+01
1.550119999999999942e+00	1.164442200000000049e+01
1.556068000000000007e+00	1.176493999999999929e+01
1.562019000000000046e+00	1.182689899999999916e+01
1.567971999999999921e+00	1.187599999999999945e+01
1.573925999999999936e+00	1.195794700000000077e+01
1.579879999999999951e+00	1.211844199999999994e+01
1.585833000000000048e+00	1.239549300000000009e+01
1.591785000000000005e+00	1.279442000000000057e+01
1.597736999999999963e+00	1.331185499999999955e+01
1.603688000000000002e+00	1.394443399999999933e+01
1.609639000000000042e+00	1.468878899999999987e+01
1.615590999999999999e+00	1.553827500000000050e+01
1.621542999999999957e+00	1.647050899999999984e+01
1.627494999999999914e+00	1.745839099999999888e+01
1.633447000000000093e+00	1.847482000000000113e+01
1.639399000000000051e+00	1.949269599999999869e+01
1.645350000000000090e+00	2.049020300000000105e+01
1.651302000000000048e+00	2.147419400000000067e+01
1.657253000000000087e+00	2.246120000000000161e+01
1.663205000000000044e+00	2.346776099999999943e+01
1.669157999999999920e+00	2.451041499999999829e+01
1.675111999999999934e+00	2.559771299999999883e+01
1.681065999999999949e+00	2.668912500000000065e+01
1.687019000000000046e+00	2.772549499999999867e+01
1.692971000000000004e+00	2.864762999999999948e+01
1.698919000000000068e+00	2.939633900000000111e+01
1.704863000000000017e+00	2.991938400000000087e+01
1.710806999999999967e+00	3.021302400000000077e+01
1.716752999999999973e+00	3.029417099999999863e+01
1.722706999999999988e+00	3.017981299999999933e+01
1.728671999999999986e+00	2.988693800000000067e+01
1.734652000000000083e+00	2.943184499999999915e+01
1.740636000000000072e+00	2.882537200000000155e+01
1.746609000000000078e+00	2.807574999999999932e+01
1.752555000000000085e+00	2.719119699999999895e+01
1.758458000000000077e+00	2.617992800000000031e+01
1.764308999999999905e+00	2.505414700000000039e+01
1.770140999999999964e+00	2.386226299999999867e+01
1.776011999999999924e+00	2.267198399999999836e+01
1.781979999999999897e+00	2.155120000000000147e+01
1.788105000000000055e+00	2.056779799999999980e+01
1.794426999999999994e+00	1.978233499999999978e+01
1.800829000000000013e+00	1.917886100000000127e+01
1.807091999999999921e+00	1.869592199999999949e+01
1.813002000000000002e+00	1.827146099999999862e+01
1.818338000000000010e+00	1.784342099999999931e+01
1.822912000000000088e+00	1.735437500000000099e+01
1.826850000000000085e+00	1.680273899999999898e+01
1.830492000000000008e+00	1.622394299999999845e+01
1.834179999999999922e+00	1.565407599999999988e+01
1.838259000000000087e+00	1.512922999999999973e+01
1.843048000000000020e+00	1.468346900000000055e+01
1.848562000000000038e+00	1.432239000000000040e+01
1.854589999999999961e+00	1.403058399999999928e+01
1.860913000000000039e+00	1.379215600000000030e+01
1.867313999999999918e+00	1.359121099999999949e+01
1.873583999999999916e+00	1.341264800000000079e+01
1.879660000000000108e+00	1.325453800000000015e+01
1.885596000000000050e+00	1.312575299999999956e+01
1.891450999999999993e+00	1.303548200000000001e+01
1.897281999999999913e+00	1.299291700000000027e+01
1.903146999999999922e+00	1.300656999999999996e+01
1.909062999999999954e+00	1.307166400000000017e+01
1.915018000000000109e+00	1.317130299999999998e+01
1.920995999999999926e+00	1.328814599999999935e+01
1.926979999999999915e+00	1.340485499999999952e+01
1.932955999999999896e+00	1.350491199999999914e+01
1.938917999999999919e+00	1.359119800000000033e+01
1.944868999999999959e+00	1.368624600000000058e+01
1.950814000000000048e+00	1.381346399999999974e+01
1.956757999999999997e+00	1.399625999999999948e+01
1.962703000000000086e+00	1.425708000000000020e+01
1.968652000000000069e+00	1.459070200000000028e+01
1.974604000000000026e+00	1.496075000000000088e+01
1.980558000000000041e+00	1.532918300000000045e+01
1.986512000000000056e+00	1.565796500000000080e+01
1.992466000000000070e+00	1.590990000000000038e+01
1.998418000000000028e+00	1.607801800000000014e+01
2.004370000000000207e+00	1.619318099999999916e+01
2.010321999999999942e+00	1.628864000000000090e+01
2.016272999999999982e+00	1.639764500000000069e+01
2.022224000000000022e+00	1.655309199999999947e+01
2.028176000000000201e+00	1.677172600000000102e+01
2.034127999999999936e+00	1.704780299999999826e+01
2.040080000000000116e+00	1.737391399999999919e+01
2.046031999999999851e+00	1.774265099999999862e+01
2.051984000000000030e+00	1.814691600000000093e+01
2.057935000000000070e+00	1.859835999999999956e+01
2.063886999999999805e+00	1.913768999999999920e+01
2.069837999999999845e+00	1.980811299999999875e+01
2.075791000000000164e+00	2.065283399999999858e+01
2.081744000000000039e+00	2.171462899999999863e+01
2.087698000000000054e+00	2.300079099999999954e+01
2.093652000000000069e+00	2.445731999999999928e+01
2.099604999999999944e+00	2.602412599999999898e+01
2.105554999999999843e+00	2.764112300000000033e+01
2.111501000000000072e+00	2.924813800000000086e+01
2.117445000000000022e+00	3.077510399999999890e+01
2.123388999999999971e+00	3.213287100000000152e+01
2.129338000000000175e+00	3.323011400000000037e+01
2.135295999999999861e+00	3.397550700000000035e+01
2.141268000000000171e+00	3.427805699999999689e+01
2.147250999999999799e+00	3.410701999999999856e+01
2.153232000000000035e+00	3.356160599999999761e+01
2.159196000000000115e+00	3.275793399999999878e+01
2.165125000000000188e+00	3.181212400000000073e+01
2.171006000000000213e+00	3.084019400000000033e+01
2.176841000000000026e+00	2.992695000000000149e+01
2.182682999999999929e+00	2.908176500000000075e+01
2.188588999999999896e+00	2.830284699999999987e+01
2.194618000000000180e+00	2.758840100000000106e+01
2.200828000000000007e+00	2.693664700000000067e+01
2.207209999999999894e+00	2.635260500000000050e+01
2.213579000000000185e+00	2.585975699999999833e+01
2.219714999999999883e+00	2.548468099999999836e+01
2.225403000000000020e+00	2.525395899999999827e+01
2.230423000000000044e+00	2.519415899999999908e+01
2.234681000000000139e+00	2.531478600000000156e+01
2.238447999999999993e+00	2.557326600000000028e+01
2.242068000000000172e+00	2.591712700000000069e+01
2.245884000000000214e+00	2.629389600000000016e+01
2.250237999999999960e+00	2.665109999999999957e+01
2.255365999999999982e+00	2.694509199999999893e+01
2.261130000000000084e+00	2.716256699999999924e+01
2.267313000000000134e+00	2.729673899999999875e+01
2.273696000000000161e+00	2.734082199999999929e+01
2.280063999999999869e+00	2.728803100000000015e+01
2.286243999999999943e+00	2.714191699999999940e+01
2.292251999999999956e+00	2.694615599999999844e+01
2.298146000000000022e+00	2.675415399999999977e+01
2.303983000000000114e+00	2.661931600000000131e+01
2.309822000000000042e+00	2.659504899999999950e+01
2.315710999999999853e+00	2.672134799999999899e+01
2.321645999999999876e+00	2.697945400000000049e+01
2.327612999999999932e+00	2.733452399999999827e+01
2.333594999999999864e+00	2.775171500000000080e+01
2.339576999999999796e+00	2.819618399999999880e+01
2.345546999999999827e+00	2.863673100000000105e+01
2.351503999999999817e+00	2.906018500000000060e+01
2.357451999999999881e+00	2.945894399999999891e+01
2.363395999999999830e+00	2.982540399999999892e+01
2.369339000000000084e+00	3.015196299999999852e+01
2.375286000000000008e+00	3.042932800000000171e+01
2.381237000000000048e+00	3.063874399999999909e+01
2.387189999999999923e+00	3.075816500000000175e+01
2.393143999999999938e+00	3.076554300000000097e+01
2.399097999999999953e+00	3.063882800000000017e+01
2.405050999999999828e+00	3.036699099999999873e+01
2.411004000000000147e+00	3.000885399999999947e+01
2.416955999999999882e+00	2.965053100000000086e+01
2.422906999999999922e+00	2.937819599999999909e+01
2.428857999999999961e+00	2.927802700000000158e+01
2.434809000000000001e+00	2.942777999999999849e+01
2.440760000000000041e+00	2.984457499999999897e+01
2.446712000000000220e+00	3.051896500000000145e+01
2.452663999999999955e+00	3.144139200000000045e+01
2.458616999999999830e+00	3.260229499999999803e+01
2.464570999999999845e+00	3.398411999999999722e+01
2.470524999999999860e+00	3.550366100000000102e+01
2.476478000000000179e+00	3.704552300000000287e+01
2.482429999999999914e+00	3.849408700000000039e+01
2.488377999999999979e+00	3.973373300000000086e+01
2.494323000000000068e+00	4.065764800000000179e+01
2.500265999999999877e+00	4.124175300000000277e+01
2.506212000000000106e+00	4.150729700000000122e+01
2.512164999999999981e+00	4.147599699999999956e+01
2.518129000000000062e+00	4.116956799999999816e+01
2.524108000000000018e+00	4.061205600000000260e+01
2.530091999999999786e+00	3.985270299999999821e+01
2.536067000000000071e+00	3.895615399999999795e+01
2.542015999999999831e+00	3.798727199999999726e+01
2.547924000000000078e+00	3.701092100000000329e+01
2.553779000000000021e+00	3.609295999999999793e+01
2.559610000000000163e+00	3.531171899999999653e+01
2.565475000000000172e+00	3.475401500000000254e+01
2.571432000000000162e+00	3.450683000000000078e+01
2.577539999999999942e+00	3.465714499999999987e+01
2.583845999999999865e+00	3.528112300000000090e+01
2.590249000000000024e+00	3.629688999999999766e+01
2.596534000000000120e+00	3.750283600000000206e+01
2.602485000000000159e+00	3.869438499999999692e+01
2.607883000000000173e+00	3.966695599999999899e+01
2.612527000000000044e+00	4.022481400000000207e+01
2.616509000000000196e+00	4.032434099999999688e+01
2.620163999999999938e+00	4.005006699999999853e+01
2.623834000000000000e+00	3.949052600000000268e+01
2.627863000000000060e+00	3.873425199999999791e+01
2.632579999999999920e+00	3.786855599999999811e+01
2.638037000000000187e+00	3.695575300000000141e+01
2.644026000000000209e+00	3.603475199999999745e+01
2.650332000000000132e+00	3.514356300000000033e+01
2.656734000000000151e+00	3.432019300000000328e+01
2.663022999999999918e+00	3.361150700000000313e+01
2.669115000000000126e+00	3.328329999999999700e+01
2.675060999999999911e+00	3.382912999999999926e+01
2.680919999999999970e+00	3.575317400000000134e+01
2.686751000000000111e+00	3.955961099999999675e+01
2.692610999999999866e+00	4.572241199999999850e+01
2.698523999999999923e+00	5.379946199999999834e+01
2.704476000000000102e+00	6.228954600000000141e+01
2.710452000000000083e+00	6.963245899999999722e+01
2.716435999999999851e+00	7.426799099999999498e+01
2.722412999999999972e+00	7.467060800000000143e+01
2.728375999999999912e+00	7.063108400000000131e+01
2.734328000000000092e+00	6.363204999999999956e+01
2.740273999999999877e+00	5.526740399999999909e+01
2.746217000000000130e+00	4.713104599999999778e+01
2.752162000000000219e+00	4.079888100000000151e+01
2.758110999999999979e+00	3.696986900000000276e+01
2.764063000000000159e+00	3.508899499999999705e+01
2.770016000000000034e+00	3.450480199999999797e+01
2.775971000000000188e+00	3.456583400000000239e+01
2.781924000000000063e+00	3.462518800000000141e+01
2.787876999999999938e+00	3.433010399999999862e+01
2.793829000000000118e+00	3.379622799999999927e+01
2.799780999999999853e+00	3.318099699999999785e+01
2.805731999999999893e+00	3.264184699999999850e+01
2.811682999999999932e+00	3.233526799999999923e+01
2.817635000000000112e+00	3.233340900000000318e+01
2.823586999999999847e+00	3.255864799999999804e+01
2.829539000000000026e+00	3.291796500000000236e+01
2.835491000000000206e+00	3.331834200000000124e+01
2.841442999999999941e+00	3.366715200000000152e+01
2.847395000000000120e+00	3.392285100000000142e+01
2.853346999999999856e+00	3.414519700000000313e+01
2.859299000000000035e+00	3.440588799999999736e+01
2.865251000000000214e+00	3.477661700000000167e+01
2.871201999999999810e+00	3.532889500000000282e+01
2.877153999999999989e+00	3.609613199999999722e+01
2.883106000000000169e+00	3.702721100000000121e+01
2.889057999999999904e+00	3.805964999999999776e+01
2.895010000000000083e+00	3.913096600000000080e+01
2.900961999999999819e+00	4.017866099999999818e+01
2.906913999999999998e+00	4.113307799999999759e+01
2.912866000000000177e+00	4.190677900000000022e+01
2.918817999999999913e+00	4.240960299999999705e+01
2.924770000000000092e+00	4.255139100000000241e+01
2.930721000000000132e+00	4.224202900000000227e+01
2.936672999999999867e+00	4.142698399999999737e+01
2.942625000000000046e+00	4.015111000000000274e+01
2.948576999999999781e+00	3.847648399999999924e+01
2.954528999999999961e+00	3.646517999999999660e+01
2.960481000000000140e+00	3.417927099999999996e+01
2.966432999999999875e+00	3.167745499999999836e+01
2.972385000000000055e+00	2.900782099999999986e+01
2.978336999999999790e+00	2.621637899999999988e+01
2.984288999999999970e+00	2.334913699999999892e+01
2.990240000000000009e+00	2.045210600000000056e+01
2.996192000000000188e+00	1.757129300000000072e+01
3.002143999999999924e+00	1.475271000000000043e+01
3.008096000000000103e+00	1.204236399999999918e+01
3.014047999999999838e+00	9.486266000000000531e+00
3.020000000000000018e+00	7.130423999999999651e+00
