1.199999999999999956e-01	7.994613711083040641e+00
1.249780000000000058e-01	3.927467141108068382e+00
1.305999999999999939e-01	2.137369088612271484e-01
1.367059999999999942e-01	-1.365859619970281713e+00
1.431360000000000132e-01	-3.042573283810464879e+00
1.497320000000000040e-01	-3.672707055128232145e+00
1.563350000000000017e-01	-4.280579223356036245e+00
1.627850000000000130e-01	-4.141166322991995941e+00
1.689219999999999888e-01	-3.648844382029674538e+00
1.745889999999999942e-01	-3.136797122480633693e+00
1.796250000000000069e-01	-2.518177093439760483e+00
1.839349999999999874e-01	-1.083846389954364664e+00
1.877439999999999942e-01	-5.048119003527046234e-02
1.913779999999999926e-01	7.739571764496547823e-01
1.951660000000000061e-01	1.546197797588692691e+00
1.994340000000000002e-01	2.098114091325483432e+00
2.044499999999999929e-01	2.614023869599351180e+00
2.101250000000000062e-01	2.714348534011430836e+00
2.162479999999999958e-01	2.687141628718586972e+00
2.226049999999999973e-01	2.286680304213887016e+00
2.289819999999999911e-01	1.795793238713217610e+00
2.351930000000000132e-01	2.410451796922351342e+00
2.412249999999999950e-01	1.697497407802455616e+00
2.471349999999999936e-01	1.425881327988932856e+00
2.529799999999999827e-01	1.385925713797276249e+00
2.588170000000000193e-01	4.088987848312640450e-02
2.646970000000000156e-01	2.744738911051909369e-01
2.706259999999999777e-01	-6.756116784179982959e-02
2.765880000000000005e-01	-4.598302362076414629e-01
2.825679999999999858e-01	-3.064739110311863746e-01
2.885510000000000019e-01	-3.626215929867584453e-01
2.945229999999999793e-01	1.230276503185326886e-01
3.004809999999999981e-01	4.046652409133439932e-01
3.064310000000000089e-01	1.855653792516120393e-01
3.123750000000000138e-01	9.308613431804987348e-01
3.183190000000000186e-01	6.920079430796515219e-01
3.242650000000000254e-01	1.198238016913682369e+00
3.302149999999999808e-01	1.562098528642007933e+00
3.361680000000000224e-01	1.136398876604328700e+00
3.421210000000000084e-01	1.547468180657114889e+00
3.480759999999999965e-01	1.410674713765978083e+00
3.540289999999999826e-01	1.696785909252651381e+00
3.599809999999999954e-01	9.595734836213486441e-01
3.659330000000000083e-01	1.042385397851638196e+00
3.718839999999999923e-01	1.133180741509137501e+00
3.778360000000000052e-01	1.251798219151375235e+00
3.837869999999999893e-01	5.793863282483646682e-01
3.897390000000000021e-01	3.698512658222622984e-01
3.956910000000000149e-01	8.188129370264143336e-01
4.016429999999999723e-01	1.107549466383906722e+00
4.075949999999999851e-01	1.258117608524767395e+00
4.135469999999999979e-01	7.591522546379849690e-01
4.194979999999999820e-01	4.262196166005343123e-01
4.254499999999999948e-01	7.221520410507308307e-01
4.314009999999999789e-01	7.795993720973550811e-01
4.373540000000000205e-01	1.187535701398581889e+00
4.433079999999999798e-01	1.468580296242699035e+00
4.492619999999999947e-01	8.482604118627092848e-01
4.552160000000000095e-01	3.993927265965735440e-01
4.611680000000000224e-01	1.085024385611590647e+00
4.671170000000000044e-01	8.827227427879843491e-01
4.730619999999999825e-01	1.753529906279904793e-01
4.790059999999999873e-01	5.976605693753731519e-01
4.849510000000000209e-01	7.578810493801809711e-01
4.909020000000000050e-01	9.881779466962921088e-01
4.968629999999999991e-01	7.731052644676443819e-01
5.028390000000000359e-01	6.644696936696596890e-01
5.088230000000000253e-01	1.275853822249610303e+00
5.148009999999999531e-01	1.345599147048271771e+00
5.207570000000000254e-01	1.603114888257253678e+00
5.266750000000000043e-01	1.569187079301521681e+00
5.325410000000000421e-01	1.506943054856934916e+00
5.383719999999999617e-01	1.457696530088043785e+00
5.442249999999999588e-01	1.963846388510717356e+00
5.501580000000000359e-01	1.463436034330839686e+00
5.562289999999999734e-01	4.984082295173400401e-01
5.624930000000000208e-01	1.185382210548197257e+00
5.688929999999999820e-01	9.730712210035421528e-01
5.752220000000000111e-01	6.977000409191093100e-01
5.812610000000000277e-01	9.340715614753477558e-01
5.867949999999999555e-01	4.487871650380604316e-01
5.916080000000000227e-01	4.546193113940563135e-01
5.957040000000000113e-01	2.988700776345233900e-01
5.993990000000000151e-01	4.249382971328531933e-01
6.030370000000000452e-01	5.172108945273463654e-01
6.069609999999999728e-01	1.097166116933404822e+00
6.115110000000000268e-01	9.191833945941270123e-01
6.168270000000000142e-01	1.818202751748832835e+00
6.227219999999999978e-01	1.772770778944280590e+00
6.289789999999999548e-01	1.978618400691933399e+00
6.353790000000000271e-01	1.840684470710933107e+00
6.417070000000000274e-01	1.667251409435133613e+00
6.478369999999999962e-01	1.841216344606806388e+00
6.538089999999999735e-01	1.519525512916493959e+00
6.596819999999999906e-01	1.774798695140519467e+00
6.655140000000000500e-01	1.495290003556365432e+00
6.713630000000000431e-01	2.171743863950000630e+00
6.772660000000000347e-01	1.159401217778621929e+00
6.832110000000000127e-01	1.813385290924363957e+00
6.891829999999999901e-01	1.523035561545845962e+00
6.951669999999999794e-01	9.127895819478806239e-01
7.011469999999999647e-01	1.942956217668473817e+00
7.071119999999999628e-01	1.682972283254110968e+00
7.130670000000000064e-01	1.753071271944537601e+00
7.190130000000000132e-01	1.758056421251328993e+00
7.249569999999999625e-01	1.623760920007882858e+00
7.309010000000000229e-01	1.778449482488291711e+00
7.368489999999999762e-01	1.474855210012630424e+00
7.428000000000000158e-01	2.001441668733500823e+00
7.487530000000000019e-01	1.945962965519392185e+00
7.547080000000000455e-01	2.210035081273106883e+00
7.606619999999999493e-01	1.766225068411785948e+00
7.666140000000000176e-01	1.728241129061546699e+00
7.725670000000000037e-01	1.935338864167988060e+00
7.785180000000000433e-01	2.122154297221312547e+00
7.844689999999999719e-01	2.019442161705220951e+00
7.904210000000000402e-01	1.342929861563499472e+00
7.963729999999999976e-01	2.020159129111191554e+00
8.023249999999999549e-01	1.682578770354952624e+00
8.082770000000000232e-01	1.661275260445195023e+00
8.142289999999999806e-01	1.611300869496104848e+00
8.201800000000000201e-01	1.787644072928886274e+00
8.261319999999999775e-01	1.636103547424446303e+00
8.320830000000000171e-01	2.023279657411684695e+00
8.380349999999999744e-01	1.985565788137613197e+00
8.439870000000000427e-01	1.922097549715064524e+00
8.499400000000000288e-01	1.873990239635197730e+00
8.558940000000000436e-01	1.996132480305005563e+00
8.618479999999999475e-01	2.667289363126675639e+00
8.678010000000000446e-01	2.417790233816303314e+00
8.737519999999999731e-01	2.089362752642885290e+00
8.797000000000000375e-01	2.188972367853224910e+00
8.856439999999999868e-01	2.163652237022915426e+00
8.915870000000000184e-01	2.529962277075058719e+00
8.975349999999999717e-01	2.005320341006513019e+00
9.034900000000000153e-01	2.857569241873114230e+00
9.094569999999999599e-01	2.638858612894744660e+00
9.154379999999999740e-01	2.626556162675652395e+00
9.214210000000000456e-01	2.405398953492880132e+00
9.273909999999999654e-01	2.209148546424346105e+00
9.333329999999999682e-01	2.512528403770375451e+00
9.392300000000000093e-01	2.957627419886738718e+00
9.450749999999999984e-01	2.712209724692313806e+00
9.509090000000000042e-01	1.997876799582921858e+00
9.567890000000000006e-01	2.114846940947995080e+00
9.627750000000000474e-01	2.674625307208969183e+00
9.689229999999999787e-01	1.265824961967225271e+00
9.752680000000000238e-01	1.709787890964292512e+00
9.816639999999999810e-01	1.808919526706203262e+00
9.878930000000000211e-01	2.223847347172856814e+00
9.937399999999999567e-01	2.420142375919349220e+00
9.989850000000000119e-01	2.339255445159894808e+00
1.003457999999999961e+00	2.314676528023351221e+00
1.007338000000000067e+00	2.261867931653990027e+00
1.010966000000000031e+00	2.730393880426124298e+00
1.014685999999999977e+00	2.836608541682642759e+00
1.018841000000000108e+00	3.328787403599522854e+00
1.023735000000000062e+00	3.078400971342567516e+00
1.029328999999999938e+00	3.318083561205265930e+00
1.035408000000000106e+00	3.250674362882703949e+00
1.041754000000000069e+00	3.142635488120068210e+00
1.048148999999999997e+00	2.978558870395527247e+00
1.054391999999999996e+00	2.733611326289321131e+00
1.060446000000000000e+00	2.370520139761667533e+00
1.066368999999999900e+00	2.172164617816292775e+00
1.072216999999999976e+00	1.768221394701915195e+00
1.078049000000000035e+00	2.292261707060696985e+00
1.083920999999999912e+00	1.573560070200298755e+00
1.089842999999999895e+00	2.055007914912432732e+00
1.095801999999999943e+00	1.788494035785051173e+00
1.101780999999999899e+00	2.877246171457205293e+00
1.107765000000000111e+00	2.365442148289246926e+00
1.113739999999999952e+00	2.170256899392300820e+00
1.119699999999999918e+00	2.670306583655112309e+00
1.125650000000000039e+00	2.932353777887217294e+00
1.131594999999999906e+00	3.389043804665786919e+00
1.137537999999999938e+00	3.370236369102042939e+00
1.143483999999999945e+00	3.843122984830101618e+00
1.149432999999999927e+00	3.570615494795807976e+00
1.155386000000000024e+00	3.921887640814902820e+00
1.161338999999999899e+00	4.104349617668342276e+00
1.167294000000000054e+00	3.361043805966896780e+00
1.173246999999999929e+00	3.084035837549097270e+00
1.179200000000000026e+00	3.116461034640595429e+00
1.185151999999999983e+00	3.576301763140578682e+00
1.191103000000000023e+00	3.849312671728746693e+00
1.197054000000000062e+00	3.644327188014205188e+00
1.203006000000000020e+00	3.303139529029782473e+00
1.208957999999999977e+00	3.641238505708437767e+00
1.214909999999999934e+00	3.601053437684159420e+00
1.220861999999999892e+00	4.106024664519964062e+00
1.226814000000000071e+00	4.374794521235240374e+00
1.232765000000000111e+00	4.691686219397420921e+00
1.238717000000000068e+00	5.034180885322391497e+00
1.244668000000000108e+00	4.770451162961388825e+00
1.250620000000000065e+00	5.147323918079603544e+00
1.256572000000000022e+00	6.044793460335126767e+00
1.262526000000000037e+00	5.283821087007619433e+00
1.268480000000000052e+00	6.403049661893029487e+00
1.274434000000000067e+00	5.709726813035838511e+00
1.280386000000000024e+00	5.239772263063855462e+00
1.286335999999999924e+00	5.823547047523555342e+00
1.292281999999999931e+00	4.800048710383035377e+00
1.298224999999999962e+00	5.286483725468503536e+00
1.304170000000000051e+00	5.352064569248993209e+00
1.310119999999999951e+00	5.326258144879149725e+00
1.316079999999999917e+00	4.841617612572670204e+00
1.322052999999999923e+00	4.915842024678958921e+00
1.328036999999999912e+00	5.079273679337775071e+00
1.334017000000000008e+00	4.899091869380754360e+00
1.339976000000000056e+00	5.363096177289031097e+00
1.345900000000000096e+00	5.133213995247002615e+00
1.351774000000000031e+00	5.379254058119776083e+00
1.357607000000000008e+00	5.752606733432100050e+00
1.363453000000000026e+00	5.753344298201477081e+00
1.369372000000000034e+00	5.505758170489119863e+00
1.375421999999999922e+00	5.571115086994170795e+00
1.381658999999999970e+00	5.305073264273080902e+00
1.388052000000000064e+00	5.532368656099733606e+00
1.394403000000000059e+00	5.522026025097220625e+00
1.400492999999999988e+00	5.049362850449717222e+00
1.406104999999999938e+00	5.117972190095109397e+00
1.411021999999999998e+00	5.112117346498727954e+00
1.415195999999999898e+00	4.938411232120150984e+00
1.418924000000000074e+00	4.422140921342360365e+00
1.422549999999999981e+00	4.920117745308707491e+00
1.426417000000000046e+00	5.188505760284649604e+00
1.430868000000000029e+00	4.612743123398474587e+00
1.436091000000000006e+00	5.155177836788319645e+00
1.441923000000000066e+00	5.538689682947550708e+00
1.448144000000000098e+00	5.151891893903123965e+00
1.454538000000000109e+00	5.137088196298389420e+00
1.460887000000000047e+00	5.836686313849400065e+00
1.467041999999999957e+00	6.432605714209996606e+00
1.473030999999999979e+00	6.485349259684975110e+00
1.478914000000000062e+00	7.041794389206476268e+00
1.484749000000000096e+00	7.725176709687529453e+00
1.490591999999999917e+00	7.786991814639461218e+00
1.496488000000000040e+00	7.591524658518636670e+00
1.502428000000000097e+00	8.769808363941015372e+00
1.508397999999999906e+00	8.701290982535702767e+00
1.514380999999999977e+00	8.626693054877241806e+00
1.520361999999999991e+00	8.422725042693251396e+00
1.526329999999999965e+00	8.929519744616925436e+00
1.532284999999999897e+00	8.143128970273432188e+00
1.538232999999999961e+00	7.762694593023505618e+00
1.544175999999999993e+00	7.679828397868962320e+00
1.550119999999999942e+00	7.907883306612060181e+00
1.556068000000000007e+00	7.464045496725424833e+00
1.562019000000000046e+00	7.497574385723415169e+00
1.567971999999999921e+00	7.840324093097768454e+00
1.573925999999999936e+00	8.314929773282788261e+00
1.579879999999999951e+00	8.017143922319073468e+00
1.585833000000000048e+00	8.062143847112348993e+00
1.591785000000000005e+00	9.264567486301901411e+00
1.597736999999999963e+00	9.446121139814632528e+00
1.603688000000000002e+00	1.082393567986803085e+01
1.609639000000000042e+00	1.172024883265952866e+01
1.615590999999999999e+00	1.248003050961921012e+01
1.621542999999999957e+00	1.331754603301877360e+01
1.627494999999999914e+00	1.436143047806974415e+01
1.633447000000000093e+00	1.499954485454256847e+01
1.639399000000000051e+00	1.585236173129544923e+01
1.645350000000000090e+00	1.674213822183940081e+01
1.651302000000000048e+00	1.675035589413471371e+01
1.657253000000000087e+00	1.772009454492729219e+01
1.663205000000000044e+00	1.813343803021238543e+01
1.669157999999999920e+00	1.809224428393082107e+01
1.675111999999999934e+00	1.922392001962203167e+01
1.681065999999999949e+00	1.999356975057717634e+01
1.687019000000000046e+00	2.180424396742005655e+01
1.692971000000000004e+00	2.299736596201791983e+01
1.698919000000000068e+00	2.385554894856657882e+01
1.704863000000000017e+00	2.474517686335091327e+01
1.710806999999999967e+00	2.662777762420895300e+01
1.716752999999999973e+00	2.685127273944634752e+01
1.722706999999999988e+00	2.710541510374255481e+01
1.728671999999999986e+00	2.769857872609472693e+01
1.734652000000000083e+00	2.604467036342019171e+01
1.740636000000000072e+00	2.476628424824863473e+01
1.746609000000000078e+00	2.315375373801050429e+01
1.752555000000000085e+00	2.094275532824523367e+01
1.758458000000000077e+00	1.816790309475711140e+01
1.764308999999999905e+00	1.758293004881439714e+01
1.770140999999999964e+00	1.524358585002969058e+01
1.776011999999999924e+00	1.428244868405156787e+01
1.781979999999999897e+00	1.379923953598204101e+01
1.788105000000000055e+00	1.271448203437680924e+01
1.794426999999999994e+00	1.349865568928432502e+01
1.800829000000000013e+00	1.363187058516167838e+01
1.807091999999999921e+00	1.456277848240093142e+01
1.813002000000000002e+00	1.493426974164823662e+01
1.818338000000000010e+00	1.558157505051998193e+01
1.822912000000000088e+00	1.713122843763693481e+01
1.826850000000000085e+00	1.774126832212006377e+01
1.830492000000000008e+00	1.839423279675250456e+01
1.834179999999999922e+00	1.943991056927099592e+01
1.838259000000000087e+00	1.993030437549067813e+01
1.843048000000000020e+00	1.962379643452640821e+01
1.848562000000000038e+00	1.906011025843277196e+01
1.854589999999999961e+00	1.826204713820774828e+01
1.860913000000000039e+00	1.711353741205447321e+01
1.867313999999999918e+00	1.538812400929380075e+01
1.873583999999999916e+00	1.373795202181229236e+01
1.879660000000000108e+00	1.292352283785711720e+01
1.885596000000000050e+00	1.107565538257181714e+01
1.891450999999999993e+00	1.055990579483305680e+01
1.897281999999999913e+00	9.035633583173765970e+00
1.903146999999999922e+00	8.174168499478220440e+00
1.909062999999999954e+00	8.615111457291119379e+00
1.915018000000000109e+00	8.441745596127208984e+00
1.920995999999999926e+00	9.161742563855682420e+00
1.926979999999999915e+00	9.797370060685704374e+00
1.932955999999999896e+00	1.074574464180147970e+01
1.938917999999999919e+00	1.145297069169458837e+01
1.944868999999999959e+00	1.241216660888074586e+01
1.950814000000000048e+00	1.371210722855493103e+01
1.956757999999999997e+00	1.393632109354524040e+01
1.962703000000000086e+00	1.487602082636818679e+01
1.968652000000000069e+00	1.491380048505977918e+01
1.974604000000000026e+00	1.515698337724077938e+01
1.980558000000000041e+00	1.528803680007976240e+01
1.986512000000000056e+00	1.456450968285884784e+01
1.992466000000000070e+00	1.394174379788779561e+01
1.998418000000000028e+00	1.347156134938022198e+01
2.004370000000000207e+00	1.267234644829813206e+01
2.010321999999999942e+00	1.212250036055555391e+01
2.016272999999999982e+00	1.147723198254955257e+01
2.022224000000000022e+00	1.087233067684109677e+01
2.028176000000000201e+00	1.097699270888461420e+01
2.034127999999999936e+00	1.060486863354648790e+01
2.040080000000000116e+00	1.200610666174903685e+01
2.046031999999999851e+00	1.285457077392049285e+01
2.051984000000000030e+00	1.420201639860031761e+01
2.057935000000000070e+00	1.558320120181576662e+01
2.063886999999999805e+00	1.792248376439221502e+01
2.069837999999999845e+00	1.942326817058048505e+01
2.075791000000000164e+00	2.150351236792674570e+01
2.081744000000000039e+00	2.390785667170131745e+01
2.087698000000000054e+00	2.593836570913160600e+01
2.093652000000000069e+00	2.744712651823274996e+01
2.099604999999999944e+00	2.938929016500205549e+01
2.105554999999999843e+00	3.096773233703667216e+01
2.111501000000000072e+00	3.072551706009773653e+01
2.117445000000000022e+00	3.002601030466693643e+01
2.123388999999999971e+00	2.897763461037810728e+01
2.129338000000000175e+00	2.744912875723884227e+01
2.135295999999999861e+00	2.522894555316008436e+01
2.141268000000000171e+00	2.379384385818115533e+01
2.147250999999999799e+00	2.268566704262908473e+01
2.153232000000000035e+00	2.143357980598673507e+01
2.159196000000000115e+00	2.063517370846516386e+01
2.165125000000000188e+00	2.018793672579074894e+01
2.171006000000000213e+00	2.004545288162804795e+01
2.176841000000000026e+00	1.897077274444538020e+01
2.182682999999999929e+00	1.912303941129814788e+01
2.188588999999999896e+00	1.954300190715088092e+01
2.194618000000000180e+00	1.984615173372860042e+01
2.200828000000000007e+00	2.107334291490002087e+01
2.207209999999999894e+00	2.156360868195938707e+01
2.213579000000000185e+00	2.323580920315531273e+01
2.219714999999999883e+00	2.381892509528840662e+01
2.225403000000000020e+00	2.520430784569077431e+01
2.230423000000000044e+00	2.512765626402459418e+01
2.234681000000000139e+00	2.427714403442638869e+01
2.238447999999999993e+00	2.325011409483066771e+01
2.242068000000000172e+00	2.263183517837503445e+01
2.245884000000000214e+00	2.052144619622035648e+01
2.250237999999999960e+00	1.880464637173895426e+01
2.255365999999999982e+00	1.697065182702385400e+01
2.261130000000000084e+00	1.636698685706100420e+01
2.267313000000000134e+00	1.548321940572679800e+01
2.273696000000000161e+00	1.429872222840777418e+01
2.280063999999999869e+00	1.445609527939142680e+01
2.286243999999999943e+00	1.502491166895696395e+01
2.292251999999999956e+00	1.613626129024994782e+01
2.298146000000000022e+00	1.797433847855217337e+01
2.303983000000000114e+00	2.058157298479777353e+01
2.309822000000000042e+00	2.397116730417379316e+01
2.315710999999999853e+00	2.739234911293370445e+01
2.321645999999999876e+00	3.208789722219029272e+01
2.327612999999999932e+00	3.671543562744150790e+01
2.333594999999999864e+00	4.066043283070913361e+01
2.339576999999999796e+00	4.364989161503881121e+01
2.345546999999999827e+00	4.593803669517504318e+01
2.351503999999999817e+00	4.675335617667521859e+01
2.357451999999999881e+00	4.631238016695362347e+01
2.363395999999999830e+00	4.457658015519727002e+01
2.369339000000000084e+00	4.196251803944581837e+01
2.375286000000000008e+00	3.796327140799232325e+01
2.381237000000000048e+00	3.321163620964244245e+01
2.387189999999999923e+00	2.882247795594105355e+01
2.393143999999999938e+00	2.430445241981485083e+01
2.399097999999999953e+00	2.132283867284694523e+01
2.405050999999999828e+00	1.946395757605930754e+01
2.411004000000000147e+00	1.876803263208272909e+01
2.416955999999999882e+00	1.920407567055013232e+01
2.422906999999999922e+00	2.100024958433520439e+01
2.428857999999999961e+00	2.206209057955189579e+01
2.434809000000000001e+00	2.367148841124044623e+01
2.440760000000000041e+00	2.468915132559083858e+01
2.446712000000000220e+00	2.550985212377127809e+01
2.452663999999999955e+00	2.592303856897710901e+01
2.458616999999999830e+00	2.510383938664072190e+01
2.464570999999999845e+00	2.332718690935051598e+01
2.470524999999999860e+00	2.078525044958717061e+01
2.476478000000000179e+00	1.882177785157604433e+01
2.482429999999999914e+00	1.611626109708434385e+01
2.488377999999999979e+00	1.479170160315306148e+01
2.494323000000000068e+00	1.214682608818889520e+01
2.500265999999999877e+00	1.132473221609941127e+01
2.506212000000000106e+00	1.070115492910136368e+01
2.512164999999999981e+00	9.043225286720414147e+00
2.518129000000000062e+00	9.297705584146243041e+00
2.524108000000000018e+00	8.122676819917117541e+00
2.530091999999999786e+00	7.489129358181529028e+00
2.536067000000000071e+00	6.796909817596746173e+00
2.542015999999999831e+00	6.227179603637635452e+00
2.547924000000000078e+00	7.183952116587612124e+00
2.553779000000000021e+00	8.453395869508836924e+00
2.559610000000000163e+00	1.045811346040124157e+01
2.565475000000000172e+00	1.292183951873532877e+01
2.571432000000000162e+00	1.416716572608691216e+01
2.577539999999999942e+00	1.554186610236876298e+01
2.583845999999999865e+00	1.416122852300712154e+01
2.590249000000000024e+00	1.256085047357780482e+01
2.596534000000000120e+00	1.110400922901653331e+01
2.602485000000000159e+00	9.871726164521776425e+00
2.607883000000000173e+00	1.077349074258956740e+01
2.612527000000000044e+00	1.458369360974442586e+01
2.616509000000000196e+00	2.107004535609618046e+01
2.620163999999999938e+00	2.761023086827607997e+01
2.623834000000000000e+00	3.341694480579139537e+01
2.627863000000000060e+00	3.670846798724213755e+01
2.632579999999999920e+00	3.541756092751668206e+01
2.638037000000000187e+00	3.051801441618135868e+01
2.644026000000000209e+00	2.182030481654930654e+01
2.650332000000000132e+00	1.361556825524051639e+01
2.656734000000000151e+00	6.366978606581143119e+00
2.663022999999999918e+00	4.012339151396986381e-01
2.669115000000000126e+00	-1.475191565110619329e+00
2.675060999999999911e+00	-1.184838891795961580e+00
2.680919999999999970e+00	1.174090267776149776e+00
2.686751000000000111e+00	3.270290137123209373e+00
2.692610999999999866e+00	7.418044816965491783e+00
2.698523999999999923e+00	1.008916911615718881e+01
2.704476000000000102e+00	1.273292523563100609e+01
2.710452000000000083e+00	1.436030925723662932e+01
2.716435999999999851e+00	1.465970145335825947e+01
2.722412999999999972e+00	1.436450223882957644e+01
2.728375999999999912e+00	1.247306168239708413e+01
2.734328000000000092e+00	1.071384577643975611e+01
2.740273999999999877e+00	9.604087096097291720e+00
2.746217000000000130e+00	9.591947718204636431e+00
2.752162000000000219e+00	1.125554212917529107e+01
2.758110999999999979e+00	1.603733163695643071e+01
2.764063000000000159e+00	2.115021774963815204e+01
2.770016000000000034e+00	2.606229052625770137e+01
2.775971000000000188e+00	2.921720008149655712e+01
2.781924000000000063e+00	2.942126912319505294e+01
2.787876999999999938e+00	2.678767219188003779e+01
2.793829000000000118e+00	2.043412465730888883e+01
2.799780999999999853e+00	1.402540053702598044e+01
2.805731999999999893e+00	6.527516235464665861e+00
2.811682999999999932e+00	7.418417176348599540e-01
2.817635000000000112e+00	-4.083607904521724841e+00
2.823586999999999847e+00	-6.728279533749905283e+00
2.829539000000000026e+00	-8.151763805840460009e+00
2.835491000000000206e+00	-8.140423617447787308e+00
2.841442999999999941e+00	-8.360003414578525138e+00
2.847395000000000120e+00	-7.107931653256433613e+00
2.853346999999999856e+00	-5.224397141115351140e+00
2.859299000000000035e+00	-2.015876138293908770e+00
2.865251000000000214e+00	2.573978787997111439e+00
2.871201999999999810e+00	7.677723512667186334e+00
2.877153999999999989e+00	1.503218313265164419e+01
2.883106000000000169e+00	2.211453472395488973e+01
2.889057999999999904e+00	2.827975158597534744e+01
2.895010000000000083e+00	3.266148666419685753e+01
2.900961999999999819e+00	3.331451543900006840e+01
2.906913999999999998e+00	3.036476805863047090e+01
2.912866000000000177e+00	2.392140022205095562e+01
2.918817999999999913e+00	1.578997353474410836e+01
2.924770000000000092e+00	7.373357162210332660e+00
2.930721000000000132e+00	6.846975448406852349e-01
2.936672999999999867e+00	-4.361167048845397076e+00
2.942625000000000046e+00	-8.870755020795575874e+00
2.948576999999999781e+00	-1.037133606158259624e+01
2.954528999999999961e+00	-1.121805717766145882e+01
2.960481000000000140e+00	-1.103037946730134244e+01
2.966432999999999875e+00	-1.022806938891144668e+01
2.972385000000000055e+00	-9.117296259350210264e+00
2.978336999999999790e+00	-7.226993501902236439e+00
2.984288999999999970e+00	-5.082045537472662744e+00
2.990240000000000009e+00	-2.897722690043918359e+00
2.996192000000000188e+00	-7.895128212545678981e-01
3.002143999999999924e+00	1.377777037392596382e+00
3.008096000000000103e+00	3.978165208257230301e+00
3.014047999999999838e+00	6.028057520623034904e+00
3.020000000000000018e+00	7.599803117684452047e+00
