1.199999999999999956e-01	1.077403114341950907e+00
1.249780000000000058e-01	8.078387201389340966e-01
1.305999999999999939e-01	4.606550999253501422e-01
1.367059999999999942e-01	4.369392556331235244e-01
1.431360000000000132e-01	7.951802970188230901e-01
1.497320000000000040e-01	6.488747047795753176e-01
1.563350000000000017e-01	6.394450585580567781e-01
1.627850000000000130e-01	8.709602166689139890e-01
1.689219999999999888e-01	7.645905113891658944e-01
1.745889999999999942e-01	1.546842831709312360e+00
1.796250000000000069e-01	1.670712201343985903e+00
1.839349999999999874e-01	1.547049952134330386e+00
1.877439999999999942e-01	2.000188379880682099e+00
1.913779999999999926e-01	1.727618195917883348e+00
1.951660000000000061e-01	1.818079965334556736e+00
1.994340000000000002e-01	2.300186842461946490e+00
2.044499999999999929e-01	2.265712396053215283e+00
2.101250000000000062e-01	2.227529366333533378e+00
2.162479999999999958e-01	2.317383079704563364e+00
2.226049999999999973e-01	1.883123759752611592e+00
2.289819999999999911e-01	1.902081649281658127e+00
2.351930000000000132e-01	2.105024832050159223e+00
2.412249999999999950e-01	1.233548081122957329e+00
2.471349999999999936e-01	1.530242954487858409e+00
2.529799999999999827e-01	1.222008292043014865e+00
2.588170000000000193e-01	1.087695447637590185e+00
2.646970000000000156e-01	1.310631340249654109e+00
2.706259999999999777e-01	7.500641661984872588e-01
2.765880000000000005e-01	1.152206500701923986e+00
2.825679999999999858e-01	1.441420880995119447e+00
2.885510000000000019e-01	1.574624829918961577e+00
2.945229999999999793e-01	1.827923373272756891e+00
3.004809999999999981e-01	1.982361983866825383e+00
3.064310000000000089e-01	2.114094796617222549e+00
3.123750000000000138e-01	2.225395423501517200e+00
3.183190000000000186e-01	2.343175260076865829e+00
3.242650000000000254e-01	2.068173413635559399e+00
3.302149999999999808e-01	2.351188381151536611e+00
3.361680000000000224e-01	2.290813404395972697e+00
3.421210000000000084e-01	2.360044810158056450e+00
3.480759999999999965e-01	2.410792585614875971e+00
3.540289999999999826e-01	2.064232370782510539e+00
3.599809999999999954e-01	2.415103566467929674e+00
3.659330000000000083e-01	1.778773134333609951e+00
3.718839999999999923e-01	1.822854637651796450e+00
3.778360000000000052e-01	1.609848473121546775e+00
3.837869999999999893e-01	1.659145884913971525e+00
3.897390000000000021e-01	1.990992039866641417e+00
3.956910000000000149e-01	1.484933639079918599e+00
4.016429999999999723e-01	1.908967844706167316e+00
4.075949999999999851e-01	1.966338627492937308e+00
4.135469999999999979e-01	1.983096870711552828e+00
4.194979999999999820e-01	2.101697153086609759e+00
4.254499999999999948e-01	1.965720447235419499e+00
4.314009999999999789e-01	2.121837683209852443e+00
4.373540000000000205e-01	2.468151637836479839e+00
4.433079999999999798e-01	2.179800517200992882e+00
4.492619999999999947e-01	2.259155314883524390e+00
4.552160000000000095e-01	2.779383616240719945e+00
4.611680000000000224e-01	2.564226264379213749e+00
4.671170000000000044e-01	2.755160999662509269e+00
4.730619999999999825e-01	2.737017323644182820e+00
4.790059999999999873e-01	2.834210680138239180e+00
4.849510000000000209e-01	2.688133946912072858e+00
4.909020000000000050e-01	3.079931718832788157e+00
4.968629999999999991e-01	2.762255048454770989e+00
5.028390000000000359e-01	2.604610898363691529e+00
5.088230000000000253e-01	2.523534246742647369e+00
5.148009999999999531e-01	2.379529846955135586e+00
5.207570000000000254e-01	2.181601756292508743e+00
5.266750000000000043e-01	2.218814885243746815e+00
5.325410000000000421e-01	2.490971839598316251e+00
5.383719999999999617e-01	2.090787431915053673e+00
5.442249999999999588e-01	2.154376866256642931e+00
5.501580000000000359e-01	1.923763343312548058e+00
5.562289999999999734e-01	2.231001473331354568e+00
5.624930000000000208e-01	1.944536025221577757e+00
5.688929999999999820e-01	1.967264049314643382e+00
5.752220000000000111e-01	2.022472981675388581e+00
5.812610000000000277e-01	2.501989866242419591e+00
5.867949999999999555e-01	2.221418279122951311e+00
5.916080000000000227e-01	2.395732967237103939e+00
5.957040000000000113e-01	2.583648624294682783e+00
5.993990000000000151e-01	2.692055897397695574e+00
6.030370000000000452e-01	2.494961816401315424e+00
6.069609999999999728e-01	2.811912511372980816e+00
6.115110000000000268e-01	2.809411978919912567e+00
6.168270000000000142e-01	2.932356421238222044e+00
6.227219999999999978e-01	3.156891180546570475e+00
6.289789999999999548e-01	3.072673189588368547e+00
6.353790000000000271e-01	3.031290450252854374e+00
6.417070000000000274e-01	3.047044237880022433e+00
6.478369999999999962e-01	2.659250992231211086e+00
6.538089999999999735e-01	2.595586591560983702e+00
6.596819999999999906e-01	2.665350766821637407e+00
6.655140000000000500e-01	2.711588671354776992e+00
6.713630000000000431e-01	2.742557065499961588e+00
6.772660000000000347e-01	2.380476186226006874e+00
6.832110000000000127e-01	2.658577826166813818e+00
6.891829999999999901e-01	2.803988056457352940e+00
6.951669999999999794e-01	2.402522473828451410e+00
7.011469999999999647e-01	2.920315217968114219e+00
7.071119999999999628e-01	2.947258549336512434e+00
7.130670000000000064e-01	2.956119165266827054e+00
7.190130000000000132e-01	2.706016971375614588e+00
7.249569999999999625e-01	2.715036307600999343e+00
7.309010000000000229e-01	2.712938548529697513e+00
7.368489999999999762e-01	2.948635192704265329e+00
7.428000000000000158e-01	3.167480775579913477e+00
7.487530000000000019e-01	3.073075629072358872e+00
7.547080000000000455e-01	3.231775699090793541e+00
7.606619999999999493e-01	3.396699411807690527e+00
7.666140000000000176e-01	3.389132572819893330e+00
7.725670000000000037e-01	3.207722987475033261e+00
7.785180000000000433e-01	3.330932466572972928e+00
7.844689999999999719e-01	2.989762065593214668e+00
7.904210000000000402e-01	3.145306749121125289e+00
7.963729999999999976e-01	2.793254349610483800e+00
8.023249999999999549e-01	3.144360678278292021e+00
8.082770000000000232e-01	2.985958979126051904e+00
8.142289999999999806e-01	2.979421905958410832e+00
8.201800000000000201e-01	3.346832685798416751e+00
8.261319999999999775e-01	3.361218836284500355e+00
8.320830000000000171e-01	3.882974422746938714e+00
8.380349999999999744e-01	3.400632585232969518e+00
8.439870000000000427e-01	3.735682354389188387e+00
8.499400000000000288e-01	3.819234998812032877e+00
8.558940000000000436e-01	3.663625369775585394e+00
8.618479999999999475e-01	4.103770970433838983e+00
8.678010000000000446e-01	4.038071889972614237e+00
8.737519999999999731e-01	4.053473430687167145e+00
8.797000000000000375e-01	3.866407708175076507e+00
8.856439999999999868e-01	3.793548217364458353e+00
8.915870000000000184e-01	3.687944749995795579e+00
8.975349999999999717e-01	4.260592544506347501e+00
9.034900000000000153e-01	3.879384631345965229e+00
9.094569999999999599e-01	4.189539971330347612e+00
9.154379999999999740e-01	3.859433489749652058e+00
9.214210000000000456e-01	3.694552000016677606e+00
9.273909999999999654e-01	3.626599888106428971e+00
9.333329999999999682e-01	3.893000982325177439e+00
9.392300000000000093e-01	3.818932835284708727e+00
9.450749999999999984e-01	3.729472531754097986e+00
9.509090000000000042e-01	3.680601827945557236e+00
9.567890000000000006e-01	4.206982788555909458e+00
9.627750000000000474e-01	3.862344252161335589e+00
9.689229999999999787e-01	3.796111534380504526e+00
9.752680000000000238e-01	4.109853023406746075e+00
9.816639999999999810e-01	3.907161864436663468e+00
9.878930000000000211e-01	4.066137040749126186e+00
9.937399999999999567e-01	4.267143064529855145e+00
9.989850000000000119e-01	4.156080950021392439e+00
1.003457999999999961e+00	3.934735982455908498e+00
1.007338000000000067e+00	4.152043377900123566e+00
1.010966000000000031e+00	3.863132212167192492e+00
1.014685999999999977e+00	4.148760433412307158e+00
1.018841000000000108e+00	4.074601875413483398e+00
1.023735000000000062e+00	3.941869164690722904e+00
1.029328999999999938e+00	3.740291223105661089e+00
1.035408000000000106e+00	3.978808947028010135e+00
1.041754000000000069e+00	4.440626950975897991e+00
1.048148999999999997e+00	4.114634250178334618e+00
1.054391999999999996e+00	4.161815688313034833e+00
1.060446000000000000e+00	4.209534865764817724e+00
1.066368999999999900e+00	4.190213232959067113e+00
1.072216999999999976e+00	4.293876924978466292e+00
1.078049000000000035e+00	4.231573867262902411e+00
1.083920999999999912e+00	4.060204621396262148e+00
1.089842999999999895e+00	3.842597681850633329e+00
1.095801999999999943e+00	4.326695836049148092e+00
1.101780999999999899e+00	4.389085249330365812e+00
1.107765000000000111e+00	4.178216217002733934e+00
1.113739999999999952e+00	4.002518219644271014e+00
1.119699999999999918e+00	4.327265708401005107e+00
1.125650000000000039e+00	4.446073061998502496e+00
1.131594999999999906e+00	4.630369501449860259e+00
1.137537999999999938e+00	4.327633939429897048e+00
1.143483999999999945e+00	4.555896157624301779e+00
1.149432999999999927e+00	4.988703344731813871e+00
1.155386000000000024e+00	4.724315899891832871e+00
1.161338999999999899e+00	5.065864955262522784e+00
1.167294000000000054e+00	5.234785615082152788e+00
1.173246999999999929e+00	5.026233867750312889e+00
1.179200000000000026e+00	5.373511619241609694e+00
1.185151999999999983e+00	4.879691452717156430e+00
1.191103000000000023e+00	5.790616404800220884e+00
1.197054000000000062e+00	5.576459617034993599e+00
1.203006000000000020e+00	5.864153520583867518e+00
1.208957999999999977e+00	5.466076009278070025e+00
1.214909999999999934e+00	6.085632205321697796e+00
1.220861999999999892e+00	5.928561663282800431e+00
1.226814000000000071e+00	5.905837609315390146e+00
1.232765000000000111e+00	6.248858157206007569e+00
1.238717000000000068e+00	6.271459099836105722e+00
1.244668000000000108e+00	6.323272372726693291e+00
1.250620000000000065e+00	6.415659009351127651e+00
1.256572000000000022e+00	5.979309683537112896e+00
1.262526000000000037e+00	6.425724371086563913e+00
1.268480000000000052e+00	6.918526028588414256e+00
1.274434000000000067e+00	7.083776954514188873e+00
1.280386000000000024e+00	7.487133495758151014e+00
1.286335999999999924e+00	7.794069935987066877e+00
1.292281999999999931e+00	8.161215152886777346e+00
1.298224999999999962e+00	8.487426092786344967e+00
1.304170000000000051e+00	8.389990263793977832e+00
1.310119999999999951e+00	8.748987798993528742e+00
1.316079999999999917e+00	8.756813468960659819e+00
1.322052999999999923e+00	8.594539587665309455e+00
1.328036999999999912e+00	8.596298959292315800e+00
1.334017000000000008e+00	8.605650061420957897e+00
1.339976000000000056e+00	8.429160935029141655e+00
1.345900000000000096e+00	8.354283557197780041e+00
1.351774000000000031e+00	8.215232108528283561e+00
1.357607000000000008e+00	8.142696827687883498e+00
1.363453000000000026e+00	8.034946530751037486e+00
1.369372000000000034e+00	8.035663560676329809e+00
1.375421999999999922e+00	8.016905017523503929e+00
1.381658999999999970e+00	8.057647741088016957e+00
1.388052000000000064e+00	7.965975969115255850e+00
1.394403000000000059e+00	7.903839386366330544e+00
1.400492999999999988e+00	8.038693439163306920e+00
1.406104999999999938e+00	8.288464318428994559e+00
1.411021999999999998e+00	8.173824641300214466e+00
1.415195999999999898e+00	8.265903763964525197e+00
1.418924000000000074e+00	8.352600366841464563e+00
1.422549999999999981e+00	8.736699518043453239e+00
1.426417000000000046e+00	8.790054642892092929e+00
1.430868000000000029e+00	8.802802986966149490e+00
1.436091000000000006e+00	8.994622602288737667e+00
1.441923000000000066e+00	9.191167053546651644e+00
1.448144000000000098e+00	9.264860992421517949e+00
1.454538000000000109e+00	9.258990678695383281e+00
1.460887000000000047e+00	9.596680033055562831e+00
1.467041999999999957e+00	9.018032318427160021e+00
1.473030999999999979e+00	9.339119623024362937e+00
1.478914000000000062e+00	9.403327945642478980e+00
1.484749000000000096e+00	9.500105651723531608e+00
1.490591999999999917e+00	9.363068073152046367e+00
1.496488000000000040e+00	9.380047914447569468e+00
1.502428000000000097e+00	1.001241164067617540e+01
1.508397999999999906e+00	1.036271987861880994e+01
1.514380999999999977e+00	1.008674639723633604e+01
1.520361999999999991e+00	1.046735404074577502e+01
1.526329999999999965e+00	1.035504678689621194e+01
1.532284999999999897e+00	1.075837621834914870e+01
1.538232999999999961e+00	1.066811809500751451e+01
1.544175999999999993e+00	1.105077760830608646e+01
1.550119999999999942e+00	1.107444468505280888e+01
1.556068000000000007e+00	1.115821163060621934e+01
1.562019000000000046e+00	1.143359827952263785e+01
1.567971999999999921e+00	1.145606526530047908e+01
1.573925999999999936e+00	1.145357459255561317e+01
1.579879999999999951e+00	1.186610049735615391e+01
1.585833000000000048e+00	1.213110109771159095e+01
1.591785000000000005e+00	1.274679713819760707e+01
1.597736999999999963e+00	1.339927717742772373e+01
1.603688000000000002e+00	1.363094110393221392e+01
1.609639000000000042e+00	1.427046301090395630e+01
1.615590999999999999e+00	1.469379095432281446e+01
1.621542999999999957e+00	1.559705249462581911e+01
1.627494999999999914e+00	1.683624413461163272e+01
1.633447000000000093e+00	1.784058945420724385e+01
1.639399000000000051e+00	1.869260937393528366e+01
1.645350000000000090e+00	1.999322382464577785e+01
1.651302000000000048e+00	2.056801572173310433e+01
1.657253000000000087e+00	2.171774918893291328e+01
1.663205000000000044e+00	2.283017253350410414e+01
1.669157999999999920e+00	2.408865834289031227e+01
1.675111999999999934e+00	2.516590788270116263e+01
1.681065999999999949e+00	2.627558516207085759e+01
1.687019000000000046e+00	2.731306107601203337e+01
1.692971000000000004e+00	2.795242015529847990e+01
1.698919000000000068e+00	2.857177039778864014e+01
1.704863000000000017e+00	2.889860397951275317e+01
1.710806999999999967e+00	2.933589336059178621e+01
1.716752999999999973e+00	2.901566641143745429e+01
1.722706999999999988e+00	2.920781467760212280e+01
1.728671999999999986e+00	2.939160678889683354e+01
1.734652000000000083e+00	2.813409605055685603e+01
1.740636000000000072e+00	2.785873011701844248e+01
1.746609000000000078e+00	2.720765841285270170e+01
1.752555000000000085e+00	2.624610263676407840e+01
1.758458000000000077e+00	2.552204288323114767e+01
1.764308999999999905e+00	2.445719313485780688e+01
1.770140999999999964e+00	2.334377630303449536e+01
1.776011999999999924e+00	2.243431360577454470e+01
1.781979999999999897e+00	2.112969920465804208e+01
1.788105000000000055e+00	1.974016732272166763e+01
1.794426999999999994e+00	1.920568520441576865e+01
1.800829000000000013e+00	1.791644713109553066e+01
1.807091999999999921e+00	1.806494597904879029e+01
1.813002000000000002e+00	1.711028235689556709e+01
1.818338000000000010e+00	1.693684658145099675e+01
1.822912000000000088e+00	1.576977027095589179e+01
1.826850000000000085e+00	1.588763530866377849e+01
1.830492000000000008e+00	1.541731234109474258e+01
1.834179999999999922e+00	1.526177096246697573e+01
1.838259000000000087e+00	1.489855846498133118e+01
1.843048000000000020e+00	1.478845364538799600e+01
1.848562000000000038e+00	1.478829752188338098e+01
1.854589999999999961e+00	1.479269088724478465e+01
1.860913000000000039e+00	1.517507961387855175e+01
1.867313999999999918e+00	1.505007453981650833e+01
1.873583999999999916e+00	1.497812576195351042e+01
1.879660000000000108e+00	1.468752263708531203e+01
1.885596000000000050e+00	1.464015305902060504e+01
1.891450999999999993e+00	1.391293267860016591e+01
1.897281999999999913e+00	1.372017625080144043e+01
1.903146999999999922e+00	1.383177766535762743e+01
1.909062999999999954e+00	1.344535454795209795e+01
1.915018000000000109e+00	1.361446933357428435e+01
1.920995999999999926e+00	1.359020266659520892e+01
1.926979999999999915e+00	1.375712437693731616e+01
1.932955999999999896e+00	1.334614119432410817e+01
1.938917999999999919e+00	1.350226453055692666e+01
1.944868999999999959e+00	1.363164074539140280e+01
1.950814000000000048e+00	1.326074221747010107e+01
1.956757999999999997e+00	1.366657029990155436e+01
1.962703000000000086e+00	1.369107170786043781e+01
1.968652000000000069e+00	1.409990909535420833e+01
1.974604000000000026e+00	1.419598897759731315e+01
1.980558000000000041e+00	1.455304834786338120e+01
1.986512000000000056e+00	1.518572249287773523e+01
1.992466000000000070e+00	1.540399457269086625e+01
1.998418000000000028e+00	1.567339063548478606e+01
2.004370000000000207e+00	1.590881099488123418e+01
2.010321999999999942e+00	1.617485897775636872e+01
2.016272999999999982e+00	1.670573511378983866e+01
2.022224000000000022e+00	1.687158940827189468e+01
2.028176000000000201e+00	1.724642265941859876e+01
2.034127999999999936e+00	1.789170033714981045e+01
2.040080000000000116e+00	1.856659616001716984e+01
2.046031999999999851e+00	1.928902607721235185e+01
2.051984000000000030e+00	2.000173821890763648e+01
2.057935000000000070e+00	2.050960741751443450e+01
2.063886999999999805e+00	2.143641636070242029e+01
2.069837999999999845e+00	2.280645216369099515e+01
2.075791000000000164e+00	2.385332922477589790e+01
2.081744000000000039e+00	2.546112503928035764e+01
2.087698000000000054e+00	2.700784498151235269e+01
2.093652000000000069e+00	2.878191396791199352e+01
2.099604999999999944e+00	3.078359882249624491e+01
2.105554999999999843e+00	3.238404235658148167e+01
2.111501000000000072e+00	3.405264291255730313e+01
2.117445000000000022e+00	3.507599460826520499e+01
2.123388999999999971e+00	3.593288996918222011e+01
2.129338000000000175e+00	3.641484507676120330e+01
2.135295999999999861e+00	3.636763693930544861e+01
2.141268000000000171e+00	3.573954474634204104e+01
2.147250999999999799e+00	3.479546549587375637e+01
2.153232000000000035e+00	3.359580990482873375e+01
2.159196000000000115e+00	3.178364497165240365e+01
2.165125000000000188e+00	2.976192208615019297e+01
2.171006000000000213e+00	2.794712594859883481e+01
2.176841000000000026e+00	2.665142092828836340e+01
2.182682999999999929e+00	2.590037924026222882e+01
2.188588999999999896e+00	2.512803969734432030e+01
2.194618000000000180e+00	2.430818387455754248e+01
2.200828000000000007e+00	2.378545482665347777e+01
2.207209999999999894e+00	2.382828508292908865e+01
2.213579000000000185e+00	2.338472603032369079e+01
2.219714999999999883e+00	2.422975640217748250e+01
2.225403000000000020e+00	2.426886264351463751e+01
2.230423000000000044e+00	2.472792180994775535e+01
2.234681000000000139e+00	2.543324933002755728e+01
2.238447999999999993e+00	2.575871032664629467e+01
2.242068000000000172e+00	2.669186224031159327e+01
2.245884000000000214e+00	2.716302739109191222e+01
2.250237999999999960e+00	2.780625732354909019e+01
2.255365999999999982e+00	2.873513101826434735e+01
2.261130000000000084e+00	2.853648549751472885e+01
2.267313000000000134e+00	2.934406360421576565e+01
2.273696000000000161e+00	2.921758694707839155e+01
2.280063999999999869e+00	2.976417898810678508e+01
2.286243999999999943e+00	2.959679551737100311e+01
2.292251999999999956e+00	2.971433748330724356e+01
2.298146000000000022e+00	2.981801212754228558e+01
2.303983000000000114e+00	2.968651545619271559e+01
2.309822000000000042e+00	2.970592052125957139e+01
2.315710999999999853e+00	2.984358407379977862e+01
2.321645999999999876e+00	2.999182395852442085e+01
2.327612999999999932e+00	3.063687066917456647e+01
2.333594999999999864e+00	3.061776237140303891e+01
2.339576999999999796e+00	3.113972499741629107e+01
2.345546999999999827e+00	3.205146223501170510e+01
2.351503999999999817e+00	3.224238979409466310e+01
2.357451999999999881e+00	3.318541332794904264e+01
2.363395999999999830e+00	3.369274986241589431e+01
2.369339000000000084e+00	3.498307423515436909e+01
2.375286000000000008e+00	3.530908593292978281e+01
2.381237000000000048e+00	3.598884882599886481e+01
2.387189999999999923e+00	3.729427496107827267e+01
2.393143999999999938e+00	3.830892577805953891e+01
2.399097999999999953e+00	3.923858941615410600e+01
2.405050999999999828e+00	4.041102543054648777e+01
2.411004000000000147e+00	4.165203923562551580e+01
2.416955999999999882e+00	4.291662652199398309e+01
2.422906999999999922e+00	4.401393146022610381e+01
2.428857999999999961e+00	4.499648127306644341e+01
2.434809000000000001e+00	4.477458616544461734e+01
2.440760000000000041e+00	4.511014064434417037e+01
2.446712000000000220e+00	4.642817502254558093e+01
2.452663999999999955e+00	4.901728222353028741e+01
2.458616999999999830e+00	5.433326071382938238e+01
2.464570999999999845e+00	6.213368208404146742e+01
2.470524999999999860e+00	7.205958367348632976e+01
2.476478000000000179e+00	8.175536569402432008e+01
2.482429999999999914e+00	9.082632530441399865e+01
2.488377999999999979e+00	9.634853461262315477e+01
2.494323000000000068e+00	9.756809631471291766e+01
2.500265999999999877e+00	9.397285471988161021e+01
2.506212000000000106e+00	8.753667251742771782e+01
2.512164999999999981e+00	7.993775953414649393e+01
2.518129000000000062e+00	7.141393738416550718e+01
2.524108000000000018e+00	6.414542112534846297e+01
2.530091999999999786e+00	5.823295962201457598e+01
2.536067000000000071e+00	5.322542694672566910e+01
2.542015999999999831e+00	4.890780186532062146e+01
2.547924000000000078e+00	4.559120945916451717e+01
2.553779000000000021e+00	4.324893138785244417e+01
2.559610000000000163e+00	4.114434277323288569e+01
2.565475000000000172e+00	3.986141397460364288e+01
2.571432000000000162e+00	3.895304349350515594e+01
2.577539999999999942e+00	3.936605132294977949e+01
2.583845999999999865e+00	4.034194865295943799e+01
2.590249000000000024e+00	4.224567772881831473e+01
2.596534000000000120e+00	4.522476675235846955e+01
2.602485000000000159e+00	4.914530302443398568e+01
2.607883000000000173e+00	5.442947843390969354e+01
2.612527000000000044e+00	5.972927297949120629e+01
2.616509000000000196e+00	6.499527411064840976e+01
2.620163999999999938e+00	7.057693449550622233e+01
2.623834000000000000e+00	7.462218444562527964e+01
2.627863000000000060e+00	7.551430902734556128e+01
2.632579999999999920e+00	7.408418809698602558e+01
2.638037000000000187e+00	6.924104174371818488e+01
2.644026000000000209e+00	6.302298931461216824e+01
2.650332000000000132e+00	5.576273987358290185e+01
2.656734000000000151e+00	4.951249346542514473e+01
2.663022999999999918e+00	4.403812285752036360e+01
2.669115000000000126e+00	4.129917008720335758e+01
2.675060999999999911e+00	3.942739536868081274e+01
2.680919999999999970e+00	3.923630619580195855e+01
2.686751000000000111e+00	3.984501182606939551e+01
2.692610999999999866e+00	4.116519262634010090e+01
2.698523999999999923e+00	4.220629703132776456e+01
2.704476000000000102e+00	4.316910321086628954e+01
2.710452000000000083e+00	4.354962175980545425e+01
2.716435999999999851e+00	4.369730051871552945e+01
2.722412999999999972e+00	4.300806061730214225e+01
2.728375999999999912e+00	4.095521089533963988e+01
2.734328000000000092e+00	3.858673464351615934e+01
2.740273999999999877e+00	3.605073051536883355e+01
2.746217000000000130e+00	3.499693907656013891e+01
2.752162000000000219e+00	3.418809622555661321e+01
2.758110999999999979e+00	3.505760787579181681e+01
2.764063000000000159e+00	3.763621864912024506e+01
2.770016000000000034e+00	4.022795350889551003e+01
2.775971000000000188e+00	4.305328348085473067e+01
2.781924000000000063e+00	4.653053727742738488e+01
2.787876999999999938e+00	4.893780006114125314e+01
2.793829000000000118e+00	5.126677264029565606e+01
2.799780999999999853e+00	5.292463615679236000e+01
2.805731999999999893e+00	5.382360611445400167e+01
2.811682999999999932e+00	5.263810645653107656e+01
2.817635000000000112e+00	5.069475725066965310e+01
2.823586999999999847e+00	4.804423744166996357e+01
2.829539000000000026e+00	4.525087485764133532e+01
2.835491000000000206e+00	4.237570137103458023e+01
2.841442999999999941e+00	4.016233784800565587e+01
2.847395000000000120e+00	3.823747440617903948e+01
2.853346999999999856e+00	3.692370024254948646e+01
2.859299000000000035e+00	3.656120623198785324e+01
2.865251000000000214e+00	3.592290782402040605e+01
2.871201999999999810e+00	3.506934927669572488e+01
2.877153999999999989e+00	3.385838596069343254e+01
2.883106000000000169e+00	3.310206724299445824e+01
2.889057999999999904e+00	3.202686299626604693e+01
2.895010000000000083e+00	3.118286245570866910e+01
2.900961999999999819e+00	2.995555171968919339e+01
2.906913999999999998e+00	2.967689891194626739e+01
2.912866000000000177e+00	2.998890496866652100e+01
2.918817999999999913e+00	3.146085347428434886e+01
2.924770000000000092e+00	3.510520879421953566e+01
2.930721000000000132e+00	4.084458950289962331e+01
2.936672999999999867e+00	4.876516304159861903e+01
2.942625000000000046e+00	5.765935596561457999e+01
2.948576999999999781e+00	6.617746478063691029e+01
2.954528999999999961e+00	7.328921642474064413e+01
2.960481000000000140e+00	7.734248437382501606e+01
2.966432999999999875e+00	7.658766446341178380e+01
2.972385000000000055e+00	7.324544261054052186e+01
2.978336999999999790e+00	6.672680656789142972e+01
2.984288999999999970e+00	5.899600931611642807e+01
2.990240000000000009e+00	5.077754313961094113e+01
2.996192000000000188e+00	4.175147467182422645e+01
3.002143999999999924e+00	3.470434343715903935e+01
3.008096000000000103e+00	2.957257189149075316e+01
3.014047999999999838e+00	2.783006178097950922e+01
3.020000000000000018e+00	2.986499827799072904e+01
