1.199999999999999956e-01	8.045278405205376515e+00
1.249780000000000058e-01	6.204632733634606545e+00
1.305999999999999939e-01	4.895898092072259011e+00
1.367059999999999942e-01	3.469426147020883811e+00
1.431360000000000132e-01	1.795380975352045105e+00
1.497320000000000040e-01	1.982153681721389171e+00
1.563350000000000017e-01	1.443240204425494166e+00
1.627850000000000130e-01	-1.829487583922452254e-01
1.689219999999999888e-01	1.363355984164284773e-01
1.745889999999999942e-01	-3.187680652659400926e-01
1.796250000000000069e-01	-6.772162324091209884e-01
1.839349999999999874e-01	1.481193313552124358e-01
1.877439999999999942e-01	1.431055639404973379e-01
1.913779999999999926e-01	-4.029671833350557675e-01
1.951660000000000061e-01	6.049155742845374606e-01
1.994340000000000002e-01	8.106188293423812752e-01
2.044499999999999929e-01	1.771037922146744492e+00
2.101250000000000062e-01	1.270299142424190064e+00
2.162479999999999958e-01	1.300403168993756964e+00
2.226049999999999973e-01	1.334125159457277832e+00
2.289819999999999911e-01	2.063292745181547261e+00
2.351930000000000132e-01	1.855464822352226317e+00
2.412249999999999950e-01	2.337530253617986276e+00
2.471349999999999936e-01	1.390285152497416021e+00
2.529799999999999827e-01	1.938058862805556171e+00
2.588170000000000193e-01	1.815485034568798284e+00
2.646970000000000156e-01	2.106319030252660429e+00
2.706259999999999777e-01	1.315064937912439946e+00
2.765880000000000005e-01	1.563543125758187768e+00
2.825679999999999858e-01	8.919633361572913977e-01
2.885510000000000019e-01	1.417499151487462639e+00
2.945229999999999793e-01	1.060032261289638233e+00
3.004809999999999981e-01	1.186654655163680294e+00
3.064310000000000089e-01	1.033145074149484754e+00
3.123750000000000138e-01	1.783252319528683127e+00
3.183190000000000186e-01	1.703457932802374675e+00
3.242650000000000254e-01	1.747797327680678414e+00
3.302149999999999808e-01	1.564018952116008609e+00
3.361680000000000224e-01	3.010074023627794526e-01
3.421210000000000084e-01	1.215458461398800427e+00
3.480759999999999965e-01	1.203715514778543438e+00
3.540289999999999826e-01	1.484679436840491418e+00
3.599809999999999954e-01	1.064057130901018500e+00
3.659330000000000083e-01	1.420759875998263810e+00
3.718839999999999923e-01	5.191491754927922697e-01
3.778360000000000052e-01	1.015853724442985495e+00
3.837869999999999893e-01	4.991019542029735412e-01
3.897390000000000021e-01	1.283615390285995250e+00
3.956910000000000149e-01	2.306716715270793472e-01
4.016429999999999723e-01	1.470360950814382228e+00
4.075949999999999851e-01	8.224521262170328972e-01
4.135469999999999979e-01	8.431602323450231307e-01
4.194979999999999820e-01	4.238348624495019701e-01
4.254499999999999948e-01	1.160713581285834017e+00
4.314009999999999789e-01	1.198385353995207847e+00
4.373540000000000205e-01	1.565679497815730459e+00
4.433079999999999798e-01	1.479442607961728662e+00
4.492619999999999947e-01	1.157560058619270693e+00
4.552160000000000095e-01	1.159577251351989302e+00
4.611680000000000224e-01	1.242592474483147802e+00
4.671170000000000044e-01	7.867002266584531833e-01
4.730619999999999825e-01	9.457145962817219420e-01
4.790059999999999873e-01	4.253206421959439543e-01
4.849510000000000209e-01	9.443007095717159682e-01
4.909020000000000050e-01	7.482706304825723631e-01
4.968629999999999991e-01	1.780229209436391402e+00
5.028390000000000359e-01	1.219411515532236479e+00
5.088230000000000253e-01	8.682980503269438488e-01
5.148009999999999531e-01	1.345118652816463589e+00
5.207570000000000254e-01	1.947288855008843855e+00
5.266750000000000043e-01	2.391286522658797598e+00
5.325410000000000421e-01	1.898844631239434033e+00
5.383719999999999617e-01	1.943099236408557973e+00
5.442249999999999588e-01	2.107897625327399105e+00
5.501580000000000359e-01	1.559592386740368930e+00
5.562289999999999734e-01	1.603655880147759616e+00
5.624930000000000208e-01	1.619105925702251092e+00
5.688929999999999820e-01	1.737933858269839593e+00
5.752220000000000111e-01	1.835896328045095727e+00
5.812610000000000277e-01	1.371429504705819591e+00
5.867949999999999555e-01	1.514077052588690186e+00
5.916080000000000227e-01	2.042522458168491095e+00
5.957040000000000113e-01	1.105635847075712608e+00
5.993990000000000151e-01	8.110057666844783242e-01
6.030370000000000452e-01	9.137625310473690421e-01
6.069609999999999728e-01	8.762959391022723254e-01
6.115110000000000268e-01	1.338239373607545302e+00
6.168270000000000142e-01	1.613781899833751421e+00
6.227219999999999978e-01	1.719482627596184976e+00
6.289789999999999548e-01	1.672186212925730997e+00
6.353790000000000271e-01	2.275293602235945123e+00
6.417070000000000274e-01	1.528707673392545097e+00
6.478369999999999962e-01	1.772098257878174543e+00
6.538089999999999735e-01	2.034811320916162014e+00
6.596819999999999906e-01	2.578823671981401944e+00
6.655140000000000500e-01	2.544879134229985684e+00
6.713630000000000431e-01	8.921373172269090324e-01
6.772660000000000347e-01	1.463675878071534431e+00
6.832110000000000127e-01	1.322936997455026908e+00
6.891829999999999901e-01	2.226626450070701146e+00
6.951669999999999794e-01	1.702755017065991971e+00
7.011469999999999647e-01	1.878488814514251981e+00
7.071119999999999628e-01	1.742896629962767729e+00
7.130670000000000064e-01	6.120492562962303040e-01
7.190130000000000132e-01	1.477795089108161486e+00
7.249569999999999625e-01	1.663275788068441896e+00
7.309010000000000229e-01	7.197613703185788969e-01
7.368489999999999762e-01	1.079194026721087774e+00
7.428000000000000158e-01	1.503760510282537322e+00
7.487530000000000019e-01	1.973570204433141573e+00
7.547080000000000455e-01	1.685279816790284713e+00
7.606619999999999493e-01	1.535400056541957436e+00
7.666140000000000176e-01	2.297818640249520428e+00
7.725670000000000037e-01	1.338154219436354264e+00
7.785180000000000433e-01	2.288373198504164208e+00
7.844689999999999719e-01	1.537527288178208273e+00
7.904210000000000402e-01	2.976406542577199943e+00
7.963729999999999976e-01	1.683886798019261111e+00
8.023249999999999549e-01	2.009722626559799163e+00
8.082770000000000232e-01	2.594654419800482170e+00
8.142289999999999806e-01	3.421650995793531713e+00
8.201800000000000201e-01	2.292518034209802380e+00
8.261319999999999775e-01	1.857920384819205406e+00
8.320830000000000171e-01	2.051180955841011677e+00
8.380349999999999744e-01	2.407691739882066528e+00
8.439870000000000427e-01	2.538010524162882309e+00
8.499400000000000288e-01	2.692715471522035386e+00
8.558940000000000436e-01	3.395995880129278888e+00
8.618479999999999475e-01	3.060387984985515786e+00
8.678010000000000446e-01	3.149794191206923610e+00
8.737519999999999731e-01	3.525434922661010884e+00
8.797000000000000375e-01	2.630511344937613405e+00
8.856439999999999868e-01	2.995104705392419575e+00
8.915870000000000184e-01	2.079883069511389238e+00
8.975349999999999717e-01	3.072835535516845518e+00
9.034900000000000153e-01	3.028125098275329385e+00
9.094569999999999599e-01	2.809909966341078036e+00
9.154379999999999740e-01	3.153249016750009126e+00
9.214210000000000456e-01	2.884476186490258165e+00
9.273909999999999654e-01	3.407279037484606921e+00
9.333329999999999682e-01	2.965948892578635032e+00
9.392300000000000093e-01	3.143823267265287491e+00
9.450749999999999984e-01	2.548841959075814678e+00
9.509090000000000042e-01	3.588452178003836757e+00
9.567890000000000006e-01	2.458936803267508076e+00
9.627750000000000474e-01	2.917907772656715970e+00
9.689229999999999787e-01	2.769811287360221197e+00
9.752680000000000238e-01	3.115159185349148707e+00
9.816639999999999810e-01	3.811772045349117732e+00
9.878930000000000211e-01	3.694602039097956592e+00
9.937399999999999567e-01	3.127246935575985542e+00
9.989850000000000119e-01	4.588363111158450636e+00
1.003457999999999961e+00	4.053909700228389923e+00
1.007338000000000067e+00	3.588122873865859042e+00
1.010966000000000031e+00	4.331802869798624833e+00
1.014685999999999977e+00	4.072849219067836479e+00
1.018841000000000108e+00	4.080207395092143585e+00
1.023735000000000062e+00	4.250896290360390850e+00
1.029328999999999938e+00	3.716076566307785711e+00
1.035408000000000106e+00	4.286869190206199498e+00
1.041754000000000069e+00	4.348492441768149419e+00
1.048148999999999997e+00	3.908252899606413866e+00
1.054391999999999996e+00	3.561905003694868732e+00
1.060446000000000000e+00	3.023724757660438467e+00
1.066368999999999900e+00	3.534268091332912309e+00
1.072216999999999976e+00	3.887265549579908885e+00
1.078049000000000035e+00	3.904196780257461530e+00
1.083920999999999912e+00	4.069874724087513940e+00
1.089842999999999895e+00	4.095916414526902471e+00
1.095801999999999943e+00	3.905491967038824175e+00
1.101780999999999899e+00	3.845703310270739195e+00
1.107765000000000111e+00	4.119814274773403895e+00
1.113739999999999952e+00	3.556828307817307078e+00
1.119699999999999918e+00	4.306486737401665543e+00
1.125650000000000039e+00	4.846555954470789018e+00
1.131594999999999906e+00	3.794085711764063173e+00
1.137537999999999938e+00	4.589892058267843744e+00
1.143483999999999945e+00	4.471495153324612559e+00
1.149432999999999927e+00	5.079879240002652452e+00
1.155386000000000024e+00	4.556090998618695487e+00
1.161338999999999899e+00	5.609377000314833772e+00
1.167294000000000054e+00	5.103920215244028391e+00
1.173246999999999929e+00	4.034387530632787211e+00
1.179200000000000026e+00	5.061159327384746831e+00
1.185151999999999983e+00	5.476650196170902873e+00
1.191103000000000023e+00	5.050638085589968185e+00
1.197054000000000062e+00	4.829171211260394614e+00
1.203006000000000020e+00	5.103382864265009644e+00
1.208957999999999977e+00	5.056562280763753137e+00
1.214909999999999934e+00	4.437991119071816648e+00
1.220861999999999892e+00	5.002942435847701041e+00
1.226814000000000071e+00	5.439517774177168974e+00
1.232765000000000111e+00	5.559775888084820039e+00
1.238717000000000068e+00	5.001493417900309879e+00
1.244668000000000108e+00	6.126869704327241095e+00
1.250620000000000065e+00	6.546387435437893920e+00
1.256572000000000022e+00	6.217606890848826673e+00
1.262526000000000037e+00	7.106316514744418278e+00
1.268480000000000052e+00	7.157465239628959530e+00
1.274434000000000067e+00	7.281641992824710918e+00
1.280386000000000024e+00	7.774100898214221900e+00
1.286335999999999924e+00	7.340759894480999748e+00
1.292281999999999931e+00	6.905717798541278540e+00
1.298224999999999962e+00	7.661306250418608244e+00
1.304170000000000051e+00	6.846062768980365476e+00
1.310119999999999951e+00	6.907812235062964490e+00
1.316079999999999917e+00	6.465714952454480802e+00
1.322052999999999923e+00	6.816630321026760697e+00
1.328036999999999912e+00	6.824590837103643892e+00
1.334017000000000008e+00	6.949486715953064220e+00
1.339976000000000056e+00	6.557024849702494329e+00
1.345900000000000096e+00	7.392260551593275331e+00
1.351774000000000031e+00	6.978499335808651338e+00
1.357607000000000008e+00	7.117682697909685885e+00
1.363453000000000026e+00	7.053760549141588676e+00
1.369372000000000034e+00	8.081546824453790023e+00
1.375421999999999922e+00	8.354137227222306450e+00
1.381658999999999970e+00	8.242870327495616323e+00
1.388052000000000064e+00	7.866064192938990729e+00
1.394403000000000059e+00	7.211444904835088821e+00
1.400492999999999988e+00	6.786748096649001027e+00
1.406104999999999938e+00	6.938123826465546706e+00
1.411021999999999998e+00	6.610829351179443591e+00
1.415195999999999898e+00	6.378963276879075828e+00
1.418924000000000074e+00	5.927323419945752292e+00
1.422549999999999981e+00	5.449634975849487084e+00
1.426417000000000046e+00	5.813625293961028895e+00
1.430868000000000029e+00	5.213684635950272650e+00
1.436091000000000006e+00	5.704416604185025719e+00
1.441923000000000066e+00	5.567671697324111157e+00
1.448144000000000098e+00	5.941901080892841414e+00
1.454538000000000109e+00	5.807584533883535016e+00
1.460887000000000047e+00	6.383361995283849843e+00
1.467041999999999957e+00	6.073878343939576041e+00
1.473030999999999979e+00	6.895866963943612760e+00
1.478914000000000062e+00	6.479610188214345534e+00
1.484749000000000096e+00	7.550494497209061961e+00
1.490591999999999917e+00	7.438302959163397787e+00
1.496488000000000040e+00	7.565147368557881613e+00
1.502428000000000097e+00	8.356426746104514081e+00
1.508397999999999906e+00	8.132181409346534551e+00
1.514380999999999977e+00	9.463160490436200334e+00
1.520361999999999991e+00	8.827477226745511274e+00
1.526329999999999965e+00	8.567664120063888333e+00
1.532284999999999897e+00	8.276018727962210164e+00
1.538232999999999961e+00	8.054806984563215977e+00
1.544175999999999993e+00	8.022958810640588467e+00
1.550119999999999942e+00	8.184701217115188498e+00
1.556068000000000007e+00	8.733737242317930694e+00
1.562019000000000046e+00	8.484309340130382182e+00
1.567971999999999921e+00	9.048482530873229734e+00
1.573925999999999936e+00	1.004529777496840026e+01
1.579879999999999951e+00	1.028733785505237641e+01
1.585833000000000048e+00	1.070950903033044277e+01
1.591785000000000005e+00	1.199289318082107769e+01
1.597736999999999963e+00	1.265000766007698907e+01
1.603688000000000002e+00	1.311255787202928325e+01
1.609639000000000042e+00	1.393709449028257730e+01
1.615590999999999999e+00	1.478566524136996385e+01
1.621542999999999957e+00	1.580690766910721479e+01
1.627494999999999914e+00	1.732860081118489859e+01
1.633447000000000093e+00	1.826234884162081684e+01
1.639399000000000051e+00	1.842159085200100677e+01
1.645350000000000090e+00	1.850423631473032060e+01
1.651302000000000048e+00	1.919679601441917427e+01
1.657253000000000087e+00	1.995168510380613469e+01
1.663205000000000044e+00	2.115881841294461907e+01
1.669157999999999920e+00	2.098576286963495718e+01
1.675111999999999934e+00	2.169504311760559290e+01
1.681065999999999949e+00	2.265062372068076968e+01
1.687019000000000046e+00	2.359309601837487236e+01
1.692971000000000004e+00	2.440803781948000761e+01
1.698919000000000068e+00	2.560570234833737402e+01
1.704863000000000017e+00	2.529161711338280938e+01
1.710806999999999967e+00	2.564145526885346626e+01
1.716752999999999973e+00	2.539878609066366622e+01
1.722706999999999988e+00	2.532334615158805136e+01
1.728671999999999986e+00	2.453818918697768581e+01
1.734652000000000083e+00	2.424524917807482893e+01
1.740636000000000072e+00	2.311295559532502963e+01
1.746609000000000078e+00	2.172434487648273205e+01
1.752555000000000085e+00	2.130096238523460883e+01
1.758458000000000077e+00	1.954095495045244135e+01
1.764308999999999905e+00	1.994683766529093560e+01
1.770140999999999964e+00	1.827208763276318138e+01
1.776011999999999924e+00	1.807199987216469594e+01
1.781979999999999897e+00	1.817312524604741242e+01
1.788105000000000055e+00	1.704149438452484944e+01
1.794426999999999994e+00	1.626822620447829948e+01
1.800829000000000013e+00	1.708946617263359258e+01
1.807091999999999921e+00	1.805385897300246612e+01
1.813002000000000002e+00	1.746803067072901072e+01
1.818338000000000010e+00	1.765201189534392512e+01
1.822912000000000088e+00	1.776282862879062208e+01
1.826850000000000085e+00	1.796339893432703860e+01
1.830492000000000008e+00	1.872950382749201381e+01
1.834179999999999922e+00	1.794353398149868539e+01
1.838259000000000087e+00	1.719769929477855186e+01
1.843048000000000020e+00	1.640584916902230006e+01
1.848562000000000038e+00	1.617157621418747482e+01
1.854589999999999961e+00	1.674324987354948746e+01
1.860913000000000039e+00	1.509350557354178157e+01
1.867313999999999918e+00	1.487904550576768159e+01
1.873583999999999916e+00	1.445200222395446410e+01
1.879660000000000108e+00	1.389945477035304400e+01
1.885596000000000050e+00	1.349683861645057448e+01
1.891450999999999993e+00	1.293275797685517148e+01
1.897281999999999913e+00	1.385713572280828210e+01
1.903146999999999922e+00	1.366752990743398044e+01
1.909062999999999954e+00	1.267703827330940669e+01
1.915018000000000109e+00	1.192705700525426415e+01
1.920995999999999926e+00	1.233814981428271906e+01
1.926979999999999915e+00	1.289091107666479807e+01
1.932955999999999896e+00	1.282151363242061137e+01
1.938917999999999919e+00	1.303584443818413519e+01
1.944868999999999959e+00	1.356566403195218840e+01
1.950814000000000048e+00	1.236079728046320270e+01
1.956757999999999997e+00	1.254308600497868476e+01
1.962703000000000086e+00	1.324202143106018781e+01
1.968652000000000069e+00	1.355670309591037892e+01
1.974604000000000026e+00	1.410353930008005641e+01
1.980558000000000041e+00	1.334539363006296853e+01
1.986512000000000056e+00	1.276004732243711715e+01
1.992466000000000070e+00	1.253945152650264205e+01
1.998418000000000028e+00	1.300553188078313127e+01
2.004370000000000207e+00	1.224170864621876298e+01
2.010321999999999942e+00	1.302008767916507992e+01
2.016272999999999982e+00	1.260694123330077687e+01
2.022224000000000022e+00	1.291282585722226628e+01
2.028176000000000201e+00	1.390264717620394919e+01
2.034127999999999936e+00	1.345746066445387434e+01
2.040080000000000116e+00	1.401523829537903687e+01
2.046031999999999851e+00	1.551685311109527277e+01
2.051984000000000030e+00	1.569394888970715130e+01
2.057935000000000070e+00	1.668189000104555930e+01
2.063886999999999805e+00	1.848935111053084412e+01
2.069837999999999845e+00	1.944889444068322604e+01
2.075791000000000164e+00	2.156514473423760592e+01
2.081744000000000039e+00	2.266144240778140428e+01
2.087698000000000054e+00	2.339939506449685069e+01
2.093652000000000069e+00	2.554954030515841623e+01
2.099604999999999944e+00	2.609195021307178308e+01
2.105554999999999843e+00	2.757085033783740968e+01
2.111501000000000072e+00	2.990083731121475097e+01
2.117445000000000022e+00	3.076709611677717504e+01
2.123388999999999971e+00	3.118595796392853714e+01
2.129338000000000175e+00	3.123362432437476244e+01
2.135295999999999861e+00	3.319062031457760042e+01
2.141268000000000171e+00	3.350065554123758460e+01
2.147250999999999799e+00	3.465282567330007168e+01
2.153232000000000035e+00	3.403523405315220174e+01
2.159196000000000115e+00	3.498280082569473137e+01
2.165125000000000188e+00	3.544285139999569623e+01
2.171006000000000213e+00	3.546000536662648273e+01
2.176841000000000026e+00	3.527559956840631372e+01
2.182682999999999929e+00	3.481233576672655516e+01
2.188588999999999896e+00	3.439207957045248065e+01
2.194618000000000180e+00	3.265688326826015242e+01
2.200828000000000007e+00	3.198024942880696742e+01
2.207209999999999894e+00	3.014080940928553076e+01
2.213579000000000185e+00	2.816142690433851570e+01
2.219714999999999883e+00	2.662279651510598200e+01
2.225403000000000020e+00	2.534717162866036233e+01
2.230423000000000044e+00	2.431171096730169268e+01
2.234681000000000139e+00	2.215038089564459511e+01
2.238447999999999993e+00	2.089883069236463697e+01
2.242068000000000172e+00	2.057850927238652972e+01
2.245884000000000214e+00	1.927628184712524728e+01
2.250237999999999960e+00	1.986107220802895057e+01
2.255365999999999982e+00	1.953667184139087709e+01
2.261130000000000084e+00	1.969753495242124686e+01
2.267313000000000134e+00	1.974985067742593259e+01
2.273696000000000161e+00	2.098555095476169896e+01
2.280063999999999869e+00	2.230397231948287029e+01
2.286243999999999943e+00	2.362542228432270264e+01
2.292251999999999956e+00	2.556066810026888092e+01
2.298146000000000022e+00	2.797266601380647089e+01
2.303983000000000114e+00	2.942682069095408437e+01
2.309822000000000042e+00	3.120471227128251002e+01
2.315710999999999853e+00	3.242148880242677933e+01
2.321645999999999876e+00	3.405503676259971257e+01
2.327612999999999932e+00	3.588672295715926452e+01
2.333594999999999864e+00	3.560067038045696108e+01
2.339576999999999796e+00	3.451437133056682427e+01
2.345546999999999827e+00	3.320124612335549585e+01
2.351503999999999817e+00	3.095254899374108248e+01
2.357451999999999881e+00	2.914473743328397504e+01
2.363395999999999830e+00	2.578427866148744130e+01
2.369339000000000084e+00	2.442170111055417436e+01
2.375286000000000008e+00	2.277798485645283932e+01
2.381237000000000048e+00	2.068440867768679681e+01
2.387189999999999923e+00	1.957378075898682468e+01
2.393143999999999938e+00	1.869333139910074593e+01
2.399097999999999953e+00	1.856753259020517532e+01
2.405050999999999828e+00	1.839336340127338687e+01
2.411004000000000147e+00	1.770655135972894101e+01
2.416955999999999882e+00	1.938969268357962505e+01
2.422906999999999922e+00	2.140066297627262415e+01
2.428857999999999961e+00	2.527691637606033481e+01
2.434809000000000001e+00	3.047386544253942375e+01
2.440760000000000041e+00	3.552115010213884005e+01
2.446712000000000220e+00	4.167860437846924526e+01
2.452663999999999955e+00	4.716004034250358501e+01
2.458616999999999830e+00	4.943645069008319837e+01
2.464570999999999845e+00	4.939090777636516094e+01
2.470524999999999860e+00	4.775820417923024053e+01
2.476478000000000179e+00	4.344222608905162986e+01
2.482429999999999914e+00	3.951484994145884855e+01
2.488377999999999979e+00	3.449520881052079346e+01
2.494323000000000068e+00	2.878933766189953758e+01
2.500265999999999877e+00	2.455265611332919917e+01
2.506212000000000106e+00	2.133353369546278699e+01
2.512164999999999981e+00	1.858962411838620810e+01
2.518129000000000062e+00	1.667175524729089275e+01
2.524108000000000018e+00	1.567322369877848054e+01
2.530091999999999786e+00	1.515220890202374093e+01
2.536067000000000071e+00	1.527051135348485822e+01
2.542015999999999831e+00	1.639505147397096607e+01
2.547924000000000078e+00	1.850210031172206371e+01
2.553779000000000021e+00	1.934106562577906985e+01
2.559610000000000163e+00	2.059510095151801323e+01
2.565475000000000172e+00	2.377177287445699960e+01
2.571432000000000162e+00	2.449783287296572354e+01
2.577539999999999942e+00	2.594962758862523344e+01
2.583845999999999865e+00	2.640745632415811173e+01
2.590249000000000024e+00	2.619556120506853603e+01
2.596534000000000120e+00	2.560381172410043860e+01
2.602485000000000159e+00	2.405149113050418563e+01
2.607883000000000173e+00	2.475893582471747223e+01
2.612527000000000044e+00	2.430202516045984495e+01
2.616509000000000196e+00	2.495000730700872182e+01
2.620163999999999938e+00	2.475891811738297932e+01
2.623834000000000000e+00	2.498130588480379544e+01
2.627863000000000060e+00	2.598849114799787685e+01
2.632579999999999920e+00	2.617617222454604331e+01
2.638037000000000187e+00	2.672878798009547907e+01
2.644026000000000209e+00	2.642711477571356937e+01
2.650332000000000132e+00	2.565735477407345755e+01
2.656734000000000151e+00	2.620374034534497554e+01
2.663022999999999918e+00	2.647927707432158684e+01
2.669115000000000126e+00	2.484023294152050809e+01
2.675060999999999911e+00	2.473716982044305013e+01
2.680919999999999970e+00	2.220781819174028016e+01
2.686751000000000111e+00	2.168691509504177617e+01
2.692610999999999866e+00	1.775857950383905859e+01
2.698523999999999923e+00	1.485822422196796211e+01
2.704476000000000102e+00	1.014052774533163337e+01
2.710452000000000083e+00	5.151492265083403410e+00
2.716435999999999851e+00	2.979090769011933038e+00
2.722412999999999972e+00	-1.528745281089076036e+00
2.728375999999999912e+00	-4.253978061749295492e+00
2.734328000000000092e+00	-5.975265717944711064e+00
2.740273999999999877e+00	-7.239392097375766610e+00
2.746217000000000130e+00	-8.152225872968754672e+00
2.752162000000000219e+00	-8.685733966213943447e+00
2.758110999999999979e+00	-8.790565867993725746e+00
2.764063000000000159e+00	-8.711103050839717810e+00
2.770016000000000034e+00	-6.907046026198693234e+00
2.775971000000000188e+00	-2.822812831749503815e+00
2.781924000000000063e+00	3.684723015167656435e+00
2.787876999999999938e+00	1.293159446825790759e+01
2.793829000000000118e+00	2.209831401448358079e+01
2.799780999999999853e+00	3.128598301937548953e+01
2.805731999999999893e+00	3.637739560263709393e+01
2.811682999999999932e+00	3.987082751130403580e+01
2.817635000000000112e+00	3.794945555329871922e+01
2.823586999999999847e+00	3.196083261638012374e+01
2.829539000000000026e+00	2.390686725574750326e+01
2.835491000000000206e+00	1.542949565733078110e+01
2.841442999999999941e+00	8.519792056486778620e+00
2.847395000000000120e+00	3.143340066733637084e+00
2.853346999999999856e+00	-1.284567008480291150e+00
2.859299000000000035e+00	-2.310029613201452836e+00
2.865251000000000214e+00	-2.752319150539745962e+00
2.871201999999999810e+00	-2.596604872743244030e+00
2.877153999999999989e+00	4.519231357253265524e-01
2.883106000000000169e+00	2.912983112193400448e+00
2.889057999999999904e+00	6.799113742483817724e+00
2.895010000000000083e+00	8.765154412993048538e+00
2.900961999999999819e+00	9.477307622862156222e+00
2.906913999999999998e+00	9.925422830212989211e+00
2.912866000000000177e+00	8.068890470034679296e+00
2.918817999999999913e+00	7.282772679780957326e+00
2.924770000000000092e+00	5.919352879636021747e+00
2.930721000000000132e+00	6.019260068951311382e+00
2.936672999999999867e+00	8.459894643530683211e+00
2.942625000000000046e+00	1.029960103337975497e+01
2.948576999999999781e+00	1.398202372026883999e+01
2.954528999999999961e+00	1.530130641919715551e+01
2.960481000000000140e+00	1.519995183679551509e+01
2.966432999999999875e+00	1.211702875336374419e+01
2.972385000000000055e+00	7.851798322290742149e+00
2.978336999999999790e+00	1.429911595955134507e+00
2.984288999999999970e+00	-4.887696193637236064e+00
2.990240000000000009e+00	-1.093653327105167605e+01
2.996192000000000188e+00	-1.526552163511744631e+01
3.002143999999999924e+00	-1.836860541041917827e+01
3.008096000000000103e+00	-1.852986305691678837e+01
3.014047999999999838e+00	-1.441896004339990967e+01
3.020000000000000018e+00	-6.160368823416726869e+00
