1.199999999999999956e-01	2.246003552965389893e+00
1.249780000000000058e-01	1.955213161816751866e+00
1.305999999999999939e-01	1.892533499036570754e+00
1.367059999999999942e-01	1.966955347849978386e+00
1.431360000000000132e-01	1.254311692637555264e+00
1.497320000000000040e-01	1.860601514918157617e+00
1.563350000000000017e-01	1.040865504660053009e+00
1.627850000000000130e-01	2.063547306054893227e+00
1.689219999999999888e-01	1.949133911360465099e+00
1.745889999999999942e-01	2.022163087825621375e+00
1.796250000000000069e-01	2.371691303631824788e+00
1.839349999999999874e-01	2.756164086745913622e+00
1.877439999999999942e-01	1.789918053383585672e+00
1.913779999999999926e-01	2.218103952429530956e+00
1.951660000000000061e-01	3.062979133918926067e+00
1.994340000000000002e-01	3.035405295320803720e+00
2.044499999999999929e-01	2.826595747604978115e+00
2.101250000000000062e-01	3.852432094313237521e+00
2.162479999999999958e-01	3.211390866284266288e+00
2.226049999999999973e-01	3.126329385880188827e+00
2.289819999999999911e-01	2.609347453600357358e+00
2.351930000000000132e-01	2.221068050841572550e+00
2.412249999999999950e-01	1.987285257285680062e+00
2.471349999999999936e-01	3.177487027325020641e+00
2.529799999999999827e-01	2.438682551676230048e+00
2.588170000000000193e-01	1.044246852376067736e+00
2.646970000000000156e-01	1.442159124953232396e+00
2.706259999999999777e-01	2.412939630256081269e+00
2.765880000000000005e-01	1.768007714138698505e+00
2.825679999999999858e-01	2.392783676125909142e+00
2.885510000000000019e-01	3.010173352958656512e+00
2.945229999999999793e-01	2.510744650822552604e+00
3.004809999999999981e-01	3.180387240096036017e+00
3.064310000000000089e-01	2.824953291227322971e+00
3.123750000000000138e-01	3.040909002394508676e+00
3.183190000000000186e-01	2.611598820989018854e+00
3.242650000000000254e-01	3.028796561892014516e+00
3.302149999999999808e-01	3.014296227850888243e+00
3.361680000000000224e-01	3.202727983900096831e+00
3.421210000000000084e-01	3.153652639504583188e+00
3.480759999999999965e-01	2.833497807693626580e+00
3.540289999999999826e-01	3.134897013324428272e+00
3.599809999999999954e-01	3.259904532754535289e+00
3.659330000000000083e-01	2.498511970316734221e+00
3.718839999999999923e-01	3.294621390680789297e+00
3.778360000000000052e-01	3.073979357049048566e+00
3.837869999999999893e-01	1.852688517662909540e+00
3.897390000000000021e-01	1.887298192550734832e+00
3.956910000000000149e-01	2.318429850158036931e+00
4.016429999999999723e-01	2.297764932618143074e+00
4.075949999999999851e-01	2.352440871474365647e+00
4.135469999999999979e-01	2.721274338786238811e+00
4.194979999999999820e-01	3.223500887182916941e+00
4.254499999999999948e-01	3.439945354261685129e+00
4.314009999999999789e-01	2.819613517329342844e+00
4.373540000000000205e-01	3.049249089416657732e+00
4.433079999999999798e-01	3.259731967956755128e+00
4.492619999999999947e-01	3.256932120378256634e+00
4.552160000000000095e-01	3.015755966581364689e+00
4.611680000000000224e-01	3.286610587332947642e+00
4.671170000000000044e-01	3.173257308115550845e+00
4.730619999999999825e-01	4.263019694930685333e+00
4.790059999999999873e-01	2.878565578151396132e+00
4.849510000000000209e-01	2.899506581070165456e+00
4.909020000000000050e-01	2.602986409461585993e+00
4.968629999999999991e-01	2.286214227974121549e+00
5.028390000000000359e-01	2.693317629757192577e+00
5.088230000000000253e-01	3.264669384324768497e+00
5.148009999999999531e-01	3.824525987563013096e+00
5.207570000000000254e-01	4.338102101002051292e+00
5.266750000000000043e-01	4.806349721630965632e+00
5.325410000000000421e-01	4.889268724862410487e+00
5.383719999999999617e-01	3.312852412414637460e+00
5.442249999999999588e-01	4.016216539994293733e+00
5.501580000000000359e-01	2.940331313245821310e+00
5.562289999999999734e-01	2.921601713987604931e+00
5.624930000000000208e-01	2.580960296419150257e+00
5.688929999999999820e-01	2.429943986836446967e+00
5.752220000000000111e-01	1.912449462255132460e+00
5.812610000000000277e-01	2.952650364130324334e+00
5.867949999999999555e-01	2.048558550843281090e+00
5.916080000000000227e-01	2.432844940204635265e+00
5.957040000000000113e-01	3.516116976332522182e+00
5.993990000000000151e-01	3.191861255125023611e+00
6.030370000000000452e-01	3.667868593000064514e+00
6.069609999999999728e-01	2.571537193406927990e+00
6.115110000000000268e-01	3.369321599895047648e+00
6.168270000000000142e-01	2.492834042387953364e+00
6.227219999999999978e-01	2.221891911841547440e+00
6.289789999999999548e-01	2.832579542781194615e+00
6.353790000000000271e-01	2.195143362221224859e+00
6.417070000000000274e-01	2.650869226667255329e+00
6.478369999999999962e-01	2.448480047845529306e+00
6.538089999999999735e-01	2.467271738605259834e+00
6.596819999999999906e-01	2.844378074465060635e+00
6.655140000000000500e-01	2.347515492584963948e+00
6.713630000000000431e-01	1.939176506258877941e+00
6.772660000000000347e-01	2.988440926016838972e+00
6.832110000000000127e-01	1.990009245136221017e+00
6.891829999999999901e-01	2.095238446219334083e+00
6.951669999999999794e-01	2.790946056114004925e+00
7.011469999999999647e-01	2.270823062812791004e+00
7.071119999999999628e-01	2.913495377895658933e+00
7.130670000000000064e-01	2.801229942547589502e+00
7.190130000000000132e-01	3.192072657676190417e+00
7.249569999999999625e-01	3.444535637901882552e+00
7.309010000000000229e-01	4.000162108982269871e+00
7.368489999999999762e-01	3.194275438748793494e+00
7.428000000000000158e-01	3.741145071575861625e+00
7.487530000000000019e-01	3.344326110897658300e+00
7.547080000000000455e-01	4.526978191796336759e+00
7.606619999999999493e-01	4.229849366768485552e+00
7.666140000000000176e-01	4.790600616714005611e+00
7.725670000000000037e-01	3.887636187146139122e+00
7.785180000000000433e-01	4.509397552033112433e+00
7.844689999999999719e-01	4.008156866440088173e+00
7.904210000000000402e-01	3.780368935981196721e+00
7.963729999999999976e-01	4.088361626497553303e+00
8.023249999999999549e-01	4.456042810952940414e+00
8.082770000000000232e-01	4.101478757931163344e+00
8.142289999999999806e-01	4.128944999368666657e+00
8.201800000000000201e-01	4.115984273484650124e+00
8.261319999999999775e-01	3.862347078093756547e+00
8.320830000000000171e-01	3.737313842397956165e+00
8.380349999999999744e-01	3.734319014320144348e+00
8.439870000000000427e-01	3.738392691774760301e+00
8.499400000000000288e-01	2.194313421544581200e+00
8.558940000000000436e-01	3.992540292244269651e+00
8.618479999999999475e-01	3.093905483881755458e+00
8.678010000000000446e-01	4.409063421863474552e+00
8.737519999999999731e-01	4.067993583282274450e+00
8.797000000000000375e-01	4.529764008488193383e+00
8.856439999999999868e-01	4.546379200373226404e+00
8.915870000000000184e-01	4.327006037547217687e+00
8.975349999999999717e-01	5.222627859783067983e+00
9.034900000000000153e-01	4.442600656047313024e+00
9.094569999999999599e-01	4.468438180791518555e+00
9.154379999999999740e-01	4.934387088693008572e+00
9.214210000000000456e-01	4.278372176365475177e+00
9.273909999999999654e-01	4.877842400699058167e+00
9.333329999999999682e-01	5.105854281145417062e+00
9.392300000000000093e-01	4.842299650057954707e+00
9.450749999999999984e-01	4.715683127889489512e+00
9.509090000000000042e-01	4.849033907877708494e+00
9.567890000000000006e-01	4.906790045286841817e+00
9.627750000000000474e-01	3.791223886514014652e+00
9.689229999999999787e-01	4.314819513672123463e+00
9.752680000000000238e-01	4.623051134318965971e+00
9.816639999999999810e-01	3.785133279895424252e+00
9.878930000000000211e-01	4.259240868107235123e+00
9.937399999999999567e-01	5.212564621545983101e+00
9.989850000000000119e-01	3.924134764169272760e+00
1.003457999999999961e+00	3.849263276468998463e+00
1.007338000000000067e+00	4.382286634510094814e+00
1.010966000000000031e+00	4.286965170767901512e+00
1.014685999999999977e+00	4.086076211473064212e+00
1.018841000000000108e+00	4.142587838069758277e+00
1.023735000000000062e+00	3.544850457679705968e+00
1.029328999999999938e+00	3.624484166421642506e+00
1.035408000000000106e+00	3.744625839222514685e+00
1.041754000000000069e+00	3.409753051347772068e+00
1.048148999999999997e+00	4.861804367072023680e+00
1.054391999999999996e+00	4.493493251808709843e+00
1.060446000000000000e+00	5.236700153519805667e+00
1.066368999999999900e+00	4.537980034327192769e+00
1.072216999999999976e+00	4.433733300506015773e+00
1.078049000000000035e+00	5.298810274330092440e+00
1.083920999999999912e+00	6.070267514172956069e+00
1.089842999999999895e+00	5.067663319872295347e+00
1.095801999999999943e+00	5.724510933284728154e+00
1.101780999999999899e+00	4.797284962658228125e+00
1.107765000000000111e+00	4.713999862311371025e+00
1.113739999999999952e+00	4.609206049928295634e+00
1.119699999999999918e+00	4.869355044945621991e+00
1.125650000000000039e+00	4.299029111782491697e+00
1.131594999999999906e+00	3.947674437773804446e+00
1.137537999999999938e+00	4.213143120760169502e+00
1.143483999999999945e+00	4.722545935015670437e+00
1.149432999999999927e+00	4.777385852827081614e+00
1.155386000000000024e+00	5.537932438589200146e+00
1.161338999999999899e+00	6.036636622294912158e+00
1.167294000000000054e+00	5.846147072914974707e+00
1.173246999999999929e+00	6.881228749022364255e+00
1.179200000000000026e+00	7.111678730338503840e+00
1.185151999999999983e+00	6.638658665457263908e+00
1.191103000000000023e+00	7.252849867290742658e+00
1.197054000000000062e+00	7.603123805254572432e+00
1.203006000000000020e+00	6.817317973753698190e+00
1.208957999999999977e+00	6.768469031040948103e+00
1.214909999999999934e+00	6.667936065345943852e+00
1.220861999999999892e+00	6.188931099087047194e+00
1.226814000000000071e+00	6.012364744216618817e+00
1.232765000000000111e+00	6.994964766098792808e+00
1.238717000000000068e+00	6.667788339075883641e+00
1.244668000000000108e+00	6.627531813391340343e+00
1.250620000000000065e+00	7.761156348989135978e+00
1.256572000000000022e+00	7.546495354107397802e+00
1.262526000000000037e+00	7.644374272184930597e+00
1.268480000000000052e+00	8.378572486157892740e+00
1.274434000000000067e+00	8.218501875820026115e+00
1.280386000000000024e+00	8.154982829739925165e+00
1.286335999999999924e+00	8.173295939546910915e+00
1.292281999999999931e+00	8.331550136783796745e+00
1.298224999999999962e+00	8.972493294963994614e+00
1.304170000000000051e+00	9.004675525700745808e+00
1.310119999999999951e+00	9.269312233580057736e+00
1.316079999999999917e+00	8.390246438894015668e+00
1.322052999999999923e+00	9.041956437969332683e+00
1.328036999999999912e+00	9.471599847840112218e+00
1.334017000000000008e+00	9.002802988746870128e+00
1.339976000000000056e+00	9.481278386870197750e+00
1.345900000000000096e+00	9.649296590325823431e+00
1.351774000000000031e+00	9.163957336702701184e+00
1.357607000000000008e+00	8.962090779409216168e+00
1.363453000000000026e+00	9.324027395032157273e+00
1.369372000000000034e+00	8.809158662792446748e+00
1.375421999999999922e+00	8.751987700892282618e+00
1.381658999999999970e+00	8.702793211528730311e+00
1.388052000000000064e+00	9.049760583095599387e+00
1.394403000000000059e+00	8.628346461737034900e+00
1.400492999999999988e+00	9.506994984342256316e+00
1.406104999999999938e+00	9.740622510148083890e+00
1.411021999999999998e+00	9.515902048812117542e+00
1.415195999999999898e+00	9.570873390540434400e+00
1.418924000000000074e+00	9.836999032093226347e+00
1.422549999999999981e+00	9.642105814560606447e+00
1.426417000000000046e+00	9.842558637982907754e+00
1.430868000000000029e+00	9.992791569916510852e+00
1.436091000000000006e+00	1.004708240286290000e+01
1.441923000000000066e+00	9.772016158660671081e+00
1.448144000000000098e+00	9.277089883929765080e+00
1.454538000000000109e+00	9.972442818697823341e+00
1.460887000000000047e+00	1.024983388768744419e+01
1.467041999999999957e+00	9.225179138431817805e+00
1.473030999999999979e+00	9.733402528482111293e+00
1.478914000000000062e+00	1.012877481449524986e+01
1.484749000000000096e+00	1.011280390382798444e+01
1.490591999999999917e+00	9.340372024783832217e+00
1.496488000000000040e+00	9.893628778362826282e+00
1.502428000000000097e+00	1.030204967031781926e+01
1.508397999999999906e+00	1.085455184442039567e+01
1.514380999999999977e+00	1.033218167785902075e+01
1.520361999999999991e+00	1.125514921723796391e+01
1.526329999999999965e+00	1.028550027979514248e+01
1.532284999999999897e+00	1.048219771111890175e+01
1.538232999999999961e+00	1.135238501337256878e+01
1.544175999999999993e+00	1.155638863845381081e+01
1.550119999999999942e+00	1.161557877266181649e+01
1.556068000000000007e+00	1.195774805685915609e+01
1.562019000000000046e+00	1.158256265232653703e+01
1.567971999999999921e+00	1.161126233250999640e+01
1.573925999999999936e+00	1.171951356970124891e+01
1.579879999999999951e+00	1.207817551219198648e+01
1.585833000000000048e+00	1.254959712316184373e+01
1.591785000000000005e+00	1.302670482568966470e+01
1.597736999999999963e+00	1.358190788489687151e+01
1.603688000000000002e+00	1.382233180626868752e+01
1.609639000000000042e+00	1.393463147085931020e+01
1.615590999999999999e+00	1.492286913243935587e+01
1.621542999999999957e+00	1.613878997028798068e+01
1.627494999999999914e+00	1.671029837471537860e+01
1.633447000000000093e+00	1.798466203793136486e+01
1.639399000000000051e+00	1.826867551933587208e+01
1.645350000000000090e+00	1.966409764584478026e+01
1.651302000000000048e+00	2.149177131198998580e+01
1.657253000000000087e+00	2.355293081351150875e+01
1.663205000000000044e+00	2.390377092288150251e+01
1.669157999999999920e+00	2.530763083066837282e+01
1.675111999999999934e+00	2.606160800046981763e+01
1.681065999999999949e+00	2.777540834316627638e+01
1.687019000000000046e+00	2.794802122179090986e+01
1.692971000000000004e+00	2.915299174319466502e+01
1.698919000000000068e+00	3.002742667766085205e+01
1.704863000000000017e+00	3.079183781272792331e+01
1.710806999999999967e+00	3.004633702558355779e+01
1.716752999999999973e+00	3.009838002117417588e+01
1.722706999999999988e+00	2.939979432481681698e+01
1.728671999999999986e+00	2.867464325100896971e+01
1.734652000000000083e+00	2.844118606613687916e+01
1.740636000000000072e+00	2.840326059500027966e+01
1.746609000000000078e+00	2.824560749830295592e+01
1.752555000000000085e+00	2.690236732995173696e+01
1.758458000000000077e+00	2.629435613750279899e+01
1.764308999999999905e+00	2.505540334522458323e+01
1.770140999999999964e+00	2.410943593405347585e+01
1.776011999999999924e+00	2.298493624655843703e+01
1.781979999999999897e+00	2.243027308490023231e+01
1.788105000000000055e+00	2.080517161821590477e+01
1.794426999999999994e+00	2.039097738376282010e+01
1.800829000000000013e+00	1.947468650184322669e+01
1.807091999999999921e+00	1.838262517564702847e+01
1.813002000000000002e+00	1.815488084577304662e+01
1.818338000000000010e+00	1.701873414715068833e+01
1.822912000000000088e+00	1.761341946544339621e+01
1.826850000000000085e+00	1.694784954638807761e+01
1.830492000000000008e+00	1.689568799718929526e+01
1.834179999999999922e+00	1.648147374657738240e+01
1.838259000000000087e+00	1.649464066979172472e+01
1.843048000000000020e+00	1.625192828965861835e+01
1.848562000000000038e+00	1.571738028580853630e+01
1.854589999999999961e+00	1.527937760113277577e+01
1.860913000000000039e+00	1.542680453861408196e+01
1.867313999999999918e+00	1.445058356577204961e+01
1.873583999999999916e+00	1.464824993068585002e+01
1.879660000000000108e+00	1.442689445837023499e+01
1.885596000000000050e+00	1.418734635014453360e+01
1.891450999999999993e+00	1.434552764134133085e+01
1.897281999999999913e+00	1.425128734939527497e+01
1.903146999999999922e+00	1.441874497174975644e+01
1.909062999999999954e+00	1.449925200722458207e+01
1.915018000000000109e+00	1.427275239184059785e+01
1.920995999999999926e+00	1.508778002484267589e+01
1.926979999999999915e+00	1.459353284862092792e+01
1.932955999999999896e+00	1.420570645243135566e+01
1.938917999999999919e+00	1.425938018220268333e+01
1.944868999999999959e+00	1.435683384554002018e+01
1.950814000000000048e+00	1.434674947760148278e+01
1.956757999999999997e+00	1.460722210757416306e+01
1.962703000000000086e+00	1.471868200994624942e+01
1.968652000000000069e+00	1.490462775753262470e+01
1.974604000000000026e+00	1.534210151075342132e+01
1.980558000000000041e+00	1.512809573579219347e+01
1.986512000000000056e+00	1.490327319945054541e+01
1.992466000000000070e+00	1.536862692511290440e+01
1.998418000000000028e+00	1.521086696596716692e+01
2.004370000000000207e+00	1.702002584741377689e+01
2.010321999999999942e+00	1.685514597323489383e+01
2.016272999999999982e+00	1.770281061201772843e+01
2.022224000000000022e+00	1.791361592253404567e+01
2.028176000000000201e+00	1.876587113500301029e+01
2.034127999999999936e+00	1.950503777085044277e+01
2.040080000000000116e+00	1.956336009197378445e+01
2.046031999999999851e+00	2.051641375023604397e+01
2.051984000000000030e+00	2.128749219162260076e+01
2.057935000000000070e+00	2.150848481676530355e+01
2.063886999999999805e+00	2.212516656011581517e+01
2.069837999999999845e+00	2.297709584405568606e+01
2.075791000000000164e+00	2.444200370538982625e+01
2.081744000000000039e+00	2.579195370108471863e+01
2.087698000000000054e+00	2.808628550951696923e+01
2.093652000000000069e+00	2.916750460860318839e+01
2.099604999999999944e+00	3.086826688524836726e+01
2.105554999999999843e+00	3.186990646723905485e+01
2.111501000000000072e+00	3.456013115371368372e+01
2.117445000000000022e+00	3.627566113102254519e+01
2.123388999999999971e+00	3.684660168512932898e+01
2.129338000000000175e+00	3.707710167235893550e+01
2.135295999999999861e+00	3.824509635725164003e+01
2.141268000000000171e+00	3.732191725500150881e+01
2.147250999999999799e+00	3.562688105311210762e+01
2.153232000000000035e+00	3.441763680465744102e+01
2.159196000000000115e+00	3.379123570302535740e+01
2.165125000000000188e+00	3.129928018701281900e+01
2.171006000000000213e+00	2.932173715574099049e+01
2.176841000000000026e+00	2.766546828651003054e+01
2.182682999999999929e+00	2.603970566658715313e+01
2.188588999999999896e+00	2.647148379750280611e+01
2.194618000000000180e+00	2.627742238025947685e+01
2.200828000000000007e+00	2.539391915629920859e+01
2.207209999999999894e+00	2.447402347614728768e+01
2.213579000000000185e+00	2.495606351319862171e+01
2.219714999999999883e+00	2.453274546592814431e+01
2.225403000000000020e+00	2.495725494210766726e+01
2.230423000000000044e+00	2.589651000054344365e+01
2.234681000000000139e+00	2.645680367518473730e+01
2.238447999999999993e+00	2.698581789816184440e+01
2.242068000000000172e+00	2.732278063736505302e+01
2.245884000000000214e+00	2.852900316007217540e+01
2.250237999999999960e+00	2.814650021625483944e+01
2.255365999999999982e+00	2.954650749493581685e+01
2.261130000000000084e+00	2.974122721119352519e+01
2.267313000000000134e+00	3.054520789650848300e+01
2.273696000000000161e+00	3.052567949480120646e+01
2.280063999999999869e+00	3.034848252062026930e+01
2.286243999999999943e+00	3.053550123332888688e+01
2.292251999999999956e+00	2.944661605358284717e+01
2.298146000000000022e+00	3.012433815358704692e+01
2.303983000000000114e+00	2.982574570678371373e+01
2.309822000000000042e+00	2.914516142427820355e+01
2.315710999999999853e+00	3.024988648202801755e+01
2.321645999999999876e+00	2.983950201472076103e+01
2.327612999999999932e+00	3.076383259028381900e+01
2.333594999999999864e+00	3.152275662852690630e+01
2.339576999999999796e+00	3.248938148109963464e+01
2.345546999999999827e+00	3.292239231786562215e+01
2.351503999999999817e+00	3.321179527663395703e+01
2.357451999999999881e+00	3.296345172258643430e+01
2.363395999999999830e+00	3.442860690213348818e+01
2.369339000000000084e+00	3.532857557888305422e+01
2.375286000000000008e+00	3.619116913779342326e+01
2.381237000000000048e+00	3.676713501682142748e+01
2.387189999999999923e+00	3.757735757887709838e+01
2.393143999999999938e+00	3.915052115553082501e+01
2.399097999999999953e+00	4.051014076271817288e+01
2.405050999999999828e+00	4.190541883300122095e+01
2.411004000000000147e+00	4.260594142880166402e+01
2.416955999999999882e+00	4.459352962248407692e+01
2.422906999999999922e+00	4.532631834425779971e+01
2.428857999999999961e+00	4.558216900185254161e+01
2.434809000000000001e+00	4.554207125221478947e+01
2.440760000000000041e+00	4.575950761219789342e+01
2.446712000000000220e+00	4.716529764853823536e+01
2.452663999999999955e+00	4.938553336878241140e+01
2.458616999999999830e+00	5.440361034323156275e+01
2.464570999999999845e+00	6.170171829401812857e+01
2.470524999999999860e+00	7.235626854121787233e+01
2.476478000000000179e+00	8.328958746924423906e+01
2.482429999999999914e+00	9.177407276957248428e+01
2.488377999999999979e+00	9.725397540150288478e+01
2.494323000000000068e+00	9.802628245572476828e+01
2.500265999999999877e+00	9.434345700711338623e+01
2.506212000000000106e+00	8.826225588898198282e+01
2.512164999999999981e+00	7.981084576369308081e+01
2.518129000000000062e+00	7.135669468926781178e+01
2.524108000000000018e+00	6.357928077808587375e+01
2.530091999999999786e+00	5.749674134131019088e+01
2.536067000000000071e+00	5.308449296510410420e+01
2.542015999999999831e+00	4.940366452835846189e+01
2.547924000000000078e+00	4.631733170652721299e+01
2.553779000000000021e+00	4.306321685087895190e+01
2.559610000000000163e+00	4.089457133964170055e+01
2.565475000000000172e+00	3.990193831013902326e+01
2.571432000000000162e+00	3.965151886692780181e+01
2.577539999999999942e+00	3.964023992121700246e+01
2.583845999999999865e+00	4.185324690454606866e+01
2.590249000000000024e+00	4.345122837539631888e+01
2.596534000000000120e+00	4.622956167580636588e+01
2.602485000000000159e+00	5.039346493622021228e+01
2.607883000000000173e+00	5.513901182112353183e+01
2.612527000000000044e+00	6.051162952936574158e+01
2.616509000000000196e+00	6.691674030475861912e+01
2.620163999999999938e+00	7.203337836802900540e+01
2.623834000000000000e+00	7.658733736876149578e+01
2.627863000000000060e+00	7.724146820100554578e+01
2.632579999999999920e+00	7.516047119709210733e+01
2.638037000000000187e+00	6.962888415976951251e+01
2.644026000000000209e+00	6.395850434073538793e+01
2.650332000000000132e+00	5.611330659006705446e+01
2.656734000000000151e+00	4.913427068462250702e+01
2.663022999999999918e+00	4.451940302360582535e+01
2.669115000000000126e+00	4.012293251622101309e+01
2.675060999999999911e+00	3.956762886371469534e+01
2.680919999999999970e+00	3.954037876305226717e+01
2.686751000000000111e+00	3.996852020259226634e+01
2.692610999999999866e+00	4.072844883714161313e+01
2.698523999999999923e+00	4.258264501401028923e+01
2.704476000000000102e+00	4.318665681840271731e+01
2.710452000000000083e+00	4.355413363895932122e+01
2.716435999999999851e+00	4.447366420383134056e+01
2.722412999999999972e+00	4.264906042070573733e+01
2.728375999999999912e+00	4.000654902446992622e+01
2.734328000000000092e+00	3.923374187197443774e+01
2.740273999999999877e+00	3.635152212908659664e+01
2.746217000000000130e+00	3.452391759685626482e+01
2.752162000000000219e+00	3.513154780945331623e+01
2.758110999999999979e+00	3.638740231932335689e+01
2.764063000000000159e+00	3.782607943638547709e+01
2.770016000000000034e+00	4.029696409390725620e+01
2.775971000000000188e+00	4.393871046559955573e+01
2.781924000000000063e+00	4.693367965873710546e+01
2.787876999999999938e+00	4.941671978023579470e+01
2.793829000000000118e+00	5.162245368934669898e+01
2.799780999999999853e+00	5.287857164111244401e+01
2.805731999999999893e+00	5.407118876326089207e+01
2.811682999999999932e+00	5.293428823909986392e+01
2.817635000000000112e+00	5.217109101689612061e+01
2.823586999999999847e+00	4.897684563954315706e+01
2.829539000000000026e+00	4.657057533839755337e+01
2.835491000000000206e+00	4.396530102060133061e+01
2.841442999999999941e+00	4.112183358082892681e+01
2.847395000000000120e+00	3.894121381326478115e+01
2.853346999999999856e+00	3.853433447350929697e+01
2.859299000000000035e+00	3.738496998371696378e+01
2.865251000000000214e+00	3.676333434382947729e+01
2.871201999999999810e+00	3.572769769778503246e+01
2.877153999999999989e+00	3.558354636460549614e+01
2.883106000000000169e+00	3.384365404488469409e+01
2.889057999999999904e+00	3.278124976617157671e+01
2.895010000000000083e+00	3.048988142430522430e+01
2.900961999999999819e+00	3.008781429790239059e+01
2.906913999999999998e+00	3.003211895857729985e+01
2.912866000000000177e+00	3.065219143085255737e+01
2.918817999999999913e+00	3.237648216126075340e+01
2.924770000000000092e+00	3.577160000661421435e+01
2.930721000000000132e+00	4.110879000145670403e+01
2.936672999999999867e+00	4.905962869158835105e+01
2.942625000000000046e+00	5.851349505168985132e+01
2.948576999999999781e+00	6.680621681414743307e+01
2.954528999999999961e+00	7.436325794336337935e+01
2.960481000000000140e+00	7.830968989416010118e+01
2.966432999999999875e+00	7.730118267313063996e+01
2.972385000000000055e+00	7.453074940785161573e+01
2.978336999999999790e+00	6.752232570461296746e+01
2.984288999999999970e+00	6.073910131310442750e+01
2.990240000000000009e+00	5.206063269722311304e+01
2.996192000000000188e+00	4.295479149631271554e+01
3.002143999999999924e+00	3.505652639950935168e+01
3.008096000000000103e+00	3.086082503460645299e+01
3.014047999999999838e+00	2.847627265995925683e+01
3.020000000000000018e+00	3.004976263000622083e+01
