1.199999999999999956e-01	8.448209462598773811e+00
1.249780000000000058e-01	4.577538043088008379e+00
1.305999999999999939e-01	2.749439881285107745e+00
1.367059999999999942e-01	7.848459538491825427e-02
1.431360000000000132e-01	-1.282097400712159496e+00
1.497320000000000040e-01	-2.087272455361209200e+00
1.563350000000000017e-01	-3.206958216431678999e+00
1.627850000000000130e-01	-2.395079590386973045e+00
1.689219999999999888e-01	-2.459354650580505730e+00
1.745889999999999942e-01	-1.407651240251426294e+00
1.796250000000000069e-01	-1.367139779321487669e+00
1.839349999999999874e-01	6.526297631568818147e-01
1.877439999999999942e-01	1.307496942004049423e+00
1.913779999999999926e-01	1.724031961384383305e+00
1.951660000000000061e-01	1.494285883163694262e+00
1.994340000000000002e-01	2.882203752272153086e+00
2.044499999999999929e-01	3.168158418662460285e+00
2.101250000000000062e-01	3.260628899593749797e+00
2.162479999999999958e-01	3.218685157556745668e+00
2.226049999999999973e-01	2.936912221781414090e+00
2.289819999999999911e-01	2.517941994749206103e+00
2.351930000000000132e-01	2.013495151604081990e+00
2.412249999999999950e-01	2.049932438632893650e+00
2.471349999999999936e-01	1.779298085880741231e+00
2.529799999999999827e-01	1.591949445963051435e+00
2.588170000000000193e-01	1.262206308295270807e+00
2.646970000000000156e-01	6.579913978205491620e-01
2.706259999999999777e-01	1.071744317279450964e+00
2.765880000000000005e-01	1.301576217155788306e+00
2.825679999999999858e-01	5.044741472417234585e-01
2.885510000000000019e-01	4.916703055833364089e-01
2.945229999999999793e-01	9.539291216779047788e-01
3.004809999999999981e-01	1.692007159748533995e+00
3.064310000000000089e-01	7.670112928568122435e-01
3.123750000000000138e-01	1.167287460793416942e+00
3.183190000000000186e-01	1.584075190953433410e+00
3.242650000000000254e-01	2.506318866923249011e+00
3.302149999999999808e-01	2.406636408246395575e+00
3.361680000000000224e-01	2.215255322677237793e+00
3.421210000000000084e-01	2.238608137961901612e+00
3.480759999999999965e-01	2.336370157712464035e+00
3.540289999999999826e-01	1.936225665798704476e+00
3.599809999999999954e-01	2.176655180014943181e+00
3.659330000000000083e-01	1.712853377335672000e+00
3.718839999999999923e-01	1.681675458960240954e+00
3.778360000000000052e-01	1.985930091149177734e+00
3.837869999999999893e-01	2.166099054560590265e+00
3.897390000000000021e-01	1.652397772762387751e+00
3.956910000000000149e-01	1.053546981422030182e+00
4.016429999999999723e-01	1.446392616244429830e+00
4.075949999999999851e-01	1.409619902772635935e+00
4.135469999999999979e-01	7.674836692325825993e-01
4.194979999999999820e-01	3.627702406836162963e-01
4.254499999999999948e-01	7.819674847471097534e-01
4.314009999999999789e-01	1.541618510026047772e+00
4.373540000000000205e-01	6.482388340280025307e-01
4.433079999999999798e-01	1.046146853905178808e+00
4.492619999999999947e-01	1.518516981334964822e+00
4.552160000000000095e-01	1.655149797058832695e+00
4.611680000000000224e-01	1.012238416555807596e+00
4.671170000000000044e-01	1.014186112480393920e+00
4.730619999999999825e-01	1.672816950023385152e+00
4.790059999999999873e-01	2.356865422184965198e+00
4.849510000000000209e-01	1.142130905995737855e+00
4.909020000000000050e-01	1.568919350814134139e+00
4.968629999999999991e-01	1.830271737663432763e+00
5.028390000000000359e-01	1.943405867856323965e+00
5.088230000000000253e-01	1.910297225231773588e+00
5.148009999999999531e-01	1.490920372728994581e+00
5.207570000000000254e-01	2.339887043090089325e+00
5.266750000000000043e-01	2.040413759123768767e+00
5.325410000000000421e-01	2.382233256063997828e+00
5.383719999999999617e-01	2.039787396331314007e+00
5.442249999999999588e-01	2.308913878802023589e+00
5.501580000000000359e-01	1.677465759546127089e+00
5.562289999999999734e-01	2.066848021552337933e+00
5.624930000000000208e-01	2.225190443873391377e+00
5.688929999999999820e-01	1.717171582108910854e+00
5.752220000000000111e-01	1.987632601697747248e+00
5.812610000000000277e-01	2.683804960799607287e+00
5.867949999999999555e-01	2.228082924274828347e+00
5.916080000000000227e-01	2.220534140362629305e+00
5.957040000000000113e-01	1.832000869319087233e+00
5.993990000000000151e-01	1.755135826023496604e+00
6.030370000000000452e-01	6.544699040002840418e-01
6.069609999999999728e-01	9.688685841260928910e-01
6.115110000000000268e-01	1.106344890486828714e+00
6.168270000000000142e-01	1.747351832321874188e+00
6.227219999999999978e-01	1.665243478164095681e+00
6.289789999999999548e-01	2.516606951630761646e+00
6.353790000000000271e-01	3.504703998087204564e+00
6.417070000000000274e-01	2.421078166671517984e+00
6.478369999999999962e-01	3.212186848396711536e+00
6.538089999999999735e-01	2.618471876078511507e+00
6.596819999999999906e-01	3.229894558915047398e+00
6.655140000000000500e-01	2.267349399592312409e+00
6.713630000000000431e-01	2.988072879392155823e+00
6.772660000000000347e-01	2.263023993209331675e+00
6.832110000000000127e-01	1.760942552570202491e+00
6.891829999999999901e-01	2.821322740190355116e+00
6.951669999999999794e-01	1.299215110812400376e+00
7.011469999999999647e-01	2.189912061398227472e+00
7.071119999999999628e-01	1.849107631255494155e+00
7.130670000000000064e-01	1.861066334044830795e+00
7.190130000000000132e-01	1.726057415061907907e+00
7.249569999999999625e-01	2.081895789158474397e+00
7.309010000000000229e-01	2.249139876185377140e+00
7.368489999999999762e-01	1.981949519114405867e+00
7.428000000000000158e-01	2.547390811785810616e+00
7.487530000000000019e-01	2.466896744372571781e+00
7.547080000000000455e-01	2.549316746282864088e+00
7.606619999999999493e-01	1.802740274537914633e+00
7.666140000000000176e-01	1.769811657359360746e+00
7.725670000000000037e-01	1.667229983943736560e+00
7.785180000000000433e-01	1.243905001234528296e+00
7.844689999999999719e-01	1.891334800687651807e+00
7.904210000000000402e-01	1.916263835221698297e+00
7.963729999999999976e-01	2.138262676899695958e+00
8.023249999999999549e-01	2.918630245862962269e+00
8.082770000000000232e-01	2.189458309207481079e+00
8.142289999999999806e-01	2.508090044145996789e+00
8.201800000000000201e-01	2.600161265459195459e+00
8.261319999999999775e-01	2.777646124984493259e+00
8.320830000000000171e-01	2.527852889570826100e+00
8.380349999999999744e-01	2.142529525414219815e+00
8.439870000000000427e-01	2.968167017399592211e+00
8.499400000000000288e-01	2.491539154840821446e+00
8.558940000000000436e-01	2.620258627793925044e+00
8.618479999999999475e-01	3.275709367896779689e+00
8.678010000000000446e-01	3.471492190874586825e+00
8.737519999999999731e-01	3.420559467709794355e+00
8.797000000000000375e-01	3.548684304038238757e+00
8.856439999999999868e-01	3.471162651690536283e+00
8.915870000000000184e-01	3.159513245898662781e+00
8.975349999999999717e-01	3.571358724442395882e+00
9.034900000000000153e-01	2.798757404385834313e+00
9.094569999999999599e-01	3.682025821278245736e+00
9.154379999999999740e-01	3.190593414059725852e+00
9.214210000000000456e-01	2.840764172040733726e+00
9.273909999999999654e-01	3.335724739298944641e+00
9.333329999999999682e-01	3.379735066492349560e+00
9.392300000000000093e-01	2.588740762129848605e+00
9.450749999999999984e-01	2.946671865726477879e+00
9.509090000000000042e-01	2.615088163487612860e+00
9.567890000000000006e-01	2.771862355781391507e+00
9.627750000000000474e-01	2.989775893288294739e+00
9.689229999999999787e-01	2.886986439276184147e+00
9.752680000000000238e-01	1.691217708903445693e+00
9.816639999999999810e-01	3.028644940221079995e+00
9.878930000000000211e-01	2.034925102925415175e+00
9.937399999999999567e-01	3.330817055032172291e+00
9.989850000000000119e-01	3.670060908637831965e+00
1.003457999999999961e+00	4.219108972993109496e+00
1.007338000000000067e+00	4.119699698047091019e+00
1.010966000000000031e+00	4.293892988585882087e+00
1.014685999999999977e+00	5.096443992139183088e+00
1.018841000000000108e+00	4.813374117481056480e+00
1.023735000000000062e+00	5.015258907994255111e+00
1.029328999999999938e+00	4.726598552869907266e+00
1.035408000000000106e+00	4.294121528233463714e+00
1.041754000000000069e+00	4.123218365252743212e+00
1.048148999999999997e+00	3.847864311981586738e+00
1.054391999999999996e+00	3.529596705284007818e+00
1.060446000000000000e+00	2.899447736913216112e+00
1.066368999999999900e+00	2.404611153019883929e+00
1.072216999999999976e+00	2.331607315137596448e+00
1.078049000000000035e+00	2.585310997812758416e+00
1.083920999999999912e+00	3.178679567520944715e+00
1.089842999999999895e+00	1.850507971931155904e+00
1.095801999999999943e+00	2.462006331624266409e+00
1.101780999999999899e+00	2.886503075125093964e+00
1.107765000000000111e+00	3.551192106927362424e+00
1.113739999999999952e+00	2.534596555529872841e+00
1.119699999999999918e+00	3.099405157461117444e+00
1.125650000000000039e+00	4.125562173228120244e+00
1.131594999999999906e+00	4.541533162890345032e+00
1.137537999999999938e+00	4.558819296582524494e+00
1.143483999999999945e+00	4.985728810941687072e+00
1.149432999999999927e+00	5.431914199780499608e+00
1.155386000000000024e+00	5.408961250625631934e+00
1.161338999999999899e+00	5.582465504529152689e+00
1.167294000000000054e+00	5.176745492056765485e+00
1.173246999999999929e+00	4.892921507141421600e+00
1.179200000000000026e+00	4.951636000795433645e+00
1.185151999999999983e+00	4.178672842043006597e+00
1.191103000000000023e+00	3.544500224795705812e+00
1.197054000000000062e+00	3.668460817602094526e+00
1.203006000000000020e+00	3.653121762241323900e+00
1.208957999999999977e+00	2.983250254337583840e+00
1.214909999999999934e+00	3.522573640095131076e+00
1.220861999999999892e+00	3.892803475826006387e+00
1.226814000000000071e+00	4.100311985399023307e+00
1.232765000000000111e+00	4.736223545192098427e+00
1.238717000000000068e+00	5.575581293939653627e+00
1.244668000000000108e+00	5.628800264508056372e+00
1.250620000000000065e+00	6.181946574463933253e+00
1.256572000000000022e+00	6.679225424464783067e+00
1.262526000000000037e+00	7.144078469790977159e+00
1.268480000000000052e+00	7.044433457028661749e+00
1.274434000000000067e+00	6.441067135867851512e+00
1.280386000000000024e+00	6.621104265948540402e+00
1.286335999999999924e+00	5.989298635065147813e+00
1.292281999999999931e+00	6.108480203311617451e+00
1.298224999999999962e+00	6.999798475855506297e+00
1.304170000000000051e+00	6.983472742229031027e+00
1.310119999999999951e+00	6.989194196632303679e+00
1.316079999999999917e+00	7.298143942774641069e+00
1.322052999999999923e+00	7.362304830069314576e+00
1.328036999999999912e+00	7.230805270114059269e+00
1.334017000000000008e+00	8.080286407167772467e+00
1.339976000000000056e+00	7.711763793446539061e+00
1.345900000000000096e+00	6.733419314616534201e+00
1.351774000000000031e+00	7.120377839894744376e+00
1.357607000000000008e+00	7.392020895007234138e+00
1.363453000000000026e+00	7.206816897645584419e+00
1.369372000000000034e+00	6.603622359746839088e+00
1.375421999999999922e+00	5.766002194571321127e+00
1.381658999999999970e+00	5.735334890880097625e+00
1.388052000000000064e+00	6.116963054910324438e+00
1.394403000000000059e+00	5.564751523510048870e+00
1.400492999999999988e+00	5.930269145723914725e+00
1.406104999999999938e+00	5.542018988565504678e+00
1.411021999999999998e+00	5.570953168042124481e+00
1.415195999999999898e+00	4.968509799275179439e+00
1.418924000000000074e+00	4.887559394580350158e+00
1.422549999999999981e+00	5.499871969341713296e+00
1.426417000000000046e+00	4.261436450150164923e+00
1.430868000000000029e+00	4.970329864645885110e+00
1.436091000000000006e+00	5.058910478211807948e+00
1.441923000000000066e+00	5.434514627418497668e+00
1.448144000000000098e+00	4.938928801164073512e+00
1.454538000000000109e+00	5.115532285890834530e+00
1.460887000000000047e+00	5.383318975948440333e+00
1.467041999999999957e+00	6.666339411820172423e+00
1.473030999999999979e+00	7.405759377627575191e+00
1.478914000000000062e+00	7.225084752569216562e+00
1.484749000000000096e+00	8.553595595184741995e+00
1.490591999999999917e+00	8.610985597915682632e+00
1.496488000000000040e+00	9.053750520416802061e+00
1.502428000000000097e+00	8.873386233045549076e+00
1.508397999999999906e+00	9.700835625000719276e+00
1.514380999999999977e+00	9.422948229795201414e+00
1.520361999999999991e+00	9.293869457656120048e+00
1.526329999999999965e+00	9.710183487753692333e+00
1.532284999999999897e+00	9.495266200879303398e+00
1.538232999999999961e+00	9.518972972237484953e+00
1.544175999999999993e+00	1.032446815511833549e+01
1.550119999999999942e+00	8.796250678923138722e+00
1.556068000000000007e+00	9.177180332698206655e+00
1.562019000000000046e+00	9.065791395364163563e+00
1.567971999999999921e+00	9.234197950675639532e+00
1.573925999999999936e+00	9.482531320749666648e+00
1.579879999999999951e+00	1.000549813348162154e+01
1.585833000000000048e+00	1.048657513872728764e+01
1.591785000000000005e+00	1.084326494690908227e+01
1.597736999999999963e+00	1.191640239437723281e+01
1.603688000000000002e+00	1.257647815318674667e+01
1.609639000000000042e+00	1.304339369116562963e+01
1.615590999999999999e+00	1.352961478126808537e+01
1.621542999999999957e+00	1.492845832225757441e+01
1.627494999999999914e+00	1.500790802611124342e+01
1.633447000000000093e+00	1.542840444177699766e+01
1.639399000000000051e+00	1.588170800162991192e+01
1.645350000000000090e+00	1.624537790466994736e+01
1.651302000000000048e+00	1.579904882151879342e+01
1.657253000000000087e+00	1.631262155774782130e+01
1.663205000000000044e+00	1.708215446287062633e+01
1.669157999999999920e+00	1.746776750490064600e+01
1.675111999999999934e+00	1.815043925336401998e+01
1.681065999999999949e+00	1.793999585900940019e+01
1.687019000000000046e+00	1.978176233807062090e+01
1.692971000000000004e+00	2.125394598972202331e+01
1.698919000000000068e+00	2.246472948742946585e+01
1.704863000000000017e+00	2.406054248248778293e+01
1.710806999999999967e+00	2.648367508627299927e+01
1.716752999999999973e+00	2.888777398545326847e+01
1.722706999999999988e+00	3.131909556823891805e+01
1.728671999999999986e+00	3.089610400514399302e+01
1.734652000000000083e+00	3.149928746832659954e+01
1.740636000000000072e+00	3.123524213608688527e+01
1.746609000000000078e+00	3.031122622650003251e+01
1.752555000000000085e+00	2.910286317913842424e+01
1.758458000000000077e+00	2.779179762653458496e+01
1.764308999999999905e+00	2.526079187269557735e+01
1.770140999999999964e+00	2.291857865447767395e+01
1.776011999999999924e+00	2.157879395316598092e+01
1.781979999999999897e+00	1.927682813809539297e+01
1.788105000000000055e+00	1.852987646100898544e+01
1.794426999999999994e+00	1.578294691316247622e+01
1.800829000000000013e+00	1.537632634219040462e+01
1.807091999999999921e+00	1.545512113768082685e+01
1.813002000000000002e+00	1.465564730709995800e+01
1.818338000000000010e+00	1.471719722628278681e+01
1.822912000000000088e+00	1.470021716010073476e+01
1.826850000000000085e+00	1.500315548468266869e+01
1.830492000000000008e+00	1.426025742387812301e+01
1.834179999999999922e+00	1.383990631463000831e+01
1.838259000000000087e+00	1.498777053561302175e+01
1.843048000000000020e+00	1.330137399466010351e+01
1.848562000000000038e+00	1.341594375169060349e+01
1.854589999999999961e+00	1.333011675241963800e+01
1.860913000000000039e+00	1.200941642214535499e+01
1.867313999999999918e+00	1.194426884816881618e+01
1.873583999999999916e+00	1.021314503300636467e+01
1.879660000000000108e+00	1.006925605397142043e+01
1.885596000000000050e+00	7.703616529005008040e+00
1.891450999999999993e+00	7.490173382660007206e+00
1.897281999999999913e+00	6.058920643409678952e+00
1.903146999999999922e+00	5.899290348374815807e+00
1.909062999999999954e+00	6.186898158589738017e+00
1.915018000000000109e+00	6.755333707533517362e+00
1.920995999999999926e+00	8.035951928876279737e+00
1.926979999999999915e+00	1.005744441847843440e+01
1.932955999999999896e+00	1.018040671951937881e+01
1.938917999999999919e+00	1.138675393030738547e+01
1.944868999999999959e+00	1.232412951917841859e+01
1.950814000000000048e+00	1.491036365485892823e+01
1.956757999999999997e+00	1.535117190861968162e+01
1.962703000000000086e+00	1.561455975385246475e+01
1.968652000000000069e+00	1.671276381903672359e+01
1.974604000000000026e+00	1.588294189034491133e+01
1.980558000000000041e+00	1.683605327836398402e+01
1.986512000000000056e+00	1.665756436576594268e+01
1.992466000000000070e+00	1.642967119322502256e+01
1.998418000000000028e+00	1.545754401058280258e+01
2.004370000000000207e+00	1.512381086638312233e+01
2.010321999999999942e+00	1.482015917621814260e+01
2.016272999999999982e+00	1.295300230397514163e+01
2.022224000000000022e+00	1.345998472305256222e+01
2.028176000000000201e+00	1.273654241964452360e+01
2.034127999999999936e+00	1.332689025771800040e+01
2.040080000000000116e+00	1.325388158722402032e+01
2.046031999999999851e+00	1.369164009653789726e+01
2.051984000000000030e+00	1.391939937136300109e+01
2.057935000000000070e+00	1.525872744104025713e+01
2.063886999999999805e+00	1.568706622086710034e+01
2.069837999999999845e+00	1.759213629593042327e+01
2.075791000000000164e+00	1.884842810335283758e+01
2.081744000000000039e+00	2.076297332595359890e+01
2.087698000000000054e+00	2.357456300849262831e+01
2.093652000000000069e+00	2.695870643561640634e+01
2.099604999999999944e+00	2.908457997055757005e+01
2.105554999999999843e+00	3.117896727091687836e+01
2.111501000000000072e+00	3.316598778071990949e+01
2.117445000000000022e+00	3.336199866168509232e+01
2.123388999999999971e+00	3.372052062773074255e+01
2.129338000000000175e+00	3.366332219770051637e+01
2.135295999999999861e+00	3.254744894986527015e+01
2.141268000000000171e+00	3.138167698494398650e+01
2.147250999999999799e+00	3.048326266684133756e+01
2.153232000000000035e+00	2.972135158863300930e+01
2.159196000000000115e+00	2.778944681485696222e+01
2.165125000000000188e+00	2.720278147477354125e+01
2.171006000000000213e+00	2.542279367246561961e+01
2.176841000000000026e+00	2.573739384447217660e+01
2.182682999999999929e+00	2.500912772491113500e+01
2.188588999999999896e+00	2.408296761830877131e+01
2.194618000000000180e+00	2.360458475994686367e+01
2.200828000000000007e+00	2.313178637469996701e+01
2.207209999999999894e+00	2.217568726308051552e+01
2.213579000000000185e+00	2.138110250587003591e+01
2.219714999999999883e+00	1.866944366200660355e+01
2.225403000000000020e+00	1.918412945914765189e+01
2.230423000000000044e+00	1.751399390732443706e+01
2.234681000000000139e+00	1.584450232886529797e+01
2.238447999999999993e+00	1.452462981107310824e+01
2.242068000000000172e+00	1.365009224144281674e+01
2.245884000000000214e+00	1.276799057234516788e+01
2.250237999999999960e+00	1.279692944899934481e+01
2.255365999999999982e+00	1.164772127145527492e+01
2.261130000000000084e+00	1.235031411963567827e+01
2.267313000000000134e+00	1.263278581064743022e+01
2.273696000000000161e+00	1.347871361296961368e+01
2.280063999999999869e+00	1.427869254407569599e+01
2.286243999999999943e+00	1.588550850271997206e+01
2.292251999999999956e+00	1.699230684758132526e+01
2.298146000000000022e+00	1.951615005814203130e+01
2.303983000000000114e+00	2.116338613277639169e+01
2.309822000000000042e+00	2.233617157702541434e+01
2.315710999999999853e+00	2.588612234113733024e+01
2.321645999999999876e+00	2.786521175778465675e+01
2.327612999999999932e+00	3.150795740168003434e+01
2.333594999999999864e+00	3.161054806794456340e+01
2.339576999999999796e+00	3.366746657851680169e+01
2.345546999999999827e+00	3.352485599428319318e+01
2.351503999999999817e+00	3.257140615302640185e+01
2.357451999999999881e+00	3.071465725820027615e+01
2.363395999999999830e+00	2.848962053094969349e+01
2.369339000000000084e+00	2.593304205377118166e+01
2.375286000000000008e+00	2.403778579928217241e+01
2.381237000000000048e+00	2.266110745302781027e+01
2.387189999999999923e+00	2.040603855644887332e+01
2.393143999999999938e+00	1.953013210283187462e+01
2.399097999999999953e+00	1.876778558051995560e+01
2.405050999999999828e+00	1.884245969154853029e+01
2.411004000000000147e+00	1.950127522517890810e+01
2.416955999999999882e+00	2.071932055352696977e+01
2.422906999999999922e+00	2.186899327963526574e+01
2.428857999999999961e+00	2.347988588380129826e+01
2.434809000000000001e+00	2.687091939198565882e+01
2.440760000000000041e+00	2.899548452394454401e+01
2.446712000000000220e+00	3.106496849996556620e+01
2.452663999999999955e+00	3.499566515783675413e+01
2.458616999999999830e+00	3.759131919820947587e+01
2.464570999999999845e+00	3.964930181223181904e+01
2.470524999999999860e+00	4.196754162493753171e+01
2.476478000000000179e+00	4.452801508107542361e+01
2.482429999999999914e+00	4.577957048008013885e+01
2.488377999999999979e+00	4.457911452414109732e+01
2.494323000000000068e+00	4.305648643701864842e+01
2.500265999999999877e+00	4.075012052133943996e+01
2.506212000000000106e+00	3.610687921000872791e+01
2.512164999999999981e+00	3.317247413697975134e+01
2.518129000000000062e+00	3.138222407548292026e+01
2.524108000000000018e+00	3.030251762602908272e+01
2.530091999999999786e+00	2.991747921299932500e+01
2.536067000000000071e+00	3.110943445162850907e+01
2.542015999999999831e+00	3.273228598400214651e+01
2.547924000000000078e+00	3.208349087246114806e+01
2.553779000000000021e+00	3.130052477335421557e+01
2.559610000000000163e+00	2.815269599602577344e+01
2.565475000000000172e+00	2.396601668616360215e+01
2.571432000000000162e+00	2.130509085067289732e+01
2.577539999999999942e+00	1.790041710011298548e+01
2.583845999999999865e+00	1.729903316813738812e+01
2.590249000000000024e+00	1.712447672059647630e+01
2.596534000000000120e+00	1.714264891904067056e+01
2.602485000000000159e+00	1.861509699623163527e+01
2.607883000000000173e+00	1.908609541220540962e+01
2.612527000000000044e+00	1.732308595914785698e+01
2.616509000000000196e+00	1.367338921156594722e+01
2.620163999999999938e+00	9.792074696198572070e+00
2.623834000000000000e+00	5.503662433030555690e+00
2.627863000000000060e+00	1.154741232748940805e+00
2.632579999999999920e+00	-4.176395985087091312e+00
2.638037000000000187e+00	-7.387769661852773062e+00
2.644026000000000209e+00	-8.822615327626534665e+00
2.650332000000000132e+00	-8.728213537166235270e+00
2.656734000000000151e+00	-6.663780138819266341e+00
2.663022999999999918e+00	8.037662420941870112e-01
2.669115000000000126e+00	1.073644946545326917e+01
2.675060999999999911e+00	2.140830141664249098e+01
2.680919999999999970e+00	3.055608885062263980e+01
2.686751000000000111e+00	3.631292191375774081e+01
2.692610999999999866e+00	3.604321084963189037e+01
2.698523999999999923e+00	3.162614477576615002e+01
2.704476000000000102e+00	2.298103993823892210e+01
2.710452000000000083e+00	1.310097762106290098e+01
2.716435999999999851e+00	2.811926560101132733e+00
2.722412999999999972e+00	-4.021482775986002345e+00
2.728375999999999912e+00	-7.566019782435272845e+00
2.734328000000000092e+00	-8.507750154460167025e+00
2.740273999999999877e+00	-8.295192776709129134e+00
2.746217000000000130e+00	-5.256389183499162066e+00
2.752162000000000219e+00	-1.673755641415334283e+00
2.758110999999999979e+00	1.831779663311954298e+00
2.764063000000000159e+00	5.982259657084153304e+00
2.770016000000000034e+00	9.201197555678437112e+00
2.775971000000000188e+00	1.228073418264819239e+01
2.781924000000000063e+00	1.485603794013644574e+01
2.787876999999999938e+00	1.579237506456271589e+01
2.793829000000000118e+00	1.631196997539980131e+01
2.799780999999999853e+00	1.503067387440843738e+01
2.805731999999999893e+00	1.352467646784177191e+01
2.811682999999999932e+00	1.026686912628061776e+01
2.817635000000000112e+00	4.257758170852250501e+00
2.823586999999999847e+00	-1.473152688405203747e+00
2.829539000000000026e+00	-6.040638971596505868e+00
2.835491000000000206e+00	-1.076353872027295822e+01
2.841442999999999941e+00	-1.235922396962379466e+01
2.847395000000000120e+00	-1.170640475001818537e+01
2.853346999999999856e+00	-9.770084474978434130e+00
2.859299000000000035e+00	-7.736331573173609755e+00
2.865251000000000214e+00	-4.778811079824628827e+00
2.871201999999999810e+00	-1.591593684827443234e+00
2.877153999999999989e+00	6.253472854513848489e-01
2.883106000000000169e+00	2.781970055366700834e+00
2.889057999999999904e+00	3.977501406900182168e+00
2.895010000000000083e+00	3.547973830511006454e+00
2.900961999999999819e+00	6.549874889708795500e+00
2.906913999999999998e+00	8.578923152537639041e+00
2.912866000000000177e+00	1.131042578888483341e+01
2.918817999999999913e+00	1.204085170207157063e+01
2.924770000000000092e+00	1.160767856534035936e+01
2.930721000000000132e+00	9.930544207365656462e+00
2.936672999999999867e+00	5.445007658615664603e+00
2.942625000000000046e+00	-6.547275447293461337e-01
2.948576999999999781e+00	-6.281784740176320270e+00
2.954528999999999961e+00	-9.694362809854711216e+00
2.960481000000000140e+00	-1.345523892752691708e+01
2.966432999999999875e+00	-1.392990571248141052e+01
2.972385000000000055e+00	-1.264369820303362424e+01
2.978336999999999790e+00	-1.047651042863126669e+01
2.984288999999999970e+00	-6.405903801007807985e+00
2.990240000000000009e+00	-3.404969868664603716e+00
2.996192000000000188e+00	1.283679434058535296e-01
3.002143999999999924e+00	2.494319329540983343e+00
3.008096000000000103e+00	2.601712807462134514e+00
3.014047999999999838e+00	1.338180157727140385e+00
3.020000000000000018e+00	-3.790755298755013047e+00
