1.199999999999999956e-01	-1.036214644095378112e+00
1.249780000000000058e-01	-8.036017860436256433e-01
1.305999999999999939e-01	-4.667489774427174831e-02
1.367059999999999942e-01	5.585045492628892827e-02
1.431360000000000132e-01	4.256670253968044548e-01
1.497320000000000040e-01	5.090448615773135455e-01
1.563350000000000017e-01	6.861000077904764183e-01
1.627850000000000130e-01	7.095173803629046816e-01
1.689219999999999888e-01	8.596584431014172578e-01
1.745889999999999942e-01	9.646108159903915569e-01
1.796250000000000069e-01	6.059658498715921882e-01
1.839349999999999874e-01	7.736610876447718166e-01
1.877439999999999942e-01	8.636793780665035225e-01
1.913779999999999926e-01	1.294552270202297128e+00
1.951660000000000061e-01	1.290301624103883826e+00
1.994340000000000002e-01	1.940272160378551547e+00
2.044499999999999929e-01	1.236951375926257590e+00
2.101250000000000062e-01	1.707202206572559833e+00
2.162479999999999958e-01	1.854201841727966427e+00
2.226049999999999973e-01	2.188096249590897546e+00
2.289819999999999911e-01	1.672956597761861008e+00
2.351930000000000132e-01	1.835347291173935913e+00
2.412249999999999950e-01	2.125972625138771832e+00
2.471349999999999936e-01	1.655319923809678739e+00
2.529799999999999827e-01	2.193879624522461214e+00
2.588170000000000193e-01	2.157665408226765891e+00
2.646970000000000156e-01	2.150449785955299120e+00
2.706259999999999777e-01	1.943004217894559904e+00
2.765880000000000005e-01	2.259097802748176065e+00
2.825679999999999858e-01	2.324570461422425183e+00
2.885510000000000019e-01	2.244587888297492562e+00
2.945229999999999793e-01	1.840434626613167923e+00
3.004809999999999981e-01	2.046409268995523334e+00
3.064310000000000089e-01	1.555233740281176891e+00
3.123750000000000138e-01	1.659446039298061448e+00
3.183190000000000186e-01	1.478856551864999203e+00
3.242650000000000254e-01	1.223155518318154833e+00
3.302149999999999808e-01	1.473408378366600546e+00
3.361680000000000224e-01	1.675007927830790777e+00
3.421210000000000084e-01	2.073129872131060036e+00
3.480759999999999965e-01	2.113773449443439034e+00
3.540289999999999826e-01	1.927415487456551446e+00
3.599809999999999954e-01	2.254850910372168560e+00
3.659330000000000083e-01	2.796419184270228619e+00
3.718839999999999923e-01	2.360019018955181291e+00
3.778360000000000052e-01	2.515824809157619857e+00
3.837869999999999893e-01	2.910137264329754281e+00
3.897390000000000021e-01	2.594636025954092595e+00
3.956910000000000149e-01	2.743400272138395657e+00
4.016429999999999723e-01	2.588052991242874246e+00
4.075949999999999851e-01	2.642783877473409149e+00
4.135469999999999979e-01	2.728944194451248695e+00
4.194979999999999820e-01	2.798208843072496066e+00
4.254499999999999948e-01	2.912139846828179834e+00
4.314009999999999789e-01	3.000762511165308233e+00
4.373540000000000205e-01	3.163917685715252226e+00
4.433079999999999798e-01	2.878348879359347023e+00
4.492619999999999947e-01	2.949811306698431501e+00
4.552160000000000095e-01	2.737330468341313772e+00
4.611680000000000224e-01	3.321065262118704453e+00
4.671170000000000044e-01	2.854065461558348726e+00
4.730619999999999825e-01	2.992738448619635783e+00
4.790059999999999873e-01	2.967260980850249918e+00
4.849510000000000209e-01	2.957056680346054733e+00
4.909020000000000050e-01	3.079618017200993929e+00
4.968629999999999991e-01	3.319889674300971816e+00
5.028390000000000359e-01	2.774622441160541797e+00
5.088230000000000253e-01	3.601999818607132475e+00
5.148009999999999531e-01	3.451418603129625673e+00
5.207570000000000254e-01	3.313393725347374641e+00
5.266750000000000043e-01	3.203187658600838539e+00
5.325410000000000421e-01	3.490801782636469230e+00
5.383719999999999617e-01	3.449559252601995585e+00
5.442249999999999588e-01	3.847588139069065605e+00
5.501580000000000359e-01	3.836500308481580745e+00
5.562289999999999734e-01	3.587763848723071636e+00
5.624930000000000208e-01	3.646968519452036261e+00
5.688929999999999820e-01	3.544814681835861681e+00
5.752220000000000111e-01	3.047164249944235070e+00
5.812610000000000277e-01	3.633356768400756831e+00
5.867949999999999555e-01	3.407632749185217413e+00
5.916080000000000227e-01	3.063464310088533260e+00
5.957040000000000113e-01	3.270128410702036525e+00
5.993990000000000151e-01	3.448852883011479520e+00
6.030370000000000452e-01	4.021398072557752279e+00
6.069609999999999728e-01	3.474034144691016568e+00
6.115110000000000268e-01	3.892891608448729279e+00
6.168270000000000142e-01	3.601836586727960920e+00
6.227219999999999978e-01	3.433950846932837475e+00
6.289789999999999548e-01	3.392692266346421626e+00
6.353790000000000271e-01	3.764377610783352868e+00
6.417070000000000274e-01	3.699286430253412306e+00
6.478369999999999962e-01	3.505469327656215217e+00
6.538089999999999735e-01	3.295538428183481194e+00
6.596819999999999906e-01	3.444811849452437347e+00
6.655140000000000500e-01	3.097386168307799892e+00
6.713630000000000431e-01	3.057898726378484699e+00
6.772660000000000347e-01	3.582324459462090438e+00
6.832110000000000127e-01	3.705128330328615327e+00
6.891829999999999901e-01	3.429551491178919331e+00
6.951669999999999794e-01	3.399871177608136286e+00
7.011469999999999647e-01	4.054987106835421962e+00
7.071119999999999628e-01	3.851756687095255316e+00
7.130670000000000064e-01	4.051500457205845507e+00
7.190130000000000132e-01	4.472607300663780094e+00
7.249569999999999625e-01	4.747675226139350890e+00
7.309010000000000229e-01	4.577406834547292469e+00
7.368489999999999762e-01	5.145033312869668585e+00
7.428000000000000158e-01	5.340009428905153399e+00
7.487530000000000019e-01	5.196100060495297157e+00
7.547080000000000455e-01	4.909841168302317982e+00
7.606619999999999493e-01	5.641722181603224584e+00
7.666140000000000176e-01	5.342039509465882574e+00
7.725670000000000037e-01	5.245481963880266107e+00
7.785180000000000433e-01	5.399461662812336193e+00
7.844689999999999719e-01	5.460501563774443845e+00
7.904210000000000402e-01	5.469344525067775464e+00
7.963729999999999976e-01	6.005550590449014514e+00
8.023249999999999549e-01	5.339753390808466449e+00
8.082770000000000232e-01	5.683845921228036779e+00
8.142289999999999806e-01	5.752039295569199240e+00
8.201800000000000201e-01	5.618252049890949174e+00
8.261319999999999775e-01	5.562837156700680907e+00
8.320830000000000171e-01	5.435937189791090418e+00
8.380349999999999744e-01	5.848199425609081459e+00
8.439870000000000427e-01	5.904309686780401911e+00
8.499400000000000288e-01	5.832837597798336660e+00
8.558940000000000436e-01	5.826846153877757395e+00
8.618479999999999475e-01	5.989476386450991008e+00
8.678010000000000446e-01	6.088102895124144709e+00
8.737519999999999731e-01	6.567654628913042636e+00
8.797000000000000375e-01	5.818014943840139175e+00
8.856439999999999868e-01	6.008580414967688021e+00
8.915870000000000184e-01	5.975378146752900577e+00
8.975349999999999717e-01	6.197501971767708007e+00
9.034900000000000153e-01	5.997457263609391021e+00
9.094569999999999599e-01	6.129675123579598761e+00
9.154379999999999740e-01	6.090036985630381317e+00
9.214210000000000456e-01	6.413849505718026478e+00
9.273909999999999654e-01	6.157374137779521917e+00
9.333329999999999682e-01	6.105497895326494451e+00
9.392300000000000093e-01	6.063376610263056854e+00
9.450749999999999984e-01	5.756378417325212382e+00
9.509090000000000042e-01	5.739381546711456394e+00
9.567890000000000006e-01	6.332215011708894892e+00
9.627750000000000474e-01	6.217121827323492944e+00
9.689229999999999787e-01	5.961791830537515935e+00
9.752680000000000238e-01	5.823967292577534316e+00
9.816639999999999810e-01	6.585776926862227043e+00
9.878930000000000211e-01	5.870571500948287280e+00
9.937399999999999567e-01	5.833533812758421533e+00
9.989850000000000119e-01	6.248395463748659395e+00
1.003457999999999961e+00	6.592254737220750727e+00
1.007338000000000067e+00	6.497334427072782859e+00
1.010966000000000031e+00	6.788657719935634383e+00
1.014685999999999977e+00	6.190681106862062855e+00
1.018841000000000108e+00	6.818991781300028698e+00
1.023735000000000062e+00	6.926719394656388751e+00
1.029328999999999938e+00	6.922585947596771483e+00
1.035408000000000106e+00	6.807778700963297958e+00
1.041754000000000069e+00	6.803760896338669539e+00
1.048148999999999997e+00	6.603748472180513751e+00
1.054391999999999996e+00	7.412106372819443401e+00
1.060446000000000000e+00	7.261087978584457758e+00
1.066368999999999900e+00	6.889386979212853923e+00
1.072216999999999976e+00	6.792955442729151194e+00
1.078049000000000035e+00	7.020256801644378264e+00
1.083920999999999912e+00	6.737052309794375304e+00
1.089842999999999895e+00	6.814508758105082720e+00
1.095801999999999943e+00	6.950100436889669275e+00
1.101780999999999899e+00	6.373634399291846719e+00
1.107765000000000111e+00	6.487052933014390455e+00
1.113739999999999952e+00	6.863084953583759251e+00
1.119699999999999918e+00	7.005305745177603072e+00
1.125650000000000039e+00	7.206240151750944456e+00
1.131594999999999906e+00	6.951069008737684740e+00
1.137537999999999938e+00	7.060821502216273693e+00
1.143483999999999945e+00	7.442399910945729502e+00
1.149432999999999927e+00	7.529523692700616166e+00
1.155386000000000024e+00	7.356814037064314249e+00
1.161338999999999899e+00	7.648169515503044025e+00
1.167294000000000054e+00	7.976188680654981766e+00
1.173246999999999929e+00	7.357905870116177027e+00
1.179200000000000026e+00	7.756070562541649949e+00
1.185151999999999983e+00	7.685436655222263269e+00
1.191103000000000023e+00	7.953267772409473579e+00
1.197054000000000062e+00	7.973142980615921083e+00
1.203006000000000020e+00	8.017904346681019589e+00
1.208957999999999977e+00	7.763945912816238248e+00
1.214909999999999934e+00	8.048194087122720219e+00
1.220861999999999892e+00	8.258948286934076677e+00
1.226814000000000071e+00	8.261963103682312237e+00
1.232765000000000111e+00	8.574363484523081169e+00
1.238717000000000068e+00	8.788177816464717296e+00
1.244668000000000108e+00	9.813263942824111297e+00
1.250620000000000065e+00	9.613159430642353342e+00
1.256572000000000022e+00	9.941472859420510844e+00
1.262526000000000037e+00	1.020147222505336693e+01
1.268480000000000052e+00	1.061259581114151729e+01
1.274434000000000067e+00	1.052445964194948047e+01
1.280386000000000024e+00	1.065992059954764848e+01
1.286335999999999924e+00	1.064289916808214720e+01
1.292281999999999931e+00	1.053433324934607995e+01
1.298224999999999962e+00	1.090181963397369991e+01
1.304170000000000051e+00	1.081215173931619589e+01
1.310119999999999951e+00	1.058715383504609875e+01
1.316079999999999917e+00	1.037097397751966810e+01
1.322052999999999923e+00	1.024593238178366228e+01
1.328036999999999912e+00	9.959201723222086855e+00
1.334017000000000008e+00	1.025264364181148125e+01
1.339976000000000056e+00	1.054343423839583238e+01
1.345900000000000096e+00	1.032408048801238820e+01
1.351774000000000031e+00	1.028051546947505024e+01
1.357607000000000008e+00	1.065066775819882494e+01
1.363453000000000026e+00	1.026994374188861592e+01
1.369372000000000034e+00	1.057926203919408259e+01
1.375421999999999922e+00	1.055244752131836350e+01
1.381658999999999970e+00	1.074074781443245818e+01
1.388052000000000064e+00	1.053615548545390546e+01
1.394403000000000059e+00	1.095308277785744089e+01
1.400492999999999988e+00	1.082237471249800365e+01
1.406104999999999938e+00	1.062071868884908810e+01
1.411021999999999998e+00	1.069832594808885418e+01
1.415195999999999898e+00	1.051085429422234263e+01
1.418924000000000074e+00	1.045239672278373000e+01
1.422549999999999981e+00	1.010829617341326880e+01
1.426417000000000046e+00	9.590667802690987287e+00
1.430868000000000029e+00	9.828103210244599097e+00
1.436091000000000006e+00	9.483766079142267102e+00
1.441923000000000066e+00	9.193191937189356011e+00
1.448144000000000098e+00	9.646082203967978330e+00
1.454538000000000109e+00	9.556647910405741797e+00
1.460887000000000047e+00	9.841336099398692028e+00
1.467041999999999957e+00	9.862778165296134603e+00
1.473030999999999979e+00	1.032629514662465198e+01
1.478914000000000062e+00	1.077864862728353579e+01
1.484749000000000096e+00	1.103629496042493052e+01
1.490591999999999917e+00	1.120809328961357565e+01
1.496488000000000040e+00	1.154771347254259695e+01
1.502428000000000097e+00	1.185898889916809296e+01
1.508397999999999906e+00	1.254659125795784114e+01
1.514380999999999977e+00	1.311455099524179779e+01
1.520361999999999991e+00	1.303843304612395748e+01
1.526329999999999965e+00	1.383311909424052999e+01
1.532284999999999897e+00	1.419873536912932721e+01
1.538232999999999961e+00	1.485665704379840868e+01
1.544175999999999993e+00	1.579232601554905280e+01
1.550119999999999942e+00	1.647228443527347608e+01
1.556068000000000007e+00	1.740202851980214760e+01
1.562019000000000046e+00	1.806064553655929217e+01
1.567971999999999921e+00	1.888004012025882616e+01
1.573925999999999936e+00	1.965235928137985866e+01
1.579879999999999951e+00	2.027374148222846983e+01
1.585833000000000048e+00	2.096368282629100577e+01
1.591785000000000005e+00	2.120426403604168186e+01
1.597736999999999963e+00	2.130963069086632444e+01
1.603688000000000002e+00	2.177281434817001937e+01
1.609639000000000042e+00	2.183651878703568627e+01
1.615590999999999999e+00	2.199853351504982868e+01
1.621542999999999957e+00	2.190264991629780411e+01
1.627494999999999914e+00	2.187828769821983244e+01
1.633447000000000093e+00	2.188084798205006365e+01
1.639399000000000051e+00	2.210993803756814913e+01
1.645350000000000090e+00	2.267569652918454182e+01
1.651302000000000048e+00	2.338665910016332461e+01
1.657253000000000087e+00	2.383797707783814701e+01
1.663205000000000044e+00	2.476912864762899602e+01
1.669157999999999920e+00	2.626478200637056304e+01
1.675111999999999934e+00	2.716865006019212103e+01
1.681065999999999949e+00	2.897758486950302625e+01
1.687019000000000046e+00	3.064098900141193127e+01
1.692971000000000004e+00	3.245052268055383848e+01
1.698919000000000068e+00	3.428827721319856892e+01
1.704863000000000017e+00	3.600536915259565518e+01
1.710806999999999967e+00	3.691794910095801896e+01
1.716752999999999973e+00	3.838593245284710775e+01
1.722706999999999988e+00	3.950761668711394492e+01
1.728671999999999986e+00	3.975973049547276617e+01
1.734652000000000083e+00	3.940068657121565110e+01
1.740636000000000072e+00	3.874464197545965760e+01
1.746609000000000078e+00	3.719306358581828675e+01
1.752555000000000085e+00	3.595764659357358539e+01
1.758458000000000077e+00	3.389512766580484993e+01
1.764308999999999905e+00	3.254641499485187950e+01
1.770140999999999964e+00	3.076198585141517938e+01
1.776011999999999924e+00	2.894657374372673786e+01
1.781979999999999897e+00	2.753733420113053398e+01
1.788105000000000055e+00	2.542069988113320278e+01
1.794426999999999994e+00	2.394353768230849511e+01
1.800829000000000013e+00	2.241109074817248370e+01
1.807091999999999921e+00	2.141207982488916528e+01
1.813002000000000002e+00	2.016547858715993158e+01
1.818338000000000010e+00	1.897552117935073213e+01
1.822912000000000088e+00	1.771304738921190491e+01
1.826850000000000085e+00	1.666834184268833852e+01
1.830492000000000008e+00	1.617607655237329567e+01
1.834179999999999922e+00	1.559281666294829272e+01
1.838259000000000087e+00	1.509581839336496856e+01
1.843048000000000020e+00	1.470310755213234621e+01
1.848562000000000038e+00	1.485628619650871940e+01
1.854589999999999961e+00	1.479088695635243589e+01
1.860913000000000039e+00	1.535712225403057829e+01
1.867313999999999918e+00	1.593139800567393927e+01
1.873583999999999916e+00	1.693290807447545632e+01
1.879660000000000108e+00	1.861689138427921364e+01
1.885596000000000050e+00	1.989533560105108734e+01
1.891450999999999993e+00	2.207053281167684489e+01
1.897281999999999913e+00	2.370300365709967849e+01
1.903146999999999922e+00	2.514850587153346950e+01
1.909062999999999954e+00	2.702759849854072272e+01
1.915018000000000109e+00	2.788914964149072162e+01
1.920995999999999926e+00	2.850980825332552726e+01
1.926979999999999915e+00	2.871832294464272906e+01
1.932955999999999896e+00	2.839091427788611455e+01
1.938917999999999919e+00	2.783094662635318173e+01
1.944868999999999959e+00	2.657404390183655707e+01
1.950814000000000048e+00	2.441254913100622304e+01
1.956757999999999997e+00	2.276274963116013339e+01
1.962703000000000086e+00	2.154892801572671601e+01
1.968652000000000069e+00	1.980967221907165765e+01
1.974604000000000026e+00	1.843395529481315975e+01
1.980558000000000041e+00	1.746282040916446476e+01
1.986512000000000056e+00	1.625332830742736334e+01
1.992466000000000070e+00	1.635604712964182639e+01
1.998418000000000028e+00	1.628637065496752001e+01
2.004370000000000207e+00	1.657566562398471888e+01
2.010321999999999942e+00	1.763276339227398992e+01
2.016272999999999982e+00	1.829774387757712262e+01
2.022224000000000022e+00	1.964941882641088000e+01
2.028176000000000201e+00	2.140592353648898438e+01
2.034127999999999936e+00	2.322243299998749677e+01
2.040080000000000116e+00	2.546017469696316482e+01
2.046031999999999851e+00	2.750739875166761195e+01
2.051984000000000030e+00	2.927858293886334096e+01
2.057935000000000070e+00	3.136427538864091957e+01
2.063886999999999805e+00	3.380154364369856523e+01
2.069837999999999845e+00	3.568952415562331737e+01
2.075791000000000164e+00	3.695711402433807535e+01
2.081744000000000039e+00	3.714390818853450327e+01
2.087698000000000054e+00	3.741209225762429469e+01
2.093652000000000069e+00	3.714013700459868517e+01
2.099604999999999944e+00	3.666597149841226155e+01
2.105554999999999843e+00	3.551674760750404403e+01
2.111501000000000072e+00	3.356414780850617063e+01
2.117445000000000022e+00	3.237441006899702955e+01
2.123388999999999971e+00	3.030301508223605467e+01
2.129338000000000175e+00	2.844997786690041508e+01
2.135295999999999861e+00	2.660164010686277791e+01
2.141268000000000171e+00	2.587900123057950452e+01
2.147250999999999799e+00	2.515099642090437015e+01
2.153232000000000035e+00	2.425522503957017406e+01
2.159196000000000115e+00	2.394893956360992249e+01
2.165125000000000188e+00	2.452839407626322554e+01
2.171006000000000213e+00	2.478208907849513309e+01
2.176841000000000026e+00	2.633185734961671542e+01
2.182682999999999929e+00	2.757253659057558437e+01
2.188588999999999896e+00	2.842212996001807568e+01
2.194618000000000180e+00	3.022873723704508819e+01
2.200828000000000007e+00	3.105056744387956158e+01
2.207209999999999894e+00	3.208916514631785333e+01
2.213579000000000185e+00	3.248294794727068080e+01
2.219714999999999883e+00	3.249442443170127603e+01
2.225403000000000020e+00	3.215997235941446064e+01
2.230423000000000044e+00	3.109350357265338616e+01
2.234681000000000139e+00	2.918032385272134022e+01
2.238447999999999993e+00	2.681319581020686371e+01
2.242068000000000172e+00	2.473345137620355061e+01
2.245884000000000214e+00	2.257199199996348682e+01
2.250237999999999960e+00	2.093446309029617325e+01
2.255365999999999982e+00	2.104501670158277093e+01
2.261130000000000084e+00	2.113761133001284875e+01
2.267313000000000134e+00	2.215086893556603087e+01
2.273696000000000161e+00	2.334453148870463224e+01
2.280063999999999869e+00	2.539910400090325027e+01
2.286243999999999943e+00	2.804114202534739420e+01
2.292251999999999956e+00	3.057139523125802327e+01
2.298146000000000022e+00	3.321679297720263691e+01
2.303983000000000114e+00	3.522151419582789345e+01
2.309822000000000042e+00	3.676287454464747384e+01
2.315710999999999853e+00	3.774029839919562335e+01
2.321645999999999876e+00	3.763862382891352354e+01
2.327612999999999932e+00	3.703200826997043293e+01
2.333594999999999864e+00	3.551824297677841713e+01
2.339576999999999796e+00	3.316627389481148214e+01
2.345546999999999827e+00	3.056439310856733726e+01
2.351503999999999817e+00	2.781166413717297203e+01
2.357451999999999881e+00	2.460418271724106276e+01
2.363395999999999830e+00	2.179777359375890455e+01
2.369339000000000084e+00	1.922086713589678908e+01
2.375286000000000008e+00	1.715514785666053399e+01
2.381237000000000048e+00	1.703734143766243037e+01
2.387189999999999923e+00	1.698801816909121953e+01
2.393143999999999938e+00	1.741565475437629118e+01
2.399097999999999953e+00	1.868661273216581975e+01
2.405050999999999828e+00	2.062618489524319543e+01
2.411004000000000147e+00	2.293759708931429486e+01
2.416955999999999882e+00	2.581934325079414805e+01
2.422906999999999922e+00	2.999044090359711490e+01
2.428857999999999961e+00	3.414762265001979102e+01
2.434809000000000001e+00	3.975940249540012417e+01
2.440760000000000041e+00	4.503188986247756986e+01
2.446712000000000220e+00	4.990822322550338441e+01
2.452663999999999955e+00	5.389159514461292133e+01
2.458616999999999830e+00	5.521539748400982006e+01
2.464570999999999845e+00	5.488711790853433570e+01
2.470524999999999860e+00	5.171351658107715821e+01
2.476478000000000179e+00	4.667689869257317525e+01
2.482429999999999914e+00	4.205215576179540449e+01
2.488377999999999979e+00	3.650266815127275066e+01
2.494323000000000068e+00	3.199168276729582061e+01
2.500265999999999877e+00	2.820008192777987688e+01
2.506212000000000106e+00	2.552820956234776162e+01
2.512164999999999981e+00	2.270394066554529644e+01
2.518129000000000062e+00	2.190328064404660324e+01
2.524108000000000018e+00	2.080015795185236982e+01
2.530091999999999786e+00	2.081323307100542408e+01
2.536067000000000071e+00	2.171570656727350723e+01
2.542015999999999831e+00	2.348981914026533602e+01
2.547924000000000078e+00	2.688378217342403786e+01
2.553779000000000021e+00	3.114767986839353142e+01
2.559610000000000163e+00	3.548401037255526091e+01
2.565475000000000172e+00	4.025565967183692351e+01
2.571432000000000162e+00	4.310104155610595456e+01
2.577539999999999942e+00	4.403437775286832334e+01
2.583845999999999865e+00	4.194790237825451840e+01
2.590249000000000024e+00	3.736598701532265210e+01
2.596534000000000120e+00	3.053139829994593057e+01
2.602485000000000159e+00	2.456595156416297954e+01
2.607883000000000173e+00	1.945419570002935927e+01
2.612527000000000044e+00	1.801071519918303920e+01
2.616509000000000196e+00	1.825652257015536151e+01
2.620163999999999938e+00	2.034100343939066491e+01
2.623834000000000000e+00	2.317480217260298758e+01
2.627863000000000060e+00	2.502237975974018980e+01
2.632579999999999920e+00	2.494830683105379165e+01
2.638037000000000187e+00	2.259889436833626775e+01
2.644026000000000209e+00	1.906761112450560702e+01
2.650332000000000132e+00	1.501832769126946054e+01
2.656734000000000151e+00	1.048276094367993494e+01
2.663022999999999918e+00	7.345243045483661248e+00
2.669115000000000126e+00	5.120678940046051508e+00
2.675060999999999911e+00	5.029709821071998377e+00
2.680919999999999970e+00	5.592669272183827367e+00
2.686751000000000111e+00	8.026069410175077579e+00
2.692610999999999866e+00	1.168369112881760330e+01
2.698523999999999923e+00	1.632459990786318116e+01
2.704476000000000102e+00	2.135653292645775281e+01
2.710452000000000083e+00	2.480003190924931289e+01
2.716435999999999851e+00	2.749080984258769789e+01
2.722412999999999972e+00	2.733848752024380957e+01
2.728375999999999912e+00	2.402705059268218690e+01
2.734328000000000092e+00	1.932084621258910673e+01
2.740273999999999877e+00	1.306029456402676914e+01
2.746217000000000130e+00	6.534968374764922316e+00
2.752162000000000219e+00	-2.495212852907254808e-01
2.758110999999999979e+00	-5.241279953783348766e+00
2.764063000000000159e+00	-9.686355547817788292e+00
2.770016000000000034e+00	-1.323490729915068265e+01
2.775971000000000188e+00	-1.527033838301574242e+01
2.781924000000000063e+00	-1.748007365082810693e+01
2.787876999999999938e+00	-1.808913315508569042e+01
2.793829000000000118e+00	-1.863747307176313939e+01
2.799780999999999853e+00	-1.810365969070461389e+01
2.805731999999999893e+00	-1.781639029614810710e+01
2.811682999999999932e+00	-1.721298631669658974e+01
2.817635000000000112e+00	-1.652895939785217294e+01
2.823586999999999847e+00	-1.553135130141885156e+01
2.829539000000000026e+00	-1.367823057481820470e+01
2.835491000000000206e+00	-1.037757182226861374e+01
2.841442999999999941e+00	-6.538593023591564801e+00
2.847395000000000120e+00	-7.659043116765875681e-01
2.853346999999999856e+00	4.706238210471248351e+00
2.859299000000000035e+00	9.732434283937068997e+00
2.865251000000000214e+00	1.240162436876238772e+01
2.871201999999999810e+00	1.110202235014623184e+01
2.877153999999999989e+00	6.238807813202352115e+00
2.883106000000000169e+00	-9.055640142434467910e-01
2.889057999999999904e+00	-8.581520483128723953e+00
2.895010000000000083e+00	-1.476909609506611787e+01
2.900961999999999819e+00	-1.802723723492047725e+01
2.906913999999999998e+00	-1.703283564534035932e+01
2.912866000000000177e+00	-1.292748191061840757e+01
2.918817999999999913e+00	-6.951052399421833172e+00
2.924770000000000092e+00	-4.027163835438244410e-01
2.930721000000000132e+00	5.605490667007781092e+00
2.936672999999999867e+00	1.030923460008987647e+01
2.942625000000000046e+00	1.328114824712219111e+01
2.948576999999999781e+00	1.446955922586138144e+01
2.954528999999999961e+00	1.419015547858269244e+01
2.960481000000000140e+00	1.317163298114866699e+01
2.966432999999999875e+00	1.072711519665608826e+01
2.972385000000000055e+00	7.328637423181059596e+00
2.978336999999999790e+00	3.670841088359113602e+00
2.984288999999999970e+00	2.397598643584712003e-02
2.990240000000000009e+00	-3.073574238989445817e+00
2.996192000000000188e+00	-5.599934010953276697e+00
3.002143999999999924e+00	-6.422907630480271912e+00
3.008096000000000103e+00	-6.051335838495435659e+00
3.014047999999999838e+00	-3.597634377425076302e+00
3.020000000000000018e+00	1.128016737532292035e+00
