1.199999999999999956e-01	9.922246455918701802e-01
1.249780000000000058e-01	2.368073183068662990e-01
1.305999999999999939e-01	7.563606080497767836e-01
1.367059999999999942e-01	-3.823442518843567228e-02
1.431360000000000132e-01	2.074482289332270357e-01
1.497320000000000040e-01	2.601083403358502300e-01
1.563350000000000017e-01	-1.369336695884160182e-02
1.627850000000000130e-01	1.455792963413130359e+00
1.689219999999999888e-01	1.481577694805300993e+00
1.745889999999999942e-01	2.297613442066155365e+00
1.796250000000000069e-01	1.408261424621051194e+00
1.839349999999999874e-01	2.570585252261773146e+00
1.877439999999999942e-01	2.062788848399919939e+00
1.913779999999999926e-01	2.142137414091044967e+00
1.951660000000000061e-01	2.893919639800753618e+00
1.994340000000000002e-01	3.457341092946696115e+00
2.044499999999999929e-01	2.745389815525465238e+00
2.101250000000000062e-01	3.265704602270361967e+00
2.162479999999999958e-01	2.845235495183175978e+00
2.226049999999999973e-01	2.400730852103997393e+00
2.289819999999999911e-01	2.247340217707169963e+00
2.351930000000000132e-01	2.374557127802628287e+00
2.412249999999999950e-01	1.578175975154575195e+00
2.471349999999999936e-01	1.229212756094058445e+00
2.529799999999999827e-01	1.323045786780383315e+00
2.588170000000000193e-01	1.208038070285110788e+00
2.646970000000000156e-01	1.411337782454851197e+00
2.706259999999999777e-01	2.180177473808240673e+00
2.765880000000000005e-01	1.361815820170215074e+00
2.825679999999999858e-01	8.302055968911903339e-01
2.885510000000000019e-01	1.758868863565987706e+00
2.945229999999999793e-01	1.779019148099904468e+00
3.004809999999999981e-01	1.804437117381061828e+00
3.064310000000000089e-01	2.362565127442988633e+00
3.123750000000000138e-01	2.130061717867768323e+00
3.183190000000000186e-01	1.787954326845760722e+00
3.242650000000000254e-01	2.467099996241088888e+00
3.302149999999999808e-01	1.687804888903437828e+00
3.361680000000000224e-01	2.006480521335330280e+00
3.421210000000000084e-01	2.705320033307280436e+00
3.480759999999999965e-01	2.510040759775018060e+00
3.540289999999999826e-01	2.641146350888998295e+00
3.599809999999999954e-01	2.516008339761598211e+00
3.659330000000000083e-01	3.077519976717418615e+00
3.718839999999999923e-01	2.417508846645360698e+00
3.778360000000000052e-01	2.294222691856183438e+00
3.837869999999999893e-01	2.723927466846416401e+00
3.897390000000000021e-01	2.100684966887522709e+00
3.956910000000000149e-01	1.830016342242411387e+00
4.016429999999999723e-01	1.610677373414137303e+00
4.075949999999999851e-01	2.505712718581726062e+00
4.135469999999999979e-01	2.168837881650516497e+00
4.194979999999999820e-01	1.850960271352544151e+00
4.254499999999999948e-01	1.444625505358006823e+00
4.314009999999999789e-01	2.178426997843439850e+00
4.373540000000000205e-01	1.575367924623447546e+00
4.433079999999999798e-01	2.310144097025990995e+00
4.492619999999999947e-01	2.445228216645638053e+00
4.552160000000000095e-01	2.774650211991025017e+00
4.611680000000000224e-01	2.673289608366176573e+00
4.671170000000000044e-01	2.441793595185966836e+00
4.730619999999999825e-01	2.734868895309793935e+00
4.790059999999999873e-01	3.505873871940552888e+00
4.849510000000000209e-01	2.489728586217641482e+00
4.909020000000000050e-01	2.620466316938331097e+00
4.968629999999999991e-01	3.506159408199978067e+00
5.028390000000000359e-01	3.878556547567561186e+00
5.088230000000000253e-01	3.636376959974306544e+00
5.148009999999999531e-01	3.436530176200691677e+00
5.207570000000000254e-01	3.223406560798044218e+00
5.266750000000000043e-01	3.827238433005090812e+00
5.325410000000000421e-01	4.050664935175856129e+00
5.383719999999999617e-01	2.565358529467427484e+00
5.442249999999999588e-01	2.347354794034270054e+00
5.501580000000000359e-01	2.456438825423303385e+00
5.562289999999999734e-01	2.185088030751074939e+00
5.624930000000000208e-01	1.675724608073779764e+00
5.688929999999999820e-01	1.706258680856251653e+00
5.752220000000000111e-01	2.286895568292167891e+00
5.812610000000000277e-01	1.868503821667045983e+00
5.867949999999999555e-01	2.229547655996133582e+00
5.916080000000000227e-01	2.332926630357699871e+00
5.957040000000000113e-01	2.432340662348035032e+00
5.993990000000000151e-01	3.446002850631243231e+00
6.030370000000000452e-01	2.706534138536405454e+00
6.069609999999999728e-01	3.437048302789482257e+00
6.115110000000000268e-01	3.269661094804450663e+00
6.168270000000000142e-01	3.743646811552721942e+00
6.227219999999999978e-01	3.516371927764855965e+00
6.289789999999999548e-01	3.361320577922022323e+00
6.353790000000000271e-01	3.810107894483667934e+00
6.417070000000000274e-01	3.154292219616427140e+00
6.478369999999999962e-01	2.812784740924643145e+00
6.538089999999999735e-01	3.367091636635627605e+00
6.596819999999999906e-01	3.394393328382069974e+00
6.655140000000000500e-01	3.655100856634410977e+00
6.713630000000000431e-01	3.337255571920255015e+00
6.772660000000000347e-01	3.762320975089252784e+00
6.832110000000000127e-01	3.009616804050412764e+00
6.891829999999999901e-01	2.672473141731962265e+00
6.951669999999999794e-01	2.369928151987791498e+00
7.011469999999999647e-01	2.588240735901892187e+00
7.071119999999999628e-01	3.175950221099546056e+00
7.130670000000000064e-01	1.803132554651625918e+00
7.190130000000000132e-01	2.744207057855746257e+00
7.249569999999999625e-01	3.719278008096956967e+00
7.309010000000000229e-01	3.698448639278136607e+00
7.368489999999999762e-01	3.570528654254088163e+00
7.428000000000000158e-01	3.990204359761825526e+00
7.487530000000000019e-01	3.327217100960743856e+00
7.547080000000000455e-01	4.120984452290437083e+00
7.606619999999999493e-01	3.977084943599673572e+00
7.666140000000000176e-01	3.346957412228986239e+00
7.725670000000000037e-01	4.001399087911757135e+00
7.785180000000000433e-01	4.140494689943956530e+00
7.844689999999999719e-01	4.233324017553782070e+00
7.904210000000000402e-01	3.455463891888367556e+00
7.963729999999999976e-01	4.414553849656519091e+00
8.023249999999999549e-01	3.215890078333202950e+00
8.082770000000000232e-01	3.716922261782470649e+00
8.142289999999999806e-01	4.610347847802788834e+00
8.201800000000000201e-01	3.442398353178822035e+00
8.261319999999999775e-01	3.968773368714538119e+00
8.320830000000000171e-01	3.423489232787185976e+00
8.380349999999999744e-01	3.279859475084180520e+00
8.439870000000000427e-01	3.394773594436377273e+00
8.499400000000000288e-01	3.255910244275867615e+00
8.558940000000000436e-01	3.850542764177201871e+00
8.618479999999999475e-01	3.499988417667620588e+00
8.678010000000000446e-01	3.227328780903121253e+00
8.737519999999999731e-01	4.475274482341902171e+00
8.797000000000000375e-01	4.505649456926427376e+00
8.856439999999999868e-01	3.572895984394083069e+00
8.915870000000000184e-01	4.072445598698308800e+00
8.975349999999999717e-01	4.624004640066252669e+00
9.034900000000000153e-01	5.101719045824482990e+00
9.094569999999999599e-01	4.874036133979460672e+00
9.154379999999999740e-01	4.342062642137581641e+00
9.214210000000000456e-01	4.674202270893067279e+00
9.273909999999999654e-01	4.973804844411917614e+00
9.333329999999999682e-01	4.275253144465499311e+00
9.392300000000000093e-01	5.030462393141529986e+00
9.450749999999999984e-01	4.122539091272668266e+00
9.509090000000000042e-01	3.964014208946580631e+00
9.567890000000000006e-01	4.339590388621441086e+00
9.627750000000000474e-01	3.441110514402502041e+00
9.689229999999999787e-01	4.039423210021755750e+00
9.752680000000000238e-01	3.577601782005267239e+00
9.816639999999999810e-01	4.047632220960536209e+00
9.878930000000000211e-01	3.969987286142925065e+00
9.937399999999999567e-01	4.696046646350147569e+00
9.989850000000000119e-01	3.917486875531578594e+00
1.003457999999999961e+00	4.074353780712860917e+00
1.007338000000000067e+00	4.426799550268460948e+00
1.010966000000000031e+00	4.545476827725984492e+00
1.014685999999999977e+00	4.054410561210936237e+00
1.018841000000000108e+00	4.509193025091456697e+00
1.023735000000000062e+00	4.539082070249546241e+00
1.029328999999999938e+00	5.149248799924175835e+00
1.035408000000000106e+00	5.985919326371813121e+00
1.041754000000000069e+00	5.594897286070455777e+00
1.048148999999999997e+00	4.906342186155933760e+00
1.054391999999999996e+00	5.266231540460842631e+00
1.060446000000000000e+00	6.120806232432310701e+00
1.066368999999999900e+00	5.585830840872325176e+00
1.072216999999999976e+00	5.223314291246278884e+00
1.078049000000000035e+00	4.773819542914781167e+00
1.083920999999999912e+00	5.303759289142405464e+00
1.089842999999999895e+00	4.799075809217331567e+00
1.095801999999999943e+00	4.477939886700746719e+00
1.101780999999999899e+00	4.391521055040840338e+00
1.107765000000000111e+00	5.308509780550695112e+00
1.113739999999999952e+00	4.443988277544574039e+00
1.119699999999999918e+00	4.200421405565044175e+00
1.125650000000000039e+00	4.804800674356783929e+00
1.131594999999999906e+00	4.926720343021139925e+00
1.137537999999999938e+00	5.180510974434938021e+00
1.143483999999999945e+00	5.682382805685126215e+00
1.149432999999999927e+00	5.500479071150906840e+00
1.155386000000000024e+00	5.066535868755725147e+00
1.161338999999999899e+00	5.070026934998938195e+00
1.167294000000000054e+00	4.879109355587315733e+00
1.173246999999999929e+00	4.979331452439170747e+00
1.179200000000000026e+00	4.864972897124328455e+00
1.185151999999999983e+00	5.693241099410438544e+00
1.191103000000000023e+00	5.424829715763696214e+00
1.197054000000000062e+00	5.365440365293830283e+00
1.203006000000000020e+00	5.342920313337835125e+00
1.208957999999999977e+00	5.437039045386499403e+00
1.214909999999999934e+00	5.511871226118467249e+00
1.220861999999999892e+00	6.120883887156481684e+00
1.226814000000000071e+00	6.245868755025798968e+00
1.232765000000000111e+00	5.243683969175235049e+00
1.238717000000000068e+00	5.380168764818197502e+00
1.244668000000000108e+00	6.129929068757533628e+00
1.250620000000000065e+00	6.495305711926407710e+00
1.256572000000000022e+00	6.233107765427424951e+00
1.262526000000000037e+00	6.099549663564621582e+00
1.268480000000000052e+00	7.214883472205056769e+00
1.274434000000000067e+00	6.590503445839818397e+00
1.280386000000000024e+00	7.024554453296444123e+00
1.286335999999999924e+00	7.440990692586998634e+00
1.292281999999999931e+00	7.314453816306381917e+00
1.298224999999999962e+00	6.862661800145082758e+00
1.304170000000000051e+00	7.370589291130359655e+00
1.310119999999999951e+00	7.905673241846458588e+00
1.316079999999999917e+00	7.535666508730992419e+00
1.322052999999999923e+00	7.299614384803565059e+00
1.328036999999999912e+00	6.976498196588038603e+00
1.334017000000000008e+00	7.548858979339930997e+00
1.339976000000000056e+00	6.612748441010872114e+00
1.345900000000000096e+00	6.688993219576954807e+00
1.351774000000000031e+00	6.022667375732719819e+00
1.357607000000000008e+00	6.696622575085971363e+00
1.363453000000000026e+00	7.320111021536069629e+00
1.369372000000000034e+00	7.211788629859518629e+00
1.375421999999999922e+00	7.589217628628284196e+00
1.381658999999999970e+00	7.156130349330421581e+00
1.388052000000000064e+00	6.792653557714229962e+00
1.394403000000000059e+00	7.240921709240370596e+00
1.400492999999999988e+00	7.486868174376768437e+00
1.406104999999999938e+00	7.151232681933101354e+00
1.411021999999999998e+00	7.061433142967844745e+00
1.415195999999999898e+00	7.218034577108439542e+00
1.418924000000000074e+00	7.417017216460441986e+00
1.422549999999999981e+00	7.391545007114965316e+00
1.426417000000000046e+00	7.008012062491092209e+00
1.430868000000000029e+00	7.442584245060192671e+00
1.436091000000000006e+00	8.540502981512299030e+00
1.441923000000000066e+00	7.089294233789411592e+00
1.448144000000000098e+00	7.756232398164940811e+00
1.454538000000000109e+00	7.211636211398020357e+00
1.460887000000000047e+00	7.694495004819150274e+00
1.467041999999999957e+00	7.571498670846168899e+00
1.473030999999999979e+00	8.075612729241031573e+00
1.478914000000000062e+00	8.359758095186327509e+00
1.484749000000000096e+00	8.592975285993334822e+00
1.490591999999999917e+00	8.631403477823278436e+00
1.496488000000000040e+00	8.709634309841455035e+00
1.502428000000000097e+00	9.227966508360010423e+00
1.508397999999999906e+00	9.642610596791691080e+00
1.514380999999999977e+00	8.969929711169870146e+00
1.520361999999999991e+00	8.955668760995475708e+00
1.526329999999999965e+00	8.896803203309707087e+00
1.532284999999999897e+00	9.462778520306450503e+00
1.538232999999999961e+00	1.002010407226931399e+01
1.544175999999999993e+00	9.871220566827382470e+00
1.550119999999999942e+00	9.690205339511123839e+00
1.556068000000000007e+00	1.033970974548123145e+01
1.562019000000000046e+00	1.031415171431134326e+01
1.567971999999999921e+00	1.077095186287388273e+01
1.573925999999999936e+00	1.146744929268074920e+01
1.579879999999999951e+00	1.187713808888071654e+01
1.585833000000000048e+00	1.173000842363061480e+01
1.591785000000000005e+00	1.241212755614714247e+01
1.597736999999999963e+00	1.235526831947474768e+01
1.603688000000000002e+00	1.388899382711793073e+01
1.609639000000000042e+00	1.413171579940205547e+01
1.615590999999999999e+00	1.482900425355792784e+01
1.621542999999999957e+00	1.547740953587864965e+01
1.627494999999999914e+00	1.538510460526669021e+01
1.633447000000000093e+00	1.638102004724281713e+01
1.639399000000000051e+00	1.659090740945609710e+01
1.645350000000000090e+00	1.780183113889006918e+01
1.651302000000000048e+00	1.766344881652642584e+01
1.657253000000000087e+00	1.892096018634882526e+01
1.663205000000000044e+00	1.856419013723955302e+01
1.669157999999999920e+00	1.899360708319535007e+01
1.675111999999999934e+00	2.039716107911027976e+01
1.681065999999999949e+00	2.016430624001892724e+01
1.687019000000000046e+00	2.147577764090279118e+01
1.692971000000000004e+00	2.169971309758537359e+01
1.698919000000000068e+00	2.289035891367650066e+01
1.704863000000000017e+00	2.315160443737334361e+01
1.710806999999999967e+00	2.316765390459774920e+01
1.716752999999999973e+00	2.465727505842447798e+01
1.722706999999999988e+00	2.489793418241616507e+01
1.728671999999999986e+00	2.473064760225176428e+01
1.734652000000000083e+00	2.519509245824362509e+01
1.740636000000000072e+00	2.455114478361924668e+01
1.746609000000000078e+00	2.410958842535722724e+01
1.752555000000000085e+00	2.325482364998394402e+01
1.758458000000000077e+00	2.337792128773271827e+01
1.764308999999999905e+00	2.208654906794783201e+01
1.770140999999999964e+00	2.179321200742996822e+01
1.776011999999999924e+00	2.084549107771628229e+01
1.781979999999999897e+00	2.116696321332118202e+01
1.788105000000000055e+00	1.951910000289664993e+01
1.794426999999999994e+00	1.795696003922911999e+01
1.800829000000000013e+00	1.762742181708518885e+01
1.807091999999999921e+00	1.659208050306999027e+01
1.813002000000000002e+00	1.624903685347731752e+01
1.818338000000000010e+00	1.575353573154531261e+01
1.822912000000000088e+00	1.510789197242626969e+01
1.826850000000000085e+00	1.413860330866480730e+01
1.830492000000000008e+00	1.473583093491106588e+01
1.834179999999999922e+00	1.442925588141472204e+01
1.838259000000000087e+00	1.486660262713298231e+01
1.843048000000000020e+00	1.451431573234432371e+01
1.848562000000000038e+00	1.390484650212831141e+01
1.854589999999999961e+00	1.490232603224762542e+01
1.860913000000000039e+00	1.457769312566960629e+01
1.867313999999999918e+00	1.378429345108430404e+01
1.873583999999999916e+00	1.337650790199390194e+01
1.879660000000000108e+00	1.457415041254960464e+01
1.885596000000000050e+00	1.433259456109908392e+01
1.891450999999999993e+00	1.403217219191583709e+01
1.897281999999999913e+00	1.410746292472047791e+01
1.903146999999999922e+00	1.439168643661638924e+01
1.909062999999999954e+00	1.282648023615130484e+01
1.915018000000000109e+00	1.367181232689283199e+01
1.920995999999999926e+00	1.412090385598133047e+01
1.926979999999999915e+00	1.398816342771135623e+01
1.932955999999999896e+00	1.417255475046963475e+01
1.938917999999999919e+00	1.418966528970472396e+01
1.944868999999999959e+00	1.474236898826297448e+01
1.950814000000000048e+00	1.427834506233880241e+01
1.956757999999999997e+00	1.500964435533864361e+01
1.962703000000000086e+00	1.524073378665454293e+01
1.968652000000000069e+00	1.534029472130680283e+01
1.974604000000000026e+00	1.584028970120936286e+01
1.980558000000000041e+00	1.659104650421063809e+01
1.986512000000000056e+00	1.582044817170326922e+01
1.992466000000000070e+00	1.648108144322015889e+01
1.998418000000000028e+00	1.617529825642103347e+01
2.004370000000000207e+00	1.671655326926841312e+01
2.010321999999999942e+00	1.617818489423274286e+01
2.016272999999999982e+00	1.635696155131426721e+01
2.022224000000000022e+00	1.674464234689358477e+01
2.028176000000000201e+00	1.637986906872586701e+01
2.034127999999999936e+00	1.640097261259489514e+01
2.040080000000000116e+00	1.582388437170923012e+01
2.046031999999999851e+00	1.658717285211253767e+01
2.051984000000000030e+00	1.666127327080684850e+01
2.057935000000000070e+00	1.782698715083882135e+01
2.063886999999999805e+00	1.796733168842524719e+01
2.069837999999999845e+00	1.932807027815865908e+01
2.075791000000000164e+00	1.958111215357609325e+01
2.081744000000000039e+00	2.064794763413140188e+01
2.087698000000000054e+00	2.179469358688717051e+01
2.093652000000000069e+00	2.391026536019597160e+01
2.099604999999999944e+00	2.524442680890960489e+01
2.105554999999999843e+00	2.667324564285356203e+01
2.111501000000000072e+00	2.819709218169311882e+01
2.117445000000000022e+00	3.066535541175041857e+01
2.123388999999999971e+00	3.089446150011448111e+01
2.129338000000000175e+00	3.166825132115614849e+01
2.135295999999999861e+00	3.256967499973590918e+01
2.141268000000000171e+00	3.268162922939672654e+01
2.147250999999999799e+00	3.270583137666107376e+01
2.153232000000000035e+00	3.197137782551861918e+01
2.159196000000000115e+00	3.035493975347304030e+01
2.165125000000000188e+00	2.951172977241602879e+01
2.171006000000000213e+00	2.724407021278346974e+01
2.176841000000000026e+00	2.690160271399061642e+01
2.182682999999999929e+00	2.374075668699092745e+01
2.188588999999999896e+00	2.231529790749950592e+01
2.194618000000000180e+00	2.031395274468508205e+01
2.200828000000000007e+00	1.861512394171718654e+01
2.207209999999999894e+00	1.777637348646725712e+01
2.213579000000000185e+00	1.696500439519209635e+01
2.219714999999999883e+00	1.582410162464664616e+01
2.225403000000000020e+00	1.581686174468245376e+01
2.230423000000000044e+00	1.483560443881008872e+01
2.234681000000000139e+00	1.615231924950083808e+01
2.238447999999999993e+00	1.546514760328489935e+01
2.242068000000000172e+00	1.534680141742977888e+01
2.245884000000000214e+00	1.661394722764831755e+01
2.250237999999999960e+00	1.631809374819002656e+01
2.255365999999999982e+00	1.749894652861153332e+01
2.261130000000000084e+00	1.757152655587739432e+01
2.267313000000000134e+00	1.926915754521674629e+01
2.273696000000000161e+00	2.100517542148926253e+01
2.280063999999999869e+00	2.237871952967542910e+01
2.286243999999999943e+00	2.365184900783108901e+01
2.292251999999999956e+00	2.467666432176150693e+01
2.298146000000000022e+00	2.618736943222769753e+01
2.303983000000000114e+00	2.714474173714063809e+01
2.309822000000000042e+00	2.756163646557612878e+01
2.315710999999999853e+00	2.966451210255640802e+01
2.321645999999999876e+00	2.917671483507972496e+01
2.327612999999999932e+00	2.958666391689056496e+01
2.333594999999999864e+00	2.908350873166817152e+01
2.339576999999999796e+00	2.925059185931610628e+01
2.345546999999999827e+00	2.909783060390494569e+01
2.351503999999999817e+00	2.883360270221232113e+01
2.357451999999999881e+00	2.810796328352513385e+01
2.363395999999999830e+00	2.794648055760537630e+01
2.369339000000000084e+00	2.845902169455630215e+01
2.375286000000000008e+00	2.908298476638766061e+01
2.381237000000000048e+00	2.899004006295622915e+01
2.387189999999999923e+00	3.035190144833543613e+01
2.393143999999999938e+00	3.176613827941764612e+01
2.399097999999999953e+00	3.261171913018305446e+01
2.405050999999999828e+00	3.343884113281059456e+01
2.411004000000000147e+00	3.584725207700585514e+01
2.416955999999999882e+00	3.754187262282614768e+01
2.422906999999999922e+00	3.927525434218875233e+01
2.428857999999999961e+00	4.243606571020024631e+01
2.434809000000000001e+00	4.484114288808927284e+01
2.440760000000000041e+00	4.765616503804295689e+01
2.446712000000000220e+00	4.995290463819270599e+01
2.452663999999999955e+00	5.240768398733495559e+01
2.458616999999999830e+00	5.215888815156608871e+01
2.464570999999999845e+00	5.235735270040526501e+01
2.470524999999999860e+00	5.077755949892871712e+01
2.476478000000000179e+00	4.739628066840048604e+01
2.482429999999999914e+00	4.447387767813390269e+01
2.488377999999999979e+00	4.072019239910560628e+01
2.494323000000000068e+00	3.836635408339625286e+01
2.500265999999999877e+00	3.738101857915549431e+01
2.506212000000000106e+00	3.591612326594697890e+01
2.512164999999999981e+00	3.409051079447132082e+01
2.518129000000000062e+00	3.459796049441140298e+01
2.524108000000000018e+00	3.387155250721274058e+01
2.530091999999999786e+00	3.562153580813600229e+01
2.536067000000000071e+00	3.562242757752716926e+01
2.542015999999999831e+00	3.645028612581221239e+01
2.547924000000000078e+00	3.746431340329674953e+01
2.553779000000000021e+00	3.754315777741731353e+01
2.559610000000000163e+00	3.901230502608292028e+01
2.565475000000000172e+00	4.022034703729119087e+01
2.571432000000000162e+00	3.975511316433123454e+01
2.577539999999999942e+00	4.121700809604479332e+01
2.583845999999999865e+00	4.269781923162531001e+01
2.590249000000000024e+00	4.441376376401270676e+01
2.596534000000000120e+00	4.445763969902764501e+01
2.602485000000000159e+00	4.621810270934013687e+01
2.607883000000000173e+00	4.561705603330817382e+01
2.612527000000000044e+00	4.562469785839323322e+01
2.616509000000000196e+00	4.444206509548963879e+01
2.620163999999999938e+00	4.485620689314977483e+01
2.623834000000000000e+00	4.378923377874954070e+01
2.627863000000000060e+00	4.333085742150107933e+01
2.632579999999999920e+00	4.228112531943558849e+01
2.638037000000000187e+00	4.310578063895543011e+01
2.644026000000000209e+00	4.267423447353901622e+01
2.650332000000000132e+00	4.091658172944159588e+01
2.656734000000000151e+00	4.016894421680801486e+01
2.663022999999999918e+00	3.808992413693934509e+01
2.669115000000000126e+00	3.440896966228444853e+01
2.675060999999999911e+00	2.976984861843870078e+01
2.680919999999999970e+00	2.409519471905334242e+01
2.686751000000000111e+00	1.810207504520134236e+01
2.692610999999999866e+00	1.073411422079723110e+01
2.698523999999999923e+00	3.824443073762695988e+00
2.704476000000000102e+00	-3.816258672961298615e+00
2.710452000000000083e+00	-9.673880039699044531e+00
2.716435999999999851e+00	-1.441970735080631449e+01
2.722412999999999972e+00	-1.608841802270161381e+01
2.728375999999999912e+00	-1.481605136111894616e+01
2.734328000000000092e+00	-1.241876560138837071e+01
2.740273999999999877e+00	-6.886382519726714335e+00
2.746217000000000130e+00	5.582122862675966690e-01
2.752162000000000219e+00	8.698940103566265236e+00
2.758110999999999979e+00	1.856632274854902676e+01
2.764063000000000159e+00	2.706794853086956820e+01
2.770016000000000034e+00	3.390313936842414222e+01
2.775971000000000188e+00	3.833568072396614923e+01
2.781924000000000063e+00	3.959326450452485346e+01
2.787876999999999938e+00	3.716976387767272172e+01
2.793829000000000118e+00	3.226816996837398221e+01
2.799780999999999853e+00	2.591315494803081521e+01
2.805731999999999893e+00	1.917212451943819218e+01
2.811682999999999932e+00	1.526128212503965642e+01
2.817635000000000112e+00	1.201669977740701434e+01
2.823586999999999847e+00	1.055314845408198998e+01
2.829539000000000026e+00	1.164393034519263104e+01
2.835491000000000206e+00	1.204776771718794492e+01
2.841442999999999941e+00	1.152651041999169301e+01
2.847395000000000120e+00	1.208920197864243384e+01
2.853346999999999856e+00	1.084279973374415285e+01
2.859299000000000035e+00	1.127364299868679254e+01
2.865251000000000214e+00	1.324627526527783417e+01
2.871201999999999810e+00	1.715608277567294238e+01
2.877153999999999989e+00	2.215406026706320120e+01
2.883106000000000169e+00	2.821807106207834792e+01
2.889057999999999904e+00	3.368915271126048339e+01
2.895010000000000083e+00	3.805370510846280041e+01
2.900961999999999819e+00	3.992756823987465253e+01
2.906913999999999998e+00	3.754075591452189542e+01
2.912866000000000177e+00	3.144675886079211224e+01
2.918817999999999913e+00	2.357875505839868069e+01
2.924770000000000092e+00	1.633954333333493025e+01
2.930721000000000132e+00	9.296733975606521483e+00
2.936672999999999867e+00	4.226341600508023433e+00
2.942625000000000046e+00	1.049253193173133036e+00
2.948576999999999781e+00	-1.334042364213382070e+00
2.954528999999999961e+00	-1.578049296836345761e+00
2.960481000000000140e+00	-6.028054854947823005e-01
2.966432999999999875e+00	1.353576001457582390e+00
2.972385000000000055e+00	3.042077057775285809e+00
2.978336999999999790e+00	6.726996014651896338e+00
2.984288999999999970e+00	1.048835849360765060e+01
2.990240000000000009e+00	1.291024649945338965e+01
2.996192000000000188e+00	1.529472053348473892e+01
3.002143999999999924e+00	1.654161225020466119e+01
3.008096000000000103e+00	1.623451512189243573e+01
3.014047999999999838e+00	1.501998295506682801e+01
3.020000000000000018e+00	1.120254795579226581e+01
