1.199999999999999956e-01	7.395531382451253632e-01
1.249780000000000058e-01	5.539260251294477744e-01
1.305999999999999939e-01	7.590464262385054894e-01
1.367059999999999942e-01	3.545652743241189953e-01
1.431360000000000132e-01	6.012935619145114430e-01
1.497320000000000040e-01	7.901283645518324406e-01
1.563350000000000017e-01	5.968091799246759699e-01
1.627850000000000130e-01	9.570620616665230784e-01
1.689219999999999888e-01	7.711001313884680020e-01
1.745889999999999942e-01	1.134366452805488201e+00
1.796250000000000069e-01	1.525010099885674819e+00
1.839349999999999874e-01	1.493263829473193915e+00
1.877439999999999942e-01	1.815311758142680754e+00
1.913779999999999926e-01	1.572706632734667265e+00
1.951660000000000061e-01	1.762664699213237540e+00
1.994340000000000002e-01	1.984803376207839198e+00
2.044499999999999929e-01	2.150481996754368463e+00
2.101250000000000062e-01	2.071768197811092005e+00
2.162479999999999958e-01	1.868911942501898293e+00
2.226049999999999973e-01	1.590032440372839195e+00
2.289819999999999911e-01	1.885574154149694426e+00
2.351930000000000132e-01	1.911263106188285654e+00
2.412249999999999950e-01	1.254413933399358694e+00
2.471349999999999936e-01	1.287286879283884300e+00
2.529799999999999827e-01	1.234830410453536365e+00
2.588170000000000193e-01	1.400685669966256874e+00
2.646970000000000156e-01	1.401824612347595034e+00
2.706259999999999777e-01	1.062191494294035365e+00
2.765880000000000005e-01	1.318503008561747070e+00
2.825679999999999858e-01	1.269890639694814860e+00
2.885510000000000019e-01	1.483527962867036587e+00
2.945229999999999793e-01	1.537953720968540772e+00
3.004809999999999981e-01	1.685916646114384410e+00
3.064310000000000089e-01	1.445936295881353306e+00
3.123750000000000138e-01	1.858113458483244829e+00
3.183190000000000186e-01	1.995084697250101069e+00
3.242650000000000254e-01	1.744419103061896070e+00
3.302149999999999808e-01	2.264033064821466379e+00
3.361680000000000224e-01	2.486385703743065889e+00
3.421210000000000084e-01	2.571171760250707816e+00
3.480759999999999965e-01	2.474535229175319095e+00
3.540289999999999826e-01	2.216572898621830490e+00
3.599809999999999954e-01	2.402263508583172058e+00
3.659330000000000083e-01	2.124188435893466842e+00
3.718839999999999923e-01	2.432726746772615023e+00
3.778360000000000052e-01	2.276951393470304286e+00
3.837869999999999893e-01	1.712500979475388263e+00
3.897390000000000021e-01	1.885837877447305910e+00
3.956910000000000149e-01	1.633225477049605301e+00
4.016429999999999723e-01	1.759347415823359739e+00
4.075949999999999851e-01	1.964492402252656422e+00
4.135469999999999979e-01	1.592055348999890318e+00
4.194979999999999820e-01	1.650587790133536625e+00
4.254499999999999948e-01	1.750016620585376881e+00
4.314009999999999789e-01	1.941178757269038879e+00
4.373540000000000205e-01	1.841595087383078200e+00
4.433079999999999798e-01	2.226272838022333111e+00
4.492619999999999947e-01	2.042269496874906221e+00
4.552160000000000095e-01	2.088432273502387915e+00
4.611680000000000224e-01	2.490854329639702325e+00
4.671170000000000044e-01	2.198387867718006650e+00
4.730619999999999825e-01	2.647139576569204067e+00
4.790059999999999873e-01	2.410992557708020456e+00
4.849510000000000209e-01	2.649688023283824911e+00
4.909020000000000050e-01	2.332760676968750335e+00
4.968629999999999991e-01	2.324443733671536894e+00
5.028390000000000359e-01	2.528934319983477952e+00
5.088230000000000253e-01	2.404809548683188414e+00
5.148009999999999531e-01	2.487539865519506233e+00
5.207570000000000254e-01	2.255681107732390611e+00
5.266750000000000043e-01	2.217503002577593918e+00
5.325410000000000421e-01	2.093754920811650599e+00
5.383719999999999617e-01	2.074827286115437541e+00
5.442249999999999588e-01	2.217705300569273952e+00
5.501580000000000359e-01	1.726277925190162987e+00
5.562289999999999734e-01	1.564017219414328030e+00
5.624930000000000208e-01	2.129073589667315858e+00
5.688929999999999820e-01	1.981970551877500819e+00
5.752220000000000111e-01	1.855785838705273250e+00
5.812610000000000277e-01	2.377014854543066047e+00
5.867949999999999555e-01	2.532852614725326745e+00
5.916080000000000227e-01	2.302697593861288361e+00
5.957040000000000113e-01	2.564347143049626965e+00
5.993990000000000151e-01	2.442749430758108797e+00
6.030370000000000452e-01	2.802466497481923113e+00
6.069609999999999728e-01	3.049575383996248057e+00
6.115110000000000268e-01	2.755642535537833115e+00
6.168270000000000142e-01	2.470198601883498490e+00
6.227219999999999978e-01	2.641251700812020875e+00
6.289789999999999548e-01	2.851700886254601830e+00
6.353790000000000271e-01	2.510417605703708865e+00
6.417070000000000274e-01	2.925663025597258660e+00
6.478369999999999962e-01	3.112820248566183334e+00
6.538089999999999735e-01	2.538187875312352570e+00
6.596819999999999906e-01	2.338012358186200679e+00
6.655140000000000500e-01	2.406227397254030897e+00
6.713630000000000431e-01	2.612215598835602393e+00
6.772660000000000347e-01	2.369178550105910830e+00
6.832110000000000127e-01	2.383958608808637969e+00
6.891829999999999901e-01	2.483711946497559886e+00
6.951669999999999794e-01	2.636434243173147340e+00
7.011469999999999647e-01	2.358429873581105340e+00
7.071119999999999628e-01	2.639653713779771316e+00
7.130670000000000064e-01	2.647133780295723327e+00
7.190130000000000132e-01	2.937288709550636590e+00
7.249569999999999625e-01	3.135740346251254973e+00
7.309010000000000229e-01	2.506620441447273695e+00
7.368489999999999762e-01	3.109012242092998868e+00
7.428000000000000158e-01	3.181450294248331367e+00
7.487530000000000019e-01	2.942462936177809407e+00
7.547080000000000455e-01	3.245067808627025485e+00
7.606619999999999493e-01	3.044864659266916629e+00
7.666140000000000176e-01	3.078391882334157614e+00
7.725670000000000037e-01	3.107172850995600477e+00
7.785180000000000433e-01	3.256634147048396599e+00
7.844689999999999719e-01	2.943161780055469023e+00
7.904210000000000402e-01	2.647437382784073812e+00
7.963729999999999976e-01	2.853743186274652288e+00
8.023249999999999549e-01	3.131523017017346255e+00
8.082770000000000232e-01	2.623720101399351634e+00
8.142289999999999806e-01	3.003300906243414836e+00
8.201800000000000201e-01	2.815120610473006213e+00
8.261319999999999775e-01	3.311624379338891977e+00
8.320830000000000171e-01	3.349432439577477272e+00
8.380349999999999744e-01	3.410436524978554651e+00
8.439870000000000427e-01	3.334219212363268792e+00
8.499400000000000288e-01	3.342158158380128530e+00
8.558940000000000436e-01	3.502819572176138596e+00
8.618479999999999475e-01	3.693836694289134304e+00
8.678010000000000446e-01	3.427626149162712910e+00
8.737519999999999731e-01	3.531348100616068741e+00
8.797000000000000375e-01	3.808599006512489282e+00
8.856439999999999868e-01	3.371936750404755934e+00
8.915870000000000184e-01	3.855012574358663624e+00
8.975349999999999717e-01	3.988923798573440926e+00
9.034900000000000153e-01	3.989786043884865574e+00
9.094569999999999599e-01	3.514173163148138102e+00
9.154379999999999740e-01	3.813217855695965497e+00
9.214210000000000456e-01	4.153718030022929497e+00
9.273909999999999654e-01	3.793684802582345750e+00
9.333329999999999682e-01	3.813517890967224488e+00
9.392300000000000093e-01	3.906027576174185167e+00
9.450749999999999984e-01	4.356989448661138020e+00
9.509090000000000042e-01	3.427310457873399052e+00
9.567890000000000006e-01	3.984301249243321408e+00
9.627750000000000474e-01	3.754895202476952409e+00
9.689229999999999787e-01	3.758413703785350446e+00
9.752680000000000238e-01	3.764756612314804407e+00
9.816639999999999810e-01	3.464485251310959413e+00
9.878930000000000211e-01	4.008079654147246096e+00
9.937399999999999567e-01	3.683946496551818495e+00
9.989850000000000119e-01	3.676810218871121805e+00
1.003457999999999961e+00	4.043499440443970805e+00
1.007338000000000067e+00	4.281982367646664400e+00
1.010966000000000031e+00	3.680441365016362543e+00
1.014685999999999977e+00	3.601896111770258813e+00
1.018841000000000108e+00	3.883472526292383264e+00
1.023735000000000062e+00	3.688469403897503440e+00
1.029328999999999938e+00	4.145278283041428757e+00
1.035408000000000106e+00	3.630083001989822478e+00
1.041754000000000069e+00	3.878450412882300746e+00
1.048148999999999997e+00	3.955186349349166353e+00
1.054391999999999996e+00	3.848225140924882659e+00
1.060446000000000000e+00	4.132758874109727643e+00
1.066368999999999900e+00	3.928516671550041472e+00
1.072216999999999976e+00	4.276906825603303375e+00
1.078049000000000035e+00	4.273962452758688357e+00
1.083920999999999912e+00	3.661042767733063030e+00
1.089842999999999895e+00	4.463117420431919058e+00
1.095801999999999943e+00	3.725625690673272317e+00
1.101780999999999899e+00	4.136905971928304560e+00
1.107765000000000111e+00	4.345244793634237546e+00
1.113739999999999952e+00	4.185709703318379660e+00
1.119699999999999918e+00	4.074403155052972458e+00
1.125650000000000039e+00	4.408216174817291666e+00
1.131594999999999906e+00	4.375068372744062906e+00
1.137537999999999938e+00	4.434276145308229111e+00
1.143483999999999945e+00	4.605466791136968219e+00
1.149432999999999927e+00	4.829428225261872321e+00
1.155386000000000024e+00	4.914534636303362625e+00
1.161338999999999899e+00	4.722087385974643503e+00
1.167294000000000054e+00	5.225272268586985902e+00
1.173246999999999929e+00	5.035732383731531314e+00
1.179200000000000026e+00	5.315016856909911880e+00
1.185151999999999983e+00	5.162347902190499660e+00
1.191103000000000023e+00	5.258563859807694918e+00
1.197054000000000062e+00	5.309416215990001575e+00
1.203006000000000020e+00	5.282199715147638308e+00
1.208957999999999977e+00	5.691663963850993824e+00
1.214909999999999934e+00	5.757615737738910333e+00
1.220861999999999892e+00	5.606937852188297100e+00
1.226814000000000071e+00	6.094479804981090432e+00
1.232765000000000111e+00	5.746463460739984264e+00
1.238717000000000068e+00	5.806771696189919396e+00
1.244668000000000108e+00	6.450087993014813392e+00
1.250620000000000065e+00	6.226029721615877754e+00
1.256572000000000022e+00	6.361160371417868831e+00
1.262526000000000037e+00	6.469127382786989955e+00
1.268480000000000052e+00	7.039246953894524594e+00
1.274434000000000067e+00	7.265411752925410305e+00
1.280386000000000024e+00	7.378892329499271874e+00
1.286335999999999924e+00	7.674398139581256828e+00
1.292281999999999931e+00	8.079923634493752616e+00
1.298224999999999962e+00	7.997098161835193508e+00
1.304170000000000051e+00	7.909134651601006816e+00
1.310119999999999951e+00	8.631761330992487657e+00
1.316079999999999917e+00	8.416308492609610781e+00
1.322052999999999923e+00	8.917426988618116113e+00
1.328036999999999912e+00	8.563423937285930876e+00
1.334017000000000008e+00	8.076125996232560666e+00
1.339976000000000056e+00	8.384345750655407770e+00
1.345900000000000096e+00	8.551209691514149114e+00
1.351774000000000031e+00	8.093612984311512548e+00
1.357607000000000008e+00	8.251177374680391807e+00
1.363453000000000026e+00	7.687089436255877928e+00
1.369372000000000034e+00	8.117605444140393089e+00
1.375421999999999922e+00	7.539346254390923541e+00
1.381658999999999970e+00	7.652785848024279858e+00
1.388052000000000064e+00	8.054724093298590404e+00
1.394403000000000059e+00	8.090006851053054504e+00
1.400492999999999988e+00	7.637326169536501119e+00
1.406104999999999938e+00	7.903721018737073223e+00
1.411021999999999998e+00	8.531298939939269133e+00
1.415195999999999898e+00	8.170329701778214826e+00
1.418924000000000074e+00	8.453657694495340991e+00
1.422549999999999981e+00	8.484555686652639039e+00
1.426417000000000046e+00	8.708696618027941483e+00
1.430868000000000029e+00	8.544809082943986667e+00
1.436091000000000006e+00	9.307807966828715251e+00
1.441923000000000066e+00	9.020845482345231758e+00
1.448144000000000098e+00	9.004814353466604970e+00
1.454538000000000109e+00	9.271884340029783900e+00
1.460887000000000047e+00	9.152782044775220172e+00
1.467041999999999957e+00	9.541840296690603296e+00
1.473030999999999979e+00	9.177472179906827066e+00
1.478914000000000062e+00	9.389984895032883472e+00
1.484749000000000096e+00	9.504214422657662809e+00
1.490591999999999917e+00	9.545522589658494539e+00
1.496488000000000040e+00	9.466556992733169196e+00
1.502428000000000097e+00	9.892448087037710280e+00
1.508397999999999906e+00	9.796473563502241078e+00
1.514380999999999977e+00	9.897661888260302021e+00
1.520361999999999991e+00	1.033408817409056191e+01
1.526329999999999965e+00	1.057737869006008324e+01
1.532284999999999897e+00	1.026116415853728192e+01
1.538232999999999961e+00	1.068824566933425046e+01
1.544175999999999993e+00	1.103542394716681585e+01
1.550119999999999942e+00	1.095479420250105029e+01
1.556068000000000007e+00	1.084225264482258666e+01
1.562019000000000046e+00	1.105204539684913456e+01
1.567971999999999921e+00	1.108550185973075131e+01
1.573925999999999936e+00	1.174814765166471986e+01
1.579879999999999951e+00	1.149104481328768657e+01
1.585833000000000048e+00	1.205253397466708698e+01
1.591785000000000005e+00	1.274762277740740402e+01
1.597736999999999963e+00	1.282218558128690411e+01
1.603688000000000002e+00	1.316251035549111847e+01
1.609639000000000042e+00	1.380332557614639910e+01
1.615590999999999999e+00	1.439868378213611955e+01
1.621542999999999957e+00	1.541644556110983011e+01
1.627494999999999914e+00	1.633641212120165420e+01
1.633447000000000093e+00	1.727305773941248290e+01
1.639399000000000051e+00	1.806090657068216387e+01
1.645350000000000090e+00	1.933055389382695211e+01
1.651302000000000048e+00	2.054890634943556549e+01
1.657253000000000087e+00	2.155026244608237462e+01
1.663205000000000044e+00	2.328274658257413421e+01
1.669157999999999920e+00	2.388507226824443563e+01
1.675111999999999934e+00	2.459241868956588917e+01
1.681065999999999949e+00	2.601595379138803210e+01
1.687019000000000046e+00	2.722659339227981690e+01
1.692971000000000004e+00	2.802238318100767955e+01
1.698919000000000068e+00	2.861891527221502685e+01
1.704863000000000017e+00	2.856981467437819333e+01
1.710806999999999967e+00	2.901231116867547399e+01
1.716752999999999973e+00	2.898337488124234440e+01
1.722706999999999988e+00	2.896445422531961000e+01
1.728671999999999986e+00	2.858893972787224769e+01
1.734652000000000083e+00	2.820589569775510341e+01
1.740636000000000072e+00	2.768512743119987007e+01
1.746609000000000078e+00	2.697642025356813633e+01
1.752555000000000085e+00	2.575891778791192621e+01
1.758458000000000077e+00	2.522938004803587475e+01
1.764308999999999905e+00	2.378309429702903799e+01
1.770140999999999964e+00	2.314275322092860776e+01
1.776011999999999924e+00	2.270140488543685109e+01
1.781979999999999897e+00	2.119554274897127755e+01
1.788105000000000055e+00	2.024063711768413754e+01
1.794426999999999994e+00	1.912570978538193245e+01
1.800829000000000013e+00	1.843437458996268674e+01
1.807091999999999921e+00	1.801704092590073358e+01
1.813002000000000002e+00	1.730559747394169534e+01
1.818338000000000010e+00	1.648368146567985093e+01
1.822912000000000088e+00	1.611596569400240142e+01
1.826850000000000085e+00	1.578185405411689679e+01
1.830492000000000008e+00	1.536732202471553776e+01
1.834179999999999922e+00	1.531729231732587593e+01
1.838259000000000087e+00	1.478191547862489408e+01
1.843048000000000020e+00	1.478588039129004805e+01
1.848562000000000038e+00	1.454404071422653999e+01
1.854589999999999961e+00	1.474167854557350310e+01
1.860913000000000039e+00	1.458248308944763316e+01
1.867313999999999918e+00	1.457305907021660651e+01
1.873583999999999916e+00	1.463278062275759517e+01
1.879660000000000108e+00	1.424823576569901284e+01
1.885596000000000050e+00	1.395841565992135358e+01
1.891450999999999993e+00	1.417740780788915878e+01
1.897281999999999913e+00	1.396299313124539587e+01
1.903146999999999922e+00	1.334687831615751286e+01
1.909062999999999954e+00	1.353027832418170107e+01
1.915018000000000109e+00	1.347888610079608362e+01
1.920995999999999926e+00	1.338680989488316619e+01
1.926979999999999915e+00	1.358707664478079558e+01
1.932955999999999896e+00	1.321613045482196114e+01
1.938917999999999919e+00	1.345906819642189767e+01
1.944868999999999959e+00	1.319583586642252548e+01
1.950814000000000048e+00	1.331961500138812049e+01
1.956757999999999997e+00	1.366191588317821726e+01
1.962703000000000086e+00	1.406803710105220695e+01
1.968652000000000069e+00	1.394458952965537613e+01
1.974604000000000026e+00	1.448236185396770104e+01
1.980558000000000041e+00	1.432196777457305892e+01
1.986512000000000056e+00	1.474200443757012025e+01
1.992466000000000070e+00	1.511515030852532426e+01
1.998418000000000028e+00	1.548705269346124247e+01
2.004370000000000207e+00	1.607801925987655522e+01
2.010321999999999942e+00	1.640395445905610572e+01
2.016272999999999982e+00	1.642542852904233541e+01
2.022224000000000022e+00	1.680247430782156925e+01
2.028176000000000201e+00	1.709398389510107563e+01
2.034127999999999936e+00	1.759659598528124391e+01
2.040080000000000116e+00	1.869827386990923657e+01
2.046031999999999851e+00	1.916924972024468588e+01
2.051984000000000030e+00	1.943119973630988184e+01
2.057935000000000070e+00	2.042466715404381361e+01
2.063886999999999805e+00	2.170944905686691229e+01
2.069837999999999845e+00	2.250671009524961264e+01
2.075791000000000164e+00	2.354407177727917855e+01
2.081744000000000039e+00	2.533393302159004179e+01
2.087698000000000054e+00	2.707337677474977511e+01
2.093652000000000069e+00	2.868586749667382563e+01
2.099604999999999944e+00	3.033391017261235589e+01
2.105554999999999843e+00	3.198588118592517660e+01
2.111501000000000072e+00	3.352613869141305258e+01
2.117445000000000022e+00	3.492465002104767535e+01
2.123388999999999971e+00	3.585109492063277514e+01
2.129338000000000175e+00	3.704022463081192740e+01
2.135295999999999861e+00	3.652061295496387316e+01
2.141268000000000171e+00	3.624708070729390386e+01
2.147250999999999799e+00	3.514186382393633323e+01
2.153232000000000035e+00	3.344873495953345355e+01
2.159196000000000115e+00	3.164309086756546918e+01
2.165125000000000188e+00	3.006471261969009490e+01
2.171006000000000213e+00	2.805128447396090863e+01
2.176841000000000026e+00	2.695171196119048318e+01
2.182682999999999929e+00	2.556440324354861815e+01
2.188588999999999896e+00	2.482707316914601137e+01
2.194618000000000180e+00	2.420311843857585288e+01
2.200828000000000007e+00	2.425961454393689465e+01
2.207209999999999894e+00	2.386216355028454927e+01
2.213579000000000185e+00	2.398136680461749748e+01
2.219714999999999883e+00	2.377422019149278398e+01
2.225403000000000020e+00	2.394067556343393122e+01
2.230423000000000044e+00	2.446295731799141038e+01
2.234681000000000139e+00	2.569557092057151948e+01
2.238447999999999993e+00	2.613674156476880128e+01
2.242068000000000172e+00	2.622684780152322759e+01
2.245884000000000214e+00	2.693991034545008390e+01
2.250237999999999960e+00	2.784601745143045903e+01
2.255365999999999982e+00	2.857822451694782728e+01
2.261130000000000084e+00	2.829175247764500511e+01
2.267313000000000134e+00	2.889741531382321327e+01
2.273696000000000161e+00	2.967183022793436820e+01
2.280063999999999869e+00	2.956073837810520999e+01
2.286243999999999943e+00	2.956685416878914552e+01
2.292251999999999956e+00	2.917615090931687405e+01
2.298146000000000022e+00	2.917265642986151164e+01
2.303983000000000114e+00	2.972273540013239312e+01
2.309822000000000042e+00	2.976330451203506655e+01
2.315710999999999853e+00	2.981179452446931322e+01
2.321645999999999876e+00	2.982434274574870514e+01
2.327612999999999932e+00	3.055881636030168380e+01
2.333594999999999864e+00	3.040953284675942925e+01
2.339576999999999796e+00	3.101584641558059019e+01
2.345546999999999827e+00	3.153000337761559635e+01
2.351503999999999817e+00	3.269892171459996177e+01
2.357451999999999881e+00	3.282910192689053019e+01
2.363395999999999830e+00	3.389448832919046595e+01
2.369339000000000084e+00	3.515347856813855998e+01
2.375286000000000008e+00	3.557779926982973251e+01
2.381237000000000048e+00	3.641907150056162834e+01
2.387189999999999923e+00	3.726022982662899352e+01
2.393143999999999938e+00	3.804996067598615639e+01
2.399097999999999953e+00	3.938316914056932205e+01
2.405050999999999828e+00	4.027132747651877054e+01
2.411004000000000147e+00	4.183246824204082515e+01
2.416955999999999882e+00	4.281344377761470810e+01
2.422906999999999922e+00	4.413391009975973844e+01
2.428857999999999961e+00	4.440869493081297037e+01
2.434809000000000001e+00	4.475937694416906254e+01
2.440760000000000041e+00	4.520718759981234314e+01
2.446712000000000220e+00	4.634908654838331188e+01
2.452663999999999955e+00	4.902402435563629268e+01
2.458616999999999830e+00	5.417847315132389241e+01
2.464570999999999845e+00	6.246370083752815106e+01
2.470524999999999860e+00	7.228492200410771318e+01
2.476478000000000179e+00	8.219055980015099294e+01
2.482429999999999914e+00	9.071686687800317372e+01
2.488377999999999979e+00	9.646772985131190126e+01
2.494323000000000068e+00	9.712238308098389439e+01
2.500265999999999877e+00	9.388578832607993263e+01
2.506212000000000106e+00	8.765810667186730143e+01
2.512164999999999981e+00	7.954041014962318457e+01
2.518129000000000062e+00	7.122375434174882969e+01
2.524108000000000018e+00	6.406252443106309613e+01
2.530091999999999786e+00	5.778610137522370849e+01
2.536067000000000071e+00	5.297731669089883866e+01
2.542015999999999831e+00	4.881046247026100104e+01
2.547924000000000078e+00	4.537738021081361950e+01
2.553779000000000021e+00	4.318429026788469116e+01
2.559610000000000163e+00	4.056269585458147731e+01
2.565475000000000172e+00	3.970740327463308006e+01
2.571432000000000162e+00	3.899954784970858412e+01
2.577539999999999942e+00	3.864700957358709843e+01
2.583845999999999865e+00	4.016351390146326139e+01
2.590249000000000024e+00	4.221663070173693910e+01
2.596534000000000120e+00	4.537289471906257887e+01
2.602485000000000159e+00	4.926608858134017765e+01
2.607883000000000173e+00	5.397196838543859343e+01
2.612527000000000044e+00	6.008744760324329803e+01
2.616509000000000196e+00	6.510111994201027130e+01
2.620163999999999938e+00	7.065259352728654108e+01
2.623834000000000000e+00	7.409410378076363202e+01
2.627863000000000060e+00	7.562491496170179062e+01
2.632579999999999920e+00	7.409435642697714286e+01
2.638037000000000187e+00	6.938606878136846490e+01
2.644026000000000209e+00	6.283312958594674313e+01
2.650332000000000132e+00	5.591067071188847137e+01
2.656734000000000151e+00	4.905761281316817701e+01
2.663022999999999918e+00	4.396339634507600636e+01
2.669115000000000126e+00	4.124187665156114235e+01
2.675060999999999911e+00	3.913064194221588821e+01
2.680919999999999970e+00	3.960631013557875235e+01
2.686751000000000111e+00	4.000288004591966740e+01
2.692610999999999866e+00	4.119548972017310717e+01
2.698523999999999923e+00	4.262573614689458879e+01
2.704476000000000102e+00	4.343977404895574068e+01
2.710452000000000083e+00	4.369813596934562838e+01
2.716435999999999851e+00	4.391795943045092798e+01
2.722412999999999972e+00	4.267628001387106451e+01
2.728375999999999912e+00	4.060033206728332544e+01
2.734328000000000092e+00	3.826185530826602843e+01
2.740273999999999877e+00	3.664281054630377810e+01
2.746217000000000130e+00	3.473971996574270804e+01
2.752162000000000219e+00	3.387564871274572909e+01
2.758110999999999979e+00	3.519462654110812139e+01
2.764063000000000159e+00	3.753341906944091733e+01
2.770016000000000034e+00	4.021640338740156295e+01
2.775971000000000188e+00	4.282819073622055583e+01
2.781924000000000063e+00	4.611338822589100062e+01
2.787876999999999938e+00	4.891411229985340015e+01
2.793829000000000118e+00	5.137851306481013580e+01
2.799780999999999853e+00	5.303659104977688088e+01
2.805731999999999893e+00	5.312473477295595359e+01
2.811682999999999932e+00	5.254500857375447964e+01
2.817635000000000112e+00	5.053799084792439800e+01
2.823586999999999847e+00	4.811186934478600108e+01
2.829539000000000026e+00	4.542852927352249992e+01
2.835491000000000206e+00	4.262429134743040038e+01
2.841442999999999941e+00	4.031369282436696722e+01
2.847395000000000120e+00	3.818468214006709616e+01
2.853346999999999856e+00	3.693396052977475108e+01
2.859299000000000035e+00	3.643311336297269776e+01
2.865251000000000214e+00	3.611539215293693417e+01
2.871201999999999810e+00	3.491875089004541621e+01
2.877153999999999989e+00	3.394672895936302126e+01
2.883106000000000169e+00	3.306624121436816921e+01
2.889057999999999904e+00	3.184112848947280483e+01
2.895010000000000083e+00	3.092217436448170176e+01
2.900961999999999819e+00	3.026171005773598566e+01
2.906913999999999998e+00	2.965089981529895979e+01
2.912866000000000177e+00	3.012720733253983951e+01
2.918817999999999913e+00	3.201706338771948168e+01
2.924770000000000092e+00	3.492397004949879857e+01
2.930721000000000132e+00	4.051163852425685263e+01
2.936672999999999867e+00	4.835056824707441336e+01
2.942625000000000046e+00	5.766381176658737928e+01
2.948576999999999781e+00	6.629463418913584860e+01
2.954528999999999961e+00	7.368368602516927979e+01
2.960481000000000140e+00	7.699308754441872793e+01
2.966432999999999875e+00	7.664696713321995958e+01
2.972385000000000055e+00	7.328952458109816348e+01
2.978336999999999790e+00	6.650588010459051702e+01
2.984288999999999970e+00	5.902799053803013862e+01
2.990240000000000009e+00	5.039037239417799441e+01
2.996192000000000188e+00	4.200454029916694054e+01
3.002143999999999924e+00	3.444916593302887264e+01
3.008096000000000103e+00	2.973506715833622494e+01
3.014047999999999838e+00	2.781772521268501208e+01
3.020000000000000018e+00	2.939289384000060679e+01
