1.199999999999999956e-01	2.717220676537053237e+00
1.249780000000000058e-01	1.892601726459495204e+00
1.305999999999999939e-01	1.745352159379752521e+00
1.367059999999999942e-01	1.416869404910481967e+00
1.431360000000000132e-01	1.319544886238720016e+00
1.497320000000000040e-01	1.852913619473321338e+00
1.563350000000000017e-01	1.832534538104452215e+00
1.627850000000000130e-01	2.165281925823581588e+00
1.689219999999999888e-01	2.506217092297622795e+00
1.745889999999999942e-01	2.447359512402906834e+00
1.796250000000000069e-01	2.599253691317486403e+00
1.839349999999999874e-01	2.708833096376115357e+00
1.877439999999999942e-01	1.749018554522160374e+00
1.913779999999999926e-01	1.801716382735277788e+00
1.951660000000000061e-01	1.364220290315787176e+00
1.994340000000000002e-01	1.196805371718038913e+00
2.044499999999999929e-01	1.541669372711278463e+00
2.101250000000000062e-01	1.383959996637408763e+00
2.162479999999999958e-01	1.700095861419456789e+00
2.226049999999999973e-01	2.229168648031130573e+00
2.289819999999999911e-01	2.475647176950407591e+00
2.351930000000000132e-01	1.889974050885165457e+00
2.412249999999999950e-01	1.572402585962317412e+00
2.471349999999999936e-01	1.004846974546046656e+00
2.529799999999999827e-01	7.148419749585767091e-01
2.588170000000000193e-01	3.339952130137364694e-01
2.646970000000000156e-01	8.777402481786962529e-02
2.706259999999999777e-01	8.550043313346236684e-02
2.765880000000000005e-01	3.655300711925779655e-01
2.825679999999999858e-01	5.969633649933510089e-01
2.885510000000000019e-01	1.220240013532486678e+00
2.945229999999999793e-01	1.640557408211224200e+00
3.004809999999999981e-01	2.831591931984271060e+00
3.064310000000000089e-01	3.439512311981117065e+00
3.123750000000000138e-01	3.621979590088471923e+00
3.183190000000000186e-01	4.631825367964663265e+00
3.242650000000000254e-01	4.073377034960657284e+00
3.302149999999999808e-01	3.590289583465377188e+00
3.361680000000000224e-01	2.898390171408602445e+00
3.421210000000000084e-01	2.031154021078012573e+00
3.480759999999999965e-01	1.495274878923101625e+00
3.540289999999999826e-01	1.631634366821713700e+00
3.599809999999999954e-01	1.560712161730317238e+00
3.659330000000000083e-01	2.527708519797155162e+00
3.718839999999999923e-01	2.465372882926812892e+00
3.778360000000000052e-01	3.086796377880252962e+00
3.837869999999999893e-01	2.897145648921938488e+00
3.897390000000000021e-01	2.796432507048220995e+00
3.956910000000000149e-01	1.964863828458933259e+00
4.016429999999999723e-01	2.000934979193183416e+00
4.075949999999999851e-01	1.444976201347936584e+00
4.135469999999999979e-01	1.698342899402261574e+00
4.194979999999999820e-01	1.370739098160184355e+00
4.254499999999999948e-01	1.863701932062495681e+00
4.314009999999999789e-01	2.471263054432127682e+00
4.373540000000000205e-01	2.809970846992143834e+00
4.433079999999999798e-01	2.573622924786656441e+00
4.492619999999999947e-01	2.905271593166777855e+00
4.552160000000000095e-01	2.410018614798898451e+00
4.611680000000000224e-01	2.122500622626120936e+00
4.671170000000000044e-01	1.836422852162487240e+00
4.730619999999999825e-01	1.691946709989324837e+00
4.790059999999999873e-01	1.416922237844211230e+00
4.849510000000000209e-01	1.363577743348080240e+00
4.909020000000000050e-01	1.573970654823090287e+00
4.968629999999999991e-01	1.010578136032572072e+00
5.028390000000000359e-01	1.003807643270972161e+00
5.088230000000000253e-01	1.723052466370484925e+00
5.148009999999999531e-01	2.014906890205502954e+00
5.207570000000000254e-01	1.978194926643122464e+00
5.266750000000000043e-01	1.941881583650504783e+00
5.325410000000000421e-01	1.561959843614072252e+00
5.383719999999999617e-01	7.372638244725864265e-01
5.442249999999999588e-01	3.554170959472556790e-01
5.501580000000000359e-01	2.311929340008611056e-01
5.562289999999999734e-01	6.522455163421181368e-02
5.624930000000000208e-01	4.111667953441498491e-01
5.688929999999999820e-01	1.084218694211954936e+00
5.752220000000000111e-01	1.993963610311105139e+00
5.812610000000000277e-01	2.991279250689853786e+00
5.867949999999999555e-01	3.620163359997827346e+00
5.916080000000000227e-01	4.188775041685165235e+00
5.957040000000000113e-01	3.690336689800290948e+00
5.993990000000000151e-01	3.315458405800347563e+00
6.030370000000000452e-01	2.614347608799847400e+00
6.069609999999999728e-01	2.282263444718573009e+00
6.115110000000000268e-01	1.674505206170526783e+00
6.168270000000000142e-01	1.552429957053983234e+00
6.227219999999999978e-01	1.650637642984540188e+00
6.289789999999999548e-01	2.224157042261298400e+00
6.353790000000000271e-01	2.135782463015323707e+00
6.417070000000000274e-01	2.488791475761700234e+00
6.478369999999999962e-01	2.026440163556181950e+00
6.538089999999999735e-01	2.544342923815465785e+00
6.596819999999999906e-01	1.815694656318873612e+00
6.655140000000000500e-01	1.790900514414573319e+00
6.713630000000000431e-01	1.991729209849995907e+00
6.772660000000000347e-01	2.381212795109291402e+00
6.832110000000000127e-01	2.707526066658643149e+00
6.891829999999999901e-01	3.506288315615678108e+00
6.951669999999999794e-01	3.449496830682065696e+00
7.011469999999999647e-01	3.871339019193742015e+00
7.071119999999999628e-01	3.434726068100297791e+00
7.130670000000000064e-01	3.215671660608200533e+00
7.190130000000000132e-01	3.255539126696382013e+00
7.249569999999999625e-01	2.481070363802907242e+00
7.309010000000000229e-01	2.257400358298097043e+00
7.368489999999999762e-01	2.451444051969821292e+00
7.428000000000000158e-01	2.340468940154243782e+00
7.487530000000000019e-01	2.501662784495890079e+00
7.547080000000000455e-01	3.023358182495476498e+00
7.606619999999999493e-01	2.826988600508910654e+00
7.666140000000000176e-01	2.775432834681907490e+00
7.725670000000000037e-01	2.052852142604526975e+00
7.785180000000000433e-01	1.951898786056983415e+00
7.844689999999999719e-01	1.935570423674721319e+00
7.904210000000000402e-01	1.822278078084153652e+00
7.963729999999999976e-01	2.145103967474507822e+00
8.023249999999999549e-01	3.087176469589599570e+00
8.082770000000000232e-01	3.483045783415147589e+00
8.142289999999999806e-01	4.374283518955639494e+00
8.201800000000000201e-01	4.965526443205302343e+00
8.261319999999999775e-01	5.213798224204929888e+00
8.320830000000000171e-01	5.040324612192396359e+00
8.380349999999999744e-01	4.820413538053542446e+00
8.439870000000000427e-01	4.208321583263013643e+00
8.499400000000000288e-01	3.918520027177916809e+00
8.558940000000000436e-01	3.453632409408338599e+00
8.618479999999999475e-01	2.976271718161490831e+00
8.678010000000000446e-01	2.582995512386845771e+00
8.737519999999999731e-01	2.536939524831453685e+00
8.797000000000000375e-01	2.624533246814045651e+00
8.856439999999999868e-01	2.856848713742930368e+00
8.915870000000000184e-01	2.837606744250880109e+00
8.975349999999999717e-01	3.082624680236418779e+00
9.034900000000000153e-01	4.077219218357265085e+00
9.094569999999999599e-01	4.037872501551307280e+00
9.154379999999999740e-01	4.220275175447389060e+00
9.214210000000000456e-01	3.673760480309094412e+00
9.273909999999999654e-01	3.761562716457618194e+00
9.333329999999999682e-01	3.424111361561976707e+00
9.392300000000000093e-01	3.449608967061942977e+00
9.450749999999999984e-01	2.889031352968793875e+00
9.509090000000000042e-01	3.157553030162632890e+00
9.567890000000000006e-01	3.420945434898071902e+00
9.627750000000000474e-01	3.692245953861329699e+00
9.689229999999999787e-01	3.725434762178373660e+00
9.752680000000000238e-01	3.177168866937961411e+00
9.816639999999999810e-01	3.411047893548572851e+00
9.878930000000000211e-01	3.053428494788671621e+00
9.937399999999999567e-01	3.084499721736225109e+00
9.989850000000000119e-01	3.071577554076289296e+00
1.003457999999999961e+00	3.459326799272087527e+00
1.007338000000000067e+00	4.061770032306820433e+00
1.010966000000000031e+00	4.720944584456117532e+00
1.014685999999999977e+00	4.551553760292550876e+00
1.018841000000000108e+00	5.630682611825193362e+00
1.023735000000000062e+00	5.317747773963819036e+00
1.029328999999999938e+00	4.742487366447909913e+00
1.035408000000000106e+00	4.648656359943048599e+00
1.041754000000000069e+00	3.678415732667000615e+00
1.048148999999999997e+00	3.190706151240375377e+00
1.054391999999999996e+00	3.229178663618136991e+00
1.060446000000000000e+00	3.485805245619542081e+00
1.066368999999999900e+00	3.513696374912302023e+00
1.072216999999999976e+00	4.055391222601475221e+00
1.078049000000000035e+00	4.031508345385647729e+00
1.083920999999999912e+00	4.897503047711126989e+00
1.089842999999999895e+00	5.033627924835018419e+00
1.095801999999999943e+00	5.278351151984407963e+00
1.101780999999999899e+00	6.055550532398781272e+00
1.107765000000000111e+00	5.931484994618941187e+00
1.113739999999999952e+00	5.707621102974919758e+00
1.119699999999999918e+00	5.604398327057254825e+00
1.125650000000000039e+00	5.347755677681712783e+00
1.131594999999999906e+00	4.951263185756811680e+00
1.137537999999999938e+00	4.960340204171823864e+00
1.143483999999999945e+00	4.737218625934132454e+00
1.149432999999999927e+00	4.745151543117864357e+00
1.155386000000000024e+00	4.792136898393583699e+00
1.161338999999999899e+00	4.900243116745284233e+00
1.167294000000000054e+00	5.264257878805093327e+00
1.173246999999999929e+00	5.501547585793856499e+00
1.179200000000000026e+00	5.734757410766232688e+00
1.185151999999999983e+00	6.412642745975617231e+00
1.191103000000000023e+00	6.761040295185826388e+00
1.197054000000000062e+00	7.258407242259774073e+00
1.203006000000000020e+00	7.915374504297821190e+00
1.208957999999999977e+00	8.033661747453933799e+00
1.214909999999999934e+00	9.048771598861236498e+00
1.220861999999999892e+00	9.169835612311215911e+00
1.226814000000000071e+00	9.386233760501413670e+00
1.232765000000000111e+00	9.364621846866496568e+00
1.238717000000000068e+00	8.825556028815604748e+00
1.244668000000000108e+00	8.570900087550684887e+00
1.250620000000000065e+00	7.452120120384726043e+00
1.256572000000000022e+00	7.199768750854648403e+00
1.262526000000000037e+00	6.923459424214345681e+00
1.268480000000000052e+00	7.518625829993866638e+00
1.274434000000000067e+00	8.363990749149591508e+00
1.280386000000000024e+00	8.528434360281456961e+00
1.286335999999999924e+00	8.979406628256180412e+00
1.292281999999999931e+00	9.212545462236047200e+00
1.298224999999999962e+00	9.445571528073497092e+00
1.304170000000000051e+00	9.065171595091685575e+00
1.310119999999999951e+00	8.852407254711224027e+00
1.316079999999999917e+00	8.262930218146642858e+00
1.322052999999999923e+00	8.622372094555087685e+00
1.328036999999999912e+00	8.630429211428310765e+00
1.334017000000000008e+00	8.941628722553261355e+00
1.339976000000000056e+00	9.010902098966505847e+00
1.345900000000000096e+00	9.635915738428428412e+00
1.351774000000000031e+00	9.549445961086698631e+00
1.357607000000000008e+00	9.610817091724243255e+00
1.363453000000000026e+00	9.518037471202275057e+00
1.369372000000000034e+00	9.683880083379261094e+00
1.375421999999999922e+00	9.835607516079148738e+00
1.381658999999999970e+00	9.979482688131696477e+00
1.388052000000000064e+00	9.677943658800337801e+00
1.394403000000000059e+00	1.013951700378271781e+01
1.400492999999999988e+00	1.087433071827854647e+01
1.406104999999999938e+00	1.090240094214337851e+01
1.411021999999999998e+00	1.140689684533676562e+01
1.415195999999999898e+00	1.202528279630145036e+01
1.418924000000000074e+00	1.247752673617557662e+01
1.422549999999999981e+00	1.280552213059293898e+01
1.426417000000000046e+00	1.346075757344839197e+01
1.430868000000000029e+00	1.328377941357409320e+01
1.436091000000000006e+00	1.390228970247789420e+01
1.441923000000000066e+00	1.432254998899388809e+01
1.448144000000000098e+00	1.469120484812535032e+01
1.454538000000000109e+00	1.414679586130983147e+01
1.460887000000000047e+00	1.372391993906086682e+01
1.467041999999999957e+00	1.325925574620432990e+01
1.473030999999999979e+00	1.255044650259672423e+01
1.478914000000000062e+00	1.151458931764513949e+01
1.484749000000000096e+00	1.082433713076575543e+01
1.490591999999999917e+00	1.062383136899979874e+01
1.496488000000000040e+00	1.050661619189670404e+01
1.502428000000000097e+00	1.076201418037446089e+01
1.508397999999999906e+00	1.103512753307761862e+01
1.514380999999999977e+00	1.140103003592548170e+01
1.520361999999999991e+00	1.140246990552479112e+01
1.526329999999999965e+00	1.149307419863033886e+01
1.532284999999999897e+00	1.121898248735515757e+01
1.538232999999999961e+00	1.129493574276877510e+01
1.544175999999999993e+00	1.112859525611628619e+01
1.550119999999999942e+00	1.113726802093764512e+01
1.556068000000000007e+00	1.145582549914456649e+01
1.562019000000000046e+00	1.183226576990925594e+01
1.567971999999999921e+00	1.242781919755133302e+01
1.573925999999999936e+00	1.267125388012581411e+01
1.579879999999999951e+00	1.318757983634184505e+01
1.585833000000000048e+00	1.279008578739393620e+01
1.591785000000000005e+00	1.255109986666288791e+01
1.597736999999999963e+00	1.147956796577005179e+01
1.603688000000000002e+00	1.126637336420100510e+01
1.609639000000000042e+00	1.125258207398504773e+01
1.615590999999999999e+00	1.057750657265848915e+01
1.621542999999999957e+00	1.078153292272546970e+01
1.627494999999999914e+00	1.086287014678269891e+01
1.633447000000000093e+00	1.144692283630198837e+01
1.639399000000000051e+00	1.213793431467613182e+01
1.645350000000000090e+00	1.228782800945723430e+01
1.651302000000000048e+00	1.281239746087058151e+01
1.657253000000000087e+00	1.298184651871889272e+01
1.663205000000000044e+00	1.358996723804837536e+01
1.669157999999999920e+00	1.334697362591477088e+01
1.675111999999999934e+00	1.378410053372142308e+01
1.681065999999999949e+00	1.356219305781924866e+01
1.687019000000000046e+00	1.314592571669783894e+01
1.692971000000000004e+00	1.330417506164161345e+01
1.698919000000000068e+00	1.300684345219213967e+01
1.704863000000000017e+00	1.294485668501818587e+01
1.710806999999999967e+00	1.364203488868786174e+01
1.716752999999999973e+00	1.356154880314014299e+01
1.722706999999999988e+00	1.487986788416967165e+01
1.728671999999999986e+00	1.542431809495541017e+01
1.734652000000000083e+00	1.613006069370866058e+01
1.740636000000000072e+00	1.646970937675024871e+01
1.746609000000000078e+00	1.676342820845991355e+01
1.752555000000000085e+00	1.706191052533394981e+01
1.758458000000000077e+00	1.731105288198436654e+01
1.764308999999999905e+00	1.691391762307072000e+01
1.770140999999999964e+00	1.727809807673977005e+01
1.776011999999999924e+00	1.700278728549769980e+01
1.781979999999999897e+00	1.620124992368175043e+01
1.788105000000000055e+00	1.687512966855553032e+01
1.794426999999999994e+00	1.637817946433766991e+01
1.800829000000000013e+00	1.725624725862196129e+01
1.807091999999999921e+00	1.724041970697583537e+01
1.813002000000000002e+00	1.808877268828914353e+01
1.818338000000000010e+00	1.877373871884196177e+01
1.822912000000000088e+00	1.894769251165698165e+01
1.826850000000000085e+00	1.920245801448602307e+01
1.830492000000000008e+00	1.898360317457925461e+01
1.834179999999999922e+00	1.916667059259325612e+01
1.838259000000000087e+00	1.913949953292099337e+01
1.843048000000000020e+00	1.894883343490270278e+01
1.848562000000000038e+00	1.889522950015487268e+01
1.854589999999999961e+00	1.888216563616110832e+01
1.860913000000000039e+00	1.876699856637730335e+01
1.867313999999999918e+00	1.911360329396811508e+01
1.873583999999999916e+00	1.854815108702996440e+01
1.879660000000000108e+00	1.914707902807879947e+01
1.885596000000000050e+00	1.953333428135530525e+01
1.891450999999999993e+00	1.979922638729950535e+01
1.897281999999999913e+00	2.022417169706107032e+01
1.903146999999999922e+00	2.061416872718690030e+01
1.909062999999999954e+00	2.072532492351181688e+01
1.915018000000000109e+00	2.085636318649733667e+01
1.920995999999999926e+00	2.110215068637124958e+01
1.926979999999999915e+00	2.133395817783704373e+01
1.932955999999999896e+00	2.198947944491709805e+01
1.938917999999999919e+00	2.233100366141388449e+01
1.944868999999999959e+00	2.330143004590330236e+01
1.950814000000000048e+00	2.394399841441568810e+01
1.956757999999999997e+00	2.427460615236868691e+01
1.962703000000000086e+00	2.476250676568647435e+01
1.968652000000000069e+00	2.453324979361512703e+01
1.974604000000000026e+00	2.449565034762347082e+01
1.980558000000000041e+00	2.477865048202683340e+01
1.986512000000000056e+00	2.509246993339399623e+01
1.992466000000000070e+00	2.493392551138877167e+01
1.998418000000000028e+00	2.571330495572168573e+01
2.004370000000000207e+00	2.644883269885836796e+01
2.010321999999999942e+00	2.712301617596129688e+01
2.016272999999999982e+00	2.760667525081235851e+01
2.022224000000000022e+00	2.801109555067341361e+01
2.028176000000000201e+00	2.766389965695003994e+01
2.034127999999999936e+00	2.732313185736779104e+01
2.040080000000000116e+00	2.708373685741663550e+01
2.046031999999999851e+00	2.717661491931245621e+01
2.051984000000000030e+00	2.716535102268312230e+01
2.057935000000000070e+00	2.717175576358741296e+01
2.063886999999999805e+00	2.760053848436699298e+01
2.069837999999999845e+00	2.836984249981477646e+01
2.075791000000000164e+00	2.913103205525926853e+01
2.081744000000000039e+00	2.963579051448819257e+01
2.087698000000000054e+00	3.014058509278532938e+01
2.093652000000000069e+00	3.089380982203764958e+01
2.099604999999999944e+00	3.093492584248753730e+01
2.105554999999999843e+00	3.067594248811889912e+01
2.111501000000000072e+00	3.113722667546035439e+01
2.117445000000000022e+00	3.161499505930913401e+01
2.123388999999999971e+00	3.125156723155051708e+01
2.129338000000000175e+00	3.162192945693600166e+01
2.135295999999999861e+00	3.209091187964929048e+01
2.141268000000000171e+00	3.226740046865846523e+01
2.147250999999999799e+00	3.280400053230741975e+01
2.153232000000000035e+00	3.320663677365349997e+01
2.159196000000000115e+00	3.401395841345060944e+01
2.165125000000000188e+00	3.433288179235174198e+01
2.171006000000000213e+00	3.423616616891595044e+01
2.176841000000000026e+00	3.472716131900811121e+01
2.182682999999999929e+00	3.440640646177938322e+01
2.188588999999999896e+00	3.442326051143847110e+01
2.194618000000000180e+00	3.397462415566722882e+01
2.200828000000000007e+00	3.352991853368220632e+01
2.207209999999999894e+00	3.366836527218710273e+01
2.213579000000000185e+00	3.335978513417589397e+01
2.219714999999999883e+00	3.350024328363761583e+01
2.225403000000000020e+00	3.326177076508138697e+01
2.230423000000000044e+00	3.274294089544178377e+01
2.234681000000000139e+00	3.244845364121472642e+01
2.238447999999999993e+00	3.168319603011699215e+01
2.242068000000000172e+00	3.091740074464890142e+01
2.245884000000000214e+00	2.992477546734135174e+01
2.250237999999999960e+00	2.951822285632922771e+01
2.255365999999999982e+00	2.956223317736367306e+01
2.261130000000000084e+00	2.975693828291548826e+01
2.267313000000000134e+00	2.940251891302268561e+01
2.273696000000000161e+00	2.963628831790692431e+01
2.280063999999999869e+00	3.008663490759224501e+01
2.286243999999999943e+00	2.946150654663779633e+01
2.292251999999999956e+00	2.957377664293812813e+01
2.298146000000000022e+00	2.936957060446627565e+01
2.303983000000000114e+00	2.869945073104139510e+01
2.309822000000000042e+00	2.795758778964397351e+01
2.315710999999999853e+00	2.833594056748332335e+01
2.321645999999999876e+00	2.816318361270154824e+01
2.327612999999999932e+00	2.792420745654874636e+01
2.333594999999999864e+00	2.854485693879678365e+01
2.339576999999999796e+00	2.865212381751526394e+01
2.345546999999999827e+00	2.913908900758369924e+01
2.351503999999999817e+00	2.933022202611938312e+01
2.357451999999999881e+00	3.001267701779950414e+01
2.363395999999999830e+00	3.016922415248562572e+01
2.369339000000000084e+00	2.997810243227490545e+01
2.375286000000000008e+00	3.022027082385782037e+01
2.381237000000000048e+00	3.048194534137166301e+01
2.387189999999999923e+00	3.016839888142573045e+01
2.393143999999999938e+00	3.009274486506526003e+01
2.399097999999999953e+00	3.021641511645661282e+01
2.405050999999999828e+00	3.059460691513051600e+01
2.411004000000000147e+00	3.113183593614239086e+01
2.416955999999999882e+00	3.134248887714640119e+01
2.422906999999999922e+00	3.163354819110762151e+01
2.428857999999999961e+00	3.170719265414121679e+01
2.434809000000000001e+00	3.238764567911604786e+01
2.440760000000000041e+00	3.255958435301023002e+01
2.446712000000000220e+00	3.244956770383642919e+01
2.452663999999999955e+00	3.215833304952612792e+01
2.458616999999999830e+00	3.256190260117640634e+01
2.464570999999999845e+00	3.206476851288933005e+01
2.470524999999999860e+00	3.203633976733796374e+01
2.476478000000000179e+00	3.292613450133924857e+01
2.482429999999999914e+00	3.340559184168211715e+01
2.488377999999999979e+00	3.327172205094227309e+01
2.494323000000000068e+00	3.372610997817813683e+01
2.500265999999999877e+00	3.359756175747638451e+01
2.506212000000000106e+00	3.427040079606906886e+01
2.512164999999999981e+00	3.444619994598096469e+01
2.518129000000000062e+00	3.522426961736460527e+01
2.524108000000000018e+00	3.604024921849209306e+01
2.530091999999999786e+00	3.759353789958912273e+01
2.536067000000000071e+00	3.866096347514749709e+01
2.542015999999999831e+00	3.993039393042430873e+01
2.547924000000000078e+00	4.159707412667537341e+01
2.553779000000000021e+00	4.320530404566567739e+01
2.559610000000000163e+00	4.380557812775808202e+01
2.565475000000000172e+00	4.464372805374411968e+01
2.571432000000000162e+00	4.514071097990993309e+01
2.577539999999999942e+00	4.533448539251462961e+01
2.583845999999999865e+00	4.510557271764729848e+01
2.590249000000000024e+00	4.425521775324767759e+01
2.596534000000000120e+00	4.383195998223919787e+01
2.602485000000000159e+00	4.246259026738783859e+01
2.607883000000000173e+00	4.077235622252442937e+01
2.612527000000000044e+00	3.857661386239359302e+01
2.616509000000000196e+00	3.737797891697820063e+01
2.620163999999999938e+00	3.519431117946885479e+01
2.623834000000000000e+00	3.329149129473535851e+01
2.627863000000000060e+00	3.202404094413089553e+01
2.632579999999999920e+00	3.120806903003999011e+01
2.638037000000000187e+00	3.081771010935780097e+01
2.644026000000000209e+00	3.040421666849563920e+01
2.650332000000000132e+00	3.075137730712595641e+01
2.656734000000000151e+00	3.042438553521461131e+01
2.663022999999999918e+00	3.008778201419421094e+01
2.669115000000000126e+00	2.944300935364434935e+01
2.675060999999999911e+00	2.876169905518586134e+01
2.680919999999999970e+00	2.774182811487373712e+01
2.686751000000000111e+00	2.784451851673012612e+01
2.692610999999999866e+00	2.770721395130885867e+01
2.698523999999999923e+00	2.847251535203850281e+01
2.704476000000000102e+00	2.997172466294844284e+01
2.710452000000000083e+00	3.161365540339738089e+01
2.716435999999999851e+00	3.328660659070423833e+01
2.722412999999999972e+00	3.492791411569749727e+01
2.728375999999999912e+00	3.584195693878791644e+01
2.734328000000000092e+00	3.703105506297598026e+01
2.740273999999999877e+00	3.765465117665792150e+01
2.746217000000000130e+00	3.816602878111882546e+01
2.752162000000000219e+00	3.797188895667711961e+01
2.758110999999999979e+00	3.705093109521548200e+01
2.764063000000000159e+00	3.625987120502306738e+01
2.770016000000000034e+00	3.549568501687683408e+01
2.775971000000000188e+00	3.527630626695036398e+01
2.781924000000000063e+00	3.562651612073083385e+01
2.787876999999999938e+00	3.715484941298241495e+01
2.793829000000000118e+00	3.881436775631974712e+01
2.799780999999999853e+00	4.015223062288779943e+01
2.805731999999999893e+00	4.050551236682805012e+01
2.811682999999999932e+00	4.010374502132564345e+01
2.817635000000000112e+00	3.768016282077336854e+01
2.823586999999999847e+00	3.433719430532013206e+01
2.829539000000000026e+00	2.968855712217795784e+01
2.835491000000000206e+00	2.459238713391919973e+01
2.841442999999999941e+00	1.875576257863599849e+01
2.847395000000000120e+00	1.259824207836012988e+01
2.853346999999999856e+00	7.297112381805031411e+00
2.859299000000000035e+00	3.290323590092699035e+00
2.865251000000000214e+00	1.205618180101515335e+00
2.871201999999999810e+00	1.612502075819541636e+00
2.877153999999999989e+00	4.775505338098625430e+00
2.883106000000000169e+00	9.632424112676154948e+00
2.889057999999999904e+00	1.515050726938913428e+01
2.895010000000000083e+00	2.009255896934509522e+01
2.900961999999999819e+00	2.409927101921204340e+01
2.906913999999999998e+00	2.661463220593048362e+01
2.912866000000000177e+00	2.730250211912118985e+01
2.918817999999999913e+00	2.614568494857888936e+01
2.924770000000000092e+00	2.447527938283002058e+01
2.930721000000000132e+00	2.195302247333205514e+01
2.936672999999999867e+00	1.965274112705989040e+01
2.942625000000000046e+00	1.762656675061011669e+01
2.948576999999999781e+00	1.560866596880583401e+01
2.954528999999999961e+00	1.504173315819132917e+01
2.960481000000000140e+00	1.574822824748403782e+01
2.966432999999999875e+00	1.790050537147369525e+01
2.972385000000000055e+00	2.176790736226183753e+01
2.978336999999999790e+00	2.575846331163311120e+01
2.984288999999999970e+00	2.938325492496047886e+01
2.990240000000000009e+00	3.351192220581059189e+01
2.996192000000000188e+00	3.647480205852588142e+01
3.002143999999999924e+00	3.775300738232651554e+01
3.008096000000000103e+00	3.719909715276076412e+01
3.014047999999999838e+00	3.442338871914265042e+01
3.020000000000000018e+00	2.861471645791407425e+01
