1.199999999999999956e-01	-2.554333289994224820e+00
1.249780000000000058e-01	-1.346467804831908976e+00
1.305999999999999939e-01	-2.677102201462086550e-01
1.367059999999999942e-01	5.703326303512940010e-01
1.431360000000000132e-01	1.446583552891653301e+00
1.497320000000000040e-01	2.325678316568210668e+00
1.563350000000000017e-01	2.941152358116504661e+00
1.627850000000000130e-01	3.365547435351758931e+00
1.689219999999999888e-01	3.819190678280194540e+00
1.745889999999999942e-01	4.104942154411673982e+00
1.796250000000000069e-01	3.672284339747055260e+00
1.839349999999999874e-01	3.528977908683204046e+00
1.877439999999999942e-01	2.990927689905638953e+00
1.913779999999999926e-01	2.672043846884269325e+00
1.951660000000000061e-01	2.164403696223947460e+00
1.994340000000000002e-01	1.933816531506622027e+00
2.044499999999999929e-01	1.943010908329949604e+00
2.101250000000000062e-01	2.588418351967342268e+00
2.162479999999999958e-01	3.058199154838489253e+00
2.226049999999999973e-01	3.863396277676499402e+00
2.289819999999999911e-01	4.505522101753421715e+00
2.351930000000000132e-01	4.864449498729457311e+00
2.412249999999999950e-01	4.923106363929407259e+00
2.471349999999999936e-01	4.867056474924378762e+00
2.529799999999999827e-01	4.576633755925715974e+00
2.588170000000000193e-01	4.208549513918942608e+00
2.646970000000000156e-01	4.093424769435555000e+00
2.706259999999999777e-01	3.772008121324104124e+00
2.765880000000000005e-01	3.571487254131619604e+00
2.825679999999999858e-01	3.131815621227949542e+00
2.885510000000000019e-01	2.744057385581003761e+00
2.945229999999999793e-01	1.868923159694015013e+00
3.004809999999999981e-01	1.084397227054815227e+00
3.064310000000000089e-01	6.211206821561534586e-01
3.123750000000000138e-01	3.126029749519640411e-01
3.183190000000000186e-01	8.226792782886883926e-02
3.242650000000000254e-01	6.327165301571727740e-01
3.302149999999999808e-01	1.647906440856240273e+00
3.361680000000000224e-01	2.608147173387818540e+00
3.421210000000000084e-01	3.452447606817864667e+00
3.480759999999999965e-01	4.118215101109270471e+00
3.540289999999999826e-01	4.256423086424590885e+00
3.599809999999999954e-01	3.738807136905765383e+00
3.659330000000000083e-01	2.958370493721562688e+00
3.718839999999999923e-01	2.165825465236031810e+00
3.778360000000000052e-01	1.253257998126661388e+00
3.837869999999999893e-01	8.567904093190319426e-01
3.897390000000000021e-01	8.233640163137631029e-01
3.956910000000000149e-01	8.842284576478827152e-01
4.016429999999999723e-01	1.303241706498291741e+00
4.075949999999999851e-01	1.629071139989912931e+00
4.135469999999999979e-01	1.984702720620366234e+00
4.194979999999999820e-01	2.599060522232554238e+00
4.254499999999999948e-01	2.684524237202425390e+00
4.314009999999999789e-01	3.171898336522387840e+00
4.373540000000000205e-01	3.260658046886469652e+00
4.433079999999999798e-01	3.307733659420760919e+00
4.492619999999999947e-01	3.434071846622795743e+00
4.552160000000000095e-01	3.422005706122957402e+00
4.611680000000000224e-01	3.191435997062901375e+00
4.671170000000000044e-01	2.542787303496516937e+00
4.730619999999999825e-01	1.693314739818110315e+00
4.790059999999999873e-01	9.939087384107061496e-01
4.849510000000000209e-01	-2.228851042417276385e-01
4.909020000000000050e-01	-6.464053739244255414e-01
4.968629999999999991e-01	-7.044635601139181968e-01
5.028390000000000359e-01	1.461720658995588618e-01
5.088230000000000253e-01	1.295610357465642348e+00
5.148009999999999531e-01	3.110238644448372725e+00
5.207570000000000254e-01	4.861705865667542703e+00
5.266750000000000043e-01	6.115100811880235021e+00
5.325410000000000421e-01	6.570596916894351658e+00
5.383719999999999617e-01	6.122712561188635938e+00
5.442249999999999588e-01	5.198122202184795704e+00
5.501580000000000359e-01	3.918081550401438129e+00
5.562289999999999734e-01	2.420328741211998924e+00
5.624930000000000208e-01	1.687456765242717482e+00
5.688929999999999820e-01	1.093846461968140726e+00
5.752220000000000111e-01	1.044215083012491441e+00
5.812610000000000277e-01	1.388326397837879034e+00
5.867949999999999555e-01	1.676797349972450224e+00
5.916080000000000227e-01	2.250730987226042590e+00
5.957040000000000113e-01	2.801161311504214879e+00
5.993990000000000151e-01	3.499184664321060456e+00
6.030370000000000452e-01	3.895677934889914429e+00
6.069609999999999728e-01	4.139510915316886752e+00
6.115110000000000268e-01	3.984429148816744259e+00
6.168270000000000142e-01	3.729120830013445076e+00
6.227219999999999978e-01	3.055969476765318937e+00
6.289789999999999548e-01	2.703297374061099934e+00
6.353790000000000271e-01	2.220121191113265446e+00
6.417070000000000274e-01	1.530337149961304100e+00
6.478369999999999962e-01	1.303267873377793151e+00
6.538089999999999735e-01	1.081078000578910903e+00
6.596819999999999906e-01	1.036139678712746370e+00
6.655140000000000500e-01	1.257502456813949676e+00
6.713630000000000431e-01	1.684114248517299739e+00
6.772660000000000347e-01	1.900314904839238261e+00
6.832110000000000127e-01	2.344273381018413538e+00
6.891829999999999901e-01	2.632438508240077635e+00
6.951669999999999794e-01	2.895674669821520997e+00
7.011469999999999647e-01	2.906433765489424559e+00
7.071119999999999628e-01	2.816586921763657436e+00
7.130670000000000064e-01	2.374206018541876517e+00
7.190130000000000132e-01	2.209263003106292977e+00
7.249569999999999625e-01	1.880834667703894070e+00
7.309010000000000229e-01	1.961310325372834118e+00
7.368489999999999762e-01	2.224684139305197927e+00
7.428000000000000158e-01	2.510162760459770936e+00
7.487530000000000019e-01	2.844584085405228890e+00
7.547080000000000455e-01	3.676366549169415521e+00
7.606619999999999493e-01	3.646124331687337072e+00
7.666140000000000176e-01	3.540885675779571251e+00
7.725670000000000037e-01	3.446451104952113820e+00
7.785180000000000433e-01	3.056723647913915709e+00
7.844689999999999719e-01	2.845993101365569267e+00
7.904210000000000402e-01	2.616923473647476239e+00
7.963729999999999976e-01	2.743191160035430620e+00
8.023249999999999549e-01	3.060289751425344651e+00
8.082770000000000232e-01	3.349528375190458984e+00
8.142289999999999806e-01	3.644908553256377193e+00
8.201800000000000201e-01	3.640946759121749920e+00
8.261319999999999775e-01	3.467696604173186703e+00
8.320830000000000171e-01	3.238690630380592683e+00
8.380349999999999744e-01	3.143265797338432144e+00
8.439870000000000427e-01	2.716573143325330175e+00
8.499400000000000288e-01	2.535168215273698955e+00
8.558940000000000436e-01	2.431036809310656466e+00
8.618479999999999475e-01	2.452764611330952249e+00
8.678010000000000446e-01	2.518699993913612545e+00
8.737519999999999731e-01	2.928573842026024998e+00
8.797000000000000375e-01	3.105111863284494067e+00
8.856439999999999868e-01	3.412000539903748297e+00
8.915870000000000184e-01	3.655150659924844447e+00
8.975349999999999717e-01	3.994644221258317973e+00
9.034900000000000153e-01	4.297570041080085446e+00
9.094569999999999599e-01	4.391751018210066526e+00
9.154379999999999740e-01	4.220983615394789723e+00
9.214210000000000456e-01	4.232929325129116904e+00
9.273909999999999654e-01	4.012622549201163125e+00
9.333329999999999682e-01	3.546221461256557017e+00
9.392300000000000093e-01	3.446101676001506409e+00
9.450749999999999984e-01	3.119753480313453231e+00
9.509090000000000042e-01	2.974030213583397142e+00
9.567890000000000006e-01	2.576347188134423760e+00
9.627750000000000474e-01	2.172931662440694911e+00
9.689229999999999787e-01	2.389691809960683866e+00
9.752680000000000238e-01	2.372752464743216105e+00
9.816639999999999810e-01	2.408980069867598495e+00
9.878930000000000211e-01	2.757486393959312387e+00
9.937399999999999567e-01	2.812305780512915465e+00
9.989850000000000119e-01	2.492740343871330033e+00
1.003457999999999961e+00	2.484357040807088080e+00
1.007338000000000067e+00	1.992064253773377702e+00
1.010966000000000031e+00	1.444598355157868497e+00
1.014685999999999977e+00	1.216692461132683478e+00
1.018841000000000108e+00	8.417529261684757458e-01
1.023735000000000062e+00	1.125825266657263901e+00
1.029328999999999938e+00	1.647510318831383103e+00
1.035408000000000106e+00	2.284059389232022230e+00
1.041754000000000069e+00	2.773159659541963418e+00
1.048148999999999997e+00	3.297426998962488920e+00
1.054391999999999996e+00	3.675430626708164450e+00
1.060446000000000000e+00	4.108135263015498140e+00
1.066368999999999900e+00	4.170004433514637121e+00
1.072216999999999976e+00	3.983838957157220584e+00
1.078049000000000035e+00	3.791611447894200904e+00
1.083920999999999912e+00	3.843936591758542853e+00
1.089842999999999895e+00	3.480920947375247820e+00
1.095801999999999943e+00	3.390114153237526740e+00
1.101780999999999899e+00	3.054289691336247614e+00
1.107765000000000111e+00	3.199712123506546657e+00
1.113739999999999952e+00	3.087433822966936248e+00
1.119699999999999918e+00	2.932084448892766204e+00
1.125650000000000039e+00	3.013762749935695595e+00
1.131594999999999906e+00	3.041790572966669881e+00
1.137537999999999938e+00	3.219838955596589170e+00
1.143483999999999945e+00	3.309889459916495635e+00
1.149432999999999927e+00	3.806055019425330865e+00
1.155386000000000024e+00	3.850189589699647197e+00
1.161338999999999899e+00	4.105626129807382618e+00
1.167294000000000054e+00	4.307848162608314269e+00
1.173246999999999929e+00	4.100566450450978451e+00
1.179200000000000026e+00	3.923957629585834272e+00
1.185151999999999983e+00	3.727012810223463646e+00
1.191103000000000023e+00	3.610350890620574571e+00
1.197054000000000062e+00	3.357635083562588107e+00
1.203006000000000020e+00	3.529782010397499725e+00
1.208957999999999977e+00	3.495083459421426397e+00
1.214909999999999934e+00	3.812199587351143837e+00
1.220861999999999892e+00	3.808563933404746304e+00
1.226814000000000071e+00	4.414183503370934680e+00
1.232765000000000111e+00	4.581536648378571996e+00
1.238717000000000068e+00	5.248889553412642073e+00
1.244668000000000108e+00	5.673748489274874629e+00
1.250620000000000065e+00	5.970583444131881024e+00
1.256572000000000022e+00	6.337489870461565644e+00
1.262526000000000037e+00	6.575182365963720521e+00
1.268480000000000052e+00	6.860294771581483708e+00
1.274434000000000067e+00	7.017797872268602966e+00
1.280386000000000024e+00	7.066883337675569976e+00
1.286335999999999924e+00	7.294331211191227737e+00
1.292281999999999931e+00	7.156454381662705089e+00
1.298224999999999962e+00	7.164446978457647219e+00
1.304170000000000051e+00	6.880961560412248268e+00
1.310119999999999951e+00	6.969777528305115766e+00
1.316079999999999917e+00	6.522258505795647032e+00
1.322052999999999923e+00	6.449054724671849037e+00
1.328036999999999912e+00	6.276275813327356623e+00
1.334017000000000008e+00	6.189112034100514137e+00
1.339976000000000056e+00	6.005931060986189785e+00
1.345900000000000096e+00	5.837864433636536177e+00
1.351774000000000031e+00	6.160677243405080716e+00
1.357607000000000008e+00	6.373256720815425602e+00
1.363453000000000026e+00	6.668754188211235778e+00
1.369372000000000034e+00	6.946830054276422750e+00
1.375421999999999922e+00	7.023743498707770705e+00
1.381658999999999970e+00	6.901315183626429040e+00
1.388052000000000064e+00	6.564879226225627029e+00
1.394403000000000059e+00	6.218446160444235815e+00
1.400492999999999988e+00	5.558691395664862256e+00
1.406104999999999938e+00	5.064787049463402191e+00
1.411021999999999998e+00	5.232300585131239856e+00
1.415195999999999898e+00	5.866311144733451499e+00
1.418924000000000074e+00	6.502653029945970609e+00
1.422549999999999981e+00	7.501015296369567764e+00
1.426417000000000046e+00	8.497130822131467198e+00
1.430868000000000029e+00	9.785028214382512246e+00
1.436091000000000006e+00	1.017978169490819873e+01
1.441923000000000066e+00	1.063296831300557166e+01
1.448144000000000098e+00	1.100223449971635326e+01
1.454538000000000109e+00	1.076077385078110815e+01
1.460887000000000047e+00	1.059083285581718137e+01
1.467041999999999957e+00	9.977497847969932110e+00
1.473030999999999979e+00	9.433786142211513237e+00
1.478914000000000062e+00	8.450274794346881890e+00
1.484749000000000096e+00	7.814349054312513587e+00
1.490591999999999917e+00	7.403209768094411558e+00
1.496488000000000040e+00	7.126349397764189852e+00
1.502428000000000097e+00	7.096105367284160970e+00
1.508397999999999906e+00	7.264081220966229324e+00
1.514380999999999977e+00	7.441019191136960309e+00
1.520361999999999991e+00	7.012710673172545484e+00
1.526329999999999965e+00	6.722796496611008976e+00
1.532284999999999897e+00	6.565529531202529689e+00
1.538232999999999961e+00	6.089384794512673338e+00
1.544175999999999993e+00	5.699984315563403570e+00
1.550119999999999942e+00	5.563539967089513816e+00
1.556068000000000007e+00	6.036744501532936624e+00
1.562019000000000046e+00	6.616942781880930546e+00
1.567971999999999921e+00	7.053039722845036330e+00
1.573925999999999936e+00	7.660744516410683325e+00
1.579879999999999951e+00	8.194355903758335558e+00
1.585833000000000048e+00	8.262921328318991954e+00
1.591785000000000005e+00	8.204777949345231747e+00
1.597736999999999963e+00	7.645516003757760970e+00
1.603688000000000002e+00	7.310193425013790325e+00
1.609639000000000042e+00	6.566428964874738483e+00
1.615590999999999999e+00	6.114387957320195355e+00
1.621542999999999957e+00	5.953081656485894158e+00
1.627494999999999914e+00	5.610822541301597965e+00
1.633447000000000093e+00	5.528906523198116041e+00
1.639399000000000051e+00	5.575652608552148948e+00
1.645350000000000090e+00	5.532132469900520988e+00
1.651302000000000048e+00	5.703582199286689303e+00
1.657253000000000087e+00	5.941308508536452315e+00
1.663205000000000044e+00	6.586909222261061458e+00
1.669157999999999920e+00	7.195756052872975594e+00
1.675111999999999934e+00	7.881979243306560079e+00
1.681065999999999949e+00	9.091200168183110719e+00
1.687019000000000046e+00	9.770091055845860240e+00
1.692971000000000004e+00	1.059328283377101343e+01
1.698919000000000068e+00	1.065763067014857768e+01
1.704863000000000017e+00	1.044460188253962052e+01
1.710806999999999967e+00	9.981228174422573929e+00
1.716752999999999973e+00	9.261976949268946768e+00
1.722706999999999988e+00	8.842643213286919490e+00
1.728671999999999986e+00	8.922967574148120917e+00
1.734652000000000083e+00	9.520033877479487927e+00
1.740636000000000072e+00	1.080206626188681440e+01
1.746609000000000078e+00	1.238822105708514165e+01
1.752555000000000085e+00	1.380486745714992480e+01
1.758458000000000077e+00	1.488693589681200358e+01
1.764308999999999905e+00	1.496018158943719278e+01
1.770140999999999964e+00	1.454303647859718218e+01
1.776011999999999924e+00	1.387464084884746995e+01
1.781979999999999897e+00	1.254859488334512641e+01
1.788105000000000055e+00	1.141656837465269980e+01
1.794426999999999994e+00	1.087374966210994032e+01
1.800829000000000013e+00	1.001110555605346519e+01
1.807091999999999921e+00	9.788477244112920417e+00
1.813002000000000002e+00	9.434041200616567480e+00
1.818338000000000010e+00	9.272227295588228557e+00
1.822912000000000088e+00	8.993008356197108810e+00
1.826850000000000085e+00	8.209852505780023790e+00
1.830492000000000008e+00	8.015227463111555650e+00
1.834179999999999922e+00	7.554392373814344808e+00
1.838259000000000087e+00	7.307288850801907820e+00
1.843048000000000020e+00	7.490554938438890531e+00
1.848562000000000038e+00	7.604977088743834379e+00
1.854589999999999961e+00	8.084699565782221597e+00
1.860913000000000039e+00	8.646143258118421215e+00
1.867313999999999918e+00	8.876911545045299334e+00
1.873583999999999916e+00	9.402077959866547374e+00
1.879660000000000108e+00	9.663615393820284893e+00
1.885596000000000050e+00	9.933045744609309224e+00
1.891450999999999993e+00	1.026722983452872384e+01
1.897281999999999913e+00	1.043516198605841439e+01
1.903146999999999922e+00	1.031907987799232984e+01
1.909062999999999954e+00	1.004543767974228352e+01
1.915018000000000109e+00	9.832676568612285450e+00
1.920995999999999926e+00	9.674963139015471114e+00
1.926979999999999915e+00	1.007483094308770788e+01
1.932955999999999896e+00	1.039716078041708158e+01
1.938917999999999919e+00	1.125634309983238701e+01
1.944868999999999959e+00	1.214957231705809093e+01
1.950814000000000048e+00	1.291128130609245162e+01
1.956757999999999997e+00	1.364681833048975612e+01
1.962703000000000086e+00	1.410458648716528529e+01
1.968652000000000069e+00	1.414248982949700917e+01
1.974604000000000026e+00	1.401041759933677966e+01
1.980558000000000041e+00	1.350865209222027374e+01
1.986512000000000056e+00	1.334515354747852456e+01
1.992466000000000070e+00	1.321512771305062017e+01
1.998418000000000028e+00	1.330562762037536118e+01
2.004370000000000207e+00	1.308901059934209243e+01
2.010321999999999942e+00	1.337740038434214895e+01
2.016272999999999982e+00	1.362439115801405976e+01
2.022224000000000022e+00	1.366633230390598364e+01
2.028176000000000201e+00	1.343281950651744872e+01
2.034127999999999936e+00	1.337883576977282374e+01
2.040080000000000116e+00	1.382688375513493995e+01
2.046031999999999851e+00	1.442868727680742857e+01
2.051984000000000030e+00	1.539738288079615103e+01
2.057935000000000070e+00	1.702430227638275539e+01
2.063886999999999805e+00	1.907151168380848105e+01
2.069837999999999845e+00	2.195986353995778728e+01
2.075791000000000164e+00	2.445079452894937688e+01
2.081744000000000039e+00	2.727098072113757254e+01
2.087698000000000054e+00	2.984175667333646231e+01
2.093652000000000069e+00	3.225572534540220460e+01
2.099604999999999944e+00	3.407699265153932089e+01
2.105554999999999843e+00	3.471645356375091751e+01
2.111501000000000072e+00	3.419724914589267684e+01
2.117445000000000022e+00	3.221800968100289708e+01
2.123388999999999971e+00	2.932828872308457235e+01
2.129338000000000175e+00	2.602039128418853764e+01
2.135295999999999861e+00	2.263930314490017892e+01
2.141268000000000171e+00	1.966607717597874228e+01
2.147250999999999799e+00	1.757940579347495458e+01
2.153232000000000035e+00	1.613868809446411490e+01
2.159196000000000115e+00	1.510296469986372792e+01
2.165125000000000188e+00	1.483204382001397903e+01
2.171006000000000213e+00	1.474974589828878990e+01
2.176841000000000026e+00	1.500796524966810708e+01
2.182682999999999929e+00	1.539698001949887285e+01
2.188588999999999896e+00	1.630773079410739612e+01
2.194618000000000180e+00	1.718983907336959760e+01
2.200828000000000007e+00	1.819384673866179369e+01
2.207209999999999894e+00	1.912280097242205912e+01
2.213579000000000185e+00	1.985090422087841588e+01
2.219714999999999883e+00	2.046295520769760756e+01
2.225403000000000020e+00	2.072267643523696989e+01
2.230423000000000044e+00	2.021635893050290278e+01
2.234681000000000139e+00	1.935772984176131928e+01
2.238447999999999993e+00	1.767584375304189592e+01
2.242068000000000172e+00	1.593379241890034947e+01
2.245884000000000214e+00	1.396214567590017275e+01
2.250237999999999960e+00	1.247938858079333713e+01
2.255365999999999982e+00	1.106909310233947252e+01
2.261130000000000084e+00	1.000252363691805435e+01
2.267313000000000134e+00	9.548397898227531044e+00
2.273696000000000161e+00	9.355159147103330852e+00
2.280063999999999869e+00	9.629140799438202336e+00
2.286243999999999943e+00	1.037927102293514636e+01
2.292251999999999956e+00	1.153052332995624418e+01
2.298146000000000022e+00	1.320834317325782337e+01
2.303983000000000114e+00	1.516762301077129571e+01
2.309822000000000042e+00	1.732502637301316639e+01
2.315710999999999853e+00	2.004535572506330610e+01
2.321645999999999876e+00	2.240445103761720347e+01
2.327612999999999932e+00	2.459108917243771231e+01
2.333594999999999864e+00	2.583973853683253807e+01
2.339576999999999796e+00	2.642163300387145952e+01
2.345546999999999827e+00	2.565868294013869999e+01
2.351503999999999817e+00	2.418697443532608915e+01
2.357451999999999881e+00	2.200688370792270021e+01
2.363395999999999830e+00	1.909921434186826161e+01
2.369339000000000084e+00	1.649402564964176676e+01
2.375286000000000008e+00	1.425531396080948987e+01
2.381237000000000048e+00	1.248106104563064811e+01
2.387189999999999923e+00	1.126928281010773247e+01
2.393143999999999938e+00	1.016796629200785418e+01
2.399097999999999953e+00	9.600027952410465915e+00
2.405050999999999828e+00	9.252910828248657182e+00
2.411004000000000147e+00	9.517075992005151974e+00
2.416955999999999882e+00	1.003873788552470003e+01
2.422906999999999922e+00	1.125987812170930091e+01
2.428857999999999961e+00	1.273980735248685114e+01
2.434809000000000001e+00	1.463065889259659258e+01
2.440760000000000041e+00	1.681368490372448221e+01
2.446712000000000220e+00	1.886880679296264418e+01
2.452663999999999955e+00	2.033436394558538396e+01
2.458616999999999830e+00	2.084689222940827946e+01
2.464570999999999845e+00	2.008518585995333794e+01
2.470524999999999860e+00	1.886757356496847393e+01
2.476478000000000179e+00	1.781014486541126374e+01
2.482429999999999914e+00	1.749257935096195382e+01
2.488377999999999979e+00	1.882326377511882143e+01
2.494323000000000068e+00	2.297423980646698638e+01
2.500265999999999877e+00	2.902494648802111143e+01
2.506212000000000106e+00	3.545024223811810060e+01
2.512164999999999981e+00	4.149146605797628240e+01
2.518129000000000062e+00	4.544268765776704555e+01
2.524108000000000018e+00	4.576271489325829833e+01
2.530091999999999786e+00	4.366118916378876946e+01
2.536067000000000071e+00	3.969299364895267246e+01
2.542015999999999831e+00	3.510349438725108229e+01
2.547924000000000078e+00	3.151250086123443594e+01
2.553779000000000021e+00	2.953845359893636768e+01
2.559610000000000163e+00	2.945857468428863157e+01
2.565475000000000172e+00	3.062956720959063261e+01
2.571432000000000162e+00	3.148727552645755523e+01
2.577539999999999942e+00	3.253940746514339111e+01
2.583845999999999865e+00	3.208443834799680872e+01
2.590249000000000024e+00	3.010849751448256839e+01
2.596534000000000120e+00	2.725162002483506996e+01
2.602485000000000159e+00	2.467817078048017621e+01
2.607883000000000173e+00	2.256598417587625249e+01
2.612527000000000044e+00	2.140079784372539251e+01
2.616509000000000196e+00	2.152813822877955019e+01
2.620163999999999938e+00	2.273641244443893328e+01
2.623834000000000000e+00	2.418897745635345586e+01
2.627863000000000060e+00	2.620785021261260894e+01
2.632579999999999920e+00	2.864514577197494916e+01
2.638037000000000187e+00	3.036216248274823570e+01
2.644026000000000209e+00	3.166322985883363827e+01
2.650332000000000132e+00	3.165660348528118462e+01
2.656734000000000151e+00	3.033423381022653231e+01
2.663022999999999918e+00	2.665357299327915896e+01
2.669115000000000126e+00	2.135313351215747346e+01
2.675060999999999911e+00	1.505001718944082079e+01
2.680919999999999970e+00	8.633483548364695892e+00
2.686751000000000111e+00	2.473605428270215789e+00
2.692610999999999866e+00	-2.532393113508416782e+00
2.698523999999999923e+00	-5.772180879098061546e+00
2.704476000000000102e+00	-7.826333205163717999e+00
2.710452000000000083e+00	-8.675339693120960760e+00
2.716435999999999851e+00	-8.533659277987926117e+00
2.722412999999999972e+00	-7.726225804556553278e+00
2.728375999999999912e+00	-6.693222364510433842e+00
2.734328000000000092e+00	-4.622128473357714817e+00
2.740273999999999877e+00	-1.855599988964825808e+00
2.746217000000000130e+00	1.669370888221352267e+00
2.752162000000000219e+00	6.194233428706075628e+00
2.758110999999999979e+00	1.144210352939034969e+01
2.764063000000000159e+00	1.705446197366228489e+01
2.770016000000000034e+00	2.172897557397868340e+01
2.775971000000000188e+00	2.537798023736828767e+01
2.781924000000000063e+00	2.743902020152123100e+01
2.787876999999999938e+00	2.702153645743959487e+01
2.793829000000000118e+00	2.516103134404415087e+01
2.799780999999999853e+00	2.169739321240404450e+01
2.805731999999999893e+00	1.759368250446788196e+01
2.811682999999999932e+00	1.247402734907212540e+01
2.817635000000000112e+00	7.538094990855803701e+00
2.823586999999999847e+00	2.793743872177827825e+00
2.829539000000000026e+00	-2.535621500227427383e-01
2.835491000000000206e+00	-1.231274755400704635e+00
2.841442999999999941e+00	1.013241593856210265e+00
2.847395000000000120e+00	5.787282723191662370e+00
2.853346999999999856e+00	1.279637045165845599e+01
2.859299000000000035e+00	1.980437672051379394e+01
2.865251000000000214e+00	2.628851015352264398e+01
2.871201999999999810e+00	2.986430581039235221e+01
2.877153999999999989e+00	3.021050819275471255e+01
2.883106000000000169e+00	2.765643738440271804e+01
2.889057999999999904e+00	2.345916696988242478e+01
2.895010000000000083e+00	1.797992173269022587e+01
2.900961999999999819e+00	1.164402233788078966e+01
2.906913999999999998e+00	5.819019922016119395e+00
2.912866000000000177e+00	5.566952007050584017e-01
2.918817999999999913e+00	-3.451861297313518318e+00
2.924770000000000092e+00	-5.324730758253006790e+00
2.930721000000000132e+00	-4.724410530471708114e+00
2.936672999999999867e+00	-1.619256331360817924e+00
2.942625000000000046e+00	3.532244584712011637e+00
2.948576999999999781e+00	8.477218579895758666e+00
2.954528999999999961e+00	1.265755229918235081e+01
2.960481000000000140e+00	1.432027217459161861e+01
2.966432999999999875e+00	1.288773161309341297e+01
2.972385000000000055e+00	9.078920693063038172e+00
2.978336999999999790e+00	3.622980192904963204e+00
2.984288999999999970e+00	-2.309811153509482740e+00
2.990240000000000009e+00	-7.279344064955241222e+00
2.996192000000000188e+00	-1.086996808585005603e+01
3.002143999999999924e+00	-1.169726719862984687e+01
3.008096000000000103e+00	-8.767299589468972698e+00
3.014047999999999838e+00	-1.091813492621032111e+00
3.020000000000000018e+00	1.209756605186010781e+01
