1.199999999999999956e-01	1.794647000000000103e+00
1.249780000000000058e-01	1.964892000000000083e+00
1.305999999999999939e-01	2.112506000000000217e+00
1.367059999999999942e-01	2.231632999999999978e+00
1.431360000000000132e-01	2.316422000000000203e+00
1.497320000000000040e-01	2.361015999999999782e+00
1.563350000000000017e-01	2.359561999999999937e+00
1.627850000000000130e-01	2.306204999999999838e+00
1.689219999999999888e-01	2.195092999999999961e+00
1.745889999999999942e-01	2.020370000000000221e+00
1.796250000000000069e-01	1.776181999999999928e+00
1.839349999999999874e-01	1.466585000000000027e+00
1.877439999999999942e-01	1.146185999999999927e+00
1.913779999999999926e-01	8.856749999999999901e-01
1.951660000000000061e-01	7.557490000000000041e-01
1.994340000000000002e-01	8.271030000000000326e-01
2.044499999999999929e-01	1.146714999999999929e+00
2.101250000000000062e-01	1.624652999999999903e+00
2.162479999999999958e-01	2.121970000000000134e+00
2.226049999999999973e-01	2.499659999999999993e+00
2.289819999999999911e-01	2.618713000000000068e+00
2.351930000000000132e-01	2.371944000000000052e+00
2.412249999999999950e-01	1.860382999999999898e+00
2.471349999999999936e-01	1.268790000000000084e+00
2.529799999999999827e-01	7.821500000000000119e-01
2.588170000000000193e-01	5.854530000000000012e-01
2.646970000000000156e-01	8.299480000000000190e-01
2.706259999999999777e-01	1.415934000000000026e+00
2.765880000000000005e-01	2.130590999999999902e+00
2.825679999999999858e-01	2.760555000000000092e+00
2.885510000000000019e-01	3.092458000000000151e+00
2.945229999999999793e-01	2.945224000000000064e+00
3.004809999999999981e-01	2.411814000000000124e+00
3.064310000000000089e-01	1.723378999999999994e+00
3.123750000000000138e-01	1.112128999999999923e+00
3.183190000000000186e-01	8.102749999999999675e-01
3.242650000000000254e-01	1.021946999999999939e+00
3.302149999999999808e-01	1.678156999999999899e+00
3.361680000000000224e-01	2.556105000000000071e+00
3.421210000000000084e-01	3.431270000000000042e+00
3.480759999999999965e-01	4.079130000000000145e+00
3.540289999999999826e-01	4.295039000000000051e+00
3.599809999999999954e-01	4.097131000000000078e+00
3.659330000000000083e-01	3.643441000000000152e+00
3.718839999999999923e-01	3.094167000000000112e+00
3.778360000000000052e-01	2.609510000000000218e+00
3.837869999999999893e-01	2.339342999999999950e+00
3.897390000000000021e-01	2.299288999999999916e+00
3.956910000000000149e-01	2.411084999999999923e+00
4.016429999999999723e-01	2.594542000000000126e+00
4.075949999999999851e-01	2.769470000000000098e+00
4.135469999999999979e-01	2.859250999999999987e+00
4.194979999999999820e-01	2.841594999999999871e+00
4.254499999999999948e-01	2.736474999999999991e+00
4.314009999999999789e-01	2.564979000000000120e+00
4.373540000000000205e-01	2.348193000000000197e+00
4.433079999999999798e-01	2.107499999999999929e+00
4.492619999999999947e-01	1.869542999999999955e+00
4.552160000000000095e-01	1.665521000000000029e+00
4.611680000000000224e-01	1.526780000000000026e+00
4.671170000000000044e-01	1.484669000000000016e+00
4.730619999999999825e-01	1.568491000000000080e+00
4.790059999999999873e-01	1.763684000000000029e+00
4.849510000000000209e-01	2.013525000000000009e+00
4.909020000000000050e-01	2.259586999999999790e+00
4.968629999999999991e-01	2.443439999999999834e+00
5.028390000000000359e-01	2.508736999999999995e+00
5.088230000000000253e-01	2.453174999999999883e+00
5.148009999999999531e-01	2.332177000000000167e+00
5.207570000000000254e-01	2.203984000000000165e+00
5.266750000000000043e-01	2.126837000000000089e+00
5.325410000000000421e-01	2.157055000000000167e+00
5.383719999999999617e-01	2.289422000000000068e+00
5.442249999999999588e-01	2.445676999999999879e+00
5.501580000000000359e-01	2.543311999999999795e+00
5.562289999999999734e-01	2.499820000000000153e+00
5.624930000000000208e-01	2.234805000000000152e+00
5.688929999999999820e-01	1.752945999999999893e+00
5.752220000000000111e-01	1.171219000000000010e+00
5.812610000000000277e-01	6.142840000000000522e-01
5.867949999999999555e-01	2.068020000000000136e-01
5.916080000000000227e-01	7.166999999999999760e-02
5.957040000000000113e-01	2.397090000000000054e-01
5.993990000000000151e-01	6.065129999999999688e-01
6.030370000000000452e-01	1.056870999999999894e+00
6.069609999999999728e-01	1.475575000000000081e+00
6.115110000000000268e-01	1.748396000000000061e+00
6.168270000000000142e-01	1.829496000000000011e+00
6.227219999999999978e-01	1.784942000000000029e+00
6.289789999999999548e-01	1.691146000000000038e+00
6.353790000000000271e-01	1.624522999999999939e+00
6.417070000000000274e-01	1.661060999999999899e+00
6.478369999999999962e-01	1.835126999999999953e+00
6.538089999999999735e-01	2.105126999999999970e+00
6.596819999999999906e-01	2.421381999999999923e+00
6.655140000000000500e-01	2.734214000000000144e+00
6.713630000000000431e-01	2.994044999999999845e+00
6.772660000000000347e-01	3.166239000000000026e+00
6.832110000000000127e-01	3.246614000000000111e+00
6.891829999999999901e-01	3.234703000000000106e+00
6.951669999999999794e-01	3.130036000000000040e+00
7.011469999999999647e-01	2.932199000000000222e+00
7.071119999999999628e-01	2.653983000000000203e+00
7.130670000000000064e-01	2.338308000000000053e+00
7.190130000000000132e-01	2.032280999999999782e+00
7.249569999999999625e-01	1.783007000000000009e+00
7.309010000000000229e-01	1.637534999999999963e+00
7.368489999999999762e-01	1.618711000000000011e+00
7.428000000000000158e-01	1.687416999999999945e+00
7.487530000000000019e-01	1.794763000000000108e+00
7.547080000000000455e-01	1.891860000000000097e+00
7.606619999999999493e-01	1.929837999999999942e+00
7.666140000000000176e-01	1.878968999999999889e+00
7.725670000000000037e-01	1.764583999999999930e+00
7.785180000000000433e-01	1.621858000000000022e+00
7.844689999999999719e-01	1.485962000000000005e+00
7.904210000000000402e-01	1.392066000000000026e+00
7.963729999999999976e-01	1.363734000000000002e+00
8.023249999999999549e-01	1.386946999999999930e+00
8.082770000000000232e-01	1.440086999999999895e+00
8.142289999999999806e-01	1.501536999999999900e+00
8.201800000000000201e-01	1.549679999999999946e+00
8.261319999999999775e-01	1.573584000000000094e+00
8.320830000000000171e-01	1.601339999999999986e+00
8.380349999999999744e-01	1.669944000000000095e+00
8.439870000000000427e-01	1.816394999999999982e+00
8.499400000000000288e-01	2.077691000000000177e+00
8.558940000000000436e-01	2.472309000000000090e+00
8.618479999999999475e-01	2.942359000000000169e+00
8.678010000000000446e-01	3.410273000000000110e+00
8.737519999999999731e-01	3.798484000000000194e+00
8.797000000000000375e-01	4.029423999999999673e+00
8.856439999999999868e-01	4.046133000000000202e+00
8.915870000000000184e-01	3.887595000000000134e+00
8.975349999999999717e-01	3.620693999999999857e+00
9.034900000000000153e-01	3.312313000000000063e+00
9.094569999999999599e-01	3.029338000000000086e+00
9.154379999999999740e-01	2.828980000000000050e+00
9.214210000000000456e-01	2.717547999999999853e+00
9.273909999999999654e-01	2.684670000000000112e+00
9.333329999999999682e-01	2.719967000000000024e+00
9.392300000000000093e-01	2.813057999999999836e+00
9.450749999999999984e-01	2.954622000000000082e+00
9.509090000000000042e-01	3.141640000000000210e+00
9.567890000000000006e-01	3.373422000000000143e+00
9.627750000000000474e-01	3.649277000000000104e+00
9.689229999999999787e-01	3.968516000000000155e+00
9.752680000000000238e-01	4.323649999999999771e+00
9.816639999999999810e-01	4.661259000000000263e+00
9.878930000000000211e-01	4.908915000000000362e+00
9.937399999999999567e-01	4.994126999999999761e+00
9.989850000000000119e-01	4.844407000000000352e+00
1.003457999999999961e+00	4.408597999999999573e+00
1.007338000000000067e+00	3.799484999999999779e+00
1.010966000000000031e+00	3.205865999999999882e+00
1.014685999999999977e+00	2.816952000000000123e+00
1.018841000000000108e+00	2.821959000000000106e+00
1.023735000000000062e+00	3.378572999999999826e+00
1.029328999999999938e+00	4.367758000000000251e+00
1.035408000000000106e+00	5.527002000000000415e+00
1.041754000000000069e+00	6.592579999999999885e+00
1.048148999999999997e+00	7.300765000000000171e+00
1.054391999999999996e+00	7.416765999999999970e+00
1.060446000000000000e+00	6.997214999999999741e+00
1.066368999999999900e+00	6.267420999999999687e+00
1.072216999999999976e+00	5.454749999999999766e+00
1.078049000000000035e+00	4.786565999999999654e+00
1.083920999999999912e+00	4.473639000000000365e+00
1.089842999999999895e+00	4.533796999999999855e+00
1.095801999999999943e+00	4.860388999999999626e+00
1.101780999999999899e+00	5.344692000000000220e+00
1.107765000000000111e+00	5.877982000000000262e+00
1.113739999999999952e+00	6.355093000000000103e+00
1.119699999999999918e+00	6.718932999999999822e+00
1.125650000000000039e+00	6.946943000000000090e+00
1.131594999999999906e+00	7.017318000000000389e+00
1.137537999999999938e+00	6.908253000000000199e+00
1.143483999999999945e+00	6.602781000000000233e+00
1.149432999999999927e+00	6.160478999999999594e+00
1.155386000000000024e+00	5.702085000000000292e+00
1.161338999999999899e+00	5.350045999999999857e+00
1.167294000000000054e+00	5.226805999999999841e+00
1.173246999999999929e+00	5.446152999999999800e+00
1.179200000000000026e+00	5.959588000000000108e+00
1.185151999999999983e+00	6.574478000000000044e+00
1.191103000000000023e+00	7.093181999999999654e+00
1.197054000000000062e+00	7.318056000000000338e+00
1.203006000000000020e+00	7.060888000000000275e+00
1.208957999999999977e+00	6.345240999999999687e+00
1.214909999999999934e+00	5.403684000000000154e+00
1.220861999999999892e+00	4.477661999999999587e+00
1.226814000000000071e+00	3.808615999999999779e+00
1.232765000000000111e+00	3.630917000000000172e+00
1.238717000000000068e+00	3.985672000000000104e+00
1.244668000000000108e+00	4.702045000000000030e+00
1.250620000000000065e+00	5.598384000000000249e+00
1.256572000000000022e+00	6.493033999999999750e+00
1.262526000000000037e+00	7.207138999999999740e+00
1.268480000000000052e+00	7.656520999999999688e+00
1.274434000000000067e+00	7.872404999999999653e+00
1.280386000000000024e+00	7.893012999999999835e+00
1.286335999999999924e+00	7.756562999999999874e+00
1.292281999999999931e+00	7.501776999999999695e+00
1.298224999999999962e+00	7.188875000000000348e+00
1.304170000000000051e+00	6.907220999999999833e+00
1.310119999999999951e+00	6.748251999999999917e+00
1.316079999999999917e+00	6.803406999999999982e+00
1.322052999999999923e+00	7.162354999999999805e+00
1.328036999999999912e+00	7.815966999999999665e+00
1.334017000000000008e+00	8.606049999999999756e+00
1.339976000000000056e+00	9.362049999999999983e+00
1.345900000000000096e+00	9.913413999999999504e+00
1.351774000000000031e+00	1.009141400000000033e+01
1.357607000000000008e+00	9.865142000000000522e+00
1.363453000000000026e+00	9.435401000000000593e+00
1.369372000000000034e+00	9.025202999999999420e+00
1.375421999999999922e+00	8.857559999999999434e+00
1.381658999999999970e+00	9.154064999999999230e+00
1.388052000000000064e+00	9.984562999999999633e+00
1.394403000000000059e+00	1.113419299999999978e+01
1.400492999999999988e+00	1.235674200000000056e+01
1.406104999999999938e+00	1.340599699999999928e+01
1.411021999999999998e+00	1.403654099999999971e+01
1.415195999999999898e+00	1.413254000000000055e+01
1.418924000000000074e+00	1.384989000000000026e+01
1.422549999999999981e+00	1.337870099999999951e+01
1.426417000000000046e+00	1.290908499999999925e+01
1.430868000000000029e+00	1.263083899999999993e+01
1.436091000000000006e+00	1.264870600000000067e+01
1.441923000000000066e+00	1.286770300000000056e+01
1.448144000000000098e+00	1.316420699999999933e+01
1.454538000000000109e+00	1.341459500000000027e+01
1.460887000000000047e+00	1.349535200000000046e+01
1.467041999999999957e+00	1.333856499999999912e+01
1.473030999999999979e+00	1.302283899999999939e+01
1.478914000000000062e+00	1.265062400000000054e+01
1.484749000000000096e+00	1.232437299999999958e+01
1.490591999999999917e+00	1.214650400000000019e+01
1.496488000000000040e+00	1.217837500000000084e+01
1.502428000000000097e+00	1.235969300000000004e+01
1.508397999999999906e+00	1.260774100000000075e+01
1.514380999999999977e+00	1.283980500000000013e+01
1.520361999999999991e+00	1.297317499999999946e+01
1.526329999999999965e+00	1.295667100000000005e+01
1.532284999999999897e+00	1.284434399999999954e+01
1.538232999999999961e+00	1.271217000000000041e+01
1.544175999999999993e+00	1.263612400000000058e+01
1.550119999999999942e+00	1.269218200000000074e+01
1.556068000000000007e+00	1.292457300000000053e+01
1.562019000000000046e+00	1.325800500000000071e+01
1.567971999999999921e+00	1.358906400000000048e+01
1.573925999999999936e+00	1.381433700000000009e+01
1.579879999999999951e+00	1.383040800000000026e+01
1.585833000000000048e+00	1.356852199999999975e+01
1.591785000000000005e+00	1.310721299999999978e+01
1.597736999999999963e+00	1.256413900000000083e+01
1.603688000000000002e+00	1.205695599999999956e+01
1.609639000000000042e+00	1.170332200000000000e+01
1.615590999999999999e+00	1.159633799999999937e+01
1.621542999999999957e+00	1.171123799999999981e+01
1.627494999999999914e+00	1.198793900000000079e+01
1.633447000000000093e+00	1.236635300000000015e+01
1.639399000000000051e+00	1.278639100000000006e+01
1.645350000000000090e+00	1.319454499999999975e+01
1.651302000000000048e+00	1.357301400000000058e+01
1.657253000000000087e+00	1.391604899999999922e+01
1.663205000000000044e+00	1.421790900000000057e+01
1.669157999999999920e+00	1.447285499999999914e+01
1.675111999999999934e+00	1.467509699999999917e+01
1.681065999999999949e+00	1.481854700000000058e+01
1.687019000000000046e+00	1.489699700000000071e+01
1.692971000000000004e+00	1.490424299999999924e+01
1.698919000000000068e+00	1.483407899999999913e+01
1.704863000000000017e+00	1.468555100000000024e+01
1.710806999999999967e+00	1.449431700000000056e+01
1.716752999999999973e+00	1.431163199999999946e+01
1.722706999999999988e+00	1.418880300000000005e+01
1.728671999999999986e+00	1.417714199999999991e+01
1.734652000000000083e+00	1.432144599999999990e+01
1.740636000000000072e+00	1.461479600000000012e+01
1.746609000000000078e+00	1.502561000000000035e+01
1.752555000000000085e+00	1.552215400000000045e+01
1.758458000000000077e+00	1.607269399999999848e+01
1.764308999999999905e+00	1.664392300000000091e+01
1.770140999999999964e+00	1.718821799999999911e+01
1.776011999999999924e+00	1.765033199999999880e+01
1.781979999999999897e+00	1.797494599999999920e+01
1.788105000000000055e+00	1.810674099999999953e+01
1.794426999999999994e+00	1.799945900000000165e+01
1.800829000000000013e+00	1.770138499999999837e+01
1.807091999999999921e+00	1.731703999999999866e+01
1.813002000000000002e+00	1.695168800000000076e+01
1.818338000000000010e+00	1.671059199999999834e+01
1.822912000000000088e+00	1.669051500000000132e+01
1.826850000000000085e+00	1.688569400000000087e+01
1.830492000000000008e+00	1.722240899999999897e+01
1.834179999999999922e+00	1.762572300000000070e+01
1.838259000000000087e+00	1.802070200000000000e+01
1.843048000000000020e+00	1.833563300000000140e+01
1.848562000000000038e+00	1.854407199999999989e+01
1.854589999999999961e+00	1.865297299999999936e+01
1.860913000000000039e+00	1.867006900000000158e+01
1.867313999999999918e+00	1.860309099999999916e+01
1.873583999999999916e+00	1.846190999999999960e+01
1.879660000000000108e+00	1.829166299999999978e+01
1.885596000000000050e+00	1.816642500000000027e+01
1.891450999999999993e+00	1.816112400000000093e+01
1.897281999999999913e+00	1.835068700000000064e+01
1.903146999999999922e+00	1.880520999999999887e+01
1.909062999999999954e+00	1.950012100000000004e+01
1.915018000000000109e+00	2.032452400000000026e+01
1.920995999999999926e+00	2.116436099999999954e+01
1.926979999999999915e+00	2.190557700000000096e+01
1.932955999999999896e+00	2.243826999999999927e+01
1.938917999999999919e+00	2.275039500000000103e+01
1.944868999999999959e+00	2.292906699999999987e+01
1.950814000000000048e+00	2.306580999999999904e+01
1.956757999999999997e+00	2.325215299999999985e+01
1.962703000000000086e+00	2.357660900000000126e+01
1.968652000000000069e+00	2.404100999999999999e+01
1.974604000000000026e+00	2.454958799999999997e+01
1.980558000000000041e+00	2.500136799999999937e+01
1.986512000000000056e+00	2.529537399999999892e+01
1.992466000000000070e+00	2.533328200000000052e+01
1.998418000000000028e+00	2.511162799999999962e+01
2.004370000000000207e+00	2.474568800000000124e+01
2.010321999999999942e+00	2.435823500000000053e+01
2.016272999999999982e+00	2.407204000000000121e+01
2.022224000000000022e+00	2.400824400000000125e+01
2.028176000000000201e+00	2.421335099999999940e+01
2.034127999999999936e+00	2.462996400000000108e+01
2.040080000000000116e+00	2.519299099999999925e+01
2.046031999999999851e+00	2.583734499999999912e+01
2.051984000000000030e+00	2.649831199999999853e+01
2.057935000000000070e+00	2.713379099999999866e+01
2.063886999999999805e+00	2.773672900000000041e+01
2.069837999999999845e+00	2.830308799999999891e+01
2.075791000000000164e+00	2.882882899999999893e+01
2.081744000000000039e+00	2.930994600000000005e+01
2.087698000000000054e+00	2.974504800000000060e+01
2.093652000000000069e+00	3.013726700000000136e+01
2.099604999999999944e+00	3.049017999999999873e+01
2.105554999999999843e+00	3.080736800000000031e+01
2.111501000000000072e+00	3.109241300000000052e+01
2.117445000000000022e+00	3.134965299999999999e+01
2.123388999999999971e+00	3.158486699999999914e+01
2.129338000000000175e+00	3.180400200000000055e+01
2.135295999999999861e+00	3.201300200000000018e+01
2.141268000000000171e+00	3.221778100000000222e+01
2.147250999999999799e+00	3.241837400000000002e+01
2.153232000000000035e+00	3.260213900000000109e+01
2.159196000000000115e+00	3.275478400000000079e+01
2.165125000000000188e+00	3.286201700000000159e+01
2.171006000000000213e+00	3.290959099999999893e+01
2.176841000000000026e+00	3.289771400000000057e+01
2.182682999999999929e+00	3.286151699999999920e+01
2.188588999999999896e+00	3.284130199999999888e+01
2.194618000000000180e+00	3.287736900000000162e+01
2.200828000000000007e+00	3.300997600000000176e+01
2.207209999999999894e+00	3.325074699999999694e+01
2.213579000000000185e+00	3.353363900000000086e+01
2.219714999999999883e+00	3.377956400000000059e+01
2.225403000000000020e+00	3.390943399999999741e+01
2.230423000000000044e+00	3.384418000000000148e+01
2.234681000000000139e+00	3.353477399999999875e+01
2.238447999999999993e+00	3.302387000000000228e+01
2.242068000000000172e+00	3.237154900000000168e+01
2.245884000000000214e+00	3.163789099999999976e+01
2.250237999999999960e+00	3.088297400000000081e+01
2.255365999999999982e+00	3.015929699999999869e+01
2.261130000000000084e+00	2.949327800000000011e+01
2.267313000000000134e+00	2.890573499999999996e+01
2.273696000000000161e+00	2.841748499999999922e+01
2.280063999999999869e+00	2.804934799999999839e+01
2.286243999999999943e+00	2.781297500000000156e+01
2.292251999999999956e+00	2.768445699999999832e+01
2.298146000000000022e+00	2.763125799999999899e+01
2.303983000000000114e+00	2.762084199999999967e+01
2.309822000000000042e+00	2.762067400000000106e+01
2.315710999999999853e+00	2.761043400000000148e+01
2.321645999999999876e+00	2.762332200000000171e+01
2.327612999999999932e+00	2.770719000000000065e+01
2.333594999999999864e+00	2.790989000000000075e+01
2.339576999999999796e+00	2.827927499999999839e+01
2.345546999999999827e+00	2.884222600000000014e+01
2.351503999999999817e+00	2.952185100000000162e+01
2.357451999999999881e+00	3.020922200000000046e+01
2.363395999999999830e+00	3.079540000000000077e+01
2.369339000000000084e+00	3.117144599999999954e+01
2.375286000000000008e+00	3.125598199999999949e+01
2.381237000000000048e+00	3.112184699999999893e+01
2.387189999999999923e+00	3.089549500000000037e+01
2.393143999999999938e+00	3.070343199999999939e+01
2.399097999999999953e+00	3.067216499999999968e+01
2.405050999999999828e+00	3.090173400000000115e+01
2.411004000000000147e+00	3.132438600000000051e+01
2.416955999999999882e+00	3.180681600000000131e+01
2.422906999999999922e+00	3.221556799999999754e+01
2.428857999999999961e+00	3.241718399999999889e+01
2.434809000000000001e+00	3.230100699999999847e+01
2.440760000000000041e+00	3.192056799999999939e+01
2.446712000000000220e+00	3.140134000000000114e+01
2.452663999999999955e+00	3.086909800000000104e+01
2.458616999999999830e+00	3.044961899999999844e+01
2.464570999999999845e+00	3.025810800000000000e+01
2.470524999999999860e+00	3.032299199999999928e+01
2.476478000000000179e+00	3.063014099999999829e+01
2.482429999999999914e+00	3.116512900000000030e+01
2.488377999999999979e+00	3.191353300000000104e+01
2.494323000000000068e+00	3.285714399999999813e+01
2.500265999999999877e+00	3.394217700000000093e+01
2.506212000000000106e+00	3.509535499999999786e+01
2.512164999999999981e+00	3.624320399999999864e+01
2.518129000000000062e+00	3.731224699999999928e+01
2.524108000000000018e+00	3.823853100000000182e+01
2.530091999999999786e+00	3.906105500000000319e+01
2.536067000000000071e+00	3.988174099999999811e+01
2.542015999999999831e+00	4.080341599999999858e+01
2.547924000000000078e+00	4.192890200000000078e+01
2.553779000000000021e+00	4.334597999999999729e+01
2.559610000000000163e+00	4.495404099999999659e+01
2.565475000000000172e+00	4.652421999999999969e+01
2.571432000000000162e+00	4.782519099999999668e+01
2.577539999999999942e+00	4.862562799999999896e+01
2.583845999999999865e+00	4.870723699999999923e+01
2.590249000000000024e+00	4.804211699999999752e+01
2.596534000000000120e+00	4.674661499999999847e+01
2.602485000000000159e+00	4.494065599999999705e+01
2.607883000000000173e+00	4.274416399999999783e+01
2.612527000000000044e+00	4.027987300000000204e+01
2.616509000000000196e+00	3.771882399999999791e+01
2.620163999999999938e+00	3.527275000000000205e+01
2.623834000000000000e+00	3.315465900000000232e+01
2.627863000000000060e+00	3.157755500000000026e+01
2.632579999999999920e+00	3.074336100000000016e+01
2.638037000000000187e+00	3.062690299999999866e+01
2.644026000000000209e+00	3.099039600000000050e+01
2.650332000000000132e+00	3.158786900000000131e+01
2.656734000000000151e+00	3.217335099999999670e+01
2.663022999999999918e+00	3.250814799999999849e+01
2.669115000000000126e+00	3.253348700000000093e+01
2.675060999999999911e+00	3.237776499999999658e+01
2.680919999999999970e+00	3.217811300000000330e+01
2.686751000000000111e+00	3.207165700000000186e+01
2.692610999999999866e+00	3.219404699999999764e+01
2.698523999999999923e+00	3.263605499999999893e+01
2.704476000000000102e+00	3.343657400000000024e+01
2.710452000000000083e+00	3.463160500000000042e+01
2.716435999999999851e+00	3.625715000000000288e+01
2.722412999999999972e+00	3.834490300000000218e+01
2.728375999999999912e+00	4.076295799999999758e+01
2.734328000000000092e+00	4.316913999999999874e+01
2.740273999999999877e+00	4.520744400000000240e+01
2.746217000000000130e+00	4.652186499999999825e+01
2.752162000000000219e+00	4.676295400000000058e+01
2.758110999999999979e+00	4.590076799999999935e+01
2.764063000000000159e+00	4.436224399999999690e+01
2.770016000000000034e+00	4.260945399999999950e+01
2.775971000000000188e+00	4.110446900000000170e+01
2.781924000000000063e+00	4.030424500000000165e+01
2.787876999999999938e+00	4.033510799999999819e+01
2.793829000000000118e+00	4.079688000000000159e+01
2.799780999999999853e+00	4.124241099999999705e+01
2.805731999999999893e+00	4.122455000000000069e+01
2.811682999999999932e+00	4.029882800000000032e+01
2.817635000000000112e+00	3.826022300000000342e+01
2.823586999999999847e+00	3.532889600000000030e+01
2.829539000000000026e+00	3.176871999999999829e+01
2.835491000000000206e+00	2.784357100000000074e+01
2.841442999999999941e+00	2.381758400000000009e+01
2.847395000000000120e+00	1.998934699999999864e+01
2.853346999999999856e+00	1.672576300000000060e+01
2.859299000000000035e+00	1.440178500000000028e+01
2.865251000000000214e+00	1.339236400000000060e+01
2.871201999999999810e+00	1.407082600000000028e+01
2.877153999999999989e+00	1.647419400000000067e+01
2.883106000000000169e+00	1.989339800000000125e+01
2.889057999999999904e+00	2.351906500000000122e+01
2.895010000000000083e+00	2.654182499999999933e+01
2.900961999999999819e+00	2.815322099999999850e+01
2.906913999999999998e+00	2.788009900000000130e+01
2.912866000000000177e+00	2.608315199999999834e+01
2.918817999999999913e+00	2.325050699999999892e+01
2.924770000000000092e+00	1.987029100000000170e+01
2.930721000000000132e+00	1.643058500000000066e+01
2.936672999999999867e+00	1.338362200000000080e+01
2.942625000000000046e+00	1.108149300000000004e+01
2.948576999999999781e+00	9.858943999999999264e+00
2.954528999999999961e+00	1.005071900000000085e+01
2.960481000000000140e+00	1.199147400000000019e+01
2.966432999999999875e+00	1.580585600000000035e+01
2.972385000000000055e+00	2.095830499999999930e+01
2.978336999999999790e+00	2.678385899999999964e+01
2.984288999999999970e+00	3.261755800000000249e+01
2.990240000000000009e+00	3.779443899999999701e+01
2.996192000000000188e+00	4.164954199999999673e+01
3.002143999999999924e+00	4.351790499999999895e+01
3.008096000000000103e+00	4.273456699999999842e+01
3.014047999999999838e+00	3.863456599999999952e+01
3.020000000000000018e+00	3.055294100000000057e+01
