1.199999999999999956e-01	3.544771028488556408e-01
1.249780000000000058e-01	4.470595051485098392e-01
1.305999999999999939e-01	5.254615191438286592e-01
1.367059999999999942e-01	4.694743628351742415e-01
1.431360000000000132e-01	1.157199345604615903e+00
1.497320000000000040e-01	2.305545961377656994e+00
1.563350000000000017e-01	2.343517386400352898e+00
1.627850000000000130e-01	3.016913135559940784e+00
1.689219999999999888e-01	3.112056206547898718e+00
1.745889999999999942e-01	3.537939976127022934e+00
1.796250000000000069e-01	3.382536714408168166e+00
1.839349999999999874e-01	3.432674545746752681e+00
1.877439999999999942e-01	2.948390523276488651e+00
1.913779999999999926e-01	2.951504459867505759e+00
1.951660000000000061e-01	2.169496435471318208e+00
1.994340000000000002e-01	1.960234264355202871e+00
2.044499999999999929e-01	1.775113541387991933e+00
2.101250000000000062e-01	1.727383613065458956e+00
2.162479999999999958e-01	1.795674180100758077e+00
2.226049999999999973e-01	2.083496538001973430e+00
2.289819999999999911e-01	2.134357203742909714e+00
2.351930000000000132e-01	1.502402747244894421e+00
2.412249999999999950e-01	1.126161319135976502e+00
2.471349999999999936e-01	1.163273582102636095e+00
2.529799999999999827e-01	4.974657730690679736e-01
2.588170000000000193e-01	7.083374227691916492e-01
2.646970000000000156e-01	6.338547825491657184e-01
2.706259999999999777e-01	8.341238683817007171e-01
2.765880000000000005e-01	1.133506986727871535e+00
2.825679999999999858e-01	1.082373195539497956e+00
2.885510000000000019e-01	2.242915962505098726e+00
2.945229999999999793e-01	2.568454474571152613e+00
3.004809999999999981e-01	2.536125819984614616e+00
3.064310000000000089e-01	2.710410427789391452e+00
3.123750000000000138e-01	2.817952607119540875e+00
3.183190000000000186e-01	2.878963745422139731e+00
3.242650000000000254e-01	2.337687678164253047e+00
3.302149999999999808e-01	2.205326244712102479e+00
3.361680000000000224e-01	1.565541144575546051e+00
3.421210000000000084e-01	1.487772020292011055e+00
3.480759999999999965e-01	1.139622091297988415e+00
3.540289999999999826e-01	1.133422335621240284e+00
3.599809999999999954e-01	1.343282784534546526e+00
3.659330000000000083e-01	1.737829786807625565e+00
3.718839999999999923e-01	2.549343183134319624e+00
3.778360000000000052e-01	2.760470667234260489e+00
3.837869999999999893e-01	2.547168455096207929e+00
3.897390000000000021e-01	2.013387377727307470e+00
3.956910000000000149e-01	2.137001565279223581e+00
4.016429999999999723e-01	1.807376711402028269e+00
4.075949999999999851e-01	1.784065967802544561e+00
4.135469999999999979e-01	1.855362511067993658e+00
4.194979999999999820e-01	1.556718443603079205e+00
4.254499999999999948e-01	2.289048054805801868e+00
4.314009999999999789e-01	2.169878536062182839e+00
4.373540000000000205e-01	2.419914535256592281e+00
4.433079999999999798e-01	2.869230881074639417e+00
4.492619999999999947e-01	2.809378761461938989e+00
4.552160000000000095e-01	3.007280479833225328e+00
4.611680000000000224e-01	2.306977849980399675e+00
4.671170000000000044e-01	2.463606631592563989e+00
4.730619999999999825e-01	2.629080457781578950e+00
4.790059999999999873e-01	2.226632944201059061e+00
4.849510000000000209e-01	2.013524219499644108e+00
4.909020000000000050e-01	1.596382361423221541e+00
4.968629999999999991e-01	1.475590541760852359e+00
5.028390000000000359e-01	1.382365643414896539e+00
5.088230000000000253e-01	1.309227161492772851e+00
5.148009999999999531e-01	1.798236841609354597e+00
5.207570000000000254e-01	2.044705843761947417e+00
5.266750000000000043e-01	2.570738290896465106e+00
5.325410000000000421e-01	2.848711837208041331e+00
5.383719999999999617e-01	2.637194269953007986e+00
5.442249999999999588e-01	2.078524341286529520e+00
5.501580000000000359e-01	2.661732501015306340e+00
5.562289999999999734e-01	2.337745744285988803e+00
5.624930000000000208e-01	2.273954338878309667e+00
5.688929999999999820e-01	2.128127483684723931e+00
5.752220000000000111e-01	2.076580271184163884e+00
5.812610000000000277e-01	2.187139197082470954e+00
5.867949999999999555e-01	2.321757233667390175e+00
5.916080000000000227e-01	2.701763346830414303e+00
5.957040000000000113e-01	2.337302330504215764e+00
5.993990000000000151e-01	2.867014673181646600e+00
6.030370000000000452e-01	2.817159781283687714e+00
6.069609999999999728e-01	3.190546350534477327e+00
6.115110000000000268e-01	2.976733465784072497e+00
6.168270000000000142e-01	2.884323037889587660e+00
6.227219999999999978e-01	2.829209183205756872e+00
6.289789999999999548e-01	2.385196582616831762e+00
6.353790000000000271e-01	2.232218639915422020e+00
6.417070000000000274e-01	2.057797123923863492e+00
6.478369999999999962e-01	2.255520171842381849e+00
6.538089999999999735e-01	2.035827630047886583e+00
6.596819999999999906e-01	2.028488855092010379e+00
6.655140000000000500e-01	2.082894663632695487e+00
6.713630000000000431e-01	1.878202146242547110e+00
6.772660000000000347e-01	1.859012293480316158e+00
6.832110000000000127e-01	2.138447150659611218e+00
6.891829999999999901e-01	2.191903632855642492e+00
6.951669999999999794e-01	2.361684470414822545e+00
7.011469999999999647e-01	2.313655305586791666e+00
7.071119999999999628e-01	2.254817200575851111e+00
7.130670000000000064e-01	2.549162007089424975e+00
7.190130000000000132e-01	2.487384192590749166e+00
7.249569999999999625e-01	2.289523574904146042e+00
7.309010000000000229e-01	2.104821469811670287e+00
7.368489999999999762e-01	1.945961704317172858e+00
7.428000000000000158e-01	1.662328270728761437e+00
7.487530000000000019e-01	1.595393136173711257e+00
7.547080000000000455e-01	1.466606444529942044e+00
7.606619999999999493e-01	1.702502161186165708e+00
7.666140000000000176e-01	2.060780815125146770e+00
7.725670000000000037e-01	2.307148192927857888e+00
7.785180000000000433e-01	2.602073409259369363e+00
7.844689999999999719e-01	3.227513766778148607e+00
7.904210000000000402e-01	3.121053799286461317e+00
7.963729999999999976e-01	3.298693195119358101e+00
8.023249999999999549e-01	3.573168322225372506e+00
8.082770000000000232e-01	3.270003246581102196e+00
8.142289999999999806e-01	3.672042225204873223e+00
8.201800000000000201e-01	3.153752067677462634e+00
8.261319999999999775e-01	3.020823645088419607e+00
8.320830000000000171e-01	2.815448212207857903e+00
8.380349999999999744e-01	2.218191209302806222e+00
8.439870000000000427e-01	2.249264480829843649e+00
8.499400000000000288e-01	2.278929746110923915e+00
8.558940000000000436e-01	2.302968711432876070e+00
8.618479999999999475e-01	2.691578939127644343e+00
8.678010000000000446e-01	3.067795339326010673e+00
8.737519999999999731e-01	3.334078195788288568e+00
8.797000000000000375e-01	2.874420630004823618e+00
8.856439999999999868e-01	3.418160778413527723e+00
8.915870000000000184e-01	3.537688798124020817e+00
8.975349999999999717e-01	3.061123486506827085e+00
9.034900000000000153e-01	4.039354356340012053e+00
9.094569999999999599e-01	3.740817813872996389e+00
9.154379999999999740e-01	4.043847788625882345e+00
9.214210000000000456e-01	4.439484740328186518e+00
9.273909999999999654e-01	4.536353869049329468e+00
9.333329999999999682e-01	4.642510134308242442e+00
9.392300000000000093e-01	4.694215140156633659e+00
9.450749999999999984e-01	4.435749327255688712e+00
9.509090000000000042e-01	4.052133078284189338e+00
9.567890000000000006e-01	3.428658116026496838e+00
9.627750000000000474e-01	3.014674809146097534e+00
9.689229999999999787e-01	2.862782763186126900e+00
9.752680000000000238e-01	2.821813521033569305e+00
9.816639999999999810e-01	3.228769725400099322e+00
9.878930000000000211e-01	4.077706968800740128e+00
9.937399999999999567e-01	4.445800448416195039e+00
9.989850000000000119e-01	4.137091399272163628e+00
1.003457999999999961e+00	4.657656425755019036e+00
1.007338000000000067e+00	4.815937607181455249e+00
1.010966000000000031e+00	4.752837945641985584e+00
1.014685999999999977e+00	4.372098749521970085e+00
1.018841000000000108e+00	4.147391933691467969e+00
1.023735000000000062e+00	4.026454274097388542e+00
1.029328999999999938e+00	3.658438002922094423e+00
1.035408000000000106e+00	3.959676677248361365e+00
1.041754000000000069e+00	3.977922000132214642e+00
1.048148999999999997e+00	4.529755558840599328e+00
1.054391999999999996e+00	4.393689591113941972e+00
1.060446000000000000e+00	4.651525409098025143e+00
1.066368999999999900e+00	4.802872870643173364e+00
1.072216999999999976e+00	5.552232480575421292e+00
1.078049000000000035e+00	5.513128930015849249e+00
1.083920999999999912e+00	5.607626624973142349e+00
1.089842999999999895e+00	5.162601561108256298e+00
1.095801999999999943e+00	5.583171435908715452e+00
1.101780999999999899e+00	5.185561308696367888e+00
1.107765000000000111e+00	5.412090644789039118e+00
1.113739999999999952e+00	5.199373112880493863e+00
1.119699999999999918e+00	4.836077399695724033e+00
1.125650000000000039e+00	4.406474095902829902e+00
1.131594999999999906e+00	4.638477005955227384e+00
1.137537999999999938e+00	4.661308904117248630e+00
1.143483999999999945e+00	4.305365496203269693e+00
1.149432999999999927e+00	5.031451907924263445e+00
1.155386000000000024e+00	5.887911682951038728e+00
1.161338999999999899e+00	6.380768783251096643e+00
1.167294000000000054e+00	7.105365903725349597e+00
1.173246999999999929e+00	7.097149210923835660e+00
1.179200000000000026e+00	6.840730724836868504e+00
1.185151999999999983e+00	7.552800056181188992e+00
1.191103000000000023e+00	6.977185303037394704e+00
1.197054000000000062e+00	6.575072798549208564e+00
1.203006000000000020e+00	6.438038323148432163e+00
1.208957999999999977e+00	6.012994119077892385e+00
1.214909999999999934e+00	5.856849579281555584e+00
1.220861999999999892e+00	5.504812435484531363e+00
1.226814000000000071e+00	5.751735485831923178e+00
1.232765000000000111e+00	5.869696485449687806e+00
1.238717000000000068e+00	5.414132763634190049e+00
1.244668000000000108e+00	5.391196871276512148e+00
1.250620000000000065e+00	5.931905652114759953e+00
1.256572000000000022e+00	6.039374244159678717e+00
1.262526000000000037e+00	6.951662708441088689e+00
1.268480000000000052e+00	6.944760609408271890e+00
1.274434000000000067e+00	7.450136433585899276e+00
1.280386000000000024e+00	7.928304452822308335e+00
1.286335999999999924e+00	8.260573157678091860e+00
1.292281999999999931e+00	7.900991870820639029e+00
1.298224999999999962e+00	8.591417507981045532e+00
1.304170000000000051e+00	8.042992158025491278e+00
1.310119999999999951e+00	8.076779338482838355e+00
1.316079999999999917e+00	7.759871210098981287e+00
1.322052999999999923e+00	7.893214339863131812e+00
1.328036999999999912e+00	8.800837962276069959e+00
1.334017000000000008e+00	9.339863042898111090e+00
1.339976000000000056e+00	9.312779323255792718e+00
1.345900000000000096e+00	1.056590156276716641e+01
1.351774000000000031e+00	1.064028041204110941e+01
1.357607000000000008e+00	1.050663769082784960e+01
1.363453000000000026e+00	1.092591055181099158e+01
1.369372000000000034e+00	1.103422466978699390e+01
1.375421999999999922e+00	1.107399461902140558e+01
1.381658999999999970e+00	1.100851830182894275e+01
1.388052000000000064e+00	1.152618647895992332e+01
1.394403000000000059e+00	1.174162787149722753e+01
1.400492999999999988e+00	1.192936767711572621e+01
1.406104999999999938e+00	1.262918569573041871e+01
1.411021999999999998e+00	1.334143678239756525e+01
1.415195999999999898e+00	1.349349758113666375e+01
1.418924000000000074e+00	1.359662737581943226e+01
1.422549999999999981e+00	1.393171211769853635e+01
1.426417000000000046e+00	1.443396052394407292e+01
1.430868000000000029e+00	1.459805596113475445e+01
1.436091000000000006e+00	1.470274443085466132e+01
1.441923000000000066e+00	1.500814424456797624e+01
1.448144000000000098e+00	1.489465613834078184e+01
1.454538000000000109e+00	1.489095150497864850e+01
1.460887000000000047e+00	1.459554424234876002e+01
1.467041999999999957e+00	1.343614042366078820e+01
1.473030999999999979e+00	1.276464119155191845e+01
1.478914000000000062e+00	1.181611902262519820e+01
1.484749000000000096e+00	1.130066513803816974e+01
1.490591999999999917e+00	1.060376565192667897e+01
1.496488000000000040e+00	1.093745123692782784e+01
1.502428000000000097e+00	1.101625488608052450e+01
1.508397999999999906e+00	1.150842725089960794e+01
1.514380999999999977e+00	1.178427616920473397e+01
1.520361999999999991e+00	1.169587325823862933e+01
1.526329999999999965e+00	1.238404460264803575e+01
1.532284999999999897e+00	1.162815987203837764e+01
1.538232999999999961e+00	1.146461833667746255e+01
1.544175999999999993e+00	1.143661200124900468e+01
1.550119999999999942e+00	1.084932812374000655e+01
1.556068000000000007e+00	1.126801297180347738e+01
1.562019000000000046e+00	1.126173589766971261e+01
1.567971999999999921e+00	1.127600388051660651e+01
1.573925999999999936e+00	1.166281120137279892e+01
1.579879999999999951e+00	1.204939350678915311e+01
1.585833000000000048e+00	1.176789527430821281e+01
1.591785000000000005e+00	1.231876649189419126e+01
1.597736999999999963e+00	1.137551401899294667e+01
1.603688000000000002e+00	1.182213196868442573e+01
1.609639000000000042e+00	1.157124738310004552e+01
1.615590999999999999e+00	1.182612402273800711e+01
1.621542999999999957e+00	1.224977887614132044e+01
1.627494999999999914e+00	1.317185605076001664e+01
1.633447000000000093e+00	1.282893300421136829e+01
1.639399000000000051e+00	1.319307962760368902e+01
1.645350000000000090e+00	1.311238349750304621e+01
1.651302000000000048e+00	1.282752509178905775e+01
1.657253000000000087e+00	1.251732688313735409e+01
1.663205000000000044e+00	1.300238687753238587e+01
1.669157999999999920e+00	1.267482441241913804e+01
1.675111999999999934e+00	1.265303245919526809e+01
1.681065999999999949e+00	1.331716051710706239e+01
1.687019000000000046e+00	1.347741296248650933e+01
1.692971000000000004e+00	1.418764711630712583e+01
1.698919000000000068e+00	1.439717850593138593e+01
1.704863000000000017e+00	1.464736998155104253e+01
1.710806999999999967e+00	1.456175328047319617e+01
1.716752999999999973e+00	1.424280767565229944e+01
1.722706999999999988e+00	1.437211685714436271e+01
1.728671999999999986e+00	1.436318078672323928e+01
1.734652000000000083e+00	1.389109589947127255e+01
1.740636000000000072e+00	1.414768396160573261e+01
1.746609000000000078e+00	1.431382181905118323e+01
1.752555000000000085e+00	1.453683683962745654e+01
1.758458000000000077e+00	1.480333972982010415e+01
1.764308999999999905e+00	1.489472233997309125e+01
1.770140999999999964e+00	1.583678387036310475e+01
1.776011999999999924e+00	1.674641510161033509e+01
1.781979999999999897e+00	1.691677472810711080e+01
1.788105000000000055e+00	1.767493648355428704e+01
1.794426999999999994e+00	1.779149330654012928e+01
1.800829000000000013e+00	1.801253523431084247e+01
1.807091999999999921e+00	1.774973621021410253e+01
1.813002000000000002e+00	1.755213454625383918e+01
1.818338000000000010e+00	1.731365629147668272e+01
1.822912000000000088e+00	1.716772728160828976e+01
1.826850000000000085e+00	1.723721287464129759e+01
1.830492000000000008e+00	1.761704376126900229e+01
1.834179999999999922e+00	1.762467885783533816e+01
1.838259000000000087e+00	1.703449945560155854e+01
1.843048000000000020e+00	1.774733917135984029e+01
1.848562000000000038e+00	1.744334532137206395e+01
1.854589999999999961e+00	1.679075581007008822e+01
1.860913000000000039e+00	1.661274618855979313e+01
1.867313999999999918e+00	1.692597297051510452e+01
1.873583999999999916e+00	1.683747887651052721e+01
1.879660000000000108e+00	1.767143929695757620e+01
1.885596000000000050e+00	1.790954053731108431e+01
1.891450999999999993e+00	1.936123493044265942e+01
1.897281999999999913e+00	2.034143350206360168e+01
1.903146999999999922e+00	2.052150403784056820e+01
1.909062999999999954e+00	2.085730728216360319e+01
1.915018000000000109e+00	2.087738631549724744e+01
1.920995999999999926e+00	2.142062297371545299e+01
1.926979999999999915e+00	2.152028019947196569e+01
1.932955999999999896e+00	2.211238944237331339e+01
1.938917999999999919e+00	2.302678976636662611e+01
1.944868999999999959e+00	2.317856337755317497e+01
1.950814000000000048e+00	2.384118174463554141e+01
1.956757999999999997e+00	2.406535073054817886e+01
1.962703000000000086e+00	2.432897464521385089e+01
1.968652000000000069e+00	2.462093828367753900e+01
1.974604000000000026e+00	2.432636967692620544e+01
1.980558000000000041e+00	2.447509664192403989e+01
1.986512000000000056e+00	2.446805537143157849e+01
1.992466000000000070e+00	2.478898258994125570e+01
1.998418000000000028e+00	2.480116268222107934e+01
2.004370000000000207e+00	2.563685094456711511e+01
2.010321999999999942e+00	2.611283597759463504e+01
2.016272999999999982e+00	2.713116507912754827e+01
2.022224000000000022e+00	2.771039478608562590e+01
2.028176000000000201e+00	2.804110785329222821e+01
2.034127999999999936e+00	2.870977882636277911e+01
2.040080000000000116e+00	2.936078852159107910e+01
2.046031999999999851e+00	2.896444888243031457e+01
2.051984000000000030e+00	2.928751937194836685e+01
2.057935000000000070e+00	2.985032789361696715e+01
2.063886999999999805e+00	2.980417024789950631e+01
2.069837999999999845e+00	2.986482364183641991e+01
2.075791000000000164e+00	2.988590394777624226e+01
2.081744000000000039e+00	3.039142397032252774e+01
2.087698000000000054e+00	3.073678419425597852e+01
2.093652000000000069e+00	3.098110255196482044e+01
2.099604999999999944e+00	3.144678988563054034e+01
2.105554999999999843e+00	3.135312117773977292e+01
2.111501000000000072e+00	3.244371845868201376e+01
2.117445000000000022e+00	3.214286841330904565e+01
2.123388999999999971e+00	3.312061615419020910e+01
2.129338000000000175e+00	3.316221721197832295e+01
2.135295999999999861e+00	3.408969828460593732e+01
2.141268000000000171e+00	3.448315009361603956e+01
2.147250999999999799e+00	3.472973650801171175e+01
2.153232000000000035e+00	3.533416069427477879e+01
2.159196000000000115e+00	3.597269464565614072e+01
2.165125000000000188e+00	3.581939827821553735e+01
2.171006000000000213e+00	3.632830393624645637e+01
2.176841000000000026e+00	3.652208474205917810e+01
2.182682999999999929e+00	3.609003028915839906e+01
2.188588999999999896e+00	3.596715041697343196e+01
2.194618000000000180e+00	3.498358988375489531e+01
2.200828000000000007e+00	3.485101050246634458e+01
2.207209999999999894e+00	3.446895109823692138e+01
2.213579000000000185e+00	3.374261436199486042e+01
2.219714999999999883e+00	3.374789640872327112e+01
2.225403000000000020e+00	3.336697399279888998e+01
2.230423000000000044e+00	3.338738073711853360e+01
2.234681000000000139e+00	3.355071558955181388e+01
2.238447999999999993e+00	3.452860666851310611e+01
2.242068000000000172e+00	3.519270030613087386e+01
2.245884000000000214e+00	3.511778111726053453e+01
2.250237999999999960e+00	3.554433214540487285e+01
2.255365999999999982e+00	3.539834181949731118e+01
2.261130000000000084e+00	3.514274711523633954e+01
2.267313000000000134e+00	3.471851832248322012e+01
2.273696000000000161e+00	3.444172439709187472e+01
2.280063999999999869e+00	3.423110448528482408e+01
2.286243999999999943e+00	3.377589554343559541e+01
2.292251999999999956e+00	3.361713979676512309e+01
2.298146000000000022e+00	3.354457875234923847e+01
2.303983000000000114e+00	3.287781521400228968e+01
2.309822000000000042e+00	3.280329636470614929e+01
2.315710999999999853e+00	3.199152164613017391e+01
2.321645999999999876e+00	3.115666897242448741e+01
2.327612999999999932e+00	3.025340196889666800e+01
2.333594999999999864e+00	2.964332400297222136e+01
2.339576999999999796e+00	2.971195235001446733e+01
2.345546999999999827e+00	3.008049881418797966e+01
2.351503999999999817e+00	3.104605855856115326e+01
2.357451999999999881e+00	3.165679799745600675e+01
2.363395999999999830e+00	3.258682738432884207e+01
2.369339000000000084e+00	3.355785908301245257e+01
2.375286000000000008e+00	3.415742540265608085e+01
2.381237000000000048e+00	3.484722488804328577e+01
2.387189999999999923e+00	3.523270672618325960e+01
2.393143999999999938e+00	3.582766095990321276e+01
2.399097999999999953e+00	3.628138502782364583e+01
2.405050999999999828e+00	3.694244153104812511e+01
2.411004000000000147e+00	3.824769642582052853e+01
2.416955999999999882e+00	3.895764030221387486e+01
2.422906999999999922e+00	3.946357635936337971e+01
2.428857999999999961e+00	4.019158699367307008e+01
2.434809000000000001e+00	4.009969020464609457e+01
2.440760000000000041e+00	3.996342380193789978e+01
2.446712000000000220e+00	4.024940019491034349e+01
2.452663999999999955e+00	3.923916558420814482e+01
2.458616999999999830e+00	3.877769943198189395e+01
2.464570999999999845e+00	3.853871837421349511e+01
2.470524999999999860e+00	3.797773313530371553e+01
2.476478000000000179e+00	3.801927253334923051e+01
2.482429999999999914e+00	3.715889467555341241e+01
2.488377999999999979e+00	3.744626097128872999e+01
2.494323000000000068e+00	3.803642579843891269e+01
2.500265999999999877e+00	3.889621816394181053e+01
2.506212000000000106e+00	4.016597463681271307e+01
2.512164999999999981e+00	4.169563967894280410e+01
2.518129000000000062e+00	4.472963204930547931e+01
2.524108000000000018e+00	4.734311321317250076e+01
2.530091999999999786e+00	5.117631862943555632e+01
2.536067000000000071e+00	5.588142782408582576e+01
2.542015999999999831e+00	6.111489090163366455e+01
2.547924000000000078e+00	6.611373267124342590e+01
2.553779000000000021e+00	7.109303560098996400e+01
2.559610000000000163e+00	7.623623874241813780e+01
2.565475000000000172e+00	7.981119113785018726e+01
2.571432000000000162e+00	8.297519947569443843e+01
2.577539999999999942e+00	8.340458532173431649e+01
2.583845999999999865e+00	8.273247431741036451e+01
2.590249000000000024e+00	8.032096291893849127e+01
2.596534000000000120e+00	7.743893744487624531e+01
2.602485000000000159e+00	7.461500241573611447e+01
2.607883000000000173e+00	7.438791885694588757e+01
2.612527000000000044e+00	7.613763834419108889e+01
2.616509000000000196e+00	8.105506487145217420e+01
2.620163999999999938e+00	8.620646886723359614e+01
2.623834000000000000e+00	9.058204057254222619e+01
2.627863000000000060e+00	9.254906563742758863e+01
2.632579999999999920e+00	9.054330412603749778e+01
2.638037000000000187e+00	8.384706357764187601e+01
2.644026000000000209e+00	7.454932710172926136e+01
2.650332000000000132e+00	6.414554769298143810e+01
2.656734000000000151e+00	5.425099153128578422e+01
2.663022999999999918e+00	4.618278512878067943e+01
2.669115000000000126e+00	4.061892658473531981e+01
2.675060999999999911e+00	3.747895776433315973e+01
2.680919999999999970e+00	3.524448762364603027e+01
2.686751000000000111e+00	3.389661978967848910e+01
2.692610999999999866e+00	3.271838584769174929e+01
2.698523999999999923e+00	3.174782820359293112e+01
2.704476000000000102e+00	3.030447464468666396e+01
2.710452000000000083e+00	2.977106592089675985e+01
2.716435999999999851e+00	2.957138687396944832e+01
2.722412999999999972e+00	2.977368055668806335e+01
2.728375999999999912e+00	2.998810059641939674e+01
2.734328000000000092e+00	3.068842071053437337e+01
2.740273999999999877e+00	3.214523402806626251e+01
2.746217000000000130e+00	3.341533380173468259e+01
2.752162000000000219e+00	3.457736684305067598e+01
2.758110999999999979e+00	3.572023858462430468e+01
2.764063000000000159e+00	3.743691003606582512e+01
2.770016000000000034e+00	3.774845351268423599e+01
2.775971000000000188e+00	3.737440585140236493e+01
2.781924000000000063e+00	3.638757469649345211e+01
2.787876999999999938e+00	3.421291763556587995e+01
2.793829000000000118e+00	3.151625867624165522e+01
2.799780999999999853e+00	2.875562096893614239e+01
2.805731999999999893e+00	2.475829927693871824e+01
2.811682999999999932e+00	2.211829096793499616e+01
2.817635000000000112e+00	1.940347799484599634e+01
2.823586999999999847e+00	1.711075250318482333e+01
2.829539000000000026e+00	1.526210046540706244e+01
2.835491000000000206e+00	1.351732894630858794e+01
2.841442999999999941e+00	1.254017837923513845e+01
2.847395000000000120e+00	1.101192905129996724e+01
2.853346999999999856e+00	1.134742541179021913e+01
2.859299000000000035e+00	1.035724725910515609e+01
2.865251000000000214e+00	1.076759131256710589e+01
2.871201999999999810e+00	1.140181860738440101e+01
2.877153999999999989e+00	1.234156822303095602e+01
2.883106000000000169e+00	1.378505390255165786e+01
2.889057999999999904e+00	1.615630221266309618e+01
2.895010000000000083e+00	1.845088539334869893e+01
2.900961999999999819e+00	2.155569355333538084e+01
2.906913999999999998e+00	2.486171444860380575e+01
2.912866000000000177e+00	2.842982726241995906e+01
2.918817999999999913e+00	3.110520062463826818e+01
2.924770000000000092e+00	3.242323014891550059e+01
2.930721000000000132e+00	3.273370240397558462e+01
2.936672999999999867e+00	3.059481111851340529e+01
2.942625000000000046e+00	2.783707305732058046e+01
2.948576999999999781e+00	2.467780031424371501e+01
2.954528999999999961e+00	2.266624847547774380e+01
2.960481000000000140e+00	2.195722323709081181e+01
2.966432999999999875e+00	2.409455813070009356e+01
2.972385000000000055e+00	2.768307980427989534e+01
2.978336999999999790e+00	3.167277147298434414e+01
2.984288999999999970e+00	3.672118717394990739e+01
2.990240000000000009e+00	4.002151933062657463e+01
2.996192000000000188e+00	4.261661290600506646e+01
3.002143999999999924e+00	4.224849279521868084e+01
3.008096000000000103e+00	3.895264776778638094e+01
3.014047999999999838e+00	3.121176116331663764e+01
3.020000000000000018e+00	1.855046364112337898e+01
