1.199999999999999956e-01	3.116684651303731624e+00
1.249780000000000058e-01	1.770212488068807266e+00
1.305999999999999939e-01	9.510388462130215936e-01
1.367059999999999942e-01	1.064762235084252689e-01
1.431360000000000132e-01	-2.723769115818445163e-01
1.497320000000000040e-01	-3.763139450596902913e-02
1.563350000000000017e-01	-7.203386943117022490e-02
1.627850000000000130e-01	3.765070381907167918e-01
1.689219999999999888e-01	6.697930378337879631e-01
1.745889999999999942e-01	1.253260536873334940e+00
1.796250000000000069e-01	1.720488170425858998e+00
1.839349999999999874e-01	2.377202366999511263e+00
1.877439999999999942e-01	2.648793792392138524e+00
1.913779999999999926e-01	2.819382990692919755e+00
1.951660000000000061e-01	3.210036343281327031e+00
1.994340000000000002e-01	3.042736046801291838e+00
2.044499999999999929e-01	3.221433360708158222e+00
2.101250000000000062e-01	2.637974264072939334e+00
2.162479999999999958e-01	2.563359688761793986e+00
2.226049999999999973e-01	2.212564809083013451e+00
2.289819999999999911e-01	1.542278413278417304e+00
2.351930000000000132e-01	1.291962484944033429e+00
2.412249999999999950e-01	1.051662475055527013e+00
2.471349999999999936e-01	9.896645421823380140e-01
2.529799999999999827e-01	5.787257644454766314e-01
2.588170000000000193e-01	4.863495748743120739e-01
2.646970000000000156e-01	2.545982617134397996e-01
2.706259999999999777e-01	2.044407368194635644e-01
2.765880000000000005e-01	2.113389798387879659e-01
2.825679999999999858e-01	3.266212409709693398e-01
2.885510000000000019e-01	4.852025729671921028e-01
2.945229999999999793e-01	1.093984803389036697e+00
3.004809999999999981e-01	1.539058516983162761e+00
3.064310000000000089e-01	2.325268582905612114e+00
3.123750000000000138e-01	3.144341328005386682e+00
3.183190000000000186e-01	3.683995520326286854e+00
3.242650000000000254e-01	3.997291149185137726e+00
3.302149999999999808e-01	3.929700625193356167e+00
3.361680000000000224e-01	3.792716605218390491e+00
3.421210000000000084e-01	3.458378214191541566e+00
3.480759999999999965e-01	3.400850464881713719e+00
3.540289999999999826e-01	3.267855277439438932e+00
3.599809999999999954e-01	2.939025711320512269e+00
3.659330000000000083e-01	2.760164622785600930e+00
3.718839999999999923e-01	2.839708280095246451e+00
3.778360000000000052e-01	2.593861304037461402e+00
3.837869999999999893e-01	2.299103395024912011e+00
3.897390000000000021e-01	2.052577048652957092e+00
3.956910000000000149e-01	1.548677815567924387e+00
4.016429999999999723e-01	1.230235501143388088e+00
4.075949999999999851e-01	1.257090552923218141e+00
4.135469999999999979e-01	1.288837956137375951e+00
4.194979999999999820e-01	1.388048659538066776e+00
4.254499999999999948e-01	1.554912140502900941e+00
4.314009999999999789e-01	1.726694195268412946e+00
4.373540000000000205e-01	1.931689090170825018e+00
4.433079999999999798e-01	1.971997367333244711e+00
4.492619999999999947e-01	1.577329466349468801e+00
4.552160000000000095e-01	1.541427465512362316e+00
4.611680000000000224e-01	1.078687471105702400e+00
4.671170000000000044e-01	9.303067980199476450e-01
4.730619999999999825e-01	1.227287958592581329e+00
4.790059999999999873e-01	1.577379623528167185e+00
4.849510000000000209e-01	1.996140730241447558e+00
4.909020000000000050e-01	2.506508844518526402e+00
4.968629999999999991e-01	2.764477672606548531e+00
5.028390000000000359e-01	2.598573016490807852e+00
5.088230000000000253e-01	2.399361639755301479e+00
5.148009999999999531e-01	1.786357413993350018e+00
5.207570000000000254e-01	1.164461182569140218e+00
5.266750000000000043e-01	8.737087037750138618e-01
5.325410000000000421e-01	5.907025424645530043e-01
5.383719999999999617e-01	6.505262956024597809e-01
5.442249999999999588e-01	1.033862467897483706e+00
5.501580000000000359e-01	1.493412213622599793e+00
5.562289999999999734e-01	1.780843920930915480e+00
5.624930000000000208e-01	2.466035274022472024e+00
5.688929999999999820e-01	2.766930672202838615e+00
5.752220000000000111e-01	3.206029140902954211e+00
5.812610000000000277e-01	3.408125640367092757e+00
5.867949999999999555e-01	3.548510212560613386e+00
5.916080000000000227e-01	3.475028269814189219e+00
5.957040000000000113e-01	2.945514724294604036e+00
5.993990000000000151e-01	2.586016706100160434e+00
6.030370000000000452e-01	2.078909602603170814e+00
6.069609999999999728e-01	1.712656884256990031e+00
6.115110000000000268e-01	1.410183891449477978e+00
6.168270000000000142e-01	1.350505815480770089e+00
6.227219999999999978e-01	1.404462686390213211e+00
6.289789999999999548e-01	1.604815251336374704e+00
6.353790000000000271e-01	2.089612828222861651e+00
6.417070000000000274e-01	2.509251044439920530e+00
6.478369999999999962e-01	3.098750391767198131e+00
6.538089999999999735e-01	3.682055871519239965e+00
6.596819999999999906e-01	4.056526857486614901e+00
6.655140000000000500e-01	4.372199033410666402e+00
6.713630000000000431e-01	4.078379575188384010e+00
6.772660000000000347e-01	3.907778212409177776e+00
6.832110000000000127e-01	3.378483936840233071e+00
6.891829999999999901e-01	2.806252319021665720e+00
6.951669999999999794e-01	2.279314040922512774e+00
7.011469999999999647e-01	2.160052019885533969e+00
7.071119999999999628e-01	2.112351701518002667e+00
7.130670000000000064e-01	1.987763680438406233e+00
7.190130000000000132e-01	2.089383884082388398e+00
7.249569999999999625e-01	2.367425254305761673e+00
7.309010000000000229e-01	2.328976430980048917e+00
7.368489999999999762e-01	2.165830815006800414e+00
7.428000000000000158e-01	2.234554030416823878e+00
7.487530000000000019e-01	1.715201635192448615e+00
7.547080000000000455e-01	1.485615999984098545e+00
7.606619999999999493e-01	1.373007021013863405e+00
7.666140000000000176e-01	1.839386310110171507e+00
7.725670000000000037e-01	2.222835187453670258e+00
7.785180000000000433e-01	2.602639333896609397e+00
7.844689999999999719e-01	2.934029749881751581e+00
7.904210000000000402e-01	3.240459060467865804e+00
7.963729999999999976e-01	3.348737019207760124e+00
8.023249999999999549e-01	3.319610843764552399e+00
8.082770000000000232e-01	3.157020257758113679e+00
8.142289999999999806e-01	3.008799054084123625e+00
8.201800000000000201e-01	3.002229408283556999e+00
8.261319999999999775e-01	2.884109423711076481e+00
8.320830000000000171e-01	2.973684188729813993e+00
8.380349999999999744e-01	3.020205414336659455e+00
8.439870000000000427e-01	3.022014830083535220e+00
8.499400000000000288e-01	3.125102475816617265e+00
8.558940000000000436e-01	2.580142860166595664e+00
8.618479999999999475e-01	2.637689192998477594e+00
8.678010000000000446e-01	2.199302531988241327e+00
8.737519999999999731e-01	2.131489856669233962e+00
8.797000000000000375e-01	1.869050979191223316e+00
8.856439999999999868e-01	1.840054678521777953e+00
8.915870000000000184e-01	1.992293322537366240e+00
8.975349999999999717e-01	2.367932603654530066e+00
9.034900000000000153e-01	2.723112883664300821e+00
9.094569999999999599e-01	3.375296400498962068e+00
9.154379999999999740e-01	3.762045687923289972e+00
9.214210000000000456e-01	4.734708506137599748e+00
9.273909999999999654e-01	5.472210476225617626e+00
9.333329999999999682e-01	6.051901106430353394e+00
9.392300000000000093e-01	5.948178754670641943e+00
9.450749999999999984e-01	5.748959969513351531e+00
9.509090000000000042e-01	5.207866482723897406e+00
9.567890000000000006e-01	4.240095153841201281e+00
9.627750000000000474e-01	3.706454511264665186e+00
9.689229999999999787e-01	3.313025340856304179e+00
9.752680000000000238e-01	3.373812147605893319e+00
9.816639999999999810e-01	4.000343904743510315e+00
9.878930000000000211e-01	4.710410156796409176e+00
9.937399999999999567e-01	5.784851804350370941e+00
9.989850000000000119e-01	5.998336528969179682e+00
1.003457999999999961e+00	6.418380251492629363e+00
1.007338000000000067e+00	6.191739591966065603e+00
1.010966000000000031e+00	6.018846948932647045e+00
1.014685999999999977e+00	5.624326236603899964e+00
1.018841000000000108e+00	5.551677208004593744e+00
1.023735000000000062e+00	5.454902522463198622e+00
1.029328999999999938e+00	5.541763010425027502e+00
1.035408000000000106e+00	5.894164467998748158e+00
1.041754000000000069e+00	5.942254229036228352e+00
1.048148999999999997e+00	6.035269957020227949e+00
1.054391999999999996e+00	5.782307571394540879e+00
1.060446000000000000e+00	5.256101877041174042e+00
1.066368999999999900e+00	4.575565001612332594e+00
1.072216999999999976e+00	4.058109176901735005e+00
1.078049000000000035e+00	4.314560434400990019e+00
1.083920999999999912e+00	4.401471449362247768e+00
1.089842999999999895e+00	5.262217693419009912e+00
1.095801999999999943e+00	6.061448431988043950e+00
1.101780999999999899e+00	6.937875829422688767e+00
1.107765000000000111e+00	7.503591530817302235e+00
1.113739999999999952e+00	7.546042935407657026e+00
1.119699999999999918e+00	6.819647691033388526e+00
1.125650000000000039e+00	6.269362763598476995e+00
1.131594999999999906e+00	5.343154835623367127e+00
1.137537999999999938e+00	4.512219671977515389e+00
1.143483999999999945e+00	4.342264700794620680e+00
1.149432999999999927e+00	4.032034242028352367e+00
1.155386000000000024e+00	4.061838050622518459e+00
1.161338999999999899e+00	4.157340779174503176e+00
1.167294000000000054e+00	4.426172264219308872e+00
1.173246999999999929e+00	4.694609758326639515e+00
1.179200000000000026e+00	4.893214649103151181e+00
1.185151999999999983e+00	4.990185218677535950e+00
1.191103000000000023e+00	5.298916180379688257e+00
1.197054000000000062e+00	5.270717856784798983e+00
1.203006000000000020e+00	5.436585297850802689e+00
1.208957999999999977e+00	5.610295996373461769e+00
1.214909999999999934e+00	6.223602975931598280e+00
1.220861999999999892e+00	6.599539875776343933e+00
1.226814000000000071e+00	6.942470704109052093e+00
1.232765000000000111e+00	7.222004701403608173e+00
1.238717000000000068e+00	7.216076605207138783e+00
1.244668000000000108e+00	7.422437726390503698e+00
1.250620000000000065e+00	7.413037074153830730e+00
1.256572000000000022e+00	7.375689792258679489e+00
1.262526000000000037e+00	7.438214492773527198e+00
1.268480000000000052e+00	7.413554787850402228e+00
1.274434000000000067e+00	7.623471473118627273e+00
1.280386000000000024e+00	7.478700490568937376e+00
1.286335999999999924e+00	7.547454512456613251e+00
1.292281999999999931e+00	7.387245610380196226e+00
1.298224999999999962e+00	7.229181992353399089e+00
1.304170000000000051e+00	7.297868868992744673e+00
1.310119999999999951e+00	7.080117731275708870e+00
1.316079999999999917e+00	6.710737159164154697e+00
1.322052999999999923e+00	6.526281864579840608e+00
1.328036999999999912e+00	6.491254510690557034e+00
1.334017000000000008e+00	6.707546803583495532e+00
1.339976000000000056e+00	6.756190804590108456e+00
1.345900000000000096e+00	6.831832035496261391e+00
1.351774000000000031e+00	7.330830299760751068e+00
1.357607000000000008e+00	8.011724495950451441e+00
1.363453000000000026e+00	8.878591835029684631e+00
1.369372000000000034e+00	9.572080159977737424e+00
1.375421999999999922e+00	1.041663284983600590e+01
1.381658999999999970e+00	1.113914849451042954e+01
1.388052000000000064e+00	1.169823153408284178e+01
1.394403000000000059e+00	1.226552291406196815e+01
1.400492999999999988e+00	1.270446903258715743e+01
1.406104999999999938e+00	1.325226851822361063e+01
1.411021999999999998e+00	1.388811977488039240e+01
1.415195999999999898e+00	1.451231218746337781e+01
1.418924000000000074e+00	1.498026068628331409e+01
1.422549999999999981e+00	1.547622035491401959e+01
1.426417000000000046e+00	1.583299287991173188e+01
1.430868000000000029e+00	1.586403669441799025e+01
1.436091000000000006e+00	1.528196276173978241e+01
1.441923000000000066e+00	1.467119390856803385e+01
1.448144000000000098e+00	1.403642735358060278e+01
1.454538000000000109e+00	1.290303312775646027e+01
1.460887000000000047e+00	1.224276738626909733e+01
1.467041999999999957e+00	1.160515211705340910e+01
1.473030999999999979e+00	1.110947339503554865e+01
1.478914000000000062e+00	1.059648226693301432e+01
1.484749000000000096e+00	1.022899163013843804e+01
1.490591999999999917e+00	1.016533827437233484e+01
1.496488000000000040e+00	9.939877321060299309e+00
1.502428000000000097e+00	9.880451153781862672e+00
1.508397999999999906e+00	9.919610369435485353e+00
1.514380999999999977e+00	1.011618635282896861e+01
1.520361999999999991e+00	1.031818832746361458e+01
1.526329999999999965e+00	1.068240261826017701e+01
1.532284999999999897e+00	1.048978010593588017e+01
1.538232999999999961e+00	1.095894447668870875e+01
1.544175999999999993e+00	1.113210976368032945e+01
1.550119999999999942e+00	1.163626205391673984e+01
1.556068000000000007e+00	1.254996542730319220e+01
1.562019000000000046e+00	1.317399438059685224e+01
1.567971999999999921e+00	1.393080975778872421e+01
1.573925999999999936e+00	1.452497229751674546e+01
1.579879999999999951e+00	1.475266529141899419e+01
1.585833000000000048e+00	1.424137918379197387e+01
1.591785000000000005e+00	1.317460509133295155e+01
1.597736999999999963e+00	1.241742138782259630e+01
1.603688000000000002e+00	1.128337825018713758e+01
1.609639000000000042e+00	1.065590102002508388e+01
1.615590999999999999e+00	1.050601513999733605e+01
1.621542999999999957e+00	1.048458892856582381e+01
1.627494999999999914e+00	1.091947878775668812e+01
1.633447000000000093e+00	1.137073247581375490e+01
1.639399000000000051e+00	1.180969957290196781e+01
1.645350000000000090e+00	1.210321111428330632e+01
1.651302000000000048e+00	1.236150067446416934e+01
1.657253000000000087e+00	1.273194879931246248e+01
1.663205000000000044e+00	1.294254815530075398e+01
1.669157999999999920e+00	1.294292425652199263e+01
1.675111999999999934e+00	1.331644879894574984e+01
1.681065999999999949e+00	1.365307138083152694e+01
1.687019000000000046e+00	1.408104983815277933e+01
1.692971000000000004e+00	1.446035409462982813e+01
1.698919000000000068e+00	1.491791857105680208e+01
1.704863000000000017e+00	1.463732199205491291e+01
1.710806999999999967e+00	1.457982732157448424e+01
1.716752999999999973e+00	1.425813725755322636e+01
1.722706999999999988e+00	1.432169159069912290e+01
1.728671999999999986e+00	1.425382506018832096e+01
1.734652000000000083e+00	1.440974976817880915e+01
1.740636000000000072e+00	1.467973962316392011e+01
1.746609000000000078e+00	1.520838272608749620e+01
1.752555000000000085e+00	1.577003498871492937e+01
1.758458000000000077e+00	1.611595106109527364e+01
1.764308999999999905e+00	1.644542060416613083e+01
1.770140999999999964e+00	1.661405970937449084e+01
1.776011999999999924e+00	1.664663946037236641e+01
1.781979999999999897e+00	1.648831635543856322e+01
1.788105000000000055e+00	1.655060664534635251e+01
1.794426999999999994e+00	1.658910439524218461e+01
1.800829000000000013e+00	1.655297349895456804e+01
1.807091999999999921e+00	1.682160393210520155e+01
1.813002000000000002e+00	1.686223458849163848e+01
1.818338000000000010e+00	1.707871126705867226e+01
1.822912000000000088e+00	1.686383614209241344e+01
1.826850000000000085e+00	1.712653183447526573e+01
1.830492000000000008e+00	1.706195796552857047e+01
1.834179999999999922e+00	1.726780262705177904e+01
1.838259000000000087e+00	1.707529004815241436e+01
1.843048000000000020e+00	1.697560638010165945e+01
1.848562000000000038e+00	1.699041582627162583e+01
1.854589999999999961e+00	1.710257645292227835e+01
1.860913000000000039e+00	1.708026936874608026e+01
1.867313999999999918e+00	1.716723043478244648e+01
1.873583999999999916e+00	1.734052437214023712e+01
1.879660000000000108e+00	1.801306343192929305e+01
1.885596000000000050e+00	1.838677504243727867e+01
1.891450999999999993e+00	1.918654086308114159e+01
1.897281999999999913e+00	1.992101868329426395e+01
1.903146999999999922e+00	2.057731965500269311e+01
1.909062999999999954e+00	2.107233894178159517e+01
1.915018000000000109e+00	2.162436160953895126e+01
1.920995999999999926e+00	2.206311046970598255e+01
1.926979999999999915e+00	2.262188516675072947e+01
1.932955999999999896e+00	2.277020738801310884e+01
1.938917999999999919e+00	2.314871634485310636e+01
1.944868999999999959e+00	2.331463327056554036e+01
1.950814000000000048e+00	2.319435188137256887e+01
1.956757999999999997e+00	2.299842434119048562e+01
1.962703000000000086e+00	2.350568009544047499e+01
1.968652000000000069e+00	2.377888190962062254e+01
1.974604000000000026e+00	2.434154219854950085e+01
1.980558000000000041e+00	2.450702917221178012e+01
1.986512000000000056e+00	2.479995272713323473e+01
1.992466000000000070e+00	2.520862818595290022e+01
1.998418000000000028e+00	2.537857254454307210e+01
2.004370000000000207e+00	2.569828498421149021e+01
2.010321999999999942e+00	2.608444200517191547e+01
2.016272999999999982e+00	2.653077760977935640e+01
2.022224000000000022e+00	2.702301390434111639e+01
2.028176000000000201e+00	2.761224085645201853e+01
2.034127999999999936e+00	2.816727628720050092e+01
2.040080000000000116e+00	2.897022752194051165e+01
2.046031999999999851e+00	2.950029905704288424e+01
2.051984000000000030e+00	2.959864145599650698e+01
2.057935000000000070e+00	2.975378197339652075e+01
2.063886999999999805e+00	2.993225720711987492e+01
2.069837999999999845e+00	2.995555448196418880e+01
2.075791000000000164e+00	2.996360785231322055e+01
2.081744000000000039e+00	2.990061676219886166e+01
2.087698000000000054e+00	3.018712535893127225e+01
2.093652000000000069e+00	3.025292173881563329e+01
2.099604999999999944e+00	3.027774213392607905e+01
2.105554999999999843e+00	3.048221223075913144e+01
2.111501000000000072e+00	3.046770514537208641e+01
2.117445000000000022e+00	3.056079306099750426e+01
2.123388999999999971e+00	3.044967581870945139e+01
2.129338000000000175e+00	3.049699055659846181e+01
2.135295999999999861e+00	3.080517762324094377e+01
2.141268000000000171e+00	3.139750960358562892e+01
2.147250999999999799e+00	3.188761408821697430e+01
2.153232000000000035e+00	3.255655441394659988e+01
2.159196000000000115e+00	3.330198808508048103e+01
2.165125000000000188e+00	3.427785152876906238e+01
2.171006000000000213e+00	3.500924014167437548e+01
2.176841000000000026e+00	3.531681095358610634e+01
2.182682999999999929e+00	3.574139305722742677e+01
2.188588999999999896e+00	3.592717417335617824e+01
2.194618000000000180e+00	3.579820487986917499e+01
2.200828000000000007e+00	3.589698406793180396e+01
2.207209999999999894e+00	3.589249929492061142e+01
2.213579000000000185e+00	3.560519688239486413e+01
2.219714999999999883e+00	3.559615006536080273e+01
2.225403000000000020e+00	3.544494240020249265e+01
2.230423000000000044e+00	3.521743049349678500e+01
2.234681000000000139e+00	3.541908746063863589e+01
2.238447999999999993e+00	3.563317455592617478e+01
2.242068000000000172e+00	3.576856983925063815e+01
2.245884000000000214e+00	3.566431931630099683e+01
2.250237999999999960e+00	3.552177013681713191e+01
2.255365999999999982e+00	3.532077355955551212e+01
2.261130000000000084e+00	3.471549085331624696e+01
2.267313000000000134e+00	3.425598682088712366e+01
2.273696000000000161e+00	3.380380042315448463e+01
2.280063999999999869e+00	3.347221669942697986e+01
2.286243999999999943e+00	3.303300227857147320e+01
2.292251999999999956e+00	3.294597130463463230e+01
2.298146000000000022e+00	3.246917013547525244e+01
2.303983000000000114e+00	3.240259685414984148e+01
2.309822000000000042e+00	3.203902260967847582e+01
2.315710999999999853e+00	3.166993183864329353e+01
2.321645999999999876e+00	3.134631630276528824e+01
2.327612999999999932e+00	3.113134369344750141e+01
2.333594999999999864e+00	3.085203291032716066e+01
2.339576999999999796e+00	3.106395236337190013e+01
2.345546999999999827e+00	3.108911190939900493e+01
2.351503999999999817e+00	3.162877255011834521e+01
2.357451999999999881e+00	3.206720460938419137e+01
2.363395999999999830e+00	3.293787954191655842e+01
2.369339000000000084e+00	3.372335074761198115e+01
2.375286000000000008e+00	3.442521828253712357e+01
2.381237000000000048e+00	3.534543173972312502e+01
2.387189999999999923e+00	3.627663067426541232e+01
2.393143999999999938e+00	3.715430006014843656e+01
2.399097999999999953e+00	3.813410226741295617e+01
2.405050999999999828e+00	3.886018093150291008e+01
2.411004000000000147e+00	3.958062401029880562e+01
2.416955999999999882e+00	4.014071356451858463e+01
2.422906999999999922e+00	4.049642073134481990e+01
2.428857999999999961e+00	4.109921279380867531e+01
2.434809000000000001e+00	4.118711384287365718e+01
2.440760000000000041e+00	4.111458134146665344e+01
2.446712000000000220e+00	4.097298602183060012e+01
2.452663999999999955e+00	4.080782595103239174e+01
2.458616999999999830e+00	4.018412825766714747e+01
2.464570999999999845e+00	3.945412062593782565e+01
2.470524999999999860e+00	3.903148078602959714e+01
2.476478000000000179e+00	3.833016061488157078e+01
2.482429999999999914e+00	3.797567699646586448e+01
2.488377999999999979e+00	3.785053755641844475e+01
2.494323000000000068e+00	3.853517809588187504e+01
2.500265999999999877e+00	3.948083898197861430e+01
2.506212000000000106e+00	4.096742633343527729e+01
2.512164999999999981e+00	4.326587394785151020e+01
2.518129000000000062e+00	4.547282941248771237e+01
2.524108000000000018e+00	4.820898246539266552e+01
2.530091999999999786e+00	5.156622917551633378e+01
2.536067000000000071e+00	5.534805020171628342e+01
2.542015999999999831e+00	5.960139715957581785e+01
2.547924000000000078e+00	6.463012367831832705e+01
2.553779000000000021e+00	6.996527391141523822e+01
2.559610000000000163e+00	7.596445536122551800e+01
2.565475000000000172e+00	8.109722059217648393e+01
2.571432000000000162e+00	8.527797333417483117e+01
2.577539999999999942e+00	8.720506591872351976e+01
2.583845999999999865e+00	8.641868533439465239e+01
2.590249000000000024e+00	8.354751447962424038e+01
2.596534000000000120e+00	7.974503839253134174e+01
2.602485000000000159e+00	7.637296919044572974e+01
2.607883000000000173e+00	7.494653214342007175e+01
2.612527000000000044e+00	7.636359963523153738e+01
2.616509000000000196e+00	8.067278214663930669e+01
2.620163999999999938e+00	8.597876865038765004e+01
2.623834000000000000e+00	9.009278133811602629e+01
2.627863000000000060e+00	9.205395825072656635e+01
2.632579999999999920e+00	8.972841726407006036e+01
2.638037000000000187e+00	8.310024043761883661e+01
2.644026000000000209e+00	7.391537608465658593e+01
2.650332000000000132e+00	6.335228812562905887e+01
2.656734000000000151e+00	5.329901129064724330e+01
2.663022999999999918e+00	4.546148486056513605e+01
2.669115000000000126e+00	3.971380064693403256e+01
2.675060999999999911e+00	3.646975816233236856e+01
2.680919999999999970e+00	3.408882513437733763e+01
2.686751000000000111e+00	3.276596401726953900e+01
2.692610999999999866e+00	3.164848996130225345e+01
2.698523999999999923e+00	3.054768334404640129e+01
2.704476000000000102e+00	2.927951135472289579e+01
2.710452000000000083e+00	2.851531034722001579e+01
2.716435999999999851e+00	2.797977816059407274e+01
2.722412999999999972e+00	2.835876184759054297e+01
2.728375999999999912e+00	2.902354385880413545e+01
2.734328000000000092e+00	3.004841187812778713e+01
2.740273999999999877e+00	3.141517378143666406e+01
2.746217000000000130e+00	3.289422422751891872e+01
2.752162000000000219e+00	3.412436250735778032e+01
2.758110999999999979e+00	3.491558851587526391e+01
2.764063000000000159e+00	3.548724827094923739e+01
2.770016000000000034e+00	3.567725183538253475e+01
2.775971000000000188e+00	3.524168552108906738e+01
2.781924000000000063e+00	3.452333204144882473e+01
2.787876999999999938e+00	3.305452040798441260e+01
2.793829000000000118e+00	3.102928298867886170e+01
2.799780999999999853e+00	2.857448532913870309e+01
2.805731999999999893e+00	2.636685635757559965e+01
2.811682999999999932e+00	2.359482750188770339e+01
2.817635000000000112e+00	2.111947757261491532e+01
2.823586999999999847e+00	1.842577053268558274e+01
2.829539000000000026e+00	1.635517333737641366e+01
2.835491000000000206e+00	1.424382242505710749e+01
2.841442999999999941e+00	1.203585338119304105e+01
2.847395000000000120e+00	1.054519300021276251e+01
2.853346999999999856e+00	9.475874621369795747e+00
2.859299000000000035e+00	8.950053497382702616e+00
2.865251000000000214e+00	9.413572220048621375e+00
2.871201999999999810e+00	1.019646989531215198e+01
2.877153999999999989e+00	1.199703242158553529e+01
2.883106000000000169e+00	1.427673815345577246e+01
2.889057999999999904e+00	1.715503190632138697e+01
2.895010000000000083e+00	2.026372365753425697e+01
2.900961999999999819e+00	2.367301715926272365e+01
2.906913999999999998e+00	2.674215126551533928e+01
2.912866000000000177e+00	2.923893817719359944e+01
2.918817999999999913e+00	3.121201516804836018e+01
2.924770000000000092e+00	3.235681798161046174e+01
2.930721000000000132e+00	3.192042957331635122e+01
2.936672999999999867e+00	3.023409945193253279e+01
2.942625000000000046e+00	2.790535320204173786e+01
2.948576999999999781e+00	2.539294742994170662e+01
2.954528999999999961e+00	2.376489115200836721e+01
2.960481000000000140e+00	2.387901311417297379e+01
2.966432999999999875e+00	2.593541108713061050e+01
2.972385000000000055e+00	2.965646925321395244e+01
2.978336999999999790e+00	3.402991239776117993e+01
2.984288999999999970e+00	3.830890925147988924e+01
2.990240000000000009e+00	4.173383866659833075e+01
2.996192000000000188e+00	4.357321369845546855e+01
3.002143999999999924e+00	4.272100193234470566e+01
3.008096000000000103e+00	3.889941568749259915e+01
3.014047999999999838e+00	3.124169874996822927e+01
3.020000000000000018e+00	1.849037044180071021e+01
