1.199999999999999956e-01	-9.795199999999999463e-01
1.249780000000000058e-01	8.064900000000000402e-01
1.305999999999999939e-01	2.127540000000000209e+00
1.367059999999999942e-01	3.034857999999999834e+00
1.431360000000000132e-01	3.579673000000000105e+00
1.497320000000000040e-01	3.813213000000000186e+00
1.563350000000000017e-01	3.786706999999999823e+00
1.627850000000000130e-01	3.551384000000000096e+00
1.689219999999999888e-01	3.158472999999999864e+00
1.745889999999999942e-01	2.659200999999999926e+00
1.796250000000000069e-01	2.104797000000000029e+00
1.839349999999999874e-01	1.542623000000000077e+00
1.877439999999999942e-01	1.000313999999999925e+00
1.913779999999999926e-01	4.992280000000000051e-01
1.951660000000000061e-01	6.072000000000000314e-02
1.994340000000000002e-01	-2.938529999999999753e-01
2.044499999999999929e-01	-5.463350000000000151e-01
2.101250000000000062e-01	-6.970380000000000464e-01
2.162479999999999958e-01	-7.528860000000000552e-01
2.226049999999999973e-01	-7.208109999999999795e-01
2.289819999999999911e-01	-6.077439999999999509e-01
2.351930000000000132e-01	-4.220860000000000167e-01
2.412249999999999950e-01	-1.818289999999999906e-01
2.471349999999999936e-01	9.117500000000000604e-02
2.529799999999999827e-01	3.750620000000000065e-01
2.588170000000000193e-01	6.479700000000000459e-01
2.646970000000000156e-01	8.894999999999999574e-01
2.706259999999999777e-01	1.090141000000000027e+00
2.765880000000000005e-01	1.245292000000000066e+00
2.825679999999999858e-01	1.350373999999999963e+00
2.885510000000000019e-01	1.400810000000000111e+00
2.945229999999999793e-01	1.393504000000000076e+00
3.004809999999999981e-01	1.337938000000000072e+00
3.064310000000000089e-01	1.249940000000000051e+00
3.123750000000000138e-01	1.145383999999999958e+00
3.183190000000000186e-01	1.040146999999999933e+00
3.242650000000000254e-01	9.494749999999999579e-01
3.302149999999999808e-01	8.824889999999999679e-01
3.361680000000000224e-01	8.448660000000000059e-01
3.421210000000000084e-01	8.422410000000000174e-01
3.480759999999999965e-01	8.802499999999999769e-01
3.540289999999999826e-01	9.634000000000000341e-01
3.599809999999999954e-01	1.083523000000000014e+00
3.659330000000000083e-01	1.224493000000000054e+00
3.718839999999999923e-01	1.370061999999999891e+00
3.778360000000000052e-01	1.503980000000000095e+00
3.837869999999999893e-01	1.610913000000000039e+00
3.897390000000000021e-01	1.687402999999999986e+00
3.956910000000000149e-01	1.738302999999999932e+00
4.016429999999999723e-01	1.768631999999999982e+00
4.075949999999999851e-01	1.783412999999999915e+00
4.135469999999999979e-01	1.787428999999999935e+00
4.194979999999999820e-01	1.781862000000000057e+00
4.254499999999999948e-01	1.765090999999999966e+00
4.314009999999999789e-01	1.735421000000000102e+00
4.373540000000000205e-01	1.691154000000000046e+00
4.433079999999999798e-01	1.630827000000000027e+00
4.492619999999999947e-01	1.557085000000000052e+00
4.552160000000000095e-01	1.476137000000000032e+00
4.611680000000000224e-01	1.394304999999999906e+00
4.671170000000000044e-01	1.317914000000000030e+00
4.730619999999999825e-01	1.253241000000000049e+00
4.790059999999999873e-01	1.205567000000000055e+00
4.849510000000000209e-01	1.179216000000000042e+00
4.909020000000000050e-01	1.178474000000000022e+00
4.968629999999999991e-01	1.207624999999999948e+00
5.028390000000000359e-01	1.270761000000000029e+00
5.088230000000000253e-01	1.366983999999999977e+00
5.148009999999999531e-01	1.490061000000000080e+00
5.207570000000000254e-01	1.633501000000000092e+00
5.266750000000000043e-01	1.790812000000000070e+00
5.325410000000000421e-01	1.955379999999999896e+00
5.383719999999999617e-01	2.116724000000000050e+00
5.442249999999999588e-01	2.259770000000000056e+00
5.501580000000000359e-01	2.369177000000000088e+00
5.562289999999999734e-01	2.429606000000000154e+00
5.624930000000000208e-01	2.426171000000000078e+00
5.688929999999999820e-01	2.362427999999999972e+00
5.752220000000000111e-01	2.266265999999999892e+00
5.812610000000000277e-01	2.167241999999999891e+00
5.867949999999999555e-01	2.094910000000000050e+00
5.916080000000000227e-01	2.078411000000000008e+00
5.957040000000000113e-01	2.125169999999999781e+00
5.993990000000000151e-01	2.210719000000000101e+00
6.030370000000000452e-01	2.308040999999999787e+00
6.069609999999999728e-01	2.390121999999999858e+00
6.115110000000000268e-01	2.430194000000000187e+00
6.168270000000000142e-01	2.418731000000000186e+00
6.227219999999999978e-01	2.374420000000000197e+00
6.289789999999999548e-01	2.318560000000000176e+00
6.353790000000000271e-01	2.272444999999999826e+00
6.417070000000000274e-01	2.257270000000000110e+00
6.478369999999999962e-01	2.284088000000000118e+00
6.538089999999999735e-01	2.345448999999999895e+00
6.596819999999999906e-01	2.431931000000000065e+00
6.655140000000000500e-01	2.534114999999999895e+00
6.713630000000000431e-01	2.642574999999999896e+00
6.772660000000000347e-01	2.747103000000000073e+00
6.832110000000000127e-01	2.835891000000000162e+00
6.891829999999999901e-01	2.896939000000000153e+00
6.951669999999999794e-01	2.918247000000000035e+00
7.011469999999999647e-01	2.887861000000000011e+00
7.071119999999999628e-01	2.805133000000000099e+00
7.130670000000000064e-01	2.695212000000000163e+00
7.190130000000000132e-01	2.586828999999999823e+00
7.249569999999999625e-01	2.508716000000000168e+00
7.309010000000000229e-01	2.489574000000000176e+00
7.368489999999999762e-01	2.545218000000000202e+00
7.428000000000000158e-01	2.658466999999999913e+00
7.487530000000000019e-01	2.806941000000000130e+00
7.547080000000000455e-01	2.968255999999999784e+00
7.606619999999999493e-01	3.120035999999999810e+00
7.666140000000000176e-01	3.245658999999999850e+00
7.725670000000000037e-01	3.345053000000000054e+00
7.785180000000000433e-01	3.421105999999999980e+00
7.844689999999999719e-01	3.476703000000000099e+00
7.904210000000000402e-01	3.514731999999999967e+00
7.963729999999999976e-01	3.537145999999999901e+00
8.023249999999999549e-01	3.542876000000000136e+00
8.082770000000000232e-01	3.530244000000000160e+00
8.142289999999999806e-01	3.497570000000000068e+00
8.201800000000000201e-01	3.443175000000000097e+00
8.261319999999999775e-01	3.367825999999999986e+00
8.320830000000000171e-01	3.281219000000000108e+00
8.380349999999999744e-01	3.195089999999999986e+00
8.439870000000000427e-01	3.121176000000000172e+00
8.499400000000000288e-01	3.071210999999999913e+00
8.558940000000000436e-01	3.054861999999999966e+00
8.618479999999999475e-01	3.073265000000000136e+00
8.678010000000000446e-01	3.125357000000000163e+00
8.737519999999999731e-01	3.210074000000000094e+00
8.797000000000000375e-01	3.326351999999999975e+00
8.856439999999999868e-01	3.470896999999999899e+00
8.915870000000000184e-01	3.630018999999999885e+00
8.975349999999999717e-01	3.787008000000000152e+00
9.034900000000000153e-01	3.925152000000000196e+00
9.094569999999999599e-01	4.027739000000000402e+00
9.154379999999999740e-01	4.082095999999999947e+00
9.214210000000000456e-01	4.096781000000000006e+00
9.273909999999999654e-01	4.087310999999999694e+00
9.333329999999999682e-01	4.069208999999999854e+00
9.392300000000000093e-01	4.057995000000000019e+00
9.450749999999999984e-01	4.067381000000000135e+00
9.509090000000000042e-01	4.100289000000000073e+00
9.567890000000000006e-01	4.155663999999999803e+00
9.627750000000000474e-01	4.232445000000000235e+00
9.689229999999999787e-01	4.329574000000000034e+00
9.752680000000000238e-01	4.445231999999999850e+00
9.816639999999999810e-01	4.572504000000000346e+00
9.878930000000000211e-01	4.702359000000000400e+00
9.937399999999999567e-01	4.825762000000000107e+00
9.989850000000000119e-01	4.933676000000000172e+00
1.003457999999999961e+00	5.017997000000000263e+00
1.007338000000000067e+00	5.077768999999999977e+00
1.010966000000000031e+00	5.115352999999999817e+00
1.014685999999999977e+00	5.133128000000000135e+00
1.018841000000000108e+00	5.133473999999999648e+00
1.023735000000000062e+00	5.119335000000000413e+00
1.029328999999999938e+00	5.098631000000000135e+00
1.035408000000000106e+00	5.081859999999999822e+00
1.041754000000000069e+00	5.079538999999999582e+00
1.048148999999999997e+00	5.102190000000000225e+00
1.054391999999999996e+00	5.158754000000000062e+00
1.060446000000000000e+00	5.242289000000000421e+00
1.066368999999999900e+00	5.336659000000000042e+00
1.072216999999999976e+00	5.425614000000000381e+00
1.078049000000000035e+00	5.492907999999999902e+00
1.083920999999999912e+00	5.523905000000000065e+00
1.089842999999999895e+00	5.522733999999999810e+00
1.095801999999999943e+00	5.505632000000000303e+00
1.101780999999999899e+00	5.489035000000000331e+00
1.107765000000000111e+00	5.489378999999999564e+00
1.113739999999999952e+00	5.522212999999999816e+00
1.119699999999999918e+00	5.591078999999999688e+00
1.125650000000000039e+00	5.690898999999999930e+00
1.131594999999999906e+00	5.816403000000000212e+00
1.137537999999999938e+00	5.962322000000000344e+00
1.143483999999999945e+00	6.123014000000000401e+00
1.149432999999999927e+00	6.286914999999999587e+00
1.155386000000000024e+00	6.437730000000000175e+00
1.161338999999999899e+00	6.559029999999999916e+00
1.167294000000000054e+00	6.634389999999999787e+00
1.173246999999999929e+00	6.648348000000000368e+00
1.179200000000000026e+00	6.603552999999999784e+00
1.185151999999999983e+00	6.518737999999999921e+00
1.191103000000000023e+00	6.413193999999999839e+00
1.197054000000000062e+00	6.306213999999999764e+00
1.203006000000000020e+00	6.216643000000000363e+00
1.208957999999999977e+00	6.153267999999999738e+00
1.214909999999999934e+00	6.114957000000000420e+00
1.220861999999999892e+00	6.100153999999999854e+00
1.226814000000000071e+00	6.107302999999999926e+00
1.232765000000000111e+00	6.134919000000000011e+00
1.238717000000000068e+00	6.183393999999999835e+00
1.244668000000000108e+00	6.255188000000000415e+00
1.250620000000000065e+00	6.352860999999999869e+00
1.256572000000000022e+00	6.478977000000000430e+00
1.262526000000000037e+00	6.635887999999999565e+00
1.268480000000000052e+00	6.818853999999999971e+00
1.274434000000000067e+00	7.014484000000000385e+00
1.280386000000000024e+00	7.208866000000000440e+00
1.286335999999999924e+00	7.388087999999999766e+00
1.292281999999999931e+00	7.538491999999999749e+00
1.298224999999999962e+00	7.657437999999999967e+00
1.304170000000000051e+00	7.757213000000000136e+00
1.310119999999999951e+00	7.851166000000000089e+00
1.316079999999999917e+00	7.952647999999999939e+00
1.322052999999999923e+00	8.075003999999999849e+00
1.328036999999999912e+00	8.231261999999999190e+00
1.334017000000000008e+00	8.433972000000000691e+00
1.339976000000000056e+00	8.695645999999999987e+00
1.345900000000000096e+00	9.028793000000000291e+00
1.351774000000000031e+00	9.445790999999999826e+00
1.357607000000000008e+00	9.948854000000000752e+00
1.363453000000000026e+00	1.052311300000000038e+01
1.369372000000000034e+00	1.115206300000000006e+01
1.375421999999999922e+00	1.181919599999999981e+01
1.381658999999999970e+00	1.250797900000000062e+01
1.388052000000000064e+00	1.319886699999999990e+01
1.394403000000000059e+00	1.386667199999999944e+01
1.400492999999999988e+00	1.448558200000000085e+01
1.406104999999999938e+00	1.502978799999999993e+01
1.411021999999999998e+00	1.547353000000000023e+01
1.415195999999999898e+00	1.579950999999999972e+01
1.418924000000000074e+00	1.600817800000000091e+01
1.422549999999999981e+00	1.610221299999999900e+01
1.426417000000000046e+00	1.608429699999999940e+01
1.430868000000000029e+00	1.595712499999999956e+01
1.436091000000000006e+00	1.572703500000000076e+01
1.441923000000000066e+00	1.540891599999999961e+01
1.448144000000000098e+00	1.501888399999999990e+01
1.454538000000000109e+00	1.457305500000000009e+01
1.460887000000000047e+00	1.408754599999999968e+01
1.467041999999999957e+00	1.357813600000000065e+01
1.473030999999999979e+00	1.305972399999999922e+01
1.478914000000000062e+00	1.254706499999999991e+01
1.484749000000000096e+00	1.205491300000000088e+01
1.490591999999999917e+00	1.159802000000000000e+01
1.496488000000000040e+00	1.118840100000000071e+01
1.502428000000000097e+00	1.082995999999999981e+01
1.508397999999999906e+00	1.052510299999999965e+01
1.514380999999999977e+00	1.027623999999999960e+01
1.520361999999999991e+00	1.008577700000000021e+01
1.526329999999999965e+00	9.956761000000000195e+00
1.532284999999999897e+00	9.894368000000000052e+00
1.538232999999999961e+00	9.904215999999999909e+00
1.544175999999999993e+00	9.991925999999999419e+00
1.550119999999999942e+00	1.016311499999999945e+01
1.556068000000000007e+00	1.041885000000000083e+01
1.562019000000000046e+00	1.074304700000000068e+01
1.567971999999999921e+00	1.111558899999999994e+01
1.573925999999999936e+00	1.151636000000000060e+01
1.579879999999999951e+00	1.192524200000000079e+01
1.585833000000000048e+00	1.232224000000000075e+01
1.591785000000000005e+00	1.268787599999999927e+01
1.597736999999999963e+00	1.300281000000000020e+01
1.603688000000000002e+00	1.324770099999999928e+01
1.609639000000000042e+00	1.340320900000000037e+01
1.615590999999999999e+00	1.345423399999999958e+01
1.621542999999999957e+00	1.340602600000000066e+01
1.627494999999999914e+00	1.326993000000000045e+01
1.633447000000000093e+00	1.305729700000000015e+01
1.639399000000000051e+00	1.277947400000000044e+01
1.645350000000000090e+00	1.245104000000000077e+01
1.651302000000000048e+00	1.210409399999999991e+01
1.657253000000000087e+00	1.177665099999999931e+01
1.663205000000000044e+00	1.150672999999999924e+01
1.669157999999999920e+00	1.133235099999999917e+01
1.675111999999999934e+00	1.128499799999999986e+01
1.681065999999999949e+00	1.135601999999999911e+01
1.687019000000000046e+00	1.152153099999999952e+01
1.692971000000000004e+00	1.175761699999999976e+01
1.698919000000000068e+00	1.204036200000000001e+01
1.704863000000000017e+00	1.234845800000000082e+01
1.710806999999999967e+00	1.267876200000000075e+01
1.716752999999999973e+00	1.303586800000000068e+01
1.722706999999999988e+00	1.342440000000000033e+01
1.728671999999999986e+00	1.384898100000000021e+01
1.734652000000000083e+00	1.431087800000000065e+01
1.740636000000000072e+00	1.478471599999999953e+01
1.746609000000000078e+00	1.523241100000000081e+01
1.752555000000000085e+00	1.561580299999999966e+01
1.758458000000000077e+00	1.589673100000000083e+01
1.764308999999999905e+00	1.604218600000000094e+01
1.770140999999999964e+00	1.606593200000000010e+01
1.776011999999999924e+00	1.600666700000000020e+01
1.781979999999999897e+00	1.590331800000000051e+01
1.788105000000000055e+00	1.579481499999999983e+01
1.794426999999999994e+00	1.571816399999999980e+01
1.800829000000000013e+00	1.569031299999999973e+01
1.807091999999999921e+00	1.571627699999999983e+01
1.813002000000000002e+00	1.580091499999999982e+01
1.818338000000000010e+00	1.594908399999999915e+01
1.822912000000000088e+00	1.616491500000000059e+01
1.826850000000000085e+00	1.644377300000000020e+01
1.830492000000000008e+00	1.677521199999999979e+01
1.834179999999999922e+00	1.714868200000000087e+01
1.838259000000000087e+00	1.755363200000000035e+01
1.843048000000000020e+00	1.797889800000000093e+01
1.848562000000000038e+00	1.840469699999999875e+01
1.854589999999999961e+00	1.880488499999999874e+01
1.860913000000000039e+00	1.915317299999999889e+01
1.867313999999999918e+00	1.942326800000000020e+01
1.873583999999999916e+00	1.959026300000000020e+01
1.879660000000000108e+00	1.965206200000000081e+01
1.885596000000000050e+00	1.962528599999999912e+01
1.891450999999999993e+00	1.952710899999999938e+01
1.897281999999999913e+00	1.937470700000000079e+01
1.903146999999999922e+00	1.918583100000000030e+01
1.909062999999999954e+00	1.898957899999999910e+01
1.915018000000000109e+00	1.882538800000000023e+01
1.920995999999999926e+00	1.873307499999999948e+01
1.926979999999999915e+00	1.875245900000000177e+01
1.932955999999999896e+00	1.892292399999999830e+01
1.938917999999999919e+00	1.927366200000000163e+01
1.944868999999999959e+00	1.982353900000000024e+01
1.950814000000000048e+00	2.059096200000000110e+01
1.956757999999999997e+00	2.159433699999999945e+01
1.962703000000000086e+00	2.285018900000000031e+01
1.968652000000000069e+00	2.432095699999999994e+01
1.974604000000000026e+00	2.590818000000000154e+01
1.980558000000000041e+00	2.751014800000000093e+01
1.986512000000000056e+00	2.902514899999999898e+01
1.992466000000000070e+00	3.035240800000000050e+01
1.998418000000000028e+00	3.142461199999999977e+01
2.004370000000000207e+00	3.221633299999999878e+01
2.010321999999999942e+00	3.270478700000000316e+01
2.016272999999999982e+00	3.286719000000000079e+01
2.022224000000000022e+00	3.268198600000000198e+01
2.028176000000000201e+00	3.218363599999999991e+01
2.034127999999999936e+00	3.148458700000000121e+01
2.040080000000000116e+00	3.070306100000000171e+01
2.046031999999999851e+00	2.995727700000000127e+01
2.051984000000000030e+00	2.936499399999999937e+01
2.057935000000000070e+00	2.901623199999999869e+01
2.063886999999999805e+00	2.895801399999999859e+01
2.069837999999999845e+00	2.923366599999999949e+01
2.075791000000000164e+00	2.988651199999999974e+01
2.081744000000000039e+00	3.095895200000000003e+01
2.087698000000000054e+00	3.241753800000000041e+01
2.093652000000000069e+00	3.409776800000000208e+01
2.099604999999999944e+00	3.582213099999999883e+01
2.105554999999999843e+00	3.741311699999999973e+01
2.111501000000000072e+00	3.869369799999999771e+01
2.117445000000000022e+00	3.954392299999999949e+01
2.123388999999999971e+00	3.995392600000000272e+01
2.129338000000000175e+00	3.992638300000000129e+01
2.135295999999999861e+00	3.946397000000000332e+01
2.141268000000000171e+00	3.856962200000000252e+01
2.147250999999999799e+00	3.729363099999999775e+01
2.153232000000000035e+00	3.578842099999999959e+01
2.159196000000000115e+00	3.421970999999999918e+01
2.165125000000000188e+00	3.275321199999999777e+01
2.171006000000000213e+00	3.155459899999999962e+01
2.176841000000000026e+00	3.077554299999999898e+01
2.182682999999999929e+00	3.053388299999999944e+01
2.188588999999999896e+00	3.094245099999999837e+01
2.194618000000000180e+00	3.211408000000000129e+01
2.200828000000000007e+00	3.416138600000000025e+01
2.207209999999999894e+00	3.706057299999999799e+01
2.213579000000000185e+00	4.041778500000000207e+01
2.219714999999999883e+00	4.377702000000000027e+01
2.225403000000000020e+00	4.668227399999999960e+01
2.230423000000000044e+00	4.867762199999999950e+01
2.234681000000000139e+00	4.944293299999999647e+01
2.238447999999999993e+00	4.907246200000000158e+01
2.242068000000000172e+00	4.773923099999999664e+01
2.245884000000000214e+00	4.561625899999999945e+01
2.250237999999999960e+00	4.287657000000000096e+01
2.255365999999999982e+00	3.970035399999999726e+01
2.261130000000000084e+00	3.629245600000000138e+01
2.267313000000000134e+00	3.286301600000000178e+01
2.273696000000000161e+00	2.962217599999999962e+01
2.280063999999999869e+00	2.678007500000000007e+01
2.286243999999999943e+00	2.449860200000000177e+01
2.292251999999999956e+00	2.275239699999999843e+01
2.298146000000000022e+00	2.147068200000000004e+01
2.303983000000000114e+00	2.058268299999999940e+01
2.309822000000000042e+00	2.001762400000000142e+01
2.315710999999999853e+00	1.976151300000000077e+01
2.321645999999999876e+00	2.004913499999999971e+01
2.327612999999999932e+00	2.118337700000000012e+01
2.333594999999999864e+00	2.346712899999999991e+01
2.339576999999999796e+00	2.720328100000000049e+01
2.345546999999999827e+00	3.256264000000000181e+01
2.351503999999999817e+00	3.906242799999999704e+01
2.357451999999999881e+00	4.601807600000000065e+01
2.363395999999999830e+00	5.274495699999999943e+01
2.369339000000000084e+00	5.855844299999999691e+01
2.375286000000000008e+00	6.285785899999999771e+01
2.381237000000000048e+00	6.551230099999999368e+01
2.387189999999999923e+00	6.655417799999999318e+01
2.393143999999999938e+00	6.601606200000000513e+01
2.399097999999999953e+00	6.393052699999999788e+01
2.405050999999999828e+00	6.037697200000000208e+01
2.411004000000000147e+00	5.573168600000000339e+01
2.416955999999999882e+00	5.048694199999999910e+01
2.422906999999999922e+00	4.513528099999999910e+01
2.428857999999999961e+00	4.016924300000000159e+01
2.434809000000000001e+00	3.602243800000000107e+01
2.440760000000000041e+00	3.270407399999999853e+01
2.446712000000000220e+00	3.003740600000000072e+01
2.452663999999999955e+00	2.784490100000000012e+01
2.458616999999999830e+00	2.594902599999999993e+01
2.464570999999999845e+00	2.424325599999999881e+01
2.470524999999999860e+00	2.320398499999999942e+01
2.476478000000000179e+00	2.359347100000000097e+01
2.482429999999999914e+00	2.617594199999999915e+01
2.488377999999999979e+00	3.171562600000000032e+01
2.494323000000000068e+00	4.080002900000000210e+01
2.500265999999999877e+00	5.235610100000000244e+01
2.506212000000000106e+00	6.440095399999999870e+01
2.512164999999999981e+00	7.494238199999999495e+01
2.518129000000000062e+00	8.198817800000000489e+01
2.524108000000000018e+00	8.374406999999999357e+01
2.530091999999999786e+00	8.055590399999999818e+01
2.536067000000000071e+00	7.407751500000000533e+01
2.542015999999999831e+00	6.598149300000000039e+01
2.547924000000000078e+00	5.794042600000000220e+01
2.553779000000000021e+00	5.152971800000000258e+01
2.559610000000000163e+00	4.710796299999999803e+01
2.565475000000000172e+00	4.420531199999999927e+01
2.571432000000000162e+00	4.233602299999999730e+01
2.577539999999999942e+00	4.101435200000000236e+01
2.583845999999999865e+00	3.976813200000000137e+01
2.590249000000000024e+00	3.832352800000000315e+01
2.596534000000000120e+00	3.655696900000000227e+01
2.602485000000000159e+00	3.434861099999999823e+01
2.607883000000000173e+00	3.157860900000000015e+01
2.612527000000000044e+00	2.814767200000000003e+01
2.616509000000000196e+00	2.431010799999999961e+01
2.620163999999999938e+00	2.061809699999999879e+01
2.623834000000000000e+00	1.763312700000000177e+01
2.627863000000000060e+00	1.591668300000000080e+01
2.632579999999999920e+00	1.599995400000000068e+01
2.638037000000000187e+00	1.779341499999999954e+01
2.644026000000000209e+00	2.062641599999999897e+01
2.650332000000000132e+00	2.380593100000000106e+01
2.656734000000000151e+00	2.663893399999999900e+01
2.663022999999999918e+00	2.844979000000000013e+01
2.669115000000000126e+00	2.899277299999999968e+01
2.675060999999999911e+00	2.846939899999999923e+01
2.680919999999999970e+00	2.710204399999999936e+01
2.686751000000000111e+00	2.511308199999999857e+01
2.692610999999999866e+00	2.273017000000000110e+01
2.698523999999999923e+00	2.034113699999999980e+01
2.704476000000000102e+00	1.851898999999999873e+01
2.710452000000000083e+00	1.784705200000000147e+01
2.716435999999999851e+00	1.890864399999999890e+01
2.722412999999999972e+00	2.226552500000000023e+01
2.728375999999999912e+00	2.766085700000000003e+01
2.734328000000000092e+00	3.378564999999999685e+01
2.740273999999999877e+00	3.926172199999999890e+01
2.746217000000000130e+00	4.271088799999999708e+01
2.752162000000000219e+00	4.277652799999999900e+01
2.758110999999999979e+00	3.915300599999999775e+01
2.764063000000000159e+00	3.303752800000000178e+01
2.770016000000000034e+00	2.574288200000000160e+01
2.775971000000000188e+00	1.858185200000000137e+01
2.781924000000000063e+00	1.285799699999999923e+01
2.787876999999999938e+00	9.278798000000000101e+00
2.793829000000000118e+00	7.602508000000000266e+00
2.799780999999999853e+00	7.502696000000000254e+00
2.805731999999999893e+00	8.652933000000000874e+00
2.811682999999999932e+00	1.072670899999999961e+01
2.817635000000000112e+00	1.339051899999999939e+01
2.823586999999999847e+00	1.629843400000000031e+01
2.829539000000000026e+00	1.910324599999999862e+01
2.835491000000000206e+00	2.145774899999999974e+01
2.841442999999999941e+00	2.301543200000000056e+01
2.847395000000000120e+00	2.352068299999999823e+01
2.853346999999999856e+00	2.289814700000000158e+01
2.859299000000000035e+00	2.109370799999999946e+01
2.865251000000000214e+00	1.805324699999999893e+01
2.871201999999999810e+00	1.372433099999999939e+01
2.877153999999999989e+00	8.402018999999999238e+00
2.883106000000000169e+00	3.152299999999999880e+00
2.889057999999999904e+00	-8.551990000000000425e-01
2.895010000000000083e+00	-2.450848999999999833e+00
2.900961999999999819e+00	-4.672330000000000094e-01
2.906913999999999998e+00	5.452494999999999870e+00
2.912866000000000177e+00	1.364940900000000035e+01
2.918817999999999913e+00	2.215652100000000146e+01
2.924770000000000092e+00	2.900684400000000096e+01
2.930721000000000132e+00	3.223449000000000098e+01
2.936672999999999867e+00	3.074130500000000055e+01
2.942625000000000046e+00	2.585292499999999905e+01
2.948576999999999781e+00	1.931491400000000169e+01
2.954528999999999961e+00	1.287283799999999978e+01
2.960481000000000140e+00	8.272024000000000044e+00
2.966432999999999875e+00	6.693721000000000032e+00
2.972385000000000055e+00	7.545886000000000315e+00
2.978336999999999790e+00	9.888906000000000418e+00
2.984288999999999970e+00	1.278317099999999940e+01
2.990240000000000009e+00	1.528907000000000060e+01
2.996192000000000188e+00	1.646698999999999913e+01
3.002143999999999924e+00	1.537731999999999921e+01
3.008096000000000103e+00	1.108044899999999977e+01
3.014047999999999838e+00	2.636766000000000165e+00
3.020000000000000018e+00	-1.089334200000000052e+01
