1.199999999999999956e-01	-3.688409823273520516e+00
1.249780000000000058e-01	-1.592652434507048520e+00
1.305999999999999939e-01	-7.363986684109047332e-02
1.367059999999999942e-01	1.141439909652740781e+00
1.431360000000000132e-01	1.893951804271186035e+00
1.497320000000000040e-01	3.391096685765688790e+00
1.563350000000000017e-01	4.062609211454604186e+00
1.627850000000000130e-01	4.652928686999572960e+00
1.689219999999999888e-01	4.765726884426348064e+00
1.745889999999999942e-01	4.198589099036602157e+00
1.796250000000000069e-01	3.920403722793400547e+00
1.839349999999999874e-01	3.813514268946605057e+00
1.877439999999999942e-01	2.632851764299934061e+00
1.913779999999999926e-01	1.415167243462998492e+00
1.951660000000000061e-01	7.709663684258210026e-01
1.994340000000000002e-01	3.224679729214787738e-01
2.044499999999999929e-01	1.040245789228131656e-01
2.101250000000000062e-01	1.565723511889185737e-01
2.162479999999999958e-01	5.120674250749951417e-01
2.226049999999999973e-01	1.077496085735493381e+00
2.289819999999999911e-01	1.297958681525580360e+00
2.351930000000000132e-01	1.880171332104357829e+00
2.412249999999999950e-01	2.356990359828595061e+00
2.471349999999999936e-01	2.803200167435524026e+00
2.529799999999999827e-01	2.898148927664295105e+00
2.588170000000000193e-01	2.821634836836676818e+00
2.646970000000000156e-01	2.288631985831674598e+00
2.706259999999999777e-01	2.842487220655129043e+00
2.765880000000000005e-01	2.169653521326003975e+00
2.825679999999999858e-01	2.106630139668741464e+00
2.885510000000000019e-01	2.558409364755441118e+00
2.945229999999999793e-01	2.738593838270383163e+00
3.004809999999999981e-01	3.905987566561127000e+00
3.064310000000000089e-01	5.157522223531215033e+00
3.123750000000000138e-01	5.299960912226747034e+00
3.183190000000000186e-01	6.372618364339409425e+00
3.242650000000000254e-01	6.278048672949451792e+00
3.302149999999999808e-01	5.929263058848168733e+00
3.361680000000000224e-01	5.377674541726031876e+00
3.421210000000000084e-01	4.858844841197970332e+00
3.480759999999999965e-01	3.609959693716639162e+00
3.540289999999999826e-01	2.978155265172938826e+00
3.599809999999999954e-01	2.218890231894587561e+00
3.659330000000000083e-01	1.936995750537400030e+00
3.718839999999999923e-01	1.765199989009620385e+00
3.778360000000000052e-01	1.231493985504217736e+00
3.837869999999999893e-01	1.099376522277363488e+00
3.897390000000000021e-01	1.051791520584531625e+00
3.956910000000000149e-01	5.174512436489826506e-01
4.016429999999999723e-01	9.457613178695276623e-01
4.075949999999999851e-01	1.402840385149522140e+00
4.135469999999999979e-01	1.968061193692618005e+00
4.194979999999999820e-01	3.438446520430134434e+00
4.254499999999999948e-01	3.810633806026542558e+00
4.314009999999999789e-01	5.248450933939230900e+00
4.373540000000000205e-01	5.820327578536961255e+00
4.433079999999999798e-01	6.720408936014738543e+00
4.492619999999999947e-01	6.942436196670214166e+00
4.552160000000000095e-01	6.442184657509113066e+00
4.611680000000000224e-01	6.747295398851888670e+00
4.671170000000000044e-01	6.454108960926187244e+00
4.730619999999999825e-01	6.994468424734363587e+00
4.790059999999999873e-01	6.744664407343885948e+00
4.849510000000000209e-01	6.058925653039624493e+00
4.909020000000000050e-01	5.872846392516274605e+00
4.968629999999999991e-01	6.286671989073433053e+00
5.028390000000000359e-01	5.841373569728983917e+00
5.088230000000000253e-01	5.683625555332815438e+00
5.148009999999999531e-01	5.436185621439909355e+00
5.207570000000000254e-01	4.242632517040247464e+00
5.266750000000000043e-01	4.224826769143168015e+00
5.325410000000000421e-01	3.800882182174088797e+00
5.383719999999999617e-01	2.920161551127711697e+00
5.442249999999999588e-01	2.541767410246272174e+00
5.501580000000000359e-01	1.477907662253412857e+00
5.562289999999999734e-01	1.642155522453287553e+00
5.624930000000000208e-01	1.467337315454718905e+00
5.688929999999999820e-01	2.104832716245543800e+00
5.752220000000000111e-01	3.283248192276005284e+00
5.812610000000000277e-01	3.575259120587646500e+00
5.867949999999999555e-01	3.927805478212170076e+00
5.916080000000000227e-01	4.192492925644400792e+00
5.957040000000000113e-01	3.260079094900293573e+00
5.993990000000000151e-01	2.678418587379485682e+00
6.030370000000000452e-01	1.294553339117878066e+00
6.069609999999999728e-01	7.072209769844270966e-01
6.115110000000000268e-01	2.757539451608592707e-01
6.168270000000000142e-01	2.957974880430814801e-01
6.227219999999999978e-01	6.340413534899020931e-01
6.289789999999999548e-01	1.254176975960550777e+00
6.353790000000000271e-01	2.171675996604781389e+00
6.417070000000000274e-01	2.618469114447029789e+00
6.478369999999999962e-01	3.601518460262463250e+00
6.538089999999999735e-01	4.660463666968860608e+00
6.596819999999999906e-01	5.562388462678390155e+00
6.655140000000000500e-01	5.800839311370340923e+00
6.713630000000000431e-01	6.196943979710134442e+00
6.772660000000000347e-01	6.408895672686409029e+00
6.832110000000000127e-01	6.661941566028596995e+00
6.891829999999999901e-01	6.639583852235417361e+00
6.951669999999999794e-01	6.326912439441647606e+00
7.011469999999999647e-01	5.877154994921625075e+00
7.071119999999999628e-01	4.745899953981304265e+00
7.130670000000000064e-01	4.594887073962269142e+00
7.190130000000000132e-01	3.978889639093801556e+00
7.249569999999999625e-01	3.496908227736347019e+00
7.309010000000000229e-01	3.107255580939695783e+00
7.368489999999999762e-01	3.471106099644913012e+00
7.428000000000000158e-01	3.984001663045833919e+00
7.487530000000000019e-01	4.060458525847150391e+00
7.547080000000000455e-01	5.355829587828976557e+00
7.606619999999999493e-01	5.144849645171935215e+00
7.666140000000000176e-01	5.183745926706265550e+00
7.725670000000000037e-01	5.646627220200990394e+00
7.785180000000000433e-01	4.952775176477336672e+00
7.844689999999999719e-01	5.214117586407357230e+00
7.904210000000000402e-01	5.754622238494276232e+00
7.963729999999999976e-01	5.613073430282204512e+00
8.023249999999999549e-01	5.844463482072599803e+00
8.082770000000000232e-01	6.454260477518336536e+00
8.142289999999999806e-01	6.647278858518422595e+00
8.201800000000000201e-01	7.260589716811020722e+00
8.261319999999999775e-01	8.095449104886835556e+00
8.320830000000000171e-01	9.182073362354435275e+00
8.380349999999999744e-01	9.216919878423903256e+00
8.439870000000000427e-01	9.703016769786033890e+00
8.499400000000000288e-01	9.817960585196171763e+00
8.558940000000000436e-01	9.087422808732423363e+00
8.618479999999999475e-01	8.312123208278102027e+00
8.678010000000000446e-01	7.587780796686070417e+00
8.737519999999999731e-01	6.941496230950928492e+00
8.797000000000000375e-01	5.817999802628173178e+00
8.856439999999999868e-01	4.591137987574492207e+00
8.915870000000000184e-01	3.755977586282678526e+00
8.975349999999999717e-01	3.210287402128903622e+00
9.034900000000000153e-01	3.136020798353349015e+00
9.094569999999999599e-01	3.529883414842326150e+00
9.154379999999999740e-01	3.290124751355709698e+00
9.214210000000000456e-01	4.350499514090712339e+00
9.273909999999999654e-01	5.208617378330940184e+00
9.333329999999999682e-01	5.560525083252454870e+00
9.392300000000000093e-01	6.134573939179621682e+00
9.450749999999999984e-01	6.379843100836915859e+00
9.509090000000000042e-01	6.372270584942977933e+00
9.567890000000000006e-01	5.818625114685152866e+00
9.627750000000000474e-01	6.201953683879080081e+00
9.689229999999999787e-01	6.600590869111709225e+00
9.752680000000000238e-01	6.111284981061358756e+00
9.816639999999999810e-01	6.282252758130845827e+00
9.878930000000000211e-01	6.187070850213587825e+00
9.937399999999999567e-01	6.207229044626060954e+00
9.989850000000000119e-01	5.898946242367240522e+00
1.003457999999999961e+00	5.275706784726293286e+00
1.007338000000000067e+00	3.906517036812775068e+00
1.010966000000000031e+00	3.163615198324468025e+00
1.014685999999999977e+00	3.304076816126270355e+00
1.018841000000000108e+00	3.038014569478634463e+00
1.023735000000000062e+00	4.087869025006677148e+00
1.029328999999999938e+00	5.721799201902640242e+00
1.035408000000000106e+00	8.376867889505554388e+00
1.041754000000000069e+00	9.795398860701405752e+00
1.048148999999999997e+00	1.132414665785496410e+01
1.054391999999999996e+00	1.168841460070352767e+01
1.060446000000000000e+00	1.153775675521225175e+01
1.066368999999999900e+00	1.069128823278585116e+01
1.072216999999999976e+00	1.007313460919282022e+01
1.078049000000000035e+00	8.776106612543825847e+00
1.083920999999999912e+00	8.623430239135567277e+00
1.089842999999999895e+00	8.555299556454874832e+00
1.095801999999999943e+00	8.711310689703539722e+00
1.101780999999999899e+00	9.258281836819239885e+00
1.107765000000000111e+00	9.514979247546383689e+00
1.113739999999999952e+00	9.881253768506422119e+00
1.119699999999999918e+00	9.827231984923598063e+00
1.125650000000000039e+00	9.890235890429789123e+00
1.131594999999999906e+00	1.023724017905963102e+01
1.137537999999999938e+00	1.029787178749542420e+01
1.143483999999999945e+00	1.033862723880525181e+01
1.149432999999999927e+00	1.063501502843358359e+01
1.155386000000000024e+00	1.094601404936791589e+01
1.161338999999999899e+00	1.105891300388674026e+01
1.167294000000000054e+00	1.102234723506111536e+01
1.173246999999999929e+00	1.054545750959317552e+01
1.179200000000000026e+00	1.067756756434491017e+01
1.185151999999999983e+00	1.041590762857362762e+01
1.191103000000000023e+00	9.931157740244156429e+00
1.197054000000000062e+00	9.096315505554517955e+00
1.203006000000000020e+00	8.530258235293002755e+00
1.208957999999999977e+00	7.617878822009499729e+00
1.214909999999999934e+00	7.283801731424988546e+00
1.220861999999999892e+00	6.685388219535574272e+00
1.226814000000000071e+00	6.245674815964983750e+00
1.232765000000000111e+00	6.973701732188362534e+00
1.238717000000000068e+00	6.889603280342996960e+00
1.244668000000000108e+00	7.528922561672220404e+00
1.250620000000000065e+00	8.187952789947610555e+00
1.256572000000000022e+00	8.944067512579636059e+00
1.262526000000000037e+00	8.626544195914641833e+00
1.268480000000000052e+00	9.040467418672516686e+00
1.274434000000000067e+00	9.203568710933458519e+00
1.280386000000000024e+00	8.795417287063772349e+00
1.286335999999999924e+00	8.667427335231417729e+00
1.292281999999999931e+00	8.938512785187484155e+00
1.298224999999999962e+00	9.481633658767519179e+00
1.304170000000000051e+00	1.030789847814590487e+01
1.310119999999999951e+00	1.092926981441026690e+01
1.316079999999999917e+00	1.185519208946517367e+01
1.322052999999999923e+00	1.190838031633327354e+01
1.328036999999999912e+00	1.261254626715913396e+01
1.334017000000000008e+00	1.274625777250332703e+01
1.339976000000000056e+00	1.244886941614192111e+01
1.345900000000000096e+00	1.260678317624850742e+01
1.351774000000000031e+00	1.249774635430935632e+01
1.357607000000000008e+00	1.274128731663185476e+01
1.363453000000000026e+00	1.330300667866243458e+01
1.369372000000000034e+00	1.318069609162599498e+01
1.375421999999999922e+00	1.373671888818368636e+01
1.381658999999999970e+00	1.401190155986456887e+01
1.388052000000000064e+00	1.445755447046942344e+01
1.394403000000000059e+00	1.427413463625327061e+01
1.400492999999999988e+00	1.476622720841769976e+01
1.406104999999999938e+00	1.544988352698666567e+01
1.411021999999999998e+00	1.564941244378135110e+01
1.415195999999999898e+00	1.672346086343922877e+01
1.418924000000000074e+00	1.728188934639242547e+01
1.422549999999999981e+00	1.793957120051216236e+01
1.426417000000000046e+00	1.826442153206361141e+01
1.430868000000000029e+00	1.741170298575260134e+01
1.436091000000000006e+00	1.687848831243736214e+01
1.441923000000000066e+00	1.594990541848849297e+01
1.448144000000000098e+00	1.447914644634207626e+01
1.454538000000000109e+00	1.326464488369716399e+01
1.460887000000000047e+00	1.296924892527941964e+01
1.467041999999999957e+00	1.324563417870822590e+01
1.473030999999999979e+00	1.394672253596716516e+01
1.478914000000000062e+00	1.443504484362394003e+01
1.484749000000000096e+00	1.534604851799948833e+01
1.490591999999999917e+00	1.505072718042908697e+01
1.496488000000000040e+00	1.431595815984765174e+01
1.502428000000000097e+00	1.306382890741791947e+01
1.508397999999999906e+00	1.200107022031618520e+01
1.514380999999999977e+00	1.061513284002470670e+01
1.520361999999999991e+00	9.106441540776362586e+00
1.526329999999999965e+00	8.519580033943102038e+00
1.532284999999999897e+00	8.325722190124347222e+00
1.538232999999999961e+00	8.103518189063848354e+00
1.544175999999999993e+00	8.914727640729568137e+00
1.550119999999999942e+00	9.631650259077064291e+00
1.556068000000000007e+00	1.027159959364180608e+01
1.562019000000000046e+00	1.172097418846238881e+01
1.567971999999999921e+00	1.324393624037535844e+01
1.573925999999999936e+00	1.430966840150322383e+01
1.579879999999999951e+00	1.547778685851733549e+01
1.585833000000000048e+00	1.646357075036328865e+01
1.591785000000000005e+00	1.644733160145882067e+01
1.597736999999999963e+00	1.686170578815911369e+01
1.603688000000000002e+00	1.673275266684441931e+01
1.609639000000000042e+00	1.682274187297379342e+01
1.615590999999999999e+00	1.657992009776005915e+01
1.621542999999999957e+00	1.684000627711127152e+01
1.627494999999999914e+00	1.658621753403903298e+01
1.633447000000000093e+00	1.669275043462297603e+01
1.639399000000000051e+00	1.657113516256807983e+01
1.645350000000000090e+00	1.608674403808639752e+01
1.651302000000000048e+00	1.529834363072064107e+01
1.657253000000000087e+00	1.445940997155668839e+01
1.663205000000000044e+00	1.361880121995329951e+01
1.669157999999999920e+00	1.261579643779239568e+01
1.675111999999999934e+00	1.287681967258432181e+01
1.681065999999999949e+00	1.243505666208771032e+01
1.687019000000000046e+00	1.223580692826427807e+01
1.692971000000000004e+00	1.272531577405334069e+01
1.698919000000000068e+00	1.298035153679570364e+01
1.704863000000000017e+00	1.351173916431468847e+01
1.710806999999999967e+00	1.386023153748720738e+01
1.716752999999999973e+00	1.426873380330498264e+01
1.722706999999999988e+00	1.497833934641553633e+01
1.728671999999999986e+00	1.525378364811767895e+01
1.734652000000000083e+00	1.629483213694745558e+01
1.740636000000000072e+00	1.662845731237799995e+01
1.746609000000000078e+00	1.759883199896551886e+01
1.752555000000000085e+00	1.798568028275126807e+01
1.758458000000000077e+00	1.792714203083799873e+01
1.764308999999999905e+00	1.806603752548518216e+01
1.770140999999999964e+00	1.774819353450247661e+01
1.776011999999999924e+00	1.786727430326669008e+01
1.781979999999999897e+00	1.726101230677139498e+01
1.788105000000000055e+00	1.694564169371443541e+01
1.794426999999999994e+00	1.653988292173866981e+01
1.800829000000000013e+00	1.664027323401633751e+01
1.807091999999999921e+00	1.646196747497532087e+01
1.813002000000000002e+00	1.690031770733088123e+01
1.818338000000000010e+00	1.657852022685724691e+01
1.822912000000000088e+00	1.712272681501480065e+01
1.826850000000000085e+00	1.751843452768239828e+01
1.830492000000000008e+00	1.807088189922047050e+01
1.834179999999999922e+00	1.891702121016085059e+01
1.838259000000000087e+00	1.944165177398163991e+01
1.843048000000000020e+00	2.023486427511631902e+01
1.848562000000000038e+00	2.021048337161012398e+01
1.854589999999999961e+00	2.073024611077773827e+01
1.860913000000000039e+00	2.137418427471182980e+01
1.867313999999999918e+00	2.160456245059199176e+01
1.873583999999999916e+00	2.112210190276145383e+01
1.879660000000000108e+00	2.062468241313391815e+01
1.885596000000000050e+00	1.986846925766251815e+01
1.891450999999999993e+00	1.962201963733846100e+01
1.897281999999999913e+00	1.850775623168255990e+01
1.903146999999999922e+00	1.774059715718386343e+01
1.909062999999999954e+00	1.747669055144802996e+01
1.915018000000000109e+00	1.752845327631793637e+01
1.920995999999999926e+00	1.764851294106784252e+01
1.926979999999999915e+00	1.844499167761419756e+01
1.932955999999999896e+00	1.966611703819141255e+01
1.938917999999999919e+00	2.164114758693344243e+01
1.944868999999999959e+00	2.381562683383342005e+01
1.950814000000000048e+00	2.591709665094277781e+01
1.956757999999999997e+00	2.807617709466471112e+01
1.962703000000000086e+00	2.965732857537768652e+01
1.968652000000000069e+00	3.045434870156315910e+01
1.974604000000000026e+00	3.119464096601144121e+01
1.980558000000000041e+00	3.212243125279000111e+01
1.986512000000000056e+00	3.314845817758568103e+01
1.992466000000000070e+00	3.386320194827379737e+01
1.998418000000000028e+00	3.524605854224346757e+01
2.004370000000000207e+00	3.620198788396459832e+01
2.010321999999999942e+00	3.692747477618017626e+01
2.016272999999999982e+00	3.742727663318543563e+01
2.022224000000000022e+00	3.636983723306173033e+01
2.028176000000000201e+00	3.455345037283509413e+01
2.034127999999999936e+00	3.210719159776877518e+01
2.040080000000000116e+00	2.966893362805030065e+01
2.046031999999999851e+00	2.792810464291828509e+01
2.051984000000000030e+00	2.688151989137190512e+01
2.057935000000000070e+00	2.718296812806241647e+01
2.063886999999999805e+00	2.791160529856969319e+01
2.069837999999999845e+00	2.930632157656468806e+01
2.075791000000000164e+00	3.139873550986278161e+01
2.081744000000000039e+00	3.299180561573147230e+01
2.087698000000000054e+00	3.426507970674492043e+01
2.093652000000000069e+00	3.561922737522955629e+01
2.099604999999999944e+00	3.705194733274728236e+01
2.105554999999999843e+00	3.792899323130285438e+01
2.111501000000000072e+00	3.900527787047128214e+01
2.117445000000000022e+00	3.962403504768317219e+01
2.123388999999999971e+00	4.033552276711632345e+01
2.129338000000000175e+00	4.080837346577735758e+01
2.135295999999999861e+00	4.064554401116574667e+01
2.141268000000000171e+00	4.021763259961088011e+01
2.147250999999999799e+00	3.971423313048894244e+01
2.153232000000000035e+00	3.908180480810932522e+01
2.159196000000000115e+00	3.769629676542512442e+01
2.165125000000000188e+00	3.673880888203832029e+01
2.171006000000000213e+00	3.546166438803260945e+01
2.176841000000000026e+00	3.454950974680722453e+01
2.182682999999999929e+00	3.376073505762416005e+01
2.188588999999999896e+00	3.318547238421351864e+01
2.194618000000000180e+00	3.374699970765416879e+01
2.200828000000000007e+00	3.442037177386848157e+01
2.207209999999999894e+00	3.722156653494321432e+01
2.213579000000000185e+00	3.925176103063081001e+01
2.219714999999999883e+00	4.259122859587660770e+01
2.225403000000000020e+00	4.587805738068320238e+01
2.230423000000000044e+00	4.851330892294733133e+01
2.234681000000000139e+00	5.073166293657593684e+01
2.238447999999999993e+00	5.164026258021917215e+01
2.242068000000000172e+00	5.208398846690617745e+01
2.245884000000000214e+00	5.089360067810336830e+01
2.250237999999999960e+00	4.865403745718312933e+01
2.255365999999999982e+00	4.500908930518936302e+01
2.261130000000000084e+00	4.002855158530824298e+01
2.267313000000000134e+00	3.458336008988436561e+01
2.273696000000000161e+00	2.965183935563705120e+01
2.280063999999999869e+00	2.662644143766607385e+01
2.286243999999999943e+00	2.466277158903371713e+01
2.292251999999999956e+00	2.441656938657130382e+01
2.298146000000000022e+00	2.436803326610045417e+01
2.303983000000000114e+00	2.484194405082821078e+01
2.309822000000000042e+00	2.507831111836333449e+01
2.315710999999999853e+00	2.470664813248025382e+01
2.321645999999999876e+00	2.353020763554170713e+01
2.327612999999999932e+00	2.349744573060538144e+01
2.333594999999999864e+00	2.446176790263315226e+01
2.339576999999999796e+00	2.730657782689450030e+01
2.345546999999999827e+00	3.236205592507459272e+01
2.351503999999999817e+00	3.968333950576434432e+01
2.357451999999999881e+00	4.742514692623162631e+01
2.363395999999999830e+00	5.504726960912792322e+01
2.369339000000000084e+00	6.155826572463675461e+01
2.375286000000000008e+00	6.594497694829316004e+01
2.381237000000000048e+00	6.892406626505032818e+01
2.387189999999999923e+00	6.930530155108402823e+01
2.393143999999999938e+00	6.875808165816501116e+01
2.399097999999999953e+00	6.633749145207576703e+01
2.405050999999999828e+00	6.269967803796056671e+01
2.411004000000000147e+00	5.809204586352065292e+01
2.416955999999999882e+00	5.285152652343722934e+01
2.422906999999999922e+00	4.766030912294700528e+01
2.428857999999999961e+00	4.293073638663960168e+01
2.434809000000000001e+00	3.860923798667948148e+01
2.440760000000000041e+00	3.453527687588564987e+01
2.446712000000000220e+00	3.165694745975334001e+01
2.452663999999999955e+00	2.875494858226079131e+01
2.458616999999999830e+00	2.664637947304789023e+01
2.464570999999999845e+00	2.515278506350734489e+01
2.470524999999999860e+00	2.447754847867664552e+01
2.476478000000000179e+00	2.509528611973861700e+01
2.482429999999999914e+00	2.798811930436540507e+01
2.488377999999999979e+00	3.449494001933442888e+01
2.494323000000000068e+00	4.365631566534373320e+01
2.500265999999999877e+00	5.557396959482675669e+01
2.506212000000000106e+00	6.787887275645694274e+01
2.512164999999999981e+00	7.899316515347425138e+01
2.518129000000000062e+00	8.646235291552876845e+01
2.524108000000000018e+00	8.832314069835726400e+01
2.530091999999999786e+00	8.438715848603169434e+01
2.536067000000000071e+00	7.769362169917448568e+01
2.542015999999999831e+00	6.961824151295547836e+01
2.547924000000000078e+00	6.037939669770651818e+01
2.553779000000000021e+00	5.402692772501210072e+01
2.559610000000000163e+00	4.963421506791249982e+01
2.565475000000000172e+00	4.653514935636393801e+01
2.571432000000000162e+00	4.453702934557007609e+01
2.577539999999999942e+00	4.317260928030140832e+01
2.583845999999999865e+00	4.161799607904714549e+01
2.590249000000000024e+00	3.947791810356408604e+01
2.596534000000000120e+00	3.737611300501347955e+01
2.602485000000000159e+00	3.429893734491928825e+01
2.607883000000000173e+00	3.179615769734159159e+01
2.612527000000000044e+00	2.857584055783253874e+01
2.616509000000000196e+00	2.539927461227116368e+01
2.620163999999999938e+00	2.262601166955938581e+01
2.623834000000000000e+00	2.034274841035291104e+01
2.627863000000000060e+00	1.926249135897703013e+01
2.632579999999999920e+00	1.925308172392846373e+01
2.638037000000000187e+00	2.132781794085452276e+01
2.644026000000000209e+00	2.348989837833185490e+01
2.650332000000000132e+00	2.637514871207548950e+01
2.656734000000000151e+00	2.858419543508252758e+01
2.663022999999999918e+00	3.021008177273888506e+01
2.669115000000000126e+00	3.070641368312744390e+01
2.675060999999999911e+00	3.002065176028899174e+01
2.680919999999999970e+00	2.912726412649099927e+01
2.686751000000000111e+00	2.700460483930345390e+01
2.692610999999999866e+00	2.420660212568586900e+01
2.698523999999999923e+00	2.150166168639629660e+01
2.704476000000000102e+00	1.860823079717405193e+01
2.710452000000000083e+00	1.755013159746896889e+01
2.716435999999999851e+00	1.809887609927683627e+01
2.722412999999999972e+00	2.224279044755926549e+01
2.728375999999999912e+00	2.875656888806723543e+01
2.734328000000000092e+00	3.648463782527485222e+01
2.740273999999999877e+00	4.346166738971646026e+01
2.746217000000000130e+00	4.729822882295533759e+01
2.752162000000000219e+00	4.750576444748711680e+01
2.758110999999999979e+00	4.272057755972926429e+01
2.764063000000000159e+00	3.448295117656999054e+01
2.770016000000000034e+00	2.544472768673363205e+01
2.775971000000000188e+00	1.700495694097607213e+01
2.781924000000000063e+00	1.055478887242773212e+01
2.787876999999999938e+00	7.391442151657945381e+00
2.793829000000000118e+00	7.327897046712092965e+00
2.799780999999999853e+00	8.837495270330308017e+00
2.805731999999999893e+00	1.130248029016952316e+01
2.811682999999999932e+00	1.362097942190287192e+01
2.817635000000000112e+00	1.617764462971100414e+01
2.823586999999999847e+00	1.817300723010322727e+01
2.829539000000000026e+00	1.972591312172989575e+01
2.835491000000000206e+00	2.096805519812391339e+01
2.841442999999999941e+00	2.232890999294267331e+01
2.847395000000000120e+00	2.311806865569303326e+01
2.853346999999999856e+00	2.325111267765912260e+01
2.859299000000000035e+00	2.239872720482507518e+01
2.865251000000000214e+00	1.976762210180340773e+01
2.871201999999999810e+00	1.605020060144106964e+01
2.877153999999999989e+00	1.042402676793964389e+01
2.883106000000000169e+00	4.528461667265798241e+00
2.889057999999999904e+00	-3.123069665223487945e-01
2.895010000000000083e+00	-2.107376421564674196e+00
2.900961999999999819e+00	-5.518805746249406674e-01
2.906913999999999998e+00	5.844045103403793462e+00
2.912866000000000177e+00	1.457932333095760669e+01
2.918817999999999913e+00	2.378610102845563645e+01
2.924770000000000092e+00	3.185781242964565507e+01
2.930721000000000132e+00	3.547226253475898972e+01
2.936672999999999867e+00	3.390533502693698864e+01
2.942625000000000046e+00	2.892486685127288837e+01
2.948576999999999781e+00	2.167279761022893325e+01
2.954528999999999961e+00	1.441134892631925801e+01
2.960481000000000140e+00	9.737827178621349944e+00
2.966432999999999875e+00	7.961929161738640737e+00
2.972385000000000055e+00	8.800384705387299888e+00
2.978336999999999790e+00	1.167927514380489917e+01
2.984288999999999970e+00	1.511887323935479088e+01
2.990240000000000009e+00	1.791351634757262090e+01
2.996192000000000188e+00	1.910054730097306930e+01
3.002143999999999924e+00	1.809727025804954081e+01
3.008096000000000103e+00	1.331743458742836950e+01
3.014047999999999838e+00	4.411724263741253260e+00
3.020000000000000018e+00	-1.027802659441489297e+01
