1.199999999999999956e-01	-6.220400775170664698e-01
1.249780000000000058e-01	-1.607640357575534251e+00
1.305999999999999939e-01	-8.073467547861786775e-01
1.367059999999999942e-01	-8.910511511165033482e-01
1.431360000000000132e-01	-5.439198510571443546e-01
1.497320000000000040e-01	-2.633187956757223058e-01
1.563350000000000017e-01	-1.791612119224085808e-01
1.627850000000000130e-01	1.887605929480455635e-01
1.689219999999999888e-01	8.916061324385159415e-01
1.745889999999999942e-01	1.128542973789894432e+00
1.796250000000000069e-01	1.449266217313619709e+00
1.839349999999999874e-01	1.219852249784839415e+00
1.877439999999999942e-01	2.013116449015301512e+00
1.913779999999999926e-01	2.023226053698496951e+00
1.951660000000000061e-01	2.108715689096431589e+00
1.994340000000000002e-01	2.260378522350529273e+00
2.044499999999999929e-01	2.176598474727250654e+00
2.101250000000000062e-01	2.728557181106512353e+00
2.162479999999999958e-01	2.500014190225008370e+00
2.226049999999999973e-01	2.258945483732675896e+00
2.289819999999999911e-01	2.856944659860523483e+00
2.351930000000000132e-01	2.916120805877727928e+00
2.412249999999999950e-01	2.768881807868838418e+00
2.471349999999999936e-01	3.303818042560580981e+00
2.529799999999999827e-01	3.003287060846767886e+00
2.588170000000000193e-01	2.405909385742131867e+00
2.646970000000000156e-01	2.314561831017142968e+00
2.706259999999999777e-01	2.491336782565018115e+00
2.765880000000000005e-01	1.947231315189306589e+00
2.825679999999999858e-01	1.556254982912756546e+00
2.885510000000000019e-01	1.421224209079829937e+00
2.945229999999999793e-01	8.353698046924031839e-01
3.004809999999999981e-01	1.119229416191750426e+00
3.064310000000000089e-01	1.251104570065255883e+00
3.123750000000000138e-01	1.815630257197486053e+00
3.183190000000000186e-01	2.182310000012325446e+00
3.242650000000000254e-01	1.439329739275102105e+00
3.302149999999999808e-01	1.979412986742584479e+00
3.361680000000000224e-01	1.628369198736934642e+00
3.421210000000000084e-01	1.979932848978985804e+00
3.480759999999999965e-01	2.549693210837167268e+00
3.540289999999999826e-01	2.687874785524004828e+00
3.599809999999999954e-01	3.084891740083669731e+00
3.659330000000000083e-01	2.661390548183590887e+00
3.718839999999999923e-01	3.160015958467329522e+00
3.778360000000000052e-01	3.051247906428600665e+00
3.837869999999999893e-01	2.961542889680839341e+00
3.897390000000000021e-01	2.372892229254996543e+00
3.956910000000000149e-01	2.081557775970364954e+00
4.016429999999999723e-01	1.216292992135187712e+00
4.075949999999999851e-01	1.461281867352103525e+00
4.135469999999999979e-01	1.190193419542262321e+00
4.194979999999999820e-01	1.543561910745610888e+00
4.254499999999999948e-01	1.878893434654550720e+00
4.314009999999999789e-01	1.956386917721688157e+00
4.373540000000000205e-01	2.051808203299901212e+00
4.433079999999999798e-01	2.284981859313323316e+00
4.492619999999999947e-01	1.634094743514725057e+00
4.552160000000000095e-01	1.175365975599574453e+00
4.611680000000000224e-01	1.066009787459565983e+00
4.671170000000000044e-01	6.125291583040297638e-01
4.730619999999999825e-01	7.163131179370707535e-02
4.790059999999999873e-01	-9.511172477934154434e-02
4.849510000000000209e-01	-3.378481261001110569e-01
4.909020000000000050e-01	3.877944536205651938e-02
4.968629999999999991e-01	3.703997889667303700e-01
5.028390000000000359e-01	1.034771481640255342e+00
5.088230000000000253e-01	4.877542579103320564e-01
5.148009999999999531e-01	6.536554994876956348e-01
5.207570000000000254e-01	8.939048185997449103e-01
5.266750000000000043e-01	1.309898140436178249e+00
5.325410000000000421e-01	1.514274616531453788e+00
5.383719999999999617e-01	1.870067390622325743e+00
5.442249999999999588e-01	2.079006037201013513e+00
5.501580000000000359e-01	3.209145188523603753e+00
5.562289999999999734e-01	3.072269181793865211e+00
5.624930000000000208e-01	2.584013969255081644e+00
5.688929999999999820e-01	3.100850945416130600e+00
5.752220000000000111e-01	3.480566273997950599e+00
5.812610000000000277e-01	2.881359069493505842e+00
5.867949999999999555e-01	2.969139829752367898e+00
5.916080000000000227e-01	2.937864222535976566e+00
5.957040000000000113e-01	2.280133900755068943e+00
5.993990000000000151e-01	2.419733931906938640e+00
6.030370000000000452e-01	1.988352133705521219e+00
6.069609999999999728e-01	1.863863236856530881e+00
6.115110000000000268e-01	1.741322595828164843e+00
6.168270000000000142e-01	2.219903499480748721e+00
6.227219999999999978e-01	1.209568763236681610e+00
6.289789999999999548e-01	1.053558767976867427e+00
6.353790000000000271e-01	8.027035754486229191e-01
6.417070000000000274e-01	1.257396246011402319e+00
6.478369999999999962e-01	6.396201469432514219e-01
6.538089999999999735e-01	6.282829850019947537e-01
6.596819999999999906e-01	5.220769404790017720e-01
6.655140000000000500e-01	8.798662536299389769e-01
6.713630000000000431e-01	1.322080797780599282e+00
6.772660000000000347e-01	1.215942098004643812e+00
6.832110000000000127e-01	1.438976924350537701e+00
6.891829999999999901e-01	1.765793722046421488e+00
6.951669999999999794e-01	1.705112779010499846e+00
7.011469999999999647e-01	2.654922053463106391e+00
7.071119999999999628e-01	2.091047218399356478e+00
7.130670000000000064e-01	2.373865827054707278e+00
7.190130000000000132e-01	2.152427288017096263e+00
7.249569999999999625e-01	2.164172901086839573e+00
7.309010000000000229e-01	2.170146687800147411e+00
7.368489999999999762e-01	2.208435955530885231e+00
7.428000000000000158e-01	2.743505903890688380e+00
7.487530000000000019e-01	2.885542302528302461e+00
7.547080000000000455e-01	2.949058156319863233e+00
7.606619999999999493e-01	2.853046527779787844e+00
7.666140000000000176e-01	2.784845663236120483e+00
7.725670000000000037e-01	2.786229620505447091e+00
7.785180000000000433e-01	2.318340909965550534e+00
7.844689999999999719e-01	1.537055509343132176e+00
7.904210000000000402e-01	1.554195853400204275e+00
7.963729999999999976e-01	1.200609361778613104e+00
8.023249999999999549e-01	1.343824141108251657e+00
8.082770000000000232e-01	1.560628030881768602e+00
8.142289999999999806e-01	1.563705946346240827e+00
8.201800000000000201e-01	1.993173542028115808e+00
8.261319999999999775e-01	3.044920976433966864e+00
8.320830000000000171e-01	2.973253326217064174e+00
8.380349999999999744e-01	2.902377061850177409e+00
8.439870000000000427e-01	2.900936899760533816e+00
8.499400000000000288e-01	3.452617250168251939e+00
8.558940000000000436e-01	3.312565230034493879e+00
8.618479999999999475e-01	3.204363833357247948e+00
8.678010000000000446e-01	3.432554166648198457e+00
8.737519999999999731e-01	2.765851019798202692e+00
8.797000000000000375e-01	2.966499818262239074e+00
8.856439999999999868e-01	2.946616230814316229e+00
8.915870000000000184e-01	2.099696712717165070e+00
8.975349999999999717e-01	2.049767568571204457e+00
9.034900000000000153e-01	1.940044934519234321e+00
9.094569999999999599e-01	2.558034246092669495e+00
9.154379999999999740e-01	2.500875711470409435e+00
9.214210000000000456e-01	2.253361674692623939e+00
9.273909999999999654e-01	2.709076532772119350e+00
9.333329999999999682e-01	2.795982447863040843e+00
9.392300000000000093e-01	2.619839749539956131e+00
9.450749999999999984e-01	2.048226979217810051e+00
9.509090000000000042e-01	2.832962166221125067e+00
9.567890000000000006e-01	2.885255900892433001e+00
9.627750000000000474e-01	3.267366559917351143e+00
9.689229999999999787e-01	2.705656729843187946e+00
9.752680000000000238e-01	2.837803426765290293e+00
9.816639999999999810e-01	2.364493520919163316e+00
9.878930000000000211e-01	2.027513565354780223e+00
9.937399999999999567e-01	1.970356102661310782e+00
9.989850000000000119e-01	1.929655760295695188e+00
1.003457999999999961e+00	1.885342586718184998e+00
1.007338000000000067e+00	2.159062093592988063e+00
1.010966000000000031e+00	2.471769542952805487e+00
1.014685999999999977e+00	2.955766115898796897e+00
1.018841000000000108e+00	3.199032100980939042e+00
1.023735000000000062e+00	3.730967564849497542e+00
1.029328999999999938e+00	3.177097731521482338e+00
1.035408000000000106e+00	3.421744806798901806e+00
1.041754000000000069e+00	3.837696796866354010e+00
1.048148999999999997e+00	3.799997035540728874e+00
1.054391999999999996e+00	3.754841606826647915e+00
1.060446000000000000e+00	3.918850323918828593e+00
1.066368999999999900e+00	4.567170488289342245e+00
1.072216999999999976e+00	3.565970522135180509e+00
1.078049000000000035e+00	3.100346428576797209e+00
1.083920999999999912e+00	3.399134780451290361e+00
1.089842999999999895e+00	3.801090893145921523e+00
1.095801999999999943e+00	3.067713663751959086e+00
1.101780999999999899e+00	2.998707162029935258e+00
1.107765000000000111e+00	3.072071622213028430e+00
1.113739999999999952e+00	2.853627164010481554e+00
1.119699999999999918e+00	2.575952497159277765e+00
1.125650000000000039e+00	2.478072157250498453e+00
1.131594999999999906e+00	1.930884446605002358e+00
1.137537999999999938e+00	1.863811823856740046e+00
1.143483999999999945e+00	2.476849761537839534e+00
1.149432999999999927e+00	2.035653953334916277e+00
1.155386000000000024e+00	2.107770259792085543e+00
1.161338999999999899e+00	3.646824626602269692e+00
1.167294000000000054e+00	3.659222588086625816e+00
1.173246999999999929e+00	4.389655516117104028e+00
1.179200000000000026e+00	3.977943149127558975e+00
1.185151999999999983e+00	3.936799822578286090e+00
1.191103000000000023e+00	3.392447693756690974e+00
1.197054000000000062e+00	3.254218391967263369e+00
1.203006000000000020e+00	3.172042827746953453e+00
1.208957999999999977e+00	3.329905972471121967e+00
1.214909999999999934e+00	3.099297995927374760e+00
1.220861999999999892e+00	2.898098826661217764e+00
1.226814000000000071e+00	2.711058622033363008e+00
1.232765000000000111e+00	2.662114438241119263e+00
1.238717000000000068e+00	3.090162528342147663e+00
1.244668000000000108e+00	3.060589605808063940e+00
1.250620000000000065e+00	3.205099625129673946e+00
1.256572000000000022e+00	3.407519612592298408e+00
1.262526000000000037e+00	3.814680644853404523e+00
1.268480000000000052e+00	3.669030331357685082e+00
1.274434000000000067e+00	4.041819806143514882e+00
1.280386000000000024e+00	4.757915727103536163e+00
1.286335999999999924e+00	4.399323899604067556e+00
1.292281999999999931e+00	5.007178511482723415e+00
1.298224999999999962e+00	6.022718658194819774e+00
1.304170000000000051e+00	6.690904040322519286e+00
1.310119999999999951e+00	6.748776641800628084e+00
1.316079999999999917e+00	7.450282681176013000e+00
1.322052999999999923e+00	7.271671308553741220e+00
1.328036999999999912e+00	6.990368731658413992e+00
1.334017000000000008e+00	6.919791045438718591e+00
1.339976000000000056e+00	6.914219020698821438e+00
1.345900000000000096e+00	7.292672382907383621e+00
1.351774000000000031e+00	5.983053964672338410e+00
1.357607000000000008e+00	5.404695012831716383e+00
1.363453000000000026e+00	4.893117421339630013e+00
1.369372000000000034e+00	4.593855523342906366e+00
1.375421999999999922e+00	4.388246133789770909e+00
1.381658999999999970e+00	4.671345597626405777e+00
1.388052000000000064e+00	5.119504793193196512e+00
1.394403000000000059e+00	6.178187447599674087e+00
1.400492999999999988e+00	6.227861935033619289e+00
1.406104999999999938e+00	6.595941961932760833e+00
1.411021999999999998e+00	7.089674585202215162e+00
1.415195999999999898e+00	7.712216779801151390e+00
1.418924000000000074e+00	7.657548389851502435e+00
1.422549999999999981e+00	8.006590323902205597e+00
1.426417000000000046e+00	7.868575310816892099e+00
1.430868000000000029e+00	8.063958317484454241e+00
1.436091000000000006e+00	8.625687791100958179e+00
1.441923000000000066e+00	8.750968831516289015e+00
1.448144000000000098e+00	9.526749910205037253e+00
1.454538000000000109e+00	8.255489319175509877e+00
1.460887000000000047e+00	9.147555287449170791e+00
1.467041999999999957e+00	8.590610833411179925e+00
1.473030999999999979e+00	8.216631175324716096e+00
1.478914000000000062e+00	7.588240063491531906e+00
1.484749000000000096e+00	7.381146293626518862e+00
1.490591999999999917e+00	7.388333479894924061e+00
1.496488000000000040e+00	6.043812775061697451e+00
1.502428000000000097e+00	6.129700456902765104e+00
1.508397999999999906e+00	6.148856330920141389e+00
1.514380999999999977e+00	5.895236657717166651e+00
1.520361999999999991e+00	6.151067354836200707e+00
1.526329999999999965e+00	5.580849791066416543e+00
1.532284999999999897e+00	5.491113638314125467e+00
1.538232999999999961e+00	5.831217413687379114e+00
1.544175999999999993e+00	6.243449848487471421e+00
1.550119999999999942e+00	6.139931716962774289e+00
1.556068000000000007e+00	6.464319309857817331e+00
1.562019000000000046e+00	6.104297253062720863e+00
1.567971999999999921e+00	6.363598233637151935e+00
1.573925999999999936e+00	7.034850717403113407e+00
1.579879999999999951e+00	6.884903457498761981e+00
1.585833000000000048e+00	7.151537186469833607e+00
1.591785000000000005e+00	7.654875084718562483e+00
1.597736999999999963e+00	7.309843110459558702e+00
1.603688000000000002e+00	6.574643078178011635e+00
1.609639000000000042e+00	7.499410076826402261e+00
1.615590999999999999e+00	6.565613465697338391e+00
1.621542999999999957e+00	6.891014626311043223e+00
1.627494999999999914e+00	6.873309748965387378e+00
1.633447000000000093e+00	7.007642142630301052e+00
1.639399000000000051e+00	6.037185537183199280e+00
1.645350000000000090e+00	6.345718624810809949e+00
1.651302000000000048e+00	6.925781008994791321e+00
1.657253000000000087e+00	6.201274851929599485e+00
1.663205000000000044e+00	6.722105634903735805e+00
1.669157999999999920e+00	6.728185352659142637e+00
1.675111999999999934e+00	6.924915092766946501e+00
1.681065999999999949e+00	7.220048611001421257e+00
1.687019000000000046e+00	7.168032232535703763e+00
1.692971000000000004e+00	7.740730953977864814e+00
1.698919000000000068e+00	8.444286948118890024e+00
1.704863000000000017e+00	8.532779009289765071e+00
1.710806999999999967e+00	8.990863914164227921e+00
1.716752999999999973e+00	8.448455016240016491e+00
1.722706999999999988e+00	9.939361435422435775e+00
1.728671999999999986e+00	9.952376735456125445e+00
1.734652000000000083e+00	1.038744003068762645e+01
1.740636000000000072e+00	1.078728275291519267e+01
1.746609000000000078e+00	1.145122390218114461e+01
1.752555000000000085e+00	1.170199927748905111e+01
1.758458000000000077e+00	1.184616202973831811e+01
1.764308999999999905e+00	1.211701514520393275e+01
1.770140999999999964e+00	1.114694407765521866e+01
1.776011999999999924e+00	1.104544350785879026e+01
1.781979999999999897e+00	1.106574604805034667e+01
1.788105000000000055e+00	1.027534775803326816e+01
1.794426999999999994e+00	1.063537725060094097e+01
1.800829000000000013e+00	1.020920345766446680e+01
1.807091999999999921e+00	1.011044869948032954e+01
1.813002000000000002e+00	9.340884685297295320e+00
1.818338000000000010e+00	9.512073375399415553e+00
1.822912000000000088e+00	8.769724907230699529e+00
1.826850000000000085e+00	9.055174211633126191e+00
1.830492000000000008e+00	8.054186013081107376e+00
1.834179999999999922e+00	7.573640670860388724e+00
1.838259000000000087e+00	8.215761201248424683e+00
1.843048000000000020e+00	7.983445196401795840e+00
1.848562000000000038e+00	8.290389602526131441e+00
1.854589999999999961e+00	8.232287114457720989e+00
1.860913000000000039e+00	8.462402468977071379e+00
1.867313999999999918e+00	8.865254907739121393e+00
1.873583999999999916e+00	8.421171281974929812e+00
1.879660000000000108e+00	9.171135902113338290e+00
1.885596000000000050e+00	9.124241685911867350e+00
1.891450999999999993e+00	9.089891190342388683e+00
1.897281999999999913e+00	9.643728767764827126e+00
1.903146999999999922e+00	9.780362058854608520e+00
1.909062999999999954e+00	1.008918247171799543e+01
1.915018000000000109e+00	1.052855160396526912e+01
1.920995999999999926e+00	1.025563345671588422e+01
1.926979999999999915e+00	1.058659008530004719e+01
1.932955999999999896e+00	1.024380614137768220e+01
1.938917999999999919e+00	1.075037937043030389e+01
1.944868999999999959e+00	1.132099444427706914e+01
1.950814000000000048e+00	1.086374711527965964e+01
1.956757999999999997e+00	1.161979562384976816e+01
1.962703000000000086e+00	1.194048851990910443e+01
1.968652000000000069e+00	1.185467593973087119e+01
1.974604000000000026e+00	1.222706235586111667e+01
1.980558000000000041e+00	1.362781135817253997e+01
1.986512000000000056e+00	1.332007834511376565e+01
1.992466000000000070e+00	1.270092811706020974e+01
1.998418000000000028e+00	1.337613514586536567e+01
2.004370000000000207e+00	1.313925104543146816e+01
2.010321999999999942e+00	1.292648804890785108e+01
2.016272999999999982e+00	1.252367779823079630e+01
2.022224000000000022e+00	1.212836177721664477e+01
2.028176000000000201e+00	1.320470348013668094e+01
2.034127999999999936e+00	1.378122142347852375e+01
2.040080000000000116e+00	1.492487332978696735e+01
2.046031999999999851e+00	1.599168073790871425e+01
2.051984000000000030e+00	1.649185820693439908e+01
2.057935000000000070e+00	1.794980878153314663e+01
2.063886999999999805e+00	1.912209904765180823e+01
2.069837999999999845e+00	2.099256241457397465e+01
2.075791000000000164e+00	2.286090358415514956e+01
2.081744000000000039e+00	2.495322421202157059e+01
2.087698000000000054e+00	2.788092241992695364e+01
2.093652000000000069e+00	3.088841534774580921e+01
2.099604999999999944e+00	3.380946213866126016e+01
2.105554999999999843e+00	3.461392550271651203e+01
2.111501000000000072e+00	3.421861135472045845e+01
2.117445000000000022e+00	3.249995384008439459e+01
2.123388999999999971e+00	2.972087503177081658e+01
2.129338000000000175e+00	2.606373820963947452e+01
2.135295999999999861e+00	2.305263260950801296e+01
2.141268000000000171e+00	1.925916711770822332e+01
2.147250999999999799e+00	1.792486200614072445e+01
2.153232000000000035e+00	1.540385971240932861e+01
2.159196000000000115e+00	1.510512908191827464e+01
2.165125000000000188e+00	1.475928146281346010e+01
2.171006000000000213e+00	1.372613280369594868e+01
2.176841000000000026e+00	1.379134265016188898e+01
2.182682999999999929e+00	1.366390321706390942e+01
2.188588999999999896e+00	1.395772647746180972e+01
2.194618000000000180e+00	1.381164881951274026e+01
2.200828000000000007e+00	1.509440502289744401e+01
2.207209999999999894e+00	1.662283769912606957e+01
2.213579000000000185e+00	1.809025022342595435e+01
2.219714999999999883e+00	1.990786343985820750e+01
2.225403000000000020e+00	2.044334259510786822e+01
2.230423000000000044e+00	2.097558843724364408e+01
2.234681000000000139e+00	1.943833922166183470e+01
2.238447999999999993e+00	1.772353979066342333e+01
2.242068000000000172e+00	1.512579919753584790e+01
2.245884000000000214e+00	1.281012073257339345e+01
2.250237999999999960e+00	1.023183230663843801e+01
2.255365999999999982e+00	8.570544547171385474e+00
2.261130000000000084e+00	7.825410989037064446e+00
2.267313000000000134e+00	6.803656007123010774e+00
2.273696000000000161e+00	7.154728316687946510e+00
2.280063999999999869e+00	8.062910742669719966e+00
2.286243999999999943e+00	8.649250496678554612e+00
2.292251999999999956e+00	1.053494382655405381e+01
2.298146000000000022e+00	1.258411363752711765e+01
2.303983000000000114e+00	1.546756919003953179e+01
2.309822000000000042e+00	1.768431553294125180e+01
2.315710999999999853e+00	2.002068611267847231e+01
2.321645999999999876e+00	2.223768810648798322e+01
2.327612999999999932e+00	2.491975420284888543e+01
2.333594999999999864e+00	2.592996137249101096e+01
2.339576999999999796e+00	2.642243947306091201e+01
2.345546999999999827e+00	2.542759608375368430e+01
2.351503999999999817e+00	2.371744505048431506e+01
2.357451999999999881e+00	2.111398660132426386e+01
2.363395999999999830e+00	1.800462528117008176e+01
2.369339000000000084e+00	1.436312371975981783e+01
2.375286000000000008e+00	1.297690559476706262e+01
2.381237000000000048e+00	1.091751306286949230e+01
2.387189999999999923e+00	9.008386609319773086e+00
2.393143999999999938e+00	8.139162298043675747e+00
2.399097999999999953e+00	7.612479655578329840e+00
2.405050999999999828e+00	7.561117503173892196e+00
2.411004000000000147e+00	8.107149167238185683e+00
2.416955999999999882e+00	9.201339019946374265e+00
2.422906999999999922e+00	1.108726388404071628e+01
2.428857999999999961e+00	1.260054354390907250e+01
2.434809000000000001e+00	1.455452695748338421e+01
2.440760000000000041e+00	1.693587059765752301e+01
2.446712000000000220e+00	1.906958779879419907e+01
2.452663999999999955e+00	2.030705601913552982e+01
2.458616999999999830e+00	2.030513674583090733e+01
2.464570999999999845e+00	1.968591605492093422e+01
2.470524999999999860e+00	1.710728360265172654e+01
2.476478000000000179e+00	1.570868657462921547e+01
2.482429999999999914e+00	1.576988337223274961e+01
2.488377999999999979e+00	1.695310182464134385e+01
2.494323000000000068e+00	2.183163044445808865e+01
2.500265999999999877e+00	2.787372406589084051e+01
2.506212000000000106e+00	3.517370906974078792e+01
2.512164999999999981e+00	4.152805975515622805e+01
2.518129000000000062e+00	4.586790422122841449e+01
2.524108000000000018e+00	4.666584718497549034e+01
2.530091999999999786e+00	4.311242780082022819e+01
2.536067000000000071e+00	3.859730513028819132e+01
2.542015999999999831e+00	3.346172040759980604e+01
2.547924000000000078e+00	2.963624998674146127e+01
2.553779000000000021e+00	2.823961134810778262e+01
2.559610000000000163e+00	2.871335304322433757e+01
2.565475000000000172e+00	3.130339564739138680e+01
2.571432000000000162e+00	3.203248275137237044e+01
2.577539999999999942e+00	3.341534401525026254e+01
2.583845999999999865e+00	3.248269222893949859e+01
2.590249000000000024e+00	3.042188776944623285e+01
2.596534000000000120e+00	2.647511600984714519e+01
2.602485000000000159e+00	2.332831714092615982e+01
2.607883000000000173e+00	2.139012876228283488e+01
2.612527000000000044e+00	1.928327962997881073e+01
2.616509000000000196e+00	2.016546987550376357e+01
2.620163999999999938e+00	2.245847499953394433e+01
2.623834000000000000e+00	2.454858503736103614e+01
2.627863000000000060e+00	2.679959062445885820e+01
2.632579999999999920e+00	2.972224151870803155e+01
2.638037000000000187e+00	3.107963754399856526e+01
2.644026000000000209e+00	3.165957146196787875e+01
2.650332000000000132e+00	3.093190816570926316e+01
2.656734000000000151e+00	2.856661806762852862e+01
2.663022999999999918e+00	2.482526622118075110e+01
2.669115000000000126e+00	2.015536307988363163e+01
2.675060999999999911e+00	1.386881667563257636e+01
2.680919999999999970e+00	8.366840686263026683e+00
2.686751000000000111e+00	3.315783308287171494e+00
2.692610999999999866e+00	-1.555146270888092097e+00
2.698523999999999923e+00	-5.166422987329569061e+00
2.704476000000000102e+00	-7.721747965996354601e+00
2.710452000000000083e+00	-8.922395460378979237e+00
2.716435999999999851e+00	-9.456718216732184601e+00
2.722412999999999972e+00	-9.286663007015393489e+00
2.728375999999999912e+00	-7.841550559434297796e+00
2.734328000000000092e+00	-5.676316046860997666e+00
2.740273999999999877e+00	-3.314961729821292113e+00
2.746217000000000130e+00	7.157968459806210992e-01
2.752162000000000219e+00	5.509058157184582249e+00
2.758110999999999979e+00	9.815113388058620103e+00
2.764063000000000159e+00	1.569995093027059596e+01
2.770016000000000034e+00	2.092468659126376807e+01
2.775971000000000188e+00	2.455307781749207763e+01
2.781924000000000063e+00	2.607691563057327144e+01
2.787876999999999938e+00	2.643023900511801472e+01
2.793829000000000118e+00	2.393003843515981544e+01
2.799780999999999853e+00	2.066349857167719861e+01
2.805731999999999893e+00	1.637857504984283352e+01
2.811682999999999932e+00	1.203646033761160083e+01
2.817635000000000112e+00	7.167527293807355981e+00
2.823586999999999847e+00	2.703394368198946740e+00
2.829539000000000026e+00	-6.378390107025129208e-01
2.835491000000000206e+00	-1.000701567256717883e+00
2.841442999999999941e+00	7.573531387891117017e-01
2.847395000000000120e+00	5.817862066196035187e+00
2.853346999999999856e+00	1.254129892088452003e+01
2.859299000000000035e+00	1.968515360124629865e+01
2.865251000000000214e+00	2.546514216184004198e+01
2.871201999999999810e+00	2.927322986851909903e+01
2.877153999999999989e+00	2.928694846030496279e+01
2.883106000000000169e+00	2.720914107043321195e+01
2.889057999999999904e+00	2.239757429872742023e+01
2.895010000000000083e+00	1.696521332259414905e+01
2.900961999999999819e+00	1.105770870401176076e+01
2.906913999999999998e+00	4.442139139104409828e+00
2.912866000000000177e+00	-5.379171156728412839e-01
2.918817999999999913e+00	-4.211492817775315700e+00
2.924770000000000092e+00	-6.533235769969754081e+00
2.930721000000000132e+00	-6.285847475866489731e+00
2.936672999999999867e+00	-3.768517549706221992e+00
2.942625000000000046e+00	1.348719144166298900e+00
2.948576999999999781e+00	6.789607660726538541e+00
2.954528999999999961e+00	1.051592086642775747e+01
2.960481000000000140e+00	1.351296192053177769e+01
2.966432999999999875e+00	1.255729824985011334e+01
2.972385000000000055e+00	9.984876444856761069e+00
2.978336999999999790e+00	4.349367752330961956e+00
2.984288999999999970e+00	-7.617531008656222569e-02
2.990240000000000009e+00	-4.190811611147482907e+00
2.996192000000000188e+00	-7.713435016492112162e+00
3.002143999999999924e+00	-8.078185609965029101e+00
3.008096000000000103e+00	-6.203982732074541318e+00
3.014047999999999838e+00	3.595291303324839038e-01
3.020000000000000018e+00	1.178382620304869377e+01
