1.199999999999999956e-01	9.556305198389425382e-01
1.249780000000000058e-01	5.967720400884045651e-01
1.305999999999999939e-01	1.171481070723739526e+00
1.367059999999999942e-01	1.575280776636519331e+00
1.431360000000000132e-01	8.606872900692149608e-01
1.497320000000000040e-01	1.513193415900034644e+00
1.563350000000000017e-01	1.010719055027382129e+00
1.627850000000000130e-01	1.441962223450225622e+00
1.689219999999999888e-01	2.249631173047134780e+00
1.745889999999999942e-01	2.361630251941963188e+00
1.796250000000000069e-01	2.463505560559700047e+00
1.839349999999999874e-01	2.734189104939757087e+00
1.877439999999999942e-01	2.417569941472814676e+00
1.913779999999999926e-01	2.872479441147249624e+00
1.951660000000000061e-01	1.989458971998930625e+00
1.994340000000000002e-01	1.839168573192454748e+00
2.044499999999999929e-01	2.004057260021755216e+00
2.101250000000000062e-01	2.062905865306566611e+00
2.162479999999999958e-01	1.982120398253451654e+00
2.226049999999999973e-01	9.768735029233374112e-01
2.289819999999999911e-01	9.850867834938149548e-01
2.351930000000000132e-01	9.662253876598521085e-01
2.412249999999999950e-01	7.702390404395136336e-01
2.471349999999999936e-01	2.902629239243710302e-01
2.529799999999999827e-01	-1.150147281268802113e-01
2.588170000000000193e-01	2.838254810896961855e-02
2.646970000000000156e-01	-1.526884962248031274e-01
2.706259999999999777e-01	3.841573873663485239e-01
2.765880000000000005e-01	6.623430034067974148e-01
2.825679999999999858e-01	7.590552195459083773e-01
2.885510000000000019e-01	1.059472552151587754e+00
2.945229999999999793e-01	1.732612970651474127e+00
3.004809999999999981e-01	1.809364648505807693e+00
3.064310000000000089e-01	1.495280176809379746e+00
3.123750000000000138e-01	1.636610595836553994e+00
3.183190000000000186e-01	2.436507958741174207e+00
3.242650000000000254e-01	2.579937337015372201e+00
3.302149999999999808e-01	2.578691582160621998e+00
3.361680000000000224e-01	2.799693149487198163e+00
3.421210000000000084e-01	2.303591248756018395e+00
3.480759999999999965e-01	2.615592051421644637e+00
3.540289999999999826e-01	1.631470842990566661e+00
3.599809999999999954e-01	2.124467416215438220e+00
3.659330000000000083e-01	1.480913148542862157e+00
3.718839999999999923e-01	1.505095360346229594e+00
3.778360000000000052e-01	7.910910592092933458e-01
3.837869999999999893e-01	1.132537922706711164e+00
3.897390000000000021e-01	8.298519515653759449e-01
3.956910000000000149e-01	5.137682986598395285e-01
4.016429999999999723e-01	9.442181202930912676e-01
4.075949999999999851e-01	8.906876142783608508e-01
4.135469999999999979e-01	1.268603915696274287e+00
4.194979999999999820e-01	2.039904836275412414e+00
4.254499999999999948e-01	1.921187379289519770e+00
4.314009999999999789e-01	2.226349104073409801e+00
4.373540000000000205e-01	2.140602552714790274e+00
4.433079999999999798e-01	1.904364533543752680e+00
4.492619999999999947e-01	1.920679754867471001e+00
4.552160000000000095e-01	1.779220444461362183e+00
4.611680000000000224e-01	1.718101981233485231e+00
4.671170000000000044e-01	9.166678282743663253e-01
4.730619999999999825e-01	6.921914294600848283e-01
4.790059999999999873e-01	5.263576929786141223e-01
4.849510000000000209e-01	6.764814989850832516e-01
4.909020000000000050e-01	6.241465745804244403e-01
4.968629999999999991e-01	6.037745359647574972e-01
5.028390000000000359e-01	8.258124400792425934e-01
5.088230000000000253e-01	6.183714380653515530e-01
5.148009999999999531e-01	9.787609963496031185e-01
5.207570000000000254e-01	9.453567146033969859e-01
5.266750000000000043e-01	6.122501027731596102e-01
5.325410000000000421e-01	9.754119282034253713e-01
5.383719999999999617e-01	1.624082157920134772e+00
5.442249999999999588e-01	1.156096788705851752e+00
5.501580000000000359e-01	1.699670057617275631e+00
5.562289999999999734e-01	1.999603749749580217e+00
5.624930000000000208e-01	1.771109137765578545e+00
5.688929999999999820e-01	2.148219266699295638e+00
5.752220000000000111e-01	2.729942253931625373e+00
5.812610000000000277e-01	2.337694229516737554e+00
5.867949999999999555e-01	2.749078773576109302e+00
5.916080000000000227e-01	2.647394881100123776e+00
5.957040000000000113e-01	1.505118802099563169e+00
5.993990000000000151e-01	1.876183182568174512e+00
6.030370000000000452e-01	1.876747742007289110e+00
6.069609999999999728e-01	1.625199502071630331e+00
6.115110000000000268e-01	1.280130958027198229e+00
6.168270000000000142e-01	7.760983199514563946e-01
6.227219999999999978e-01	9.878587969939874869e-01
6.289789999999999548e-01	1.337508497008239594e+00
6.353790000000000271e-01	1.280444799906017561e+00
6.417070000000000274e-01	1.482225600731806203e+00
6.478369999999999962e-01	1.869174793440605331e+00
6.538089999999999735e-01	1.733955113324882724e+00
6.596819999999999906e-01	1.859002399240676118e+00
6.655140000000000500e-01	1.885369199038659183e+00
6.713630000000000431e-01	2.062675110644137888e+00
6.772660000000000347e-01	1.246908202081196571e+00
6.832110000000000127e-01	2.246694310656440319e+00
6.891829999999999901e-01	2.677626852159330717e+00
6.951669999999999794e-01	2.215359898604325917e+00
7.011469999999999647e-01	2.606146542199874183e+00
7.071119999999999628e-01	2.521486097528263137e+00
7.130670000000000064e-01	2.618849792590167702e+00
7.190130000000000132e-01	2.064743829903316730e+00
7.249569999999999625e-01	2.680582586945645218e+00
7.309010000000000229e-01	1.809600847824408110e+00
7.368489999999999762e-01	2.911881603502522786e+00
7.428000000000000158e-01	2.548676233977527961e+00
7.487530000000000019e-01	2.091875350184060789e+00
7.547080000000000455e-01	1.831276283169250840e+00
7.606619999999999493e-01	1.999404866567326522e+00
7.666140000000000176e-01	2.154554392034565780e+00
7.725670000000000037e-01	2.779759184368185920e+00
7.785180000000000433e-01	2.040416715215823462e+00
7.844689999999999719e-01	1.833449451829809007e+00
7.904210000000000402e-01	2.460373666201015830e+00
7.963729999999999976e-01	2.311361318424347111e+00
8.023249999999999549e-01	2.682436445897356858e+00
8.082770000000000232e-01	3.162052900134932898e+00
8.142289999999999806e-01	2.923456500709720185e+00
8.201800000000000201e-01	3.007170646374099920e+00
8.261319999999999775e-01	2.988920120557842175e+00
8.320830000000000171e-01	3.055226393615861902e+00
8.380349999999999744e-01	2.922089446121301393e+00
8.439870000000000427e-01	2.692518480977911022e+00
8.499400000000000288e-01	2.814766955060470366e+00
8.558940000000000436e-01	3.039413077131269958e+00
8.618479999999999475e-01	3.167724187849195072e+00
8.678010000000000446e-01	3.618423699390029391e+00
8.737519999999999731e-01	3.353605301177577047e+00
8.797000000000000375e-01	3.299151060989450990e+00
8.856439999999999868e-01	3.369544916292896986e+00
8.915870000000000184e-01	3.554228468828409593e+00
8.975349999999999717e-01	3.390965911223935869e+00
9.034900000000000153e-01	3.028617446412971592e+00
9.094569999999999599e-01	2.690444916987990265e+00
9.154379999999999740e-01	2.842447026671307775e+00
9.214210000000000456e-01	2.704911376076251095e+00
9.273909999999999654e-01	3.027149808804511011e+00
9.333329999999999682e-01	3.401567139377053905e+00
9.392300000000000093e-01	3.220041529818388870e+00
9.450749999999999984e-01	2.572025295945539192e+00
9.509090000000000042e-01	3.567020082170656359e+00
9.567890000000000006e-01	3.920185000905955341e+00
9.627750000000000474e-01	3.859478115909562579e+00
9.689229999999999787e-01	4.090460159787114414e+00
9.752680000000000238e-01	3.878417665969097872e+00
9.816639999999999810e-01	3.786164706957744208e+00
9.878930000000000211e-01	3.336932163235015292e+00
9.937399999999999567e-01	3.849183117179666880e+00
9.989850000000000119e-01	3.891281476107058879e+00
1.003457999999999961e+00	3.067553959413855669e+00
1.007338000000000067e+00	4.434210893544669574e+00
1.010966000000000031e+00	3.992258462769268323e+00
1.014685999999999977e+00	4.248175863299303856e+00
1.018841000000000108e+00	4.296247813417046757e+00
1.023735000000000062e+00	4.637734541546875811e+00
1.029328999999999938e+00	4.633644345948092713e+00
1.035408000000000106e+00	3.785832244247881118e+00
1.041754000000000069e+00	4.858098966829179410e+00
1.048148999999999997e+00	4.778189116043477291e+00
1.054391999999999996e+00	4.611008735536907821e+00
1.060446000000000000e+00	4.804247980462690748e+00
1.066368999999999900e+00	5.326478575927974468e+00
1.072216999999999976e+00	4.961321296286493876e+00
1.078049000000000035e+00	4.843480166405132792e+00
1.083920999999999912e+00	4.118545721178990426e+00
1.089842999999999895e+00	4.397054637484010264e+00
1.095801999999999943e+00	4.193950228407751446e+00
1.101780999999999899e+00	3.929436071101212402e+00
1.107765000000000111e+00	4.763787202288397360e+00
1.113739999999999952e+00	4.334569201810388073e+00
1.119699999999999918e+00	4.244308379625311822e+00
1.125650000000000039e+00	4.670390632972122091e+00
1.131594999999999906e+00	4.881259867792659080e+00
1.137537999999999938e+00	5.002363399636035268e+00
1.143483999999999945e+00	4.740527751775113430e+00
1.149432999999999927e+00	4.929247001929529581e+00
1.155386000000000024e+00	4.416378351224737209e+00
1.161338999999999899e+00	4.682992056082550647e+00
1.167294000000000054e+00	4.739004513578112032e+00
1.173246999999999929e+00	5.026682238020394600e+00
1.179200000000000026e+00	5.245292555148148850e+00
1.185151999999999983e+00	5.529726856416428582e+00
1.191103000000000023e+00	5.841655231099784018e+00
1.197054000000000062e+00	6.202579317745413157e+00
1.203006000000000020e+00	6.205110150134802716e+00
1.208957999999999977e+00	6.309556189854439445e+00
1.214909999999999934e+00	5.674792514224840545e+00
1.220861999999999892e+00	6.253217749840088047e+00
1.226814000000000071e+00	6.441853171904553754e+00
1.232765000000000111e+00	5.997985831702876247e+00
1.238717000000000068e+00	6.186506703081962932e+00
1.244668000000000108e+00	6.681851277856196702e+00
1.250620000000000065e+00	6.047235643298813024e+00
1.256572000000000022e+00	6.508691467833585875e+00
1.262526000000000037e+00	6.246189887436257138e+00
1.268480000000000052e+00	6.732420256748582688e+00
1.274434000000000067e+00	7.326701455260593576e+00
1.280386000000000024e+00	7.893820763872797741e+00
1.286335999999999924e+00	7.385979316824238694e+00
1.292281999999999931e+00	7.291435465245685421e+00
1.298224999999999962e+00	7.515064320751426052e+00
1.304170000000000051e+00	8.094638410334622947e+00
1.310119999999999951e+00	8.257467349924700883e+00
1.316079999999999917e+00	8.440472533379965725e+00
1.322052999999999923e+00	8.303124875171924657e+00
1.328036999999999912e+00	8.593772042861989036e+00
1.334017000000000008e+00	8.328688451144969918e+00
1.339976000000000056e+00	9.054088273628408956e+00
1.345900000000000096e+00	9.118397203673801243e+00
1.351774000000000031e+00	8.492093704674095633e+00
1.357607000000000008e+00	8.329713673183043454e+00
1.363453000000000026e+00	8.603683808569343228e+00
1.369372000000000034e+00	9.242424570762437952e+00
1.375421999999999922e+00	9.152527073000763735e+00
1.381658999999999970e+00	9.954746815805515681e+00
1.388052000000000064e+00	9.909704973325561994e+00
1.394403000000000059e+00	1.043743582432082562e+01
1.400492999999999988e+00	1.130115116493750271e+01
1.406104999999999938e+00	1.215400708186934686e+01
1.411021999999999998e+00	1.225736135687576400e+01
1.415195999999999898e+00	1.198899624921755525e+01
1.418924000000000074e+00	1.237776612110485175e+01
1.422549999999999981e+00	1.307509975404743585e+01
1.426417000000000046e+00	1.328458004397171699e+01
1.430868000000000029e+00	1.367826372746303321e+01
1.436091000000000006e+00	1.387560817393504031e+01
1.441923000000000066e+00	1.347824807438469286e+01
1.448144000000000098e+00	1.325932297369041990e+01
1.454538000000000109e+00	1.356683884090129233e+01
1.460887000000000047e+00	1.274703884864158532e+01
1.467041999999999957e+00	1.269982476591787623e+01
1.473030999999999979e+00	1.179325482483807264e+01
1.478914000000000062e+00	1.204113349084713569e+01
1.484749000000000096e+00	1.285080388026078779e+01
1.490591999999999917e+00	1.191655172263782880e+01
1.496488000000000040e+00	1.181088022917620073e+01
1.502428000000000097e+00	1.148140169991308923e+01
1.508397999999999906e+00	1.058577890886070705e+01
1.514380999999999977e+00	1.128693612309781713e+01
1.520361999999999991e+00	1.099247705588073920e+01
1.526329999999999965e+00	1.056022393101088852e+01
1.532284999999999897e+00	1.064002929990167878e+01
1.538232999999999961e+00	1.088384290077155470e+01
1.544175999999999993e+00	1.078915765834040741e+01
1.550119999999999942e+00	1.104950010643591085e+01
1.556068000000000007e+00	1.115792679184894531e+01
1.562019000000000046e+00	1.181779352896372615e+01
1.567971999999999921e+00	1.176197815706034611e+01
1.573925999999999936e+00	1.219735255551735698e+01
1.579879999999999951e+00	1.206660555380343247e+01
1.585833000000000048e+00	1.224720966478169082e+01
1.591785000000000005e+00	1.213012637928130033e+01
1.597736999999999963e+00	1.251276625809489929e+01
1.603688000000000002e+00	1.296667298923038913e+01
1.609639000000000042e+00	1.230630482955885441e+01
1.615590999999999999e+00	1.205417627361825339e+01
1.621542999999999957e+00	1.183167419718622249e+01
1.627494999999999914e+00	1.227298312953984727e+01
1.633447000000000093e+00	1.220318795483530216e+01
1.639399000000000051e+00	1.243986132284690171e+01
1.645350000000000090e+00	1.234884724042236570e+01
1.651302000000000048e+00	1.356720037047706739e+01
1.657253000000000087e+00	1.284529583427361565e+01
1.663205000000000044e+00	1.377378419019961342e+01
1.669157999999999920e+00	1.314722264161911980e+01
1.675111999999999934e+00	1.385127127937796665e+01
1.681065999999999949e+00	1.402293299847364239e+01
1.687019000000000046e+00	1.438326016625168258e+01
1.692971000000000004e+00	1.412449197645742061e+01
1.698919000000000068e+00	1.375270137766631429e+01
1.704863000000000017e+00	1.351023975485524353e+01
1.710806999999999967e+00	1.335507829389126044e+01
1.716752999999999973e+00	1.435275190747756291e+01
1.722706999999999988e+00	1.456862832674761243e+01
1.728671999999999986e+00	1.430927924597286172e+01
1.734652000000000083e+00	1.459863343701756300e+01
1.740636000000000072e+00	1.532386385432771370e+01
1.746609000000000078e+00	1.544302068360613589e+01
1.752555000000000085e+00	1.490535923078132718e+01
1.758458000000000077e+00	1.530111979961695212e+01
1.764308999999999905e+00	1.552258763969907207e+01
1.770140999999999964e+00	1.544807166777798635e+01
1.776011999999999924e+00	1.588475721477673019e+01
1.781979999999999897e+00	1.569823790172168820e+01
1.788105000000000055e+00	1.601537382551281752e+01
1.794426999999999994e+00	1.615695335042180503e+01
1.800829000000000013e+00	1.665475001326759497e+01
1.807091999999999921e+00	1.648681770760646259e+01
1.813002000000000002e+00	1.674548323215273982e+01
1.818338000000000010e+00	1.741618384224978655e+01
1.822912000000000088e+00	1.740598905901318005e+01
1.826850000000000085e+00	1.768834690405886079e+01
1.830492000000000008e+00	1.787935281832898937e+01
1.834179999999999922e+00	1.718498804230495480e+01
1.838259000000000087e+00	1.778717734408405349e+01
1.843048000000000020e+00	1.736108226317057301e+01
1.848562000000000038e+00	1.839587091721797307e+01
1.854589999999999961e+00	1.828904895718924806e+01
1.860913000000000039e+00	1.818946593200052675e+01
1.867313999999999918e+00	1.832123040506941081e+01
1.873583999999999916e+00	1.868211807177488737e+01
1.879660000000000108e+00	1.890566874936775577e+01
1.885596000000000050e+00	1.880604611178761942e+01
1.891450999999999993e+00	1.864441633525975206e+01
1.897281999999999913e+00	1.884924225176675705e+01
1.903146999999999922e+00	1.882376204202942915e+01
1.909062999999999954e+00	1.972852331211501564e+01
1.915018000000000109e+00	1.995774717905313622e+01
1.920995999999999926e+00	2.091773737716490089e+01
1.926979999999999915e+00	2.058580160844089590e+01
1.932955999999999896e+00	2.137814603795462531e+01
1.938917999999999919e+00	2.192038606190264360e+01
1.944868999999999959e+00	2.233955439852111624e+01
1.950814000000000048e+00	2.277379478767964827e+01
1.956757999999999997e+00	2.317888402637742473e+01
1.962703000000000086e+00	2.412309116759562500e+01
1.968652000000000069e+00	2.428834011252703817e+01
1.974604000000000026e+00	2.414947170140733590e+01
1.980558000000000041e+00	2.475061052714378818e+01
1.986512000000000056e+00	2.500499639590854883e+01
1.992466000000000070e+00	2.546521705509726274e+01
1.998418000000000028e+00	2.476159183193566449e+01
2.004370000000000207e+00	2.547152807135662655e+01
2.010321999999999942e+00	2.517631776014533429e+01
2.016272999999999982e+00	2.508374716398544990e+01
2.022224000000000022e+00	2.535872981350470212e+01
2.028176000000000201e+00	2.628692948306597543e+01
2.034127999999999936e+00	2.629094736212999095e+01
2.040080000000000116e+00	2.605729302543230474e+01
2.046031999999999851e+00	2.699021186637295244e+01
2.051984000000000030e+00	2.718525963920388477e+01
2.057935000000000070e+00	2.710829758763491526e+01
2.063886999999999805e+00	2.695211534551240717e+01
2.069837999999999845e+00	2.785154447467536087e+01
2.075791000000000164e+00	2.778767826553966813e+01
2.081744000000000039e+00	2.887985223363445897e+01
2.087698000000000054e+00	2.939458022450507002e+01
2.093652000000000069e+00	2.985034067215752174e+01
2.099604999999999944e+00	3.075234663711837868e+01
2.105554999999999843e+00	3.059583159740929403e+01
2.111501000000000072e+00	3.132044766123186008e+01
2.117445000000000022e+00	3.209177725716447327e+01
2.123388999999999971e+00	3.179776232394569391e+01
2.129338000000000175e+00	3.202005776933841474e+01
2.135295999999999861e+00	3.218815759501010376e+01
2.141268000000000171e+00	3.219407363935491162e+01
2.147250999999999799e+00	3.272267812804329168e+01
2.153232000000000035e+00	3.287171095852168179e+01
2.159196000000000115e+00	3.265862852540426786e+01
2.165125000000000188e+00	3.289627359774636517e+01
2.171006000000000213e+00	3.279369053798149025e+01
2.176841000000000026e+00	3.332066005187999025e+01
2.182682999999999929e+00	3.312670485673052667e+01
2.188588999999999896e+00	3.267193790345361037e+01
2.194618000000000180e+00	3.323980854097489157e+01
2.200828000000000007e+00	3.331224974218232404e+01
2.207209999999999894e+00	3.265795318379475276e+01
2.213579000000000185e+00	3.245235078347049296e+01
2.219714999999999883e+00	3.298318218839996518e+01
2.225403000000000020e+00	3.303265647181153497e+01
2.230423000000000044e+00	3.246834105581412899e+01
2.234681000000000139e+00	3.232384742284805412e+01
2.238447999999999993e+00	3.251645728837540616e+01
2.242068000000000172e+00	3.150965650073230151e+01
2.245884000000000214e+00	3.135856784198079339e+01
2.250237999999999960e+00	3.076490637598623579e+01
2.255365999999999982e+00	3.048365912802564637e+01
2.261130000000000084e+00	3.037961328320068333e+01
2.267313000000000134e+00	2.985213639101410266e+01
2.273696000000000161e+00	2.934127999211125015e+01
2.280063999999999869e+00	2.899600390835958663e+01
2.286243999999999943e+00	2.877337003450762154e+01
2.292251999999999956e+00	2.916164994740428185e+01
2.298146000000000022e+00	2.910774886322337807e+01
2.303983000000000114e+00	2.860915283713148582e+01
2.309822000000000042e+00	2.872610090299011532e+01
2.315710999999999853e+00	2.883591062900416091e+01
2.321645999999999876e+00	2.868315960861883696e+01
2.327612999999999932e+00	2.811920822615546456e+01
2.333594999999999864e+00	2.872417968215874851e+01
2.339576999999999796e+00	2.906625463224446548e+01
2.345546999999999827e+00	2.854611082614791684e+01
2.351503999999999817e+00	2.889531011240490699e+01
2.357451999999999881e+00	2.916065326158956594e+01
2.363395999999999830e+00	2.981797802841443001e+01
2.369339000000000084e+00	2.941128075005480724e+01
2.375286000000000008e+00	3.034023848466945239e+01
2.381237000000000048e+00	3.022616951288913256e+01
2.387189999999999923e+00	3.051202535433175811e+01
2.393143999999999938e+00	3.064486122102488252e+01
2.399097999999999953e+00	3.133147949318871639e+01
2.405050999999999828e+00	3.160614627690410572e+01
2.411004000000000147e+00	3.183498251259742062e+01
2.416955999999999882e+00	3.135953618182651326e+01
2.422906999999999922e+00	3.131843832537764172e+01
2.428857999999999961e+00	3.219040796958508110e+01
2.434809000000000001e+00	3.180970053430636924e+01
2.440760000000000041e+00	3.186480658452160597e+01
2.446712000000000220e+00	3.260991537565419662e+01
2.452663999999999955e+00	3.267340306254965299e+01
2.458616999999999830e+00	3.241664878919442572e+01
2.464570999999999845e+00	3.309003146986302113e+01
2.470524999999999860e+00	3.268309885271226989e+01
2.476478000000000179e+00	3.289668007101447955e+01
2.482429999999999914e+00	3.333790809882286510e+01
2.488377999999999979e+00	3.368351072725946693e+01
2.494323000000000068e+00	3.351369452830216744e+01
2.500265999999999877e+00	3.385333578968969448e+01
2.506212000000000106e+00	3.496317984209475327e+01
2.512164999999999981e+00	3.507906309456464555e+01
2.518129000000000062e+00	3.561262237757697591e+01
2.524108000000000018e+00	3.689543973539128530e+01
2.530091999999999786e+00	3.832677882962804006e+01
2.536067000000000071e+00	3.932393277290010047e+01
2.542015999999999831e+00	4.004841041454969996e+01
2.547924000000000078e+00	4.114824267426457283e+01
2.553779000000000021e+00	4.313107840263923975e+01
2.559610000000000163e+00	4.442776597615314671e+01
2.565475000000000172e+00	4.511347758905895944e+01
2.571432000000000162e+00	4.662855655024652890e+01
2.577539999999999942e+00	4.673950714067134271e+01
2.583845999999999865e+00	4.708392133721707751e+01
2.590249000000000024e+00	4.667636619333761416e+01
2.596534000000000120e+00	4.516925178160667542e+01
2.602485000000000159e+00	4.417678947826118474e+01
2.607883000000000173e+00	4.341757540585240349e+01
2.612527000000000044e+00	4.087933232683337081e+01
2.616509000000000196e+00	3.911189695485547446e+01
2.620163999999999938e+00	3.744878659808923516e+01
2.623834000000000000e+00	3.520258932897603898e+01
2.627863000000000060e+00	3.362007392089638813e+01
2.632579999999999920e+00	3.174558006272830823e+01
2.638037000000000187e+00	3.118897304613255272e+01
2.644026000000000209e+00	3.047692293940822594e+01
2.650332000000000132e+00	2.992328269743933689e+01
2.656734000000000151e+00	3.026873026280558676e+01
2.663022999999999918e+00	2.971549756683863563e+01
2.669115000000000126e+00	2.959628357889454264e+01
2.675060999999999911e+00	2.931188196033985349e+01
2.680919999999999970e+00	2.940975330098608609e+01
2.686751000000000111e+00	2.926755188996961010e+01
2.692610999999999866e+00	2.980557272966943216e+01
2.698523999999999923e+00	3.173088878980234995e+01
2.704476000000000102e+00	3.296115944556984800e+01
2.710452000000000083e+00	3.429301773117936847e+01
2.716435999999999851e+00	3.530011638131977492e+01
2.722412999999999972e+00	3.822622276890250959e+01
2.728375999999999912e+00	4.063819673052977777e+01
2.734328000000000092e+00	4.307641765538138401e+01
2.740273999999999877e+00	4.447252641329811951e+01
2.746217000000000130e+00	4.632801737264570363e+01
2.752162000000000219e+00	4.700570024959863247e+01
2.758110999999999979e+00	4.484926332658480419e+01
2.764063000000000159e+00	4.481232348656142506e+01
2.770016000000000034e+00	4.285954043672606417e+01
2.775971000000000188e+00	4.124542635612168340e+01
2.781924000000000063e+00	4.055747577848164553e+01
2.787876999999999938e+00	3.995888512301979745e+01
2.793829000000000118e+00	4.022660631898330053e+01
2.799780999999999853e+00	4.064025567598589816e+01
2.805731999999999893e+00	4.043369887716926314e+01
2.811682999999999932e+00	3.904190099083363918e+01
2.817635000000000112e+00	3.719077007906415133e+01
2.823586999999999847e+00	3.449115545764045265e+01
2.829539000000000026e+00	3.065405297224001302e+01
2.835491000000000206e+00	2.747549860783509601e+01
2.841442999999999941e+00	2.341418040810549783e+01
2.847395000000000120e+00	1.958407860117312183e+01
2.853346999999999856e+00	1.676420818697613413e+01
2.859299000000000035e+00	1.403426886422934317e+01
2.865251000000000214e+00	1.299270174830678926e+01
2.871201999999999810e+00	1.364243299647735164e+01
2.877153999999999989e+00	1.646582179094965781e+01
2.883106000000000169e+00	1.967292868566598685e+01
2.889057999999999904e+00	2.298482969699328748e+01
2.895010000000000083e+00	2.642797440173582046e+01
2.900961999999999819e+00	2.761795676196619453e+01
2.906913999999999998e+00	2.684859411256733708e+01
2.912866000000000177e+00	2.576093780442530345e+01
2.918817999999999913e+00	2.316658255186576554e+01
2.924770000000000092e+00	2.055621505781144265e+01
2.930721000000000132e+00	1.661833366950707003e+01
2.936672999999999867e+00	1.444893968087933622e+01
2.942625000000000046e+00	1.289473090982050785e+01
2.948576999999999781e+00	1.187826676240722357e+01
2.954528999999999961e+00	1.101385768585729430e+01
2.960481000000000140e+00	1.348932118245183531e+01
2.966432999999999875e+00	1.662840973414074242e+01
2.972385000000000055e+00	2.086248508010222480e+01
2.978336999999999790e+00	2.636982748719199421e+01
2.984288999999999970e+00	3.165460301449159886e+01
2.990240000000000009e+00	3.559014958076362234e+01
2.996192000000000188e+00	3.921633775549662460e+01
3.002143999999999924e+00	4.081886740129464641e+01
3.008096000000000103e+00	4.011844230230011732e+01
3.014047999999999838e+00	3.675724081219992456e+01
3.020000000000000018e+00	3.010958426443150060e+01
