1.199999999999999956e-01	1.696133761186440769e-01
1.249780000000000058e-01	3.502228106332640589e+00
1.305999999999999939e-01	5.153480811404067552e+00
1.367059999999999942e-01	6.796720699191578063e+00
1.431360000000000132e-01	7.172697124198277763e+00
1.497320000000000040e-01	7.180508879003695277e+00
1.563350000000000017e-01	6.685568270623320153e+00
1.627850000000000130e-01	5.673207922784474277e+00
1.689219999999999888e-01	5.059259651807091807e+00
1.745889999999999942e-01	4.258799368865863855e+00
1.796250000000000069e-01	2.884657485125073695e+00
1.839349999999999874e-01	2.801941855821628469e+00
1.877439999999999942e-01	2.452873649038198600e+00
1.913779999999999926e-01	2.436849475368105367e+00
1.951660000000000061e-01	1.730000662831457925e+00
1.994340000000000002e-01	1.667175095433830023e+00
2.044499999999999929e-01	1.387592558081022664e+00
2.101250000000000062e-01	8.955684834407937611e-01
2.162479999999999958e-01	3.517330533229365286e-01
2.226049999999999973e-01	2.207685328693033688e-01
2.289819999999999911e-01	-5.773303639963775491e-02
2.351930000000000132e-01	-2.216099699641350951e-02
2.412249999999999950e-01	7.675793236728215008e-02
2.471349999999999936e-01	7.186748762080862329e-01
2.529799999999999827e-01	1.085783205740203261e+00
2.588170000000000193e-01	1.709296908805483239e+00
2.646970000000000156e-01	2.135258197369632516e+00
2.706259999999999777e-01	2.261322557672730493e+00
2.765880000000000005e-01	2.426486844917003616e+00
2.825679999999999858e-01	2.644292067504630861e+00
2.885510000000000019e-01	2.891694308984099848e+00
2.945229999999999793e-01	2.263911248111924568e+00
3.004809999999999981e-01	1.882428939059880957e+00
3.064310000000000089e-01	1.173710758729660908e+00
3.123750000000000138e-01	8.310627590506025619e-01
3.183190000000000186e-01	5.986167411596748922e-01
3.242650000000000254e-01	-2.300530714010050326e-01
3.302149999999999808e-01	2.866184544665215106e-01
3.361680000000000224e-01	-6.885097158246564208e-02
3.421210000000000084e-01	4.869549023850198721e-01
3.480759999999999965e-01	8.170398258021096538e-01
3.540289999999999826e-01	1.432466336753774883e+00
3.599809999999999954e-01	2.096262724999004678e+00
3.659330000000000083e-01	2.516458786622518318e+00
3.718839999999999923e-01	3.184895357069942978e+00
3.778360000000000052e-01	3.645428470961197043e+00
3.837869999999999893e-01	3.636408243108138372e+00
3.897390000000000021e-01	3.880677404294476496e+00
3.956910000000000149e-01	3.675568425452675481e+00
4.016429999999999723e-01	3.673736104411689407e+00
4.075949999999999851e-01	3.358557871768412362e+00
4.135469999999999979e-01	2.683815769774686277e+00
4.194979999999999820e-01	2.202316287207371381e+00
4.254499999999999948e-01	1.933740323316152754e+00
4.314009999999999789e-01	1.438825690490113551e+00
4.373540000000000205e-01	1.136186676443214694e+00
4.433079999999999798e-01	9.559946232027218826e-01
4.492619999999999947e-01	1.059899128121190248e+00
4.552160000000000095e-01	1.297662117371555457e+00
4.611680000000000224e-01	1.656927097795669157e+00
4.671170000000000044e-01	1.984746491281712766e+00
4.730619999999999825e-01	2.447043675080812886e+00
4.790059999999999873e-01	2.915933678912252525e+00
4.849510000000000209e-01	3.638059795971045673e+00
4.909020000000000050e-01	3.638733873466664992e+00
4.968629999999999991e-01	3.867409764458170862e+00
5.028390000000000359e-01	3.527934919779594836e+00
5.088230000000000253e-01	3.160289671498580422e+00
5.148009999999999531e-01	3.480829640389917046e+00
5.207570000000000254e-01	3.029176290656539816e+00
5.266750000000000043e-01	2.491311761344123799e+00
5.325410000000000421e-01	2.899359044595309243e+00
5.383719999999999617e-01	2.986207659960952387e+00
5.442249999999999588e-01	3.333188314564543120e+00
5.501580000000000359e-01	3.838975409975067699e+00
5.562289999999999734e-01	4.045058188322725456e+00
5.624930000000000208e-01	4.186306755445388994e+00
5.688929999999999820e-01	4.615998577092587318e+00
5.752220000000000111e-01	4.421429444344811444e+00
5.812610000000000277e-01	4.509149933568216362e+00
5.867949999999999555e-01	4.055462058824658378e+00
5.916080000000000227e-01	4.268270359283349968e+00
5.957040000000000113e-01	3.934241946660034017e+00
5.993990000000000151e-01	3.765223298330513391e+00
6.030370000000000452e-01	3.542366198374863995e+00
6.069609999999999728e-01	3.404309440738224168e+00
6.115110000000000268e-01	3.253307962069401427e+00
6.168270000000000142e-01	3.003024180527426257e+00
6.227219999999999978e-01	3.402365151440193802e+00
6.289789999999999548e-01	3.357468043528911039e+00
6.353790000000000271e-01	3.285761904443093240e+00
6.417070000000000274e-01	3.278662638054742562e+00
6.478369999999999962e-01	3.284134606322963723e+00
6.538089999999999735e-01	3.100360355362433040e+00
6.596819999999999906e-01	3.325534323899529188e+00
6.655140000000000500e-01	3.363710720189859060e+00
6.713630000000000431e-01	3.304688076944614750e+00
6.772660000000000347e-01	3.438330446184409972e+00
6.832110000000000127e-01	3.499584450563831162e+00
6.891829999999999901e-01	3.933928667451116912e+00
6.951669999999999794e-01	3.894328775088946148e+00
7.011469999999999647e-01	3.807929983599706691e+00
7.071119999999999628e-01	3.720311235253526139e+00
7.130670000000000064e-01	3.713374737997025221e+00
7.190130000000000132e-01	3.443617882563738242e+00
7.249569999999999625e-01	3.187914917884012489e+00
7.309010000000000229e-01	3.023421508847691896e+00
7.368489999999999762e-01	3.232526630996994665e+00
7.428000000000000158e-01	3.252913823139127469e+00
7.487530000000000019e-01	3.291821770066721164e+00
7.547080000000000455e-01	3.447048851398951452e+00
7.606619999999999493e-01	3.421622086213484959e+00
7.666140000000000176e-01	3.467420758045843598e+00
7.725670000000000037e-01	3.750646445073320123e+00
7.785180000000000433e-01	3.595683708550706292e+00
7.844689999999999719e-01	3.461659215016914093e+00
7.904210000000000402e-01	4.352476394009676675e+00
7.963729999999999976e-01	5.235899233011986453e+00
8.023249999999999549e-01	5.374224672331375352e+00
8.082770000000000232e-01	6.077556830363128881e+00
8.142289999999999806e-01	6.106498095677672211e+00
8.201800000000000201e-01	6.487610110614992820e+00
8.261319999999999775e-01	6.217214761659573874e+00
8.320830000000000171e-01	6.373549758824244904e+00
8.380349999999999744e-01	4.944545654425430925e+00
8.439870000000000427e-01	4.337425701501558706e+00
8.499400000000000288e-01	3.576234834625087622e+00
8.558940000000000436e-01	3.532880588006168221e+00
8.618479999999999475e-01	3.581046876413624958e+00
8.678010000000000446e-01	4.002758486350845857e+00
8.737519999999999731e-01	4.215111328667483725e+00
8.797000000000000375e-01	4.324587300469523221e+00
8.856439999999999868e-01	4.202532058636852419e+00
8.915870000000000184e-01	4.398199705513676783e+00
8.975349999999999717e-01	4.617065629978048591e+00
9.034900000000000153e-01	4.732790634896185900e+00
9.094569999999999599e-01	3.889970425799889497e+00
9.154379999999999740e-01	4.206803637262909845e+00
9.214210000000000456e-01	3.725939619827788984e+00
9.273909999999999654e-01	3.550432796903207233e+00
9.333329999999999682e-01	3.496766732607042183e+00
9.392300000000000093e-01	3.423896915522394391e+00
9.450749999999999984e-01	4.081547292675652194e+00
9.509090000000000042e-01	4.886221833477273790e+00
9.567890000000000006e-01	5.041859252334961461e+00
9.627750000000000474e-01	5.699416159582814778e+00
9.689229999999999787e-01	6.374381536600615128e+00
9.752680000000000238e-01	6.646496180397275744e+00
9.816639999999999810e-01	6.524919994436364057e+00
9.878930000000000211e-01	6.334243000625519038e+00
9.937399999999999567e-01	6.072182881051399583e+00
9.989850000000000119e-01	5.772007076452003282e+00
1.003457999999999961e+00	6.368839623921462412e+00
1.007338000000000067e+00	6.775270225876053765e+00
1.010966000000000031e+00	6.967523997804785374e+00
1.014685999999999977e+00	7.405292101448217146e+00
1.018841000000000108e+00	7.281382122508586185e+00
1.023735000000000062e+00	7.087644929152014939e+00
1.029328999999999938e+00	6.669560084581690695e+00
1.035408000000000106e+00	6.270654561396731275e+00
1.041754000000000069e+00	5.866264929884516199e+00
1.048148999999999997e+00	5.672643051389483659e+00
1.054391999999999996e+00	5.672227472833135664e+00
1.060446000000000000e+00	5.657953724000023499e+00
1.066368999999999900e+00	6.239136392920160645e+00
1.072216999999999976e+00	6.720112612103522842e+00
1.078049000000000035e+00	7.066501191489215294e+00
1.083920999999999912e+00	6.978915152798126798e+00
1.089842999999999895e+00	6.566127110858524851e+00
1.095801999999999943e+00	6.186570412593628276e+00
1.101780999999999899e+00	6.167154255394549978e+00
1.107765000000000111e+00	5.997681235853925763e+00
1.113739999999999952e+00	6.019935114507122265e+00
1.119699999999999918e+00	6.864530015508204741e+00
1.125650000000000039e+00	7.710551949849701714e+00
1.131594999999999906e+00	8.557177606150117910e+00
1.137537999999999938e+00	9.218414371697200238e+00
1.143483999999999945e+00	9.621999592966226089e+00
1.149432999999999927e+00	9.418216580492670076e+00
1.155386000000000024e+00	8.715624152877898823e+00
1.161338999999999899e+00	8.678498918992810118e+00
1.167294000000000054e+00	7.715420228860208951e+00
1.173246999999999929e+00	7.802437089044984120e+00
1.179200000000000026e+00	6.951285567879746274e+00
1.185151999999999983e+00	7.339491268154241688e+00
1.191103000000000023e+00	7.007940817420936774e+00
1.197054000000000062e+00	7.698866163688131259e+00
1.203006000000000020e+00	7.362385821113141660e+00
1.208957999999999977e+00	7.949758532241978592e+00
1.214909999999999934e+00	7.859067589228928341e+00
1.220861999999999892e+00	8.132861443997626338e+00
1.226814000000000071e+00	8.531076359676294629e+00
1.232765000000000111e+00	8.401339001043890420e+00
1.238717000000000068e+00	8.588754219854662253e+00
1.244668000000000108e+00	8.731813858265045525e+00
1.250620000000000065e+00	8.467157192978175928e+00
1.256572000000000022e+00	8.428895223630306077e+00
1.262526000000000037e+00	9.175097684889951921e+00
1.268480000000000052e+00	9.246596024236581002e+00
1.274434000000000067e+00	9.696227746783602441e+00
1.280386000000000024e+00	1.011836267624980756e+01
1.286335999999999924e+00	1.053224200798025834e+01
1.292281999999999931e+00	1.058872237903575453e+01
1.298224999999999962e+00	1.110682427240164749e+01
1.304170000000000051e+00	1.043720395514234411e+01
1.310119999999999951e+00	1.085390245312026281e+01
1.316079999999999917e+00	1.054596062318448979e+01
1.322052999999999923e+00	1.043182944141958934e+01
1.328036999999999912e+00	1.010182790478109993e+01
1.334017000000000008e+00	9.571545274624446265e+00
1.339976000000000056e+00	9.170650268554785711e+00
1.345900000000000096e+00	9.108039792847218763e+00
1.351774000000000031e+00	8.845535623365600841e+00
1.357607000000000008e+00	9.697378908359105765e+00
1.363453000000000026e+00	1.017183327534806025e+01
1.369372000000000034e+00	1.029089114930784987e+01
1.375421999999999922e+00	1.111730672150194899e+01
1.381658999999999970e+00	1.177176627929444130e+01
1.388052000000000064e+00	1.273653241374522871e+01
1.394403000000000059e+00	1.293759563642377053e+01
1.400492999999999988e+00	1.310943108547384561e+01
1.406104999999999938e+00	1.325792295206790783e+01
1.411021999999999998e+00	1.370533816232373425e+01
1.415195999999999898e+00	1.418959537569782015e+01
1.418924000000000074e+00	1.445708338908132795e+01
1.422549999999999981e+00	1.471116005861474996e+01
1.426417000000000046e+00	1.527165252083849367e+01
1.430868000000000029e+00	1.588123094454742557e+01
1.436091000000000006e+00	1.611891793585807520e+01
1.441923000000000066e+00	1.607181833168486307e+01
1.448144000000000098e+00	1.674721935032031084e+01
1.454538000000000109e+00	1.636654686647791124e+01
1.460887000000000047e+00	1.576272493540091801e+01
1.467041999999999957e+00	1.466892089265449783e+01
1.473030999999999979e+00	1.341922339340424486e+01
1.478914000000000062e+00	1.193877874823281537e+01
1.484749000000000096e+00	1.072859105063329288e+01
1.490591999999999917e+00	9.887249587672659601e+00
1.496488000000000040e+00	9.845668280240367665e+00
1.502428000000000097e+00	1.005622643669220473e+01
1.508397999999999906e+00	1.044848350325885100e+01
1.514380999999999977e+00	1.081678056007699240e+01
1.520361999999999991e+00	1.103402825757449790e+01
1.526329999999999965e+00	1.073943005979026211e+01
1.532284999999999897e+00	1.027958645476264543e+01
1.538232999999999961e+00	9.926777048496687073e+00
1.544175999999999993e+00	9.970899712890769706e+00
1.550119999999999942e+00	9.630180867082406948e+00
1.556068000000000007e+00	9.908695708970590488e+00
1.562019000000000046e+00	1.118976858908488481e+01
1.567971999999999921e+00	1.187453780665414271e+01
1.573925999999999936e+00	1.358965766124197749e+01
1.579879999999999951e+00	1.368655968787570210e+01
1.585833000000000048e+00	1.472283147082299593e+01
1.591785000000000005e+00	1.527137581835534874e+01
1.597736999999999963e+00	1.535799084351165256e+01
1.603688000000000002e+00	1.551202472303895519e+01
1.609639000000000042e+00	1.542684410636135794e+01
1.615590999999999999e+00	1.511954238479972545e+01
1.621542999999999957e+00	1.466242387804395264e+01
1.627494999999999914e+00	1.448996886949537277e+01
1.633447000000000093e+00	1.366576043447632749e+01
1.639399000000000051e+00	1.316172077669800444e+01
1.645350000000000090e+00	1.261219271221966487e+01
1.651302000000000048e+00	1.228976957709722129e+01
1.657253000000000087e+00	1.255382960267028913e+01
1.663205000000000044e+00	1.232505060816671083e+01
1.669157999999999920e+00	1.299669240224847577e+01
1.675111999999999934e+00	1.303485136389256027e+01
1.681065999999999949e+00	1.326590820755608924e+01
1.687019000000000046e+00	1.318956972942780048e+01
1.692971000000000004e+00	1.365155541415417595e+01
1.698919000000000068e+00	1.339536968408962103e+01
1.704863000000000017e+00	1.367861732793318197e+01
1.710806999999999967e+00	1.431889131448776808e+01
1.716752999999999973e+00	1.403789454867424702e+01
1.722706999999999988e+00	1.458392413749693084e+01
1.728671999999999986e+00	1.419250217992983742e+01
1.734652000000000083e+00	1.461662109740118431e+01
1.740636000000000072e+00	1.473809504308359841e+01
1.746609000000000078e+00	1.550650804495912283e+01
1.752555000000000085e+00	1.563211741755610795e+01
1.758458000000000077e+00	1.582344833255697480e+01
1.764308999999999905e+00	1.655420984998500344e+01
1.770140999999999964e+00	1.751064857008863385e+01
1.776011999999999924e+00	1.816597687862546096e+01
1.781979999999999897e+00	1.881169896434020217e+01
1.788105000000000055e+00	1.884072674291543592e+01
1.794426999999999994e+00	1.849830140480202090e+01
1.800829000000000013e+00	1.745709034204475429e+01
1.807091999999999921e+00	1.613366494892392566e+01
1.813002000000000002e+00	1.528918472458062006e+01
1.818338000000000010e+00	1.478383325739092946e+01
1.822912000000000088e+00	1.483565665473838990e+01
1.826850000000000085e+00	1.558003939478158273e+01
1.830492000000000008e+00	1.758027793549941720e+01
1.834179999999999922e+00	1.876374555654016874e+01
1.838259000000000087e+00	1.973436416454402931e+01
1.843048000000000020e+00	2.037368942049210929e+01
1.848562000000000038e+00	2.049212534848976119e+01
1.854589999999999961e+00	2.058192137121344345e+01
1.860913000000000039e+00	2.064092977163453213e+01
1.867313999999999918e+00	1.965647232005551714e+01
1.873583999999999916e+00	1.985665713009113631e+01
1.879660000000000108e+00	2.028177832417349791e+01
1.885596000000000050e+00	2.020792606888832665e+01
1.891450999999999993e+00	2.033954061811796876e+01
1.897281999999999913e+00	1.967316002193526714e+01
1.903146999999999922e+00	1.974117020622442453e+01
1.909062999999999954e+00	1.915612679875762936e+01
1.915018000000000109e+00	1.870879820234030078e+01
1.920995999999999926e+00	1.858463824575689927e+01
1.926979999999999915e+00	1.860763308268171556e+01
1.932955999999999896e+00	1.929095887636077933e+01
1.938917999999999919e+00	2.023814706503438288e+01
1.944868999999999959e+00	2.086531766242989505e+01
1.950814000000000048e+00	2.234777918081667636e+01
1.956757999999999997e+00	2.392116430376300329e+01
1.962703000000000086e+00	2.513871773180747482e+01
1.968652000000000069e+00	2.589819379403104094e+01
1.974604000000000026e+00	2.680148984582723415e+01
1.980558000000000041e+00	2.722506112147379653e+01
1.986512000000000056e+00	2.829085268184547886e+01
1.992466000000000070e+00	3.013168503790167208e+01
1.998418000000000028e+00	3.067587950469943792e+01
2.004370000000000207e+00	3.232034595341355754e+01
2.010321999999999942e+00	3.380563397566891837e+01
2.016272999999999982e+00	3.479752658192884240e+01
2.022224000000000022e+00	3.488627565710778100e+01
2.028176000000000201e+00	3.461255864391809922e+01
2.034127999999999936e+00	3.355370850757483936e+01
2.040080000000000116e+00	3.259772517425641070e+01
2.046031999999999851e+00	3.204238258716497967e+01
2.051984000000000030e+00	3.096012945150039641e+01
2.057935000000000070e+00	3.084308886911479064e+01
2.063886999999999805e+00	3.122739802685014965e+01
2.069837999999999845e+00	3.160164267456341847e+01
2.075791000000000164e+00	3.166491685263627787e+01
2.081744000000000039e+00	3.317657469065595421e+01
2.087698000000000054e+00	3.419921603404200283e+01
2.093652000000000069e+00	3.513861429026448491e+01
2.099604999999999944e+00	3.630902606648508169e+01
2.105554999999999843e+00	3.740979974722718993e+01
2.111501000000000072e+00	3.800806094067431928e+01
2.117445000000000022e+00	3.913030994120251194e+01
2.123388999999999971e+00	3.971522315466719277e+01
2.129338000000000175e+00	3.953632625732112871e+01
2.135295999999999861e+00	3.945847695436280844e+01
2.141268000000000171e+00	3.946878384539298423e+01
2.147250999999999799e+00	3.785363095989427507e+01
2.153232000000000035e+00	3.724112879287893918e+01
2.159196000000000115e+00	3.577160632879275681e+01
2.165125000000000188e+00	3.399740504665491869e+01
2.171006000000000213e+00	3.304345527435624774e+01
2.176841000000000026e+00	3.206517793971162433e+01
2.182682999999999929e+00	3.145709723987644679e+01
2.188588999999999896e+00	3.107022662788572021e+01
2.194618000000000180e+00	3.223441658095745055e+01
2.200828000000000007e+00	3.425631622451300018e+01
2.207209999999999894e+00	3.707118623606650232e+01
2.213579000000000185e+00	4.045336313715929322e+01
2.219714999999999883e+00	4.378268269090148124e+01
2.225403000000000020e+00	4.689285466954515158e+01
2.230423000000000044e+00	4.953479132626139148e+01
2.234681000000000139e+00	5.015931324472291664e+01
2.238447999999999993e+00	5.008986194331355790e+01
2.242068000000000172e+00	4.844956679915773634e+01
2.245884000000000214e+00	4.665811964610385587e+01
2.250237999999999960e+00	4.376294152537154503e+01
2.255365999999999982e+00	4.065715535368040889e+01
2.261130000000000084e+00	3.727630860635224508e+01
2.267313000000000134e+00	3.433859404577204799e+01
2.273696000000000161e+00	3.103289483996384135e+01
2.280063999999999869e+00	2.812025104257874375e+01
2.286243999999999943e+00	2.622004484641052713e+01
2.292251999999999956e+00	2.452867411158190691e+01
2.298146000000000022e+00	2.334174825636823059e+01
2.303983000000000114e+00	2.196886844074726142e+01
2.309822000000000042e+00	2.157021621011254098e+01
2.315710999999999853e+00	2.086817919732462201e+01
2.321645999999999876e+00	2.047926983019214475e+01
2.327612999999999932e+00	2.156861329034154551e+01
2.333594999999999864e+00	2.360685808489922977e+01
2.339576999999999796e+00	2.668539742246429824e+01
2.345546999999999827e+00	3.269530178288591316e+01
2.351503999999999817e+00	3.917611271066677148e+01
2.357451999999999881e+00	4.648636169966230369e+01
2.363395999999999830e+00	5.307494351759898876e+01
2.369339000000000084e+00	5.941275538133863421e+01
2.375286000000000008e+00	6.369084371039737391e+01
2.381237000000000048e+00	6.660007024085500404e+01
2.387189999999999923e+00	6.673379346506729348e+01
2.393143999999999938e+00	6.601683038174675744e+01
2.399097999999999953e+00	6.327800440897944156e+01
2.405050999999999828e+00	5.903983518339740755e+01
2.411004000000000147e+00	5.459696406023103776e+01
2.416955999999999882e+00	4.919318679611653522e+01
2.422906999999999922e+00	4.337737355792810234e+01
2.428857999999999961e+00	3.865894255367266652e+01
2.434809000000000001e+00	3.472131938485725300e+01
2.440760000000000041e+00	3.199655695968083791e+01
2.446712000000000220e+00	2.954052860900991462e+01
2.452663999999999955e+00	2.770684807638977531e+01
2.458616999999999830e+00	2.646882663504527500e+01
2.464570999999999845e+00	2.480669817553868484e+01
2.470524999999999860e+00	2.406596205884335760e+01
2.476478000000000179e+00	2.470596160820494447e+01
2.482429999999999914e+00	2.722279958707798642e+01
2.488377999999999979e+00	3.313597765471235590e+01
2.494323000000000068e+00	4.229536009191323132e+01
2.500265999999999877e+00	5.367212994604774678e+01
2.506212000000000106e+00	6.577399903550752924e+01
2.512164999999999981e+00	7.622840001839036006e+01
2.518129000000000062e+00	8.297136714057188556e+01
2.524108000000000018e+00	8.504684023696853501e+01
2.530091999999999786e+00	8.211655982677683596e+01
2.536067000000000071e+00	7.516864436395148630e+01
2.542015999999999831e+00	6.749037189257703062e+01
2.547924000000000078e+00	5.933307250920730525e+01
2.553779000000000021e+00	5.294850561208295403e+01
2.559610000000000163e+00	4.839417262926605190e+01
2.565475000000000172e+00	4.535939762867380409e+01
2.571432000000000162e+00	4.352843076114955778e+01
2.577539999999999942e+00	4.218214106091922133e+01
2.583845999999999865e+00	4.079295916703000557e+01
2.590249000000000024e+00	3.988162530834402730e+01
2.596534000000000120e+00	3.795488463543627944e+01
2.602485000000000159e+00	3.584349837790772852e+01
2.607883000000000173e+00	3.330057468699016709e+01
2.612527000000000044e+00	2.921646274787840269e+01
2.616509000000000196e+00	2.537240219696006349e+01
2.620163999999999938e+00	2.155401734931521318e+01
2.623834000000000000e+00	1.778082824527394479e+01
2.627863000000000060e+00	1.601697296499575529e+01
2.632579999999999920e+00	1.609261225209296597e+01
2.638037000000000187e+00	1.812313411769845217e+01
2.644026000000000209e+00	2.151710016620822330e+01
2.650332000000000132e+00	2.519313912048020754e+01
2.656734000000000151e+00	2.841987528551659992e+01
2.663022999999999918e+00	3.031110599808707562e+01
2.669115000000000126e+00	3.023552071098096050e+01
2.675060999999999911e+00	2.928960925183621100e+01
2.680919999999999970e+00	2.807452288125362827e+01
2.686751000000000111e+00	2.577671503119332996e+01
2.692610999999999866e+00	2.370779111264461747e+01
2.698523999999999923e+00	2.166051749822475614e+01
2.704476000000000102e+00	1.979913567885217063e+01
2.710452000000000083e+00	2.015337417496800398e+01
2.716435999999999851e+00	2.119873484458702961e+01
2.722412999999999972e+00	2.460711389781157976e+01
2.728375999999999912e+00	2.982717950619936076e+01
2.734328000000000092e+00	3.511615562998257190e+01
2.740273999999999877e+00	4.011275781108611937e+01
2.746217000000000130e+00	4.273778128497401241e+01
2.752162000000000219e+00	4.265875744228105049e+01
2.758110999999999979e+00	3.870398652722045085e+01
2.764063000000000159e+00	3.215080752119664709e+01
2.770016000000000034e+00	2.566996080534461910e+01
2.775971000000000188e+00	1.813929361765678649e+01
2.781924000000000063e+00	1.264102671367836805e+01
2.787876999999999938e+00	8.805796429851058704e+00
2.793829000000000118e+00	6.427572922030434732e+00
2.799780999999999853e+00	7.244734085831561643e+00
2.805731999999999893e+00	7.622406910301656069e+00
2.811682999999999932e+00	9.764168218484238437e+00
2.817635000000000112e+00	1.244883189150070812e+01
2.823586999999999847e+00	1.556011609206213109e+01
2.829539000000000026e+00	1.900042705582359304e+01
2.835491000000000206e+00	2.133998456149947387e+01
2.841442999999999941e+00	2.333705075994507538e+01
2.847395000000000120e+00	2.362962109231762753e+01
2.853346999999999856e+00	2.315937451742960818e+01
2.859299000000000035e+00	2.138746541618935737e+01
2.865251000000000214e+00	1.868271129940828246e+01
2.871201999999999810e+00	1.430956392037665914e+01
2.877153999999999989e+00	8.795597733172757060e+00
2.883106000000000169e+00	3.689406290858142423e+00
2.889057999999999904e+00	-7.681529411475371272e-02
2.895010000000000083e+00	-1.396779660498571607e+00
2.900961999999999819e+00	7.605305960295825063e-01
2.906913999999999998e+00	6.776375366016334389e+00
2.912866000000000177e+00	1.450799454093457541e+01
2.918817999999999913e+00	2.304389249164850284e+01
2.924770000000000092e+00	2.983582485685034769e+01
2.930721000000000132e+00	3.322165012551025853e+01
2.936672999999999867e+00	3.158344029017554533e+01
2.942625000000000046e+00	2.715827644242942185e+01
2.948576999999999781e+00	2.117281661078493471e+01
2.954528999999999961e+00	1.472100060143695544e+01
2.960481000000000140e+00	1.047600547135773574e+01
2.966432999999999875e+00	9.619040108134957023e+00
2.972385000000000055e+00	1.015323559746725479e+01
2.978336999999999790e+00	1.262941626776801662e+01
2.984288999999999970e+00	1.532498331233176891e+01
2.990240000000000009e+00	1.772057839957174252e+01
2.996192000000000188e+00	1.891018387998177275e+01
3.002143999999999924e+00	1.735241792186685217e+01
3.008096000000000103e+00	1.258409373464385084e+01
3.014047999999999838e+00	3.667642452581006740e+00
3.020000000000000018e+00	-1.088618729307423827e+01
