1.199999999999999956e-01	1.723147279051035596e+00
1.249780000000000058e-01	4.174913393262150718e-01
1.305999999999999939e-01	-4.615501055819912768e-01
1.367059999999999942e-01	-8.822023445940283537e-01
1.431360000000000132e-01	1.093768692231330553e-01
1.497320000000000040e-01	8.175771526916341125e-01
1.563350000000000017e-01	2.042943565732162181e+00
1.627850000000000130e-01	1.902246972935765612e+00
1.689219999999999888e-01	3.513283424071697691e+00
1.745889999999999942e-01	4.860391601309364873e+00
1.796250000000000069e-01	4.685162770932115528e+00
1.839349999999999874e-01	4.419231976360110892e+00
1.877439999999999942e-01	4.239068436367112724e+00
1.913779999999999926e-01	3.485679513931674300e+00
1.951660000000000061e-01	3.077762950062409075e+00
1.994340000000000002e-01	3.229383779759515072e+00
2.044499999999999929e-01	3.827563259563348197e+00
2.101250000000000062e-01	3.966959310976716502e+00
2.162479999999999958e-01	4.563184086950620610e+00
2.226049999999999973e-01	4.688992381676962751e+00
2.289819999999999911e-01	5.935115027170797752e+00
2.351930000000000132e-01	5.691053853664282514e+00
2.412249999999999950e-01	4.591470597363668027e+00
2.471349999999999936e-01	4.006008880310326425e+00
2.529799999999999827e-01	3.655832737209443017e+00
2.588170000000000193e-01	2.618467340784312647e+00
2.646970000000000156e-01	1.831761308008784006e+00
2.706259999999999777e-01	1.407322766098872080e+00
2.765880000000000005e-01	9.948286576045718421e-01
2.825679999999999858e-01	5.906188108181990026e-01
2.885510000000000019e-01	6.770444838446880720e-01
2.945229999999999793e-01	1.845443402234801855e+00
3.004809999999999981e-01	2.541539614301254968e+00
3.064310000000000089e-01	2.384016909798284622e+00
3.123750000000000138e-01	3.984859911547402156e+00
3.183190000000000186e-01	4.756209271106124348e+00
3.242650000000000254e-01	4.679604743836438985e+00
3.302149999999999808e-01	4.733717409655138653e+00
3.361680000000000224e-01	5.164294896709159310e+00
3.421210000000000084e-01	4.703315755696198863e+00
3.480759999999999965e-01	4.639701737479417609e+00
3.540289999999999826e-01	4.605571904561635677e+00
3.599809999999999954e-01	4.472523644900670448e+00
3.659330000000000083e-01	3.932181663977983632e+00
3.718839999999999923e-01	4.558769048966003545e+00
3.778360000000000052e-01	4.067537169619712678e+00
3.837869999999999893e-01	4.202478855001733571e+00
3.897390000000000021e-01	5.541349655979516342e+00
3.956910000000000149e-01	6.151205655259254890e+00
4.016429999999999723e-01	6.697578677490688470e+00
4.075949999999999851e-01	6.868526248010558888e+00
4.135469999999999979e-01	7.179792909548484481e+00
4.194979999999999820e-01	6.079534155618334879e+00
4.254499999999999948e-01	5.266451708853900016e+00
4.314009999999999789e-01	4.424964977424583168e+00
4.373540000000000205e-01	3.673866631461274679e+00
4.433079999999999798e-01	2.999401754572267542e+00
4.492619999999999947e-01	2.282774528800323388e+00
4.552160000000000095e-01	2.495792218601001977e+00
4.611680000000000224e-01	1.949019687475255891e+00
4.671170000000000044e-01	2.097331556292830079e+00
4.730619999999999825e-01	2.627232670449048069e+00
4.790059999999999873e-01	2.765648609480246378e+00
4.849510000000000209e-01	1.855945047130771020e+00
4.909020000000000050e-01	2.639848165994925555e+00
4.968629999999999991e-01	2.510068499144869847e+00
5.028390000000000359e-01	2.559916878151202280e+00
5.088230000000000253e-01	3.317169914034748146e+00
5.148009999999999531e-01	2.700348070945797652e+00
5.207570000000000254e-01	3.378144336223120714e+00
5.266750000000000043e-01	2.622676668801342981e+00
5.325410000000000421e-01	3.724947335080577737e+00
5.383719999999999617e-01	4.475256863180546496e+00
5.442249999999999588e-01	3.959370755822599453e+00
5.501580000000000359e-01	4.076099491069142822e+00
5.562289999999999734e-01	3.466811743309180738e+00
5.624930000000000208e-01	4.036345350044578062e+00
5.688929999999999820e-01	3.460275357107039262e+00
5.752220000000000111e-01	3.573277918386031260e+00
5.812610000000000277e-01	1.964989651049998454e+00
5.867949999999999555e-01	3.625680085043141432e+00
5.916080000000000227e-01	3.111888381028060202e+00
5.957040000000000113e-01	3.235118190750907452e+00
5.993990000000000151e-01	4.314383818569474727e+00
6.030370000000000452e-01	5.023625928674831265e+00
6.069609999999999728e-01	5.263995326307330913e+00
6.115110000000000268e-01	5.765931743602836335e+00
6.168270000000000142e-01	5.211810853848557024e+00
6.227219999999999978e-01	5.891373701856799983e+00
6.289789999999999548e-01	4.371519075917234431e+00
6.353790000000000271e-01	3.504234038205735313e+00
6.417070000000000274e-01	3.146761277296640458e+00
6.478369999999999962e-01	2.704781272497163158e+00
6.538089999999999735e-01	2.143069244584356881e+00
6.596819999999999906e-01	3.145953051248394861e+00
6.655140000000000500e-01	2.202513459507282167e+00
6.713630000000000431e-01	2.918079407059556374e+00
6.772660000000000347e-01	2.249975879836404680e+00
6.832110000000000127e-01	2.910133037035796288e+00
6.891829999999999901e-01	3.763851449665925220e+00
6.951669999999999794e-01	3.346164101310199257e+00
7.011469999999999647e-01	2.456614821225890921e+00
7.071119999999999628e-01	2.116646007435548871e+00
7.130670000000000064e-01	1.270813268447255062e+00
7.190130000000000132e-01	8.336357672358705173e-01
7.249569999999999625e-01	8.003973054697663958e-01
7.309010000000000229e-01	1.269982893709599381e+00
7.368489999999999762e-01	1.847207010800452354e+00
7.428000000000000158e-01	2.689379563915271998e+00
7.487530000000000019e-01	4.482417788777103063e+00
7.547080000000000455e-01	6.008409215339520770e+00
7.606619999999999493e-01	6.323854355459835652e+00
7.666140000000000176e-01	6.272824601824565249e+00
7.725670000000000037e-01	5.547444299143959867e+00
7.785180000000000433e-01	4.703078059864382432e+00
7.844689999999999719e-01	3.556714011509774842e+00
7.904210000000000402e-01	2.463069577276851163e+00
7.963729999999999976e-01	2.200990569192597501e+00
8.023249999999999549e-01	2.228439843797858089e+00
8.082770000000000232e-01	1.849195098596303932e+00
8.142289999999999806e-01	2.547786704688328463e+00
8.201800000000000201e-01	2.151605885574258803e+00
8.261319999999999775e-01	3.837764524050110815e+00
8.320830000000000171e-01	4.041819947602962593e+00
8.380349999999999744e-01	6.082223230634260958e+00
8.439870000000000427e-01	6.415379216563898979e+00
8.499400000000000288e-01	7.529539013339579867e+00
8.558940000000000436e-01	7.100642676336186732e+00
8.618479999999999475e-01	8.090871665880602137e+00
8.678010000000000446e-01	7.560103791518709926e+00
8.737519999999999731e-01	6.836922696617845574e+00
8.797000000000000375e-01	7.505227580234856255e+00
8.856439999999999868e-01	6.359656372957712911e+00
8.915870000000000184e-01	6.542454701600117772e+00
8.975349999999999717e-01	6.247762173959406695e+00
9.034900000000000153e-01	5.564989223542426977e+00
9.094569999999999599e-01	4.574365352699272691e+00
9.154379999999999740e-01	4.053504691124983239e+00
9.214210000000000456e-01	2.137875111507159698e+00
9.273909999999999654e-01	1.682512598997345954e+00
9.333329999999999682e-01	4.959264454913781539e-01
9.392300000000000093e-01	1.025574949116745682e-01
9.450749999999999984e-01	6.410469214491059109e-01
9.509090000000000042e-01	1.002750369720923240e+00
9.567890000000000006e-01	2.351010089798793778e+00
9.627750000000000474e-01	2.934557325191938126e+00
9.689229999999999787e-01	2.863080549359798610e+00
9.752680000000000238e-01	3.965667936695840723e+00
9.816639999999999810e-01	5.098857799300278160e+00
9.878930000000000211e-01	4.086047408389909208e+00
9.937399999999999567e-01	4.410095463203369093e+00
9.989850000000000119e-01	4.080557801966178566e+00
1.003457999999999961e+00	3.078652803058259835e+00
1.007338000000000067e+00	3.427538551577036685e+00
1.010966000000000031e+00	2.444497271504402658e+00
1.014685999999999977e+00	3.011340551614559491e+00
1.018841000000000108e+00	3.259283877585297251e+00
1.023735000000000062e+00	4.050893916091009572e+00
1.029328999999999938e+00	5.080209237808233524e+00
1.035408000000000106e+00	6.208711993858751832e+00
1.041754000000000069e+00	6.930742037094274721e+00
1.048148999999999997e+00	6.449427629337666446e+00
1.054391999999999996e+00	7.202323583562743714e+00
1.060446000000000000e+00	6.377258388737261363e+00
1.066368999999999900e+00	6.204854047686333196e+00
1.072216999999999976e+00	5.196336450471733315e+00
1.078049000000000035e+00	3.497809800636564326e+00
1.083920999999999912e+00	3.428667809663293653e+00
1.089842999999999895e+00	2.054306669494744497e+00
1.095801999999999943e+00	2.445472731986007897e+00
1.101780999999999899e+00	2.863750315194765417e+00
1.107765000000000111e+00	2.569267354072810150e+00
1.113739999999999952e+00	3.496799412656621087e+00
1.119699999999999918e+00	3.539460538003347256e+00
1.125650000000000039e+00	3.898433035413532810e+00
1.131594999999999906e+00	5.583371983879927392e+00
1.137537999999999938e+00	5.353923971116902436e+00
1.143483999999999945e+00	5.161006995410987841e+00
1.149432999999999927e+00	4.809798996932579840e+00
1.155386000000000024e+00	4.602113260295944919e+00
1.161338999999999899e+00	4.208632705914751249e+00
1.167294000000000054e+00	4.476339574025802293e+00
1.173246999999999929e+00	5.158685391977715362e+00
1.179200000000000026e+00	6.770602347850117830e+00
1.185151999999999983e+00	7.381941559589070501e+00
1.191103000000000023e+00	9.073248557262951763e+00
1.197054000000000062e+00	9.459065959430343895e+00
1.203006000000000020e+00	1.043618254170907456e+01
1.208957999999999977e+00	8.779192500980293801e+00
1.214909999999999934e+00	8.046383492387350955e+00
1.220861999999999892e+00	7.356002419518049784e+00
1.226814000000000071e+00	6.918449350779442675e+00
1.232765000000000111e+00	5.878029656207574227e+00
1.238717000000000068e+00	6.681654820416827789e+00
1.244668000000000108e+00	7.232862121221851126e+00
1.250620000000000065e+00	7.381054954013473335e+00
1.256572000000000022e+00	8.274700215397290393e+00
1.262526000000000037e+00	7.339061242771169447e+00
1.268480000000000052e+00	6.895937669984139262e+00
1.274434000000000067e+00	6.833538350574055897e+00
1.280386000000000024e+00	5.090968545054474603e+00
1.286335999999999924e+00	5.185374817803348968e+00
1.292281999999999931e+00	4.229779782028512791e+00
1.298224999999999962e+00	4.892339682813802604e+00
1.304170000000000051e+00	5.825900882806099190e+00
1.310119999999999951e+00	6.933845015260576616e+00
1.316079999999999917e+00	7.971329461744959488e+00
1.322052999999999923e+00	9.679182017356589895e+00
1.328036999999999912e+00	1.084226678461637050e+01
1.334017000000000008e+00	1.182577374215622967e+01
1.339976000000000056e+00	1.224055199469678357e+01
1.345900000000000096e+00	1.295815548918793958e+01
1.351774000000000031e+00	1.100165457619396392e+01
1.357607000000000008e+00	1.074648674731020925e+01
1.363453000000000026e+00	9.422206483557378220e+00
1.369372000000000034e+00	8.995274214994637418e+00
1.375421999999999922e+00	7.983773460700904323e+00
1.381658999999999970e+00	8.722523408449490034e+00
1.388052000000000064e+00	9.995588183363585344e+00
1.394403000000000059e+00	1.189907795734764306e+01
1.400492999999999988e+00	1.373974691655884861e+01
1.406104999999999938e+00	1.660961308026498173e+01
1.411021999999999998e+00	1.699079974282200922e+01
1.415195999999999898e+00	1.711313841956132364e+01
1.418924000000000074e+00	1.749408484424686350e+01
1.422549999999999981e+00	1.653954804879263207e+01
1.426417000000000046e+00	1.651369251786020342e+01
1.430868000000000029e+00	1.566026591947801450e+01
1.436091000000000006e+00	1.487927233973881513e+01
1.441923000000000066e+00	1.536788063361117196e+01
1.448144000000000098e+00	1.533738280054005720e+01
1.454538000000000109e+00	1.597673559400286081e+01
1.460887000000000047e+00	1.543562167843073674e+01
1.467041999999999957e+00	1.517943861531259131e+01
1.473030999999999979e+00	1.553731597798685904e+01
1.478914000000000062e+00	1.557198247310070194e+01
1.484749000000000096e+00	1.468402969940226654e+01
1.490591999999999917e+00	1.439156242235038441e+01
1.496488000000000040e+00	1.355549052008077382e+01
1.502428000000000097e+00	1.206161367863980338e+01
1.508397999999999906e+00	1.094262385055193754e+01
1.514380999999999977e+00	1.083119389639670160e+01
1.520361999999999991e+00	1.026807406793207100e+01
1.526329999999999965e+00	1.027107758041300833e+01
1.532284999999999897e+00	1.050542965421012731e+01
1.538232999999999961e+00	1.231181379528077535e+01
1.544175999999999993e+00	1.176971223288515311e+01
1.550119999999999942e+00	1.188957361238211163e+01
1.556068000000000007e+00	1.208935238782867749e+01
1.562019000000000046e+00	1.203876059621940442e+01
1.567971999999999921e+00	1.113327952174821966e+01
1.573925999999999936e+00	1.134999994597598771e+01
1.579879999999999951e+00	1.173514582760690850e+01
1.585833000000000048e+00	1.184449347232242822e+01
1.591785000000000005e+00	1.330809207981163134e+01
1.597736999999999963e+00	1.366486001036128606e+01
1.603688000000000002e+00	1.518572993264310966e+01
1.609639000000000042e+00	1.515116736388217333e+01
1.615590999999999999e+00	1.396332452125938595e+01
1.621542999999999957e+00	1.361962996334746201e+01
1.627494999999999914e+00	1.219848108321949987e+01
1.633447000000000093e+00	1.241070808040963769e+01
1.639399000000000051e+00	1.170308275733862580e+01
1.645350000000000090e+00	1.207602989145933137e+01
1.651302000000000048e+00	1.370207844979657175e+01
1.657253000000000087e+00	1.563192974883797248e+01
1.663205000000000044e+00	1.742604016279832990e+01
1.669157999999999920e+00	1.793791069378281122e+01
1.675111999999999934e+00	1.838816265267839611e+01
1.681065999999999949e+00	1.971160352915448399e+01
1.687019000000000046e+00	1.848635827267153076e+01
1.692971000000000004e+00	1.888124819022485212e+01
1.698919000000000068e+00	1.883829332566568482e+01
1.704863000000000017e+00	1.822505990813925791e+01
1.710806999999999967e+00	1.778068649712119509e+01
1.716752999999999973e+00	1.771231251738878143e+01
1.722706999999999988e+00	1.808774015435571059e+01
1.728671999999999986e+00	1.769017725303933730e+01
1.734652000000000083e+00	1.747789632003944504e+01
1.740636000000000072e+00	1.633269844053434738e+01
1.746609000000000078e+00	1.624730725789213182e+01
1.752555000000000085e+00	1.613582804299683460e+01
1.758458000000000077e+00	1.610336176765885696e+01
1.764308999999999905e+00	1.602599782010454277e+01
1.770140999999999964e+00	1.625948361576883627e+01
1.776011999999999924e+00	1.673643188419329775e+01
1.781979999999999897e+00	1.714756818676754335e+01
1.788105000000000055e+00	1.821130679393341367e+01
1.794426999999999994e+00	1.848202711351127547e+01
1.800829000000000013e+00	1.986109429420346117e+01
1.807091999999999921e+00	1.931750057087110761e+01
1.813002000000000002e+00	1.925298436153758175e+01
1.818338000000000010e+00	1.858389806235344821e+01
1.822912000000000088e+00	1.907469313520942222e+01
1.826850000000000085e+00	1.857727806539594440e+01
1.830492000000000008e+00	1.901400887068743017e+01
1.834179999999999922e+00	1.770751690815548685e+01
1.838259000000000087e+00	1.825552307189429868e+01
1.843048000000000020e+00	1.868306509364011703e+01
1.848562000000000038e+00	1.939501775708788145e+01
1.854589999999999961e+00	1.918393196175286164e+01
1.860913000000000039e+00	1.967611153121711354e+01
1.867313999999999918e+00	2.055358046025771301e+01
1.873583999999999916e+00	2.081657565375271801e+01
1.879660000000000108e+00	1.980665138317422702e+01
1.885596000000000050e+00	1.944686778945730055e+01
1.891450999999999993e+00	1.887400996554283594e+01
1.897281999999999913e+00	1.902171815193517546e+01
1.903146999999999922e+00	1.925703973034115890e+01
1.909062999999999954e+00	1.921058951388295100e+01
1.915018000000000109e+00	1.968586254275671976e+01
1.920995999999999926e+00	2.154098008855131496e+01
1.926979999999999915e+00	2.230747659960909601e+01
1.932955999999999896e+00	2.312911016124154173e+01
1.938917999999999919e+00	2.467425860893290945e+01
1.944868999999999959e+00	2.494648934808473228e+01
1.950814000000000048e+00	2.597344861411594508e+01
1.956757999999999997e+00	2.647955688921855710e+01
1.962703000000000086e+00	2.677131032843399439e+01
1.968652000000000069e+00	2.681063315634048649e+01
1.974604000000000026e+00	2.686362491761496329e+01
1.980558000000000041e+00	2.654079138839639285e+01
1.986512000000000056e+00	2.653208280496591343e+01
1.992466000000000070e+00	2.745063839936908323e+01
1.998418000000000028e+00	2.801595878069554146e+01
2.004370000000000207e+00	2.941120952335958094e+01
2.010321999999999942e+00	3.042284980888594248e+01
2.016272999999999982e+00	3.155609109670987422e+01
2.022224000000000022e+00	3.172320256640234248e+01
2.028176000000000201e+00	3.060892631685909393e+01
2.034127999999999936e+00	3.037443284608887240e+01
2.040080000000000116e+00	2.902442250497077580e+01
2.046031999999999851e+00	2.879305561018941972e+01
2.051984000000000030e+00	2.824246928163102410e+01
2.057935000000000070e+00	2.800794497229636804e+01
2.063886999999999805e+00	2.823063474441361720e+01
2.069837999999999845e+00	2.942702666990237148e+01
2.075791000000000164e+00	2.977591258778328864e+01
2.081744000000000039e+00	2.960660342869904582e+01
2.087698000000000054e+00	3.120414013588737134e+01
2.093652000000000069e+00	3.150246156339981951e+01
2.099604999999999944e+00	3.189304323082045656e+01
2.105554999999999843e+00	3.281497912583340337e+01
2.111501000000000072e+00	3.311061857984839918e+01
2.117445000000000022e+00	3.280981695276851440e+01
2.123388999999999971e+00	3.278070761053291449e+01
2.129338000000000175e+00	3.307180769552770272e+01
2.135295999999999861e+00	3.260200269623214098e+01
2.141268000000000171e+00	3.311893558578872643e+01
2.147250999999999799e+00	3.409465962953009210e+01
2.153232000000000035e+00	3.478156975934734163e+01
2.159196000000000115e+00	3.513505699855274145e+01
2.165125000000000188e+00	3.598661860765846399e+01
2.171006000000000213e+00	3.663015514361625691e+01
2.176841000000000026e+00	3.754539257784191619e+01
2.182682999999999929e+00	3.795833923838989676e+01
2.188588999999999896e+00	3.837881875018667444e+01
2.194618000000000180e+00	3.788262267114193804e+01
2.200828000000000007e+00	3.717099201554503196e+01
2.207209999999999894e+00	3.603069050202488199e+01
2.213579000000000185e+00	3.559255729666509893e+01
2.219714999999999883e+00	3.563403935424618396e+01
2.225403000000000020e+00	3.453869123779470840e+01
2.230423000000000044e+00	3.439670510256761560e+01
2.234681000000000139e+00	3.481385355454958841e+01
2.238447999999999993e+00	3.488005575584745088e+01
2.242068000000000172e+00	3.563345794418292911e+01
2.245884000000000214e+00	3.624016706831186241e+01
2.250237999999999960e+00	3.568300805045701196e+01
2.255365999999999982e+00	3.578433017514220182e+01
2.261130000000000084e+00	3.439455436950667888e+01
2.267313000000000134e+00	3.534896264783244391e+01
2.273696000000000161e+00	3.336272596854112038e+01
2.280063999999999869e+00	3.304851089580431989e+01
2.286243999999999943e+00	3.257392899933143582e+01
2.292251999999999956e+00	3.269010165097667198e+01
2.298146000000000022e+00	3.211886605275613249e+01
2.303983000000000114e+00	3.375372847133146337e+01
2.309822000000000042e+00	3.360134672555601298e+01
2.315710999999999853e+00	3.344164352681131902e+01
2.321645999999999876e+00	3.183797357445953224e+01
2.327612999999999932e+00	3.202044514259114294e+01
2.333594999999999864e+00	3.170191932195139017e+01
2.339576999999999796e+00	3.193777110689824639e+01
2.345546999999999827e+00	3.154487603611242719e+01
2.351503999999999817e+00	3.272891734676654352e+01
2.357451999999999881e+00	3.287694999013930186e+01
2.363395999999999830e+00	3.322291421611461715e+01
2.369339000000000084e+00	3.374189719768680362e+01
2.375286000000000008e+00	3.565905417779729447e+01
2.381237000000000048e+00	3.554168395383933898e+01
2.387189999999999923e+00	3.775316871530529994e+01
2.393143999999999938e+00	3.821544997944908317e+01
2.399097999999999953e+00	3.914017114740151015e+01
2.405050999999999828e+00	3.963438548007678719e+01
2.411004000000000147e+00	3.939664436582543061e+01
2.416955999999999882e+00	3.958341178811823369e+01
2.422906999999999922e+00	3.968852108194235484e+01
2.428857999999999961e+00	3.988067820778120165e+01
2.434809000000000001e+00	3.997320490039431462e+01
2.440760000000000041e+00	4.029888294962647421e+01
2.446712000000000220e+00	4.091932768499660966e+01
2.452663999999999955e+00	4.089374844653627861e+01
2.458616999999999830e+00	4.109991884246134219e+01
2.464570999999999845e+00	4.038258356542396399e+01
2.470524999999999860e+00	3.955877728665697646e+01
2.476478000000000179e+00	3.917377537874533999e+01
2.482429999999999914e+00	3.866768394429900724e+01
2.488377999999999979e+00	3.841862627823942944e+01
2.494323000000000068e+00	3.918836281442079184e+01
2.500265999999999877e+00	3.934755306776392558e+01
2.506212000000000106e+00	4.112027749490842865e+01
2.512164999999999981e+00	4.322454461400461412e+01
2.518129000000000062e+00	4.588342186694577407e+01
2.524108000000000018e+00	4.969989532468710536e+01
2.530091999999999786e+00	5.431518778622231736e+01
2.536067000000000071e+00	5.916143784331329414e+01
2.542015999999999831e+00	6.414609855563767837e+01
2.547924000000000078e+00	6.833132036811521459e+01
2.553779000000000021e+00	7.398476365479245942e+01
2.559610000000000163e+00	7.827042301854686457e+01
2.565475000000000172e+00	8.206950306759897273e+01
2.571432000000000162e+00	8.472269413027150620e+01
2.577539999999999942e+00	8.579693467839054222e+01
2.583845999999999865e+00	8.461522322706028376e+01
2.590249000000000024e+00	8.181990406488777978e+01
2.596534000000000120e+00	7.992092855319127409e+01
2.602485000000000159e+00	7.768989373532171783e+01
2.607883000000000173e+00	7.755809522445198922e+01
2.612527000000000044e+00	7.932019075416945952e+01
2.616509000000000196e+00	8.403819952190363551e+01
2.620163999999999938e+00	8.948106377322550031e+01
2.623834000000000000e+00	9.325690198290620003e+01
2.627863000000000060e+00	9.429050316722192804e+01
2.632579999999999920e+00	9.162140919532762950e+01
2.638037000000000187e+00	8.462599812455168546e+01
2.644026000000000209e+00	7.480940062410222424e+01
2.650332000000000132e+00	6.437906652310405775e+01
2.656734000000000151e+00	5.413795467113533277e+01
2.663022999999999918e+00	4.579629389800803807e+01
2.669115000000000126e+00	4.100771746990316302e+01
2.675060999999999911e+00	3.726609566580430766e+01
2.680919999999999970e+00	3.572179449737707557e+01
2.686751000000000111e+00	3.466185462520122229e+01
2.692610999999999866e+00	3.383430513836130871e+01
2.698523999999999923e+00	3.233469302430043513e+01
2.704476000000000102e+00	3.195901963640918453e+01
2.710452000000000083e+00	3.157928732145520456e+01
2.716435999999999851e+00	3.142108474170639809e+01
2.722412999999999972e+00	3.128814297577945425e+01
2.728375999999999912e+00	3.177971757823163657e+01
2.734328000000000092e+00	3.268269242272441488e+01
2.740273999999999877e+00	3.388018136218094867e+01
2.746217000000000130e+00	3.471602160151255134e+01
2.752162000000000219e+00	3.492160827377949772e+01
2.758110999999999979e+00	3.554110039979870095e+01
2.764063000000000159e+00	3.491134972388420721e+01
2.770016000000000034e+00	3.533836689139757681e+01
2.775971000000000188e+00	3.503011788755323863e+01
2.781924000000000063e+00	3.372694551437872690e+01
2.787876999999999938e+00	3.230743412836319806e+01
2.793829000000000118e+00	3.044866349617593926e+01
2.799780999999999853e+00	2.841569784900135431e+01
2.805731999999999893e+00	2.654151511177038003e+01
2.811682999999999932e+00	2.445479813985342687e+01
2.817635000000000112e+00	2.227532914252142504e+01
2.823586999999999847e+00	2.007183871765576200e+01
2.829539000000000026e+00	1.748622476887124932e+01
2.835491000000000206e+00	1.620494721948886863e+01
2.841442999999999941e+00	1.307004868597854497e+01
2.847395000000000120e+00	1.225186269269385519e+01
2.853346999999999856e+00	1.105247373857597992e+01
2.859299000000000035e+00	1.058849529206338502e+01
2.865251000000000214e+00	1.052866468030402380e+01
2.871201999999999810e+00	1.196964848333439591e+01
2.877153999999999989e+00	1.459640798050188337e+01
2.883106000000000169e+00	1.727337767761880016e+01
2.889057999999999904e+00	2.023451780240586473e+01
2.895010000000000083e+00	2.420490046925273475e+01
2.900961999999999819e+00	2.732768026866636646e+01
2.906913999999999998e+00	3.030868681555223532e+01
2.912866000000000177e+00	3.219802373977193355e+01
2.918817999999999913e+00	3.363771883597854639e+01
2.924770000000000092e+00	3.380830684741957270e+01
2.930721000000000132e+00	3.317144779958621115e+01
2.936672999999999867e+00	3.118776053990964314e+01
2.942625000000000046e+00	2.832653261283407176e+01
2.948576999999999781e+00	2.685321429327500908e+01
2.954528999999999961e+00	2.407174796129553229e+01
2.960481000000000140e+00	2.459649587397403181e+01
2.966432999999999875e+00	2.699505807795983969e+01
2.972385000000000055e+00	3.046525585971131633e+01
2.978336999999999790e+00	3.478451061703133007e+01
2.984288999999999970e+00	3.859851244298810258e+01
2.990240000000000009e+00	4.229710383121881279e+01
2.996192000000000188e+00	4.439796152234013960e+01
3.002143999999999924e+00	4.338506879890030632e+01
3.008096000000000103e+00	3.869195059772003731e+01
3.014047999999999838e+00	3.119119478633825793e+01
3.020000000000000018e+00	1.840714893406634900e+01
