1.199999999999999956e-01	-7.337846740681958080e-01
1.249780000000000058e-01	4.198849022537919362e-01
1.305999999999999939e-01	1.100358191697310861e+00
1.367059999999999942e-01	1.699649535548061863e+00
1.431360000000000132e-01	2.366391744646224815e+00
1.497320000000000040e-01	2.674706588092058634e+00
1.563350000000000017e-01	3.060104829863903309e+00
1.627850000000000130e-01	3.081626556728066291e+00
1.689219999999999888e-01	3.090994419118803460e+00
1.745889999999999942e-01	2.750049405280223347e+00
1.796250000000000069e-01	2.573854659836051884e+00
1.839349999999999874e-01	2.159422842013019928e+00
1.877439999999999942e-01	2.084301298468755448e+00
1.913779999999999926e-01	1.944614584320203399e+00
1.951660000000000061e-01	1.516961254773966594e+00
1.994340000000000002e-01	1.630483934311775851e+00
2.044499999999999929e-01	2.000707225151254320e+00
2.101250000000000062e-01	2.356059217926437022e+00
2.162479999999999958e-01	2.584593440795077246e+00
2.226049999999999973e-01	2.914227807656044167e+00
2.289819999999999911e-01	3.364358287355857513e+00
2.351930000000000132e-01	2.912429104188262841e+00
2.412249999999999950e-01	2.947052712151822185e+00
2.471349999999999936e-01	2.727420286564775420e+00
2.529799999999999827e-01	2.490903426024751788e+00
2.588170000000000193e-01	2.520942392537128374e+00
2.646970000000000156e-01	2.511942127286531878e+00
2.706259999999999777e-01	2.951807589780015562e+00
2.765880000000000005e-01	3.149836515128131342e+00
2.825679999999999858e-01	3.437700197052320661e+00
2.885510000000000019e-01	3.408169487134030007e+00
2.945229999999999793e-01	2.802790628173795984e+00
3.004809999999999981e-01	2.201475883170436632e+00
3.064310000000000089e-01	1.496597303968725701e+00
3.123750000000000138e-01	5.425989004436632124e-01
3.183190000000000186e-01	1.517657905578486677e-01
3.242650000000000254e-01	1.164355939811983209e-01
3.302149999999999808e-01	2.926067435301168418e-01
3.361680000000000224e-01	8.665762525446899511e-01
3.421210000000000084e-01	1.763839529588027366e+00
3.480759999999999965e-01	2.358705583833461628e+00
3.540289999999999826e-01	3.003625572005531819e+00
3.599809999999999954e-01	3.410727546612732031e+00
3.659330000000000083e-01	3.997912457703458600e+00
3.718839999999999923e-01	4.240158811892238866e+00
3.778360000000000052e-01	3.774715324447319720e+00
3.837869999999999893e-01	3.594911284418106590e+00
3.897390000000000021e-01	2.814966245930408562e+00
3.956910000000000149e-01	2.516325709818552081e+00
4.016429999999999723e-01	1.752887299188800485e+00
4.075949999999999851e-01	1.205212424916662473e+00
4.135469999999999979e-01	5.660433660112780263e-01
4.194979999999999820e-01	8.045212998805342242e-01
4.254499999999999948e-01	4.312945165976794781e-01
4.314009999999999789e-01	2.790447661326305728e-01
4.373540000000000205e-01	3.698030051782064120e-01
4.433079999999999798e-01	6.274001741000077847e-02
4.492619999999999947e-01	-1.051049699699787843e-01
4.552160000000000095e-01	-3.587394642825873503e-01
4.611680000000000224e-01	-5.463598003611214171e-01
4.671170000000000044e-01	-4.448198335088805466e-01
4.730619999999999825e-01	-5.625765811952455620e-01
4.790059999999999873e-01	-6.312315903859896382e-01
4.849510000000000209e-01	-2.232004715266539818e-01
4.909020000000000050e-01	-6.480210002008542081e-02
4.968629999999999991e-01	9.099047287425804376e-03
5.028390000000000359e-01	6.159140034326096025e-01
5.088230000000000253e-01	8.446773268742640006e-01
5.148009999999999531e-01	9.961702526085906007e-01
5.207570000000000254e-01	1.383691467200869774e+00
5.266750000000000043e-01	1.681457976194270509e+00
5.325410000000000421e-01	2.244855172936848220e+00
5.383719999999999617e-01	2.932716212583925675e+00
5.442249999999999588e-01	3.390057368602210630e+00
5.501580000000000359e-01	3.824911285550112616e+00
5.562289999999999734e-01	3.996626664197372669e+00
5.624930000000000208e-01	4.002079553712218463e+00
5.688929999999999820e-01	3.917531981999017532e+00
5.752220000000000111e-01	3.522020946543912956e+00
5.812610000000000277e-01	3.244771073872822154e+00
5.867949999999999555e-01	2.529858674309466426e+00
5.916080000000000227e-01	2.419377148596389304e+00
5.957040000000000113e-01	2.351324640521895937e+00
5.993990000000000151e-01	2.502008240332592059e+00
6.030370000000000452e-01	2.522498761481665852e+00
6.069609999999999728e-01	2.478424636154785698e+00
6.115110000000000268e-01	2.257740788436161772e+00
6.168270000000000142e-01	1.689464549457630804e+00
6.227219999999999978e-01	1.356174853607492237e+00
6.289789999999999548e-01	8.484066812782581346e-01
6.353790000000000271e-01	5.210341210543329993e-01
6.417070000000000274e-01	1.598520122042494662e-01
6.478369999999999962e-01	6.124935339665822376e-01
6.538089999999999735e-01	1.099888197946748747e+00
6.596819999999999906e-01	1.668102163513679459e+00
6.655140000000000500e-01	2.113983169666167061e+00
6.713630000000000431e-01	2.829357814878018296e+00
6.772660000000000347e-01	3.274765046739963825e+00
6.832110000000000127e-01	3.225067505688654190e+00
6.891829999999999901e-01	3.485159982677537904e+00
6.951669999999999794e-01	3.746773232725717495e+00
7.011469999999999647e-01	3.929082784804365236e+00
7.071119999999999628e-01	3.796612318298534294e+00
7.130670000000000064e-01	3.940545428734087530e+00
7.190130000000000132e-01	4.060342196844864304e+00
7.249569999999999625e-01	4.130571022988867469e+00
7.309010000000000229e-01	3.992535633958451236e+00
7.368489999999999762e-01	4.241273590402313332e+00
7.428000000000000158e-01	4.237285276620804453e+00
7.487530000000000019e-01	4.027422025767044111e+00
7.547080000000000455e-01	3.882015125240292797e+00
7.606619999999999493e-01	3.678619885076869878e+00
7.666140000000000176e-01	3.124259268679480339e+00
7.725670000000000037e-01	2.980585701154052636e+00
7.785180000000000433e-01	2.274137057737266154e+00
7.844689999999999719e-01	1.821121411767947729e+00
7.904210000000000402e-01	1.575351579253565060e+00
7.963729999999999976e-01	1.417190599364587689e+00
8.023249999999999549e-01	1.473835712011372534e+00
8.082770000000000232e-01	1.540897357379221511e+00
8.142289999999999806e-01	1.742668272686237252e+00
8.201800000000000201e-01	1.847486469947820176e+00
8.261319999999999775e-01	2.215737429177181639e+00
8.320830000000000171e-01	2.271870038156408533e+00
8.380349999999999744e-01	2.634139991572300055e+00
8.439870000000000427e-01	2.769677136248772875e+00
8.499400000000000288e-01	2.653497786236412637e+00
8.558940000000000436e-01	2.659878642655377323e+00
8.618479999999999475e-01	2.619984739414542574e+00
8.678010000000000446e-01	2.615268605179749795e+00
8.737519999999999731e-01	2.507216093140426150e+00
8.797000000000000375e-01	2.395828488971584846e+00
8.856439999999999868e-01	2.641260413639626048e+00
8.915870000000000184e-01	2.692235633319398858e+00
8.975349999999999717e-01	2.790922961194173713e+00
9.034900000000000153e-01	2.955965913204208206e+00
9.094569999999999599e-01	3.175413579606356507e+00
9.154379999999999740e-01	2.953643319414860802e+00
9.214210000000000456e-01	2.826820442035868020e+00
9.273909999999999654e-01	2.780199888361324589e+00
9.333329999999999682e-01	2.549230081619738186e+00
9.392300000000000093e-01	2.583464869435752931e+00
9.450749999999999984e-01	2.507643767872284268e+00
9.509090000000000042e-01	2.564275705005252259e+00
9.567890000000000006e-01	2.704212232695303975e+00
9.627750000000000474e-01	2.944290772413226343e+00
9.689229999999999787e-01	2.859189113907715907e+00
9.752680000000000238e-01	2.784173741380667977e+00
9.816639999999999810e-01	2.490622369844904593e+00
9.878930000000000211e-01	2.212438627019293946e+00
9.937399999999999567e-01	2.205964163694258851e+00
9.989850000000000119e-01	2.242145347426272917e+00
1.003457999999999961e+00	2.466744368193947157e+00
1.007338000000000067e+00	3.140574630111565568e+00
1.010966000000000031e+00	3.975077252893814528e+00
1.014685999999999977e+00	4.667840712316648322e+00
1.018841000000000108e+00	5.190370995862298997e+00
1.023735000000000062e+00	5.408193516571273562e+00
1.029328999999999938e+00	5.588428136392001200e+00
1.035408000000000106e+00	5.493370595675737711e+00
1.041754000000000069e+00	5.247209611133362372e+00
1.048148999999999997e+00	5.019856244888119434e+00
1.054391999999999996e+00	4.383322331145003581e+00
1.060446000000000000e+00	3.844108924177561892e+00
1.066368999999999900e+00	3.366215597191241748e+00
1.072216999999999976e+00	2.797490842953523682e+00
1.078049000000000035e+00	2.691212047979254951e+00
1.083920999999999912e+00	2.719573106141190966e+00
1.089842999999999895e+00	2.784185777592599997e+00
1.095801999999999943e+00	3.094717290395853304e+00
1.101780999999999899e+00	3.442758569350245157e+00
1.107765000000000111e+00	3.537944364654385332e+00
1.113739999999999952e+00	3.793071198053497017e+00
1.119699999999999918e+00	3.791898466053349903e+00
1.125650000000000039e+00	3.475292342750841978e+00
1.131594999999999906e+00	3.322921229666881970e+00
1.137537999999999938e+00	3.046951363270984814e+00
1.143483999999999945e+00	2.954188636465163942e+00
1.149432999999999927e+00	2.548466816873103280e+00
1.155386000000000024e+00	2.858310700618895694e+00
1.161338999999999899e+00	2.887321466413848015e+00
1.167294000000000054e+00	2.886965352670305407e+00
1.173246999999999929e+00	2.997678524442839443e+00
1.179200000000000026e+00	3.309969360438074659e+00
1.185151999999999983e+00	3.657731459258175555e+00
1.191103000000000023e+00	3.491927636503163068e+00
1.197054000000000062e+00	3.878180144677052077e+00
1.203006000000000020e+00	3.996495339277055692e+00
1.208957999999999977e+00	4.224547577529099485e+00
1.214909999999999934e+00	4.112005296451778591e+00
1.220861999999999892e+00	4.226445866252249495e+00
1.226814000000000071e+00	4.067816764940113572e+00
1.232765000000000111e+00	4.099201575202819470e+00
1.238717000000000068e+00	3.867872763939432801e+00
1.244668000000000108e+00	3.959791171364551055e+00
1.250620000000000065e+00	4.153607388774119613e+00
1.256572000000000022e+00	4.068369094583320411e+00
1.262526000000000037e+00	4.578320512363141859e+00
1.268480000000000052e+00	4.956315594021929449e+00
1.274434000000000067e+00	5.547878874177265551e+00
1.280386000000000024e+00	6.331849138798417265e+00
1.286335999999999924e+00	6.879336856935362121e+00
1.292281999999999931e+00	6.928986930252655441e+00
1.298224999999999962e+00	6.997173514833325392e+00
1.304170000000000051e+00	6.854773643082419987e+00
1.310119999999999951e+00	6.750606616063187460e+00
1.316079999999999917e+00	6.254107700515122659e+00
1.322052999999999923e+00	6.021034166631747730e+00
1.328036999999999912e+00	6.262274864311373257e+00
1.334017000000000008e+00	6.126458736856375431e+00
1.339976000000000056e+00	6.308138537147854663e+00
1.345900000000000096e+00	6.220954988794586527e+00
1.351774000000000031e+00	6.190449513304310258e+00
1.357607000000000008e+00	5.996968868229680893e+00
1.363453000000000026e+00	5.962708857038956367e+00
1.369372000000000034e+00	5.646790391623270899e+00
1.375421999999999922e+00	5.662884437698203932e+00
1.381658999999999970e+00	5.689102534334496752e+00
1.388052000000000064e+00	6.172151523120388283e+00
1.394403000000000059e+00	6.826682776136933306e+00
1.400492999999999988e+00	7.498527928452886293e+00
1.406104999999999938e+00	8.216097231958700675e+00
1.411021999999999998e+00	8.666375328571895409e+00
1.415195999999999898e+00	8.819406071734924524e+00
1.418924000000000074e+00	9.112383205085532012e+00
1.422549999999999981e+00	9.098413352152174838e+00
1.426417000000000046e+00	8.881634090122478398e+00
1.430868000000000029e+00	8.366604473825161037e+00
1.436091000000000006e+00	8.312210433578247404e+00
1.441923000000000066e+00	7.867144011654694680e+00
1.448144000000000098e+00	7.583836139348538730e+00
1.454538000000000109e+00	7.373367621596718102e+00
1.460887000000000047e+00	7.360212191620617794e+00
1.467041999999999957e+00	7.454605051131236948e+00
1.473030999999999979e+00	7.530953757590251207e+00
1.478914000000000062e+00	7.648418326964948832e+00
1.484749000000000096e+00	7.940260426613745537e+00
1.490591999999999917e+00	8.184171499397667304e+00
1.496488000000000040e+00	7.692197267381443382e+00
1.502428000000000097e+00	7.244501708497985248e+00
1.508397999999999906e+00	6.977353803435370594e+00
1.514380999999999977e+00	6.407835431796053527e+00
1.520361999999999991e+00	6.080073939487148138e+00
1.526329999999999965e+00	6.016989414938331393e+00
1.532284999999999897e+00	6.106325047033497100e+00
1.538232999999999961e+00	6.223179115037153153e+00
1.544175999999999993e+00	6.417299932301194332e+00
1.550119999999999942e+00	6.999019802774707699e+00
1.556068000000000007e+00	7.143167690227788746e+00
1.562019000000000046e+00	7.453123650258127064e+00
1.567971999999999921e+00	7.657971923170729056e+00
1.573925999999999936e+00	7.608606354219611845e+00
1.579879999999999951e+00	7.556742932654949563e+00
1.585833000000000048e+00	7.555183707355944023e+00
1.591785000000000005e+00	7.365996077278007093e+00
1.597736999999999963e+00	7.142678252072440337e+00
1.603688000000000002e+00	6.913373531852837317e+00
1.609639000000000042e+00	7.151484076125317557e+00
1.615590999999999999e+00	6.923506349181286268e+00
1.621542999999999957e+00	6.826839114554855925e+00
1.627494999999999914e+00	6.978095652155685613e+00
1.633447000000000093e+00	6.954902339465117045e+00
1.639399000000000051e+00	6.820744599808332254e+00
1.645350000000000090e+00	6.782603368361318275e+00
1.651302000000000048e+00	6.477519535146853080e+00
1.657253000000000087e+00	6.211068812771908476e+00
1.663205000000000044e+00	5.961536319984706012e+00
1.669157999999999920e+00	5.839545612624577942e+00
1.675111999999999934e+00	6.356479509722537280e+00
1.681065999999999949e+00	6.764892576172178984e+00
1.687019000000000046e+00	7.397168475642623697e+00
1.692971000000000004e+00	7.980465261933360921e+00
1.698919000000000068e+00	8.371470901948358190e+00
1.704863000000000017e+00	9.037794265724112819e+00
1.710806999999999967e+00	9.317369714670228120e+00
1.716752999999999973e+00	9.313655371387049797e+00
1.722706999999999988e+00	9.782877566688984672e+00
1.728671999999999986e+00	1.003002465568566670e+01
1.734652000000000083e+00	1.023188931970739191e+01
1.740636000000000072e+00	1.046910174898073898e+01
1.746609000000000078e+00	1.077160823961389902e+01
1.752555000000000085e+00	1.085887065234568993e+01
1.758458000000000077e+00	1.108131421607744116e+01
1.764308999999999905e+00	1.113465747605206424e+01
1.770140999999999964e+00	1.137904397937694689e+01
1.776011999999999924e+00	1.125151047020833950e+01
1.781979999999999897e+00	1.108737932505706603e+01
1.788105000000000055e+00	1.108828863493393513e+01
1.794426999999999994e+00	1.072931420298199434e+01
1.800829000000000013e+00	1.066434833264947457e+01
1.807091999999999921e+00	1.026394238888955179e+01
1.813002000000000002e+00	9.884618635304546430e+00
1.818338000000000010e+00	9.881201330806810290e+00
1.822912000000000088e+00	9.498186135449122602e+00
1.826850000000000085e+00	9.238448675990518666e+00
1.830492000000000008e+00	9.248469863569077631e+00
1.834179999999999922e+00	9.020915834003421452e+00
1.838259000000000087e+00	8.739323408567106100e+00
1.843048000000000020e+00	8.083402988795286959e+00
1.848562000000000038e+00	7.511360337296054013e+00
1.854589999999999961e+00	6.891652766292862609e+00
1.860913000000000039e+00	6.364562363007371992e+00
1.867313999999999918e+00	6.123894700335922536e+00
1.873583999999999916e+00	6.125051734571333562e+00
1.879660000000000108e+00	6.661675336177176554e+00
1.885596000000000050e+00	7.301274755327534116e+00
1.891450999999999993e+00	8.283521903856538415e+00
1.897281999999999913e+00	8.882752721577109156e+00
1.903146999999999922e+00	9.513025835635319893e+00
1.909062999999999954e+00	9.843107850571646722e+00
1.915018000000000109e+00	1.017635555713506967e+01
1.920995999999999926e+00	1.043204823398422754e+01
1.926979999999999915e+00	1.060496340837798535e+01
1.932955999999999896e+00	1.088157730889501273e+01
1.938917999999999919e+00	1.134973746809105855e+01
1.944868999999999959e+00	1.169720304001118194e+01
1.950814000000000048e+00	1.214325793812082210e+01
1.956757999999999997e+00	1.276515501111692785e+01
1.962703000000000086e+00	1.344531849705769844e+01
1.968652000000000069e+00	1.412278180994021959e+01
1.974604000000000026e+00	1.442702493312392065e+01
1.980558000000000041e+00	1.476986436533716329e+01
1.986512000000000056e+00	1.505079952782250707e+01
1.992466000000000070e+00	1.514226636213222932e+01
1.998418000000000028e+00	1.484710365474966132e+01
2.004370000000000207e+00	1.450724168093951327e+01
2.010321999999999942e+00	1.406761079990312346e+01
2.016272999999999982e+00	1.365708535693801373e+01
2.022224000000000022e+00	1.373894406745684194e+01
2.028176000000000201e+00	1.348298794783453580e+01
2.034127999999999936e+00	1.378619464572391173e+01
2.040080000000000116e+00	1.423074659082609905e+01
2.046031999999999851e+00	1.487848989356467477e+01
2.051984000000000030e+00	1.597633372028337817e+01
2.057935000000000070e+00	1.725815967044407628e+01
2.063886999999999805e+00	1.903085328303973967e+01
2.069837999999999845e+00	2.076420350708401941e+01
2.075791000000000164e+00	2.305310165585212090e+01
2.081744000000000039e+00	2.578130294104971298e+01
2.087698000000000054e+00	2.860012443127464365e+01
2.093652000000000069e+00	3.122828613715081403e+01
2.099604999999999944e+00	3.336731155095224466e+01
2.105554999999999843e+00	3.464056036179332665e+01
2.111501000000000072e+00	3.440978342296763515e+01
2.117445000000000022e+00	3.277431516474374007e+01
2.123388999999999971e+00	2.994325743563889120e+01
2.129338000000000175e+00	2.681438615438952766e+01
2.135295999999999861e+00	2.325274256963178843e+01
2.141268000000000171e+00	1.989498174595718183e+01
2.147250999999999799e+00	1.728924085548531053e+01
2.153232000000000035e+00	1.527307064815147974e+01
2.159196000000000115e+00	1.364625887760078982e+01
2.165125000000000188e+00	1.262904468470817143e+01
2.171006000000000213e+00	1.218122873274015561e+01
2.176841000000000026e+00	1.182267488307403625e+01
2.182682999999999929e+00	1.227474123619036384e+01
2.188588999999999896e+00	1.311964490529161331e+01
2.194618000000000180e+00	1.408696348739893089e+01
2.200828000000000007e+00	1.530089906204504224e+01
2.207209999999999894e+00	1.688750813202252843e+01
2.213579000000000185e+00	1.866258376624013593e+01
2.219714999999999883e+00	1.990997989621615005e+01
2.225403000000000020e+00	2.063124212936658708e+01
2.230423000000000044e+00	2.093890397013447924e+01
2.234681000000000139e+00	2.024687584327166689e+01
2.238447999999999993e+00	1.906765891985534722e+01
2.242068000000000172e+00	1.738766485380564930e+01
2.245884000000000214e+00	1.540117251748376326e+01
2.250237999999999960e+00	1.381449272501537351e+01
2.255365999999999982e+00	1.173449713564861696e+01
2.261130000000000084e+00	1.048377969617044059e+01
2.267313000000000134e+00	9.560939744237666460e+00
2.273696000000000161e+00	8.462113600728935481e+00
2.280063999999999869e+00	8.388650060879314196e+00
2.286243999999999943e+00	8.983717809707725266e+00
2.292251999999999956e+00	9.992957693042892942e+00
2.298146000000000022e+00	1.150189934332087027e+01
2.303983000000000114e+00	1.382191872773298513e+01
2.309822000000000042e+00	1.666535443750687051e+01
2.315710999999999853e+00	1.959420567840754401e+01
2.321645999999999876e+00	2.300660614132928217e+01
2.327612999999999932e+00	2.579899369002658460e+01
2.333594999999999864e+00	2.766352156461612566e+01
2.339576999999999796e+00	2.836175359449410749e+01
2.345546999999999827e+00	2.728569440911565280e+01
2.351503999999999817e+00	2.496714988248738365e+01
2.357451999999999881e+00	2.179447029192468932e+01
2.363395999999999830e+00	1.834141661780371280e+01
2.369339000000000084e+00	1.516221233246088929e+01
2.375286000000000008e+00	1.223559262814527138e+01
2.381237000000000048e+00	1.029009420407478537e+01
2.387189999999999923e+00	9.076432068804644260e+00
2.393143999999999938e+00	8.468718927497278059e+00
2.399097999999999953e+00	8.295485675669196368e+00
2.405050999999999828e+00	8.942723252247400723e+00
2.411004000000000147e+00	9.824665781123503194e+00
2.416955999999999882e+00	1.085881288384561927e+01
2.422906999999999922e+00	1.266644110352358510e+01
2.428857999999999961e+00	1.441201324458380739e+01
2.434809000000000001e+00	1.604312152371716493e+01
2.440760000000000041e+00	1.782241803978870109e+01
2.446712000000000220e+00	1.912324564698871043e+01
2.452663999999999955e+00	1.969366736322528411e+01
2.458616999999999830e+00	1.954884395474283565e+01
2.464570999999999845e+00	1.856319710169666237e+01
2.470524999999999860e+00	1.710936779789738083e+01
2.476478000000000179e+00	1.614270935041873045e+01
2.482429999999999914e+00	1.605472470655617911e+01
2.488377999999999979e+00	1.787909920200466374e+01
2.494323000000000068e+00	2.228181792454832078e+01
2.500265999999999877e+00	2.862295688997087950e+01
2.506212000000000106e+00	3.516196002088008754e+01
2.512164999999999981e+00	4.099333078241353689e+01
2.518129000000000062e+00	4.448880800923308954e+01
2.524108000000000018e+00	4.447459326819112846e+01
2.530091999999999786e+00	4.123329276422234102e+01
2.536067000000000071e+00	3.640115395924457431e+01
2.542015999999999831e+00	3.126432307716796544e+01
2.547924000000000078e+00	2.747189043240725681e+01
2.553779000000000021e+00	2.622139509404979663e+01
2.559610000000000163e+00	2.726042447259614931e+01
2.565475000000000172e+00	2.938011822922338467e+01
2.571432000000000162e+00	3.203975286164413205e+01
2.577539999999999942e+00	3.349070667839309579e+01
2.583845999999999865e+00	3.283872299716848886e+01
2.590249000000000024e+00	3.029505129696697807e+01
2.596534000000000120e+00	2.692595644100381591e+01
2.602485000000000159e+00	2.294331764121604067e+01
2.607883000000000173e+00	2.042244071820169893e+01
2.612527000000000044e+00	1.917775702778424929e+01
2.616509000000000196e+00	2.033336095486328077e+01
2.620163999999999938e+00	2.225464823012813653e+01
2.623834000000000000e+00	2.508766097053829824e+01
2.627863000000000060e+00	2.793295950293219931e+01
2.632579999999999920e+00	3.033581870354240095e+01
2.638037000000000187e+00	3.153438292159250267e+01
2.644026000000000209e+00	3.210527986354972541e+01
2.650332000000000132e+00	3.113226757959144564e+01
2.656734000000000151e+00	2.899079942121974440e+01
2.663022999999999918e+00	2.533903415642156887e+01
2.669115000000000126e+00	2.061876194328426237e+01
2.675060999999999911e+00	1.507568507993561546e+01
2.680919999999999970e+00	9.294162253967675369e+00
2.686751000000000111e+00	3.877888239847455676e+00
2.692610999999999866e+00	-3.696667406374461451e-01
2.698523999999999923e+00	-3.958220924501239857e+00
2.704476000000000102e+00	-6.357604355692469511e+00
2.710452000000000083e+00	-7.871596776103769955e+00
2.716435999999999851e+00	-8.416677236725554678e+00
2.722412999999999972e+00	-8.138197326825782341e+00
2.728375999999999912e+00	-6.995302619276466238e+00
2.734328000000000092e+00	-5.015009557328202305e+00
2.740273999999999877e+00	-2.215245767867904281e+00
2.746217000000000130e+00	1.507681958192591098e+00
2.752162000000000219e+00	6.255227632563959972e+00
2.758110999999999979e+00	1.155568141199258214e+01
2.764063000000000159e+00	1.659333829172416586e+01
2.770016000000000034e+00	2.158878693826486384e+01
2.775971000000000188e+00	2.523558832811481167e+01
2.781924000000000063e+00	2.692456888890572841e+01
2.787876999999999938e+00	2.633967306835011257e+01
2.793829000000000118e+00	2.442395834139377442e+01
2.799780999999999853e+00	2.085681057541561145e+01
2.805731999999999893e+00	1.652981645813849454e+01
2.811682999999999932e+00	1.163231941736513697e+01
2.817635000000000112e+00	6.984814416158505068e+00
2.823586999999999847e+00	2.578474770800382565e+00
2.829539000000000026e+00	-2.251022106028727765e-01
2.835491000000000206e+00	-1.118296575830736606e+00
2.841442999999999941e+00	8.418596476380599825e-01
2.847395000000000120e+00	5.744538154921227324e+00
2.853346999999999856e+00	1.206070684035084106e+01
2.859299000000000035e+00	1.872792276052663851e+01
2.865251000000000214e+00	2.452139183491702212e+01
2.871201999999999810e+00	2.797937651257535308e+01
2.877153999999999989e+00	2.822358977809658143e+01
2.883106000000000169e+00	2.603702214053980768e+01
2.889057999999999904e+00	2.190809721724927783e+01
2.895010000000000083e+00	1.658614785007845427e+01
2.900961999999999819e+00	1.064794949223675502e+01
2.906913999999999998e+00	4.714722883505302775e+00
2.912866000000000177e+00	-6.057057946978824381e-01
2.918817999999999913e+00	-4.484525834628109386e+00
2.924770000000000092e+00	-6.636682967811460720e+00
2.930721000000000132e+00	-6.345522933953014366e+00
2.936672999999999867e+00	-3.370814119614723214e+00
2.942625000000000046e+00	9.594286673531990939e-01
2.948576999999999781e+00	5.654237500301818820e+00
2.954528999999999961e+00	9.827547887083225575e+00
2.960481000000000140e+00	1.215776930694409863e+01
2.966432999999999875e+00	1.147097612169100778e+01
2.972385000000000055e+00	8.621871259144500144e+00
2.978336999999999790e+00	4.724764109252438615e+00
2.984288999999999970e+00	3.558167349564227977e-01
2.990240000000000009e+00	-3.506629576590277075e+00
2.996192000000000188e+00	-6.101979279303124670e+00
3.002143999999999924e+00	-6.770741975603635332e+00
3.008096000000000103e+00	-4.653854381773775195e+00
3.014047999999999838e+00	1.732630725644787484e+00
3.020000000000000018e+00	1.243677701105059974e+01
