1.199999999999999956e-01	2.007562405643668058e+00
1.249780000000000058e-01	2.485085745759438414e+00
1.305999999999999939e-01	2.912449945363025261e+00
1.367059999999999942e-01	2.755326197286995349e+00
1.431360000000000132e-01	2.938131815904800437e+00
1.497320000000000040e-01	2.860766992570154876e+00
1.563350000000000017e-01	3.431006418456979734e+00
1.627850000000000130e-01	3.967112065224386086e+00
1.689219999999999888e-01	3.664790001998650570e+00
1.745889999999999942e-01	3.864650142749940454e+00
1.796250000000000069e-01	4.241896758641440890e+00
1.839349999999999874e-01	4.743217980993854610e+00
1.877439999999999942e-01	4.566957226560766969e+00
1.913779999999999926e-01	5.012851595367315838e+00
1.951660000000000061e-01	5.377289894410789195e+00
1.994340000000000002e-01	5.540202267453587126e+00
2.044499999999999929e-01	5.726207503520980957e+00
2.101250000000000062e-01	5.181918878972372688e+00
2.162479999999999958e-01	5.799408286750150410e+00
2.226049999999999973e-01	6.085580977011615822e+00
2.289819999999999911e-01	5.709128348540152942e+00
2.351930000000000132e-01	5.671299073035757310e+00
2.412249999999999950e-01	5.231798947779601860e+00
2.471349999999999936e-01	5.381257044343541907e+00
2.529799999999999827e-01	5.428609021299358517e+00
2.588170000000000193e-01	4.600980560276465070e+00
2.646970000000000156e-01	3.576656542881022194e+00
2.706259999999999777e-01	2.755402823455563421e+00
2.765880000000000005e-01	1.401962537867514458e+00
2.825679999999999858e-01	8.668778562247145825e-01
2.885510000000000019e-01	5.896641380467013693e-01
2.945229999999999793e-01	5.232749346199518925e-01
3.004809999999999981e-01	1.485736855068388262e+00
3.064310000000000089e-01	2.130520857159558190e+00
3.123750000000000138e-01	2.508576128095038271e+00
3.183190000000000186e-01	3.409346166721786364e+00
3.242650000000000254e-01	3.489292790649590970e+00
3.302149999999999808e-01	3.218594032705263785e+00
3.361680000000000224e-01	2.923034556546976859e+00
3.421210000000000084e-01	2.039804827630722350e+00
3.480759999999999965e-01	2.311812072042882527e+00
3.540289999999999826e-01	2.625640215163842939e+00
3.599809999999999954e-01	3.338811201758186353e+00
3.659330000000000083e-01	4.410876794884693197e+00
3.718839999999999923e-01	5.413063731965051417e+00
3.778360000000000052e-01	6.944475900476702712e+00
3.837869999999999893e-01	7.493047056887109036e+00
3.897390000000000021e-01	7.425780651222224193e+00
3.956910000000000149e-01	6.722377168402086767e+00
4.016429999999999723e-01	6.352430111059835127e+00
4.075949999999999851e-01	5.674172823181959480e+00
4.135469999999999979e-01	4.323552437725806996e+00
4.194979999999999820e-01	3.385833289415466130e+00
4.254499999999999948e-01	2.426597367771282432e+00
4.314009999999999789e-01	2.157134186772375006e+00
4.373540000000000205e-01	2.086131579619090903e+00
4.433079999999999798e-01	2.365171405189316456e+00
4.492619999999999947e-01	2.789047795738127444e+00
4.552160000000000095e-01	3.551747986734296259e+00
4.611680000000000224e-01	4.329537051226628463e+00
4.671170000000000044e-01	5.155209717171515216e+00
4.730619999999999825e-01	6.117393119872255980e+00
4.790059999999999873e-01	6.055384101693504384e+00
4.849510000000000209e-01	6.403007224046876722e+00
4.909020000000000050e-01	5.988138593158121026e+00
4.968629999999999991e-01	5.586966475310790159e+00
5.028390000000000359e-01	4.598158557129927715e+00
5.088230000000000253e-01	3.935621498952968533e+00
5.148009999999999531e-01	2.410404062434758465e+00
5.207570000000000254e-01	1.877396564453752692e+00
5.266750000000000043e-01	1.347718496864215076e+00
5.325410000000000421e-01	1.194919127759027644e+00
5.383719999999999617e-01	1.779782070432638585e+00
5.442249999999999588e-01	3.450148425698998267e+00
5.501580000000000359e-01	4.267306846404756548e+00
5.562289999999999734e-01	5.152411524877644311e+00
5.624930000000000208e-01	6.132581372581185519e+00
5.688929999999999820e-01	5.941289478806989877e+00
5.752220000000000111e-01	5.909278991908673895e+00
5.812610000000000277e-01	4.843284422445960580e+00
5.867949999999999555e-01	4.383885541532823282e+00
5.916080000000000227e-01	3.273032108917963701e+00
5.957040000000000113e-01	2.339902733732632800e+00
5.993990000000000151e-01	1.670729242554015448e+00
6.030370000000000452e-01	1.221063144621227892e+00
6.069609999999999728e-01	1.094022107036416447e+00
6.115110000000000268e-01	1.356132542608638136e+00
6.168270000000000142e-01	1.892393498366089055e+00
6.227219999999999978e-01	2.800042857021188603e+00
6.289789999999999548e-01	4.154096773488274330e+00
6.353790000000000271e-01	4.435240814333765158e+00
6.417070000000000274e-01	4.967725263994902996e+00
6.478369999999999962e-01	4.757288871922742857e+00
6.538089999999999735e-01	4.807553983967508771e+00
6.596819999999999906e-01	3.787722968214506380e+00
6.655140000000000500e-01	2.990595154593222560e+00
6.713630000000000431e-01	2.676961629929319297e+00
6.772660000000000347e-01	2.268543163520476469e+00
6.832110000000000127e-01	1.814593428360423477e+00
6.891829999999999901e-01	1.537021377682062040e+00
6.951669999999999794e-01	1.929529993467406168e+00
7.011469999999999647e-01	1.777620164779901035e+00
7.071119999999999628e-01	2.165911358571150913e+00
7.130670000000000064e-01	2.167747941435694603e+00
7.190130000000000132e-01	1.951167922818179079e+00
7.249569999999999625e-01	1.819014972092352300e+00
7.309010000000000229e-01	1.773854418066048266e+00
7.368489999999999762e-01	1.414258697033513368e+00
7.428000000000000158e-01	1.252875155646243632e+00
7.487530000000000019e-01	1.291622825828750765e+00
7.547080000000000455e-01	7.586033814408092990e-01
7.606619999999999493e-01	8.123816159280512483e-01
7.666140000000000176e-01	6.697370700822222744e-01
7.725670000000000037e-01	1.351990035858731787e+00
7.785180000000000433e-01	1.273487550593997542e+00
7.844689999999999719e-01	2.232724923653581328e+00
7.904210000000000402e-01	2.736541089867783771e+00
7.963729999999999976e-01	3.793649576233581566e+00
8.023249999999999549e-01	4.396262113873401489e+00
8.082770000000000232e-01	5.214980101507288524e+00
8.142289999999999806e-01	5.368883916256297795e+00
8.201800000000000201e-01	5.080627781388802333e+00
8.261319999999999775e-01	4.135298622697230364e+00
8.320830000000000171e-01	3.628483844866240648e+00
8.380349999999999744e-01	2.145591978453805115e+00
8.439870000000000427e-01	1.801396254563480293e+00
8.499400000000000288e-01	1.349215629054988153e+00
8.558940000000000436e-01	1.850830913412578216e+00
8.618479999999999475e-01	2.506854343209252711e+00
8.678010000000000446e-01	3.743077491785609112e+00
8.737519999999999731e-01	4.652583822840640870e+00
8.797000000000000375e-01	5.799661006816680953e+00
8.856439999999999868e-01	5.696636093530651479e+00
8.915870000000000184e-01	5.848947595194220916e+00
8.975349999999999717e-01	5.790139572922440081e+00
9.034900000000000153e-01	5.598461513277910306e+00
9.094569999999999599e-01	5.125556969412353503e+00
9.154379999999999740e-01	5.360646933189869401e+00
9.214210000000000456e-01	4.992956842118199567e+00
9.273909999999999654e-01	4.986129473775195997e+00
9.333329999999999682e-01	4.789041192435240291e+00
9.392300000000000093e-01	4.981125671814866429e+00
9.450749999999999984e-01	4.507541278549592079e+00
9.509090000000000042e-01	3.818280084032306121e+00
9.567890000000000006e-01	3.266289413271371345e+00
9.627750000000000474e-01	2.641642154167183509e+00
9.689229999999999787e-01	2.747541694148377012e+00
9.752680000000000238e-01	2.679352776053961716e+00
9.816639999999999810e-01	3.159786704703038573e+00
9.878930000000000211e-01	3.537246692064211384e+00
9.937399999999999567e-01	4.289007305275338133e+00
9.989850000000000119e-01	5.351600661122815517e+00
1.003457999999999961e+00	5.281742892837780090e+00
1.007338000000000067e+00	5.290243049395551900e+00
1.010966000000000031e+00	5.202095159488515641e+00
1.014685999999999977e+00	5.228840055876402104e+00
1.018841000000000108e+00	4.364761293112755958e+00
1.023735000000000062e+00	4.034091586683129727e+00
1.029328999999999938e+00	3.736450820678447027e+00
1.035408000000000106e+00	3.375695668663113658e+00
1.041754000000000069e+00	2.840652085717600972e+00
1.048148999999999997e+00	2.360514648728901488e+00
1.054391999999999996e+00	2.202949297271297624e+00
1.060446000000000000e+00	2.285375837957836609e+00
1.066368999999999900e+00	2.063772418748786031e+00
1.072216999999999976e+00	2.270862483847669644e+00
1.078049000000000035e+00	1.838669667568170407e+00
1.083920999999999912e+00	2.003528872677249772e+00
1.089842999999999895e+00	2.372194236553877289e+00
1.095801999999999943e+00	2.982448514019238051e+00
1.101780999999999899e+00	2.960518729142338046e+00
1.107765000000000111e+00	3.482411408726060031e+00
1.113739999999999952e+00	3.990587216211124666e+00
1.119699999999999918e+00	3.932920738809187355e+00
1.125650000000000039e+00	4.482933037178963964e+00
1.131594999999999906e+00	4.827597794332386449e+00
1.137537999999999938e+00	5.219765988527913514e+00
1.143483999999999945e+00	5.122341947283743480e+00
1.149432999999999927e+00	4.470623309177495841e+00
1.155386000000000024e+00	4.359495809427600399e+00
1.161338999999999899e+00	3.830223356303059656e+00
1.167294000000000054e+00	3.837648473467743848e+00
1.173246999999999929e+00	3.400977680651842583e+00
1.179200000000000026e+00	3.356438724324517953e+00
1.185151999999999983e+00	3.414881671500467508e+00
1.191103000000000023e+00	3.561760630528352678e+00
1.197054000000000062e+00	3.604132164772249514e+00
1.203006000000000020e+00	3.830375989117179358e+00
1.208957999999999977e+00	4.541542125896973481e+00
1.214909999999999934e+00	4.202190172829463499e+00
1.220861999999999892e+00	4.545763774683978298e+00
1.226814000000000071e+00	3.965412095580495233e+00
1.232765000000000111e+00	3.687592407295317010e+00
1.238717000000000068e+00	3.027520478928509284e+00
1.244668000000000108e+00	2.121000242805714642e+00
1.250620000000000065e+00	1.425710198122344341e+00
1.256572000000000022e+00	1.186880680456226855e+00
1.262526000000000037e+00	1.183761218246969005e+00
1.268480000000000052e+00	2.307120044076686138e+00
1.274434000000000067e+00	3.707339874728075024e+00
1.280386000000000024e+00	5.017781601782288270e+00
1.286335999999999924e+00	6.019104993275697701e+00
1.292281999999999931e+00	7.066842640682813759e+00
1.298224999999999962e+00	6.805599610434201807e+00
1.304170000000000051e+00	6.568606587903096816e+00
1.310119999999999951e+00	6.281220489065478141e+00
1.316079999999999917e+00	6.364493174285532184e+00
1.322052999999999923e+00	6.272297936921447103e+00
1.328036999999999912e+00	6.650749253589961718e+00
1.334017000000000008e+00	7.519971674961132280e+00
1.339976000000000056e+00	7.967702605069919564e+00
1.345900000000000096e+00	7.766370918620222774e+00
1.351774000000000031e+00	7.963854173586460306e+00
1.357607000000000008e+00	7.175034870132746434e+00
1.363453000000000026e+00	5.778986014206732413e+00
1.369372000000000034e+00	5.101791269073672197e+00
1.375421999999999922e+00	3.968577367014067381e+00
1.381658999999999970e+00	3.481559812725481873e+00
1.388052000000000064e+00	3.862286782502322602e+00
1.394403000000000059e+00	5.021012644779983880e+00
1.400492999999999988e+00	6.421078673840301398e+00
1.406104999999999938e+00	7.784194504869765829e+00
1.411021999999999998e+00	8.413766902179137475e+00
1.415195999999999898e+00	8.533923190474135723e+00
1.418924000000000074e+00	8.586648968065455634e+00
1.422549999999999981e+00	8.518059310455001309e+00
1.426417000000000046e+00	8.274508945848836561e+00
1.430868000000000029e+00	7.938845871427179901e+00
1.436091000000000006e+00	7.832630150683949743e+00
1.441923000000000066e+00	7.501028923528846981e+00
1.448144000000000098e+00	7.691101614320632329e+00
1.454538000000000109e+00	7.656223842144346925e+00
1.460887000000000047e+00	7.511032108269419361e+00
1.467041999999999957e+00	7.788893327852814963e+00
1.473030999999999979e+00	7.485813032013793666e+00
1.478914000000000062e+00	7.579768206877715464e+00
1.484749000000000096e+00	7.778885546597201106e+00
1.490591999999999917e+00	7.779993959389795322e+00
1.496488000000000040e+00	8.363649525647412375e+00
1.502428000000000097e+00	8.253424663678604389e+00
1.508397999999999906e+00	8.826292441758944562e+00
1.514380999999999977e+00	9.370156283262149444e+00
1.520361999999999991e+00	8.983754542243538310e+00
1.526329999999999965e+00	9.175968710004312356e+00
1.532284999999999897e+00	8.677300111532803228e+00
1.538232999999999961e+00	8.750005263700979086e+00
1.544175999999999993e+00	8.750581968388885912e+00
1.550119999999999942e+00	8.374409171105858363e+00
1.556068000000000007e+00	8.601617704262721986e+00
1.562019000000000046e+00	9.109751024763651728e+00
1.567971999999999921e+00	9.357594069440594353e+00
1.573925999999999936e+00	9.334103989343631724e+00
1.579879999999999951e+00	9.380799393631667371e+00
1.585833000000000048e+00	8.230758413480927516e+00
1.591785000000000005e+00	7.428855815045992017e+00
1.597736999999999963e+00	5.893161398942021734e+00
1.603688000000000002e+00	5.387903844708616496e+00
1.609639000000000042e+00	4.673487228987174724e+00
1.615590999999999999e+00	5.388667113881743909e+00
1.621542999999999957e+00	5.622439521909893045e+00
1.627494999999999914e+00	7.086082159321015261e+00
1.633447000000000093e+00	8.157780302969445785e+00
1.639399000000000051e+00	8.179718557246234312e+00
1.645350000000000090e+00	7.920068040406334831e+00
1.651302000000000048e+00	7.350646483050022439e+00
1.657253000000000087e+00	6.327334130942216639e+00
1.663205000000000044e+00	5.425214501048195359e+00
1.669157999999999920e+00	4.828586171604158928e+00
1.675111999999999934e+00	4.763769185724293642e+00
1.681065999999999949e+00	5.546859501113254431e+00
1.687019000000000046e+00	6.421240306186776436e+00
1.692971000000000004e+00	7.222860551855151634e+00
1.698919000000000068e+00	7.860756084523706555e+00
1.704863000000000017e+00	8.840605446581468740e+00
1.710806999999999967e+00	8.997286731384210867e+00
1.716752999999999973e+00	8.947637931491360774e+00
1.722706999999999988e+00	9.482157964388674642e+00
1.728671999999999986e+00	9.917158669595801612e+00
1.734652000000000083e+00	1.083275229032007481e+01
1.740636000000000072e+00	1.182154347778895875e+01
1.746609000000000078e+00	1.355079035424404843e+01
1.752555000000000085e+00	1.405980241769410632e+01
1.758458000000000077e+00	1.500965001232310669e+01
1.764308999999999905e+00	1.520862937622830202e+01
1.770140999999999964e+00	1.498646376040329109e+01
1.776011999999999924e+00	1.510622229192021848e+01
1.781979999999999897e+00	1.375993143005485742e+01
1.788105000000000055e+00	1.312599362947635662e+01
1.794426999999999994e+00	1.211287454760065962e+01
1.800829000000000013e+00	1.132905231313339911e+01
1.807091999999999921e+00	9.766348961175157939e+00
1.813002000000000002e+00	9.327169068567430443e+00
1.818338000000000010e+00	8.536577489509742378e+00
1.822912000000000088e+00	8.662539161228606233e+00
1.826850000000000085e+00	8.827811210722151358e+00
1.830492000000000008e+00	9.070951213939496327e+00
1.834179999999999922e+00	9.698446532565522915e+00
1.838259000000000087e+00	9.710558580127589323e+00
1.843048000000000020e+00	9.183970478568706852e+00
1.848562000000000038e+00	9.327130832294319163e+00
1.854589999999999961e+00	8.990273936379320929e+00
1.860913000000000039e+00	8.598797167168537925e+00
1.867313999999999918e+00	8.074367606098679317e+00
1.873583999999999916e+00	8.005272255180990726e+00
1.879660000000000108e+00	8.265434335047322278e+00
1.885596000000000050e+00	8.564689635873161677e+00
1.891450999999999993e+00	8.859538455633868992e+00
1.897281999999999913e+00	9.239649084332219431e+00
1.903146999999999922e+00	9.588245575214298100e+00
1.909062999999999954e+00	9.836210040336903049e+00
1.915018000000000109e+00	1.000691056833241888e+01
1.920995999999999926e+00	1.063479607462207710e+01
1.926979999999999915e+00	1.034510844027719578e+01
1.932955999999999896e+00	1.111240252075615231e+01
1.938917999999999919e+00	1.110636745264851832e+01
1.944868999999999959e+00	1.124664719914463085e+01
1.950814000000000048e+00	1.208882719637871794e+01
1.956757999999999997e+00	1.261447674563132004e+01
1.962703000000000086e+00	1.326656115985081996e+01
1.968652000000000069e+00	1.341380396456315260e+01
1.974604000000000026e+00	1.372629742572268086e+01
1.980558000000000041e+00	1.394890841124694703e+01
1.986512000000000056e+00	1.379801578909506254e+01
1.992466000000000070e+00	1.381116347846347914e+01
1.998418000000000028e+00	1.336317895232678765e+01
2.004370000000000207e+00	1.253163231825952728e+01
2.010321999999999942e+00	1.154889656893235639e+01
2.016272999999999982e+00	1.134476943273294758e+01
2.022224000000000022e+00	1.140371201324069972e+01
2.028176000000000201e+00	1.174516579305229769e+01
2.034127999999999936e+00	1.250017421568013276e+01
2.040080000000000116e+00	1.359423092363997476e+01
2.046031999999999851e+00	1.496100808814053806e+01
2.051984000000000030e+00	1.656402442815398857e+01
2.057935000000000070e+00	1.794500258447045837e+01
2.063886999999999805e+00	1.951883849329350440e+01
2.069837999999999845e+00	2.153176557703386251e+01
2.075791000000000164e+00	2.323657112402106861e+01
2.081744000000000039e+00	2.541811350782722556e+01
2.087698000000000054e+00	2.895269350401211739e+01
2.093652000000000069e+00	3.172555672386024739e+01
2.099604999999999944e+00	3.457396954258360466e+01
2.105554999999999843e+00	3.551990820679816352e+01
2.111501000000000072e+00	3.599744682696132969e+01
2.117445000000000022e+00	3.470902927621236245e+01
2.123388999999999971e+00	3.203822372556753351e+01
2.129338000000000175e+00	2.881129590651567440e+01
2.135295999999999861e+00	2.529266415600493900e+01
2.141268000000000171e+00	2.186996414722463200e+01
2.147250999999999799e+00	1.913795580880931979e+01
2.153232000000000035e+00	1.642231900326262206e+01
2.159196000000000115e+00	1.456375464000554310e+01
2.165125000000000188e+00	1.325950506594734968e+01
2.171006000000000213e+00	1.251305555815658010e+01
2.176841000000000026e+00	1.239736441644618203e+01
2.182682999999999929e+00	1.281529148610793811e+01
2.188588999999999896e+00	1.366289420828593215e+01
2.194618000000000180e+00	1.528649524969620721e+01
2.200828000000000007e+00	1.670777379999026024e+01
2.207209999999999894e+00	1.907407965069096534e+01
2.213579000000000185e+00	2.057299715791663886e+01
2.219714999999999883e+00	2.210790129811084981e+01
2.225403000000000020e+00	2.306414178809954763e+01
2.230423000000000044e+00	2.345779975739446499e+01
2.234681000000000139e+00	2.235435965679196713e+01
2.238447999999999993e+00	2.026262408798427117e+01
2.242068000000000172e+00	1.799964381683785675e+01
2.245884000000000214e+00	1.579417970233604152e+01
2.250237999999999960e+00	1.324527288717512263e+01
2.255365999999999982e+00	1.157596102122261428e+01
2.261130000000000084e+00	1.079321212368808425e+01
2.267313000000000134e+00	9.849606592347695866e+00
2.273696000000000161e+00	1.031483376277573782e+01
2.280063999999999869e+00	1.050948636425420091e+01
2.286243999999999943e+00	1.070639014234706465e+01
2.292251999999999956e+00	1.154482435844704113e+01
2.298146000000000022e+00	1.336913280639678980e+01
2.303983000000000114e+00	1.496078358179304857e+01
2.309822000000000042e+00	1.720410248485401183e+01
2.315710999999999853e+00	1.989563139724519658e+01
2.321645999999999876e+00	2.315794798481095285e+01
2.327612999999999932e+00	2.604420339197485390e+01
2.333594999999999864e+00	2.829833754186140737e+01
2.339576999999999796e+00	2.882108994698722881e+01
2.345546999999999827e+00	2.754013231193471256e+01
2.351503999999999817e+00	2.538985825717401212e+01
2.357451999999999881e+00	2.243955052579003606e+01
2.363395999999999830e+00	1.873831249767228968e+01
2.369339000000000084e+00	1.561946892893130467e+01
2.375286000000000008e+00	1.261631314961230466e+01
2.381237000000000048e+00	1.066992189319438999e+01
2.387189999999999923e+00	8.908894084279584291e+00
2.393143999999999938e+00	8.014718966296447533e+00
2.399097999999999953e+00	8.489285803883333870e+00
2.405050999999999828e+00	8.223992355435667534e+00
2.411004000000000147e+00	9.957921662765970794e+00
2.416955999999999882e+00	1.099823599337422841e+01
2.422906999999999922e+00	1.316178839471818662e+01
2.428857999999999961e+00	1.518119244007732682e+01
2.434809000000000001e+00	1.742629812503191644e+01
2.440760000000000041e+00	1.939751970212178378e+01
2.446712000000000220e+00	2.049795435776539065e+01
2.452663999999999955e+00	2.131932159897448287e+01
2.458616999999999830e+00	2.122291463910056208e+01
2.464570999999999845e+00	1.965994621660678021e+01
2.470524999999999860e+00	1.784515927875496288e+01
2.476478000000000179e+00	1.609171914668162273e+01
2.482429999999999914e+00	1.614226938796105060e+01
2.488377999999999979e+00	1.781129534866224162e+01
2.494323000000000068e+00	2.253035146449030535e+01
2.500265999999999877e+00	2.928366645357427700e+01
2.506212000000000106e+00	3.734133860737564703e+01
2.512164999999999981e+00	4.436545480117738549e+01
2.518129000000000062e+00	4.890578612237625578e+01
2.524108000000000018e+00	4.943917374294841949e+01
2.530091999999999786e+00	4.692406505092418456e+01
2.536067000000000071e+00	4.228291929151411921e+01
2.542015999999999831e+00	3.629267437771589755e+01
2.547924000000000078e+00	3.196213857269918535e+01
2.553779000000000021e+00	2.936815485085065802e+01
2.559610000000000163e+00	2.891757191443742769e+01
2.565475000000000172e+00	2.944620672544662909e+01
2.571432000000000162e+00	3.053941412797238897e+01
2.577539999999999942e+00	3.103539712693114438e+01
2.583845999999999865e+00	2.988218126760535398e+01
2.590249000000000024e+00	2.856942992414165516e+01
2.596534000000000120e+00	2.570903586310847899e+01
2.602485000000000159e+00	2.313902923207876938e+01
2.607883000000000173e+00	2.171467391951549075e+01
2.612527000000000044e+00	2.176762970312564960e+01
2.616509000000000196e+00	2.295716866831182301e+01
2.620163999999999938e+00	2.514728007773416962e+01
2.623834000000000000e+00	2.779826329950356367e+01
2.627863000000000060e+00	2.986183087407874126e+01
2.632579999999999920e+00	3.214207394046061239e+01
2.638037000000000187e+00	3.314343095010127627e+01
2.644026000000000209e+00	3.326683538168585130e+01
2.650332000000000132e+00	3.229512174055373208e+01
2.656734000000000151e+00	2.898574753456028574e+01
2.663022999999999918e+00	2.510287509891835356e+01
2.669115000000000126e+00	1.969398372570524103e+01
2.675060999999999911e+00	1.355358052691653015e+01
2.680919999999999970e+00	7.057108917314164565e+00
2.686751000000000111e+00	1.471564567078111008e+00
2.692610999999999866e+00	-2.368015706664235331e+00
2.698523999999999923e+00	-5.371791193041045354e+00
2.704476000000000102e+00	-7.171862087482395509e+00
2.710452000000000083e+00	-7.957772204292590246e+00
2.716435999999999851e+00	-7.685866055844753575e+00
2.722412999999999972e+00	-6.751033140212194361e+00
2.728375999999999912e+00	-5.565044507984466371e+00
2.734328000000000092e+00	-3.638916442935589579e+00
2.740273999999999877e+00	-1.171708875884522438e+00
2.746217000000000130e+00	1.980595800394748807e+00
2.752162000000000219e+00	5.965711977041737057e+00
2.758110999999999979e+00	1.061508716891849247e+01
2.764063000000000159e+00	1.530269061768014360e+01
2.770016000000000034e+00	1.948666265819283794e+01
2.775971000000000188e+00	2.300545619487218474e+01
2.781924000000000063e+00	2.487416488184005203e+01
2.787876999999999938e+00	2.484428076578395306e+01
2.793829000000000118e+00	2.348835197401175989e+01
2.799780999999999853e+00	2.023116026207746287e+01
2.805731999999999893e+00	1.680938257673852121e+01
2.811682999999999932e+00	1.192388618218822849e+01
2.817635000000000112e+00	6.892083405604180868e+00
2.823586999999999847e+00	2.378543850337902832e+00
2.829539000000000026e+00	-3.444705646746049066e-01
2.835491000000000206e+00	-1.650560623937664895e+00
2.841442999999999941e+00	3.319155638278043496e-01
2.847395000000000120e+00	6.554035688646353108e+00
2.853346999999999856e+00	1.360874730241176955e+01
2.859299000000000035e+00	2.162256461094305493e+01
2.865251000000000214e+00	2.760246934195224000e+01
2.871201999999999810e+00	3.146387583592435533e+01
2.877153999999999989e+00	3.194599757749768898e+01
2.883106000000000169e+00	2.887560776031164522e+01
2.889057999999999904e+00	2.391432982801470430e+01
2.895010000000000083e+00	1.842039083358005414e+01
2.900961999999999819e+00	1.209848664788009387e+01
2.906913999999999998e+00	5.766932300771591358e+00
2.912866000000000177e+00	6.870694583580486681e-01
2.918817999999999913e+00	-2.927102870842525295e+00
2.924770000000000092e+00	-4.777913225006243714e+00
2.930721000000000132e+00	-3.794371337749679718e+00
2.936672999999999867e+00	-1.330412515187821665e+00
2.942625000000000046e+00	2.971160294219010289e+00
2.948576999999999781e+00	7.466288604342966373e+00
2.954528999999999961e+00	1.087216484166282093e+01
2.960481000000000140e+00	1.274498893324287963e+01
2.966432999999999875e+00	1.210378037898547099e+01
2.972385000000000055e+00	9.520137048921425205e+00
2.978336999999999790e+00	5.224103373855067289e+00
2.984288999999999970e+00	7.729671755340814521e-01
2.990240000000000009e+00	-3.025853794756437232e+00
2.996192000000000188e+00	-6.012744071156040704e+00
3.002143999999999924e+00	-6.027517640463099902e+00
3.008096000000000103e+00	-3.378844945207100992e+00
3.014047999999999838e+00	2.833828191972971755e+00
3.020000000000000018e+00	1.395167670236160973e+01
