1.199999999999999956e-01	1.356499455552801603e+00
1.249780000000000058e-01	1.209266106067029334e+00
1.305999999999999939e-01	1.118040799744957958e+00
1.367059999999999942e-01	1.912005773283638410e+00
1.431360000000000132e-01	2.043334999496763338e+00
1.497320000000000040e-01	2.580612195488325877e+00
1.563350000000000017e-01	3.204097190278087925e+00
1.627850000000000130e-01	3.244385140210321428e+00
1.689219999999999888e-01	3.284262704970264402e+00
1.745889999999999942e-01	3.779210589757810546e+00
1.796250000000000069e-01	3.202461584332870981e+00
1.839349999999999874e-01	3.472065246702961794e+00
1.877439999999999942e-01	2.998539525802961236e+00
1.913779999999999926e-01	2.321745197792478344e+00
1.951660000000000061e-01	2.468995827979989066e+00
1.994340000000000002e-01	2.001232876683730844e+00
2.044499999999999929e-01	2.121412766529401139e+00
2.101250000000000062e-01	2.053430406643933726e+00
2.162479999999999958e-01	2.281437949568534407e+00
2.226049999999999973e-01	2.212994558202036721e+00
2.289819999999999911e-01	2.235527624866515239e+00
2.351930000000000132e-01	2.202044493744140130e+00
2.412249999999999950e-01	2.744824195655907850e+00
2.471349999999999936e-01	2.300218082124100505e+00
2.529799999999999827e-01	2.484824697114666137e+00
2.588170000000000193e-01	2.394836040734372062e+00
2.646970000000000156e-01	2.273169530623591061e+00
2.706259999999999777e-01	2.279881851536048831e+00
2.765880000000000005e-01	2.633735765981766175e+00
2.825679999999999858e-01	2.893281639419097218e+00
2.885510000000000019e-01	2.533458213449788499e+00
2.945229999999999793e-01	2.434442630123782259e+00
3.004809999999999981e-01	2.675104344222635433e+00
3.064310000000000089e-01	2.294364753612741392e+00
3.123750000000000138e-01	2.301701403227760068e+00
3.183190000000000186e-01	2.675220873495452345e+00
3.242650000000000254e-01	2.335796371285528306e+00
3.302149999999999808e-01	2.620100136498630938e+00
3.361680000000000224e-01	2.596325938960342583e+00
3.421210000000000084e-01	2.201815481380868356e+00
3.480759999999999965e-01	2.447079488509629197e+00
3.540289999999999826e-01	2.402826215713968150e+00
3.599809999999999954e-01	2.030481973974004539e+00
3.659330000000000083e-01	2.647858675825853325e+00
3.718839999999999923e-01	2.226022197342381936e+00
3.778360000000000052e-01	2.574550428033366423e+00
3.837869999999999893e-01	2.722378793568142719e+00
3.897390000000000021e-01	2.565922693546478506e+00
3.956910000000000149e-01	3.259309607451889690e+00
4.016429999999999723e-01	3.293910952958109206e+00
4.075949999999999851e-01	3.201735356271420585e+00
4.135469999999999979e-01	3.284186818872743885e+00
4.194979999999999820e-01	3.556708498790675410e+00
4.254499999999999948e-01	3.176512332831853858e+00
4.314009999999999789e-01	3.587054321641826249e+00
4.373540000000000205e-01	3.474206881861549245e+00
4.433079999999999798e-01	3.479386890305301794e+00
4.492619999999999947e-01	3.350336640949846512e+00
4.552160000000000095e-01	3.480020559409399361e+00
4.611680000000000224e-01	3.866272530006203745e+00
4.671170000000000044e-01	3.622343346719537394e+00
4.730619999999999825e-01	4.099442992488812720e+00
4.790059999999999873e-01	3.664342642919344861e+00
4.849510000000000209e-01	3.699694053272957195e+00
4.909020000000000050e-01	3.875289443347792684e+00
4.968629999999999991e-01	4.130750086669660703e+00
5.028390000000000359e-01	3.721789155890989687e+00
5.088230000000000253e-01	3.577464580623030521e+00
5.148009999999999531e-01	3.638934278351303231e+00
5.207570000000000254e-01	3.675959190925079945e+00
5.266750000000000043e-01	3.497267101328773720e+00
5.325410000000000421e-01	3.975031758051243092e+00
5.383719999999999617e-01	3.340812474284225342e+00
5.442249999999999588e-01	3.856243417215928115e+00
5.501580000000000359e-01	4.085959554123673065e+00
5.562289999999999734e-01	4.445909405093503963e+00
5.624930000000000208e-01	4.708884806144702395e+00
5.688929999999999820e-01	5.043358866163606180e+00
5.752220000000000111e-01	4.948333786251496669e+00
5.812610000000000277e-01	5.526908170299583922e+00
5.867949999999999555e-01	5.469013934425796641e+00
5.916080000000000227e-01	5.608015635573963209e+00
5.957040000000000113e-01	5.531202040303913492e+00
5.993990000000000151e-01	5.451840512097402502e+00
6.030370000000000452e-01	5.358412846172612376e+00
6.069609999999999728e-01	5.206945293524321450e+00
6.115110000000000268e-01	5.437952688064197737e+00
6.168270000000000142e-01	4.882574575681643658e+00
6.227219999999999978e-01	5.207481662061082872e+00
6.289789999999999548e-01	4.949779868054917209e+00
6.353790000000000271e-01	5.419982006404710617e+00
6.417070000000000274e-01	4.601355305588977984e+00
6.478369999999999962e-01	4.657002892633701485e+00
6.538089999999999735e-01	4.144581267350159415e+00
6.596819999999999906e-01	4.091021087526057087e+00
6.655140000000000500e-01	4.191351545243563237e+00
6.713630000000000431e-01	3.857783110867679444e+00
6.772660000000000347e-01	4.107959964473375081e+00
6.832110000000000127e-01	4.368731093998886372e+00
6.891829999999999901e-01	4.603078409198431586e+00
6.951669999999999794e-01	5.180153771731815127e+00
7.011469999999999647e-01	5.276547295169273788e+00
7.071119999999999628e-01	5.525341924409179484e+00
7.130670000000000064e-01	5.173324421241382254e+00
7.190130000000000132e-01	5.118770751031684441e+00
7.249569999999999625e-01	5.290094351759741187e+00
7.309010000000000229e-01	5.167781361571469390e+00
7.368489999999999762e-01	4.986408912884226829e+00
7.428000000000000158e-01	4.974888751994016367e+00
7.487530000000000019e-01	4.821687043894211655e+00
7.547080000000000455e-01	5.149252994739093481e+00
7.606619999999999493e-01	5.375445769693563136e+00
7.666140000000000176e-01	5.625388308866942744e+00
7.725670000000000037e-01	5.873438820249783809e+00
7.785180000000000433e-01	5.917107997743105585e+00
7.844689999999999719e-01	6.704570132304140451e+00
7.904210000000000402e-01	6.437196880791178799e+00
7.963729999999999976e-01	6.759146473516311815e+00
8.023249999999999549e-01	6.139949172725684079e+00
8.082770000000000232e-01	6.731170981622619287e+00
8.142289999999999806e-01	6.349009461577726832e+00
8.201800000000000201e-01	5.941690082719263799e+00
8.261319999999999775e-01	5.934154567467627039e+00
8.320830000000000171e-01	5.758845315100930229e+00
8.380349999999999744e-01	5.827334167169389900e+00
8.439870000000000427e-01	5.710569697077977125e+00
8.499400000000000288e-01	5.988640896040587691e+00
8.558940000000000436e-01	5.932974000688505001e+00
8.618479999999999475e-01	6.512138457205180586e+00
8.678010000000000446e-01	6.595977060366324807e+00
8.737519999999999731e-01	7.350841366853983594e+00
8.797000000000000375e-01	7.665818289252311679e+00
8.856439999999999868e-01	7.978807901758238508e+00
8.915870000000000184e-01	8.386128259376334881e+00
8.975349999999999717e-01	8.292784630582803018e+00
9.034900000000000153e-01	8.252311995322047622e+00
9.094569999999999599e-01	8.357954367378146898e+00
9.154379999999999740e-01	7.929695784447728713e+00
9.214210000000000456e-01	7.175674406693411278e+00
9.273909999999999654e-01	6.842322721833484778e+00
9.333329999999999682e-01	7.106609799394085769e+00
9.392300000000000093e-01	6.329906164119850409e+00
9.450749999999999984e-01	6.442510827298447040e+00
9.509090000000000042e-01	6.986395579034979875e+00
9.567890000000000006e-01	7.804119917404103823e+00
9.627750000000000474e-01	7.920022657207129058e+00
9.689229999999999787e-01	8.672438325956694172e+00
9.752680000000000238e-01	8.873950164503593641e+00
9.816639999999999810e-01	8.385452582570628977e+00
9.878930000000000211e-01	8.460967775013912728e+00
9.937399999999999567e-01	7.873361497777534801e+00
9.989850000000000119e-01	7.593983057198884445e+00
1.003457999999999961e+00	7.792841867330818850e+00
1.007338000000000067e+00	7.768207183285777084e+00
1.010966000000000031e+00	7.604137545801956222e+00
1.014685999999999977e+00	7.907154015595907026e+00
1.018841000000000108e+00	8.109691082544925322e+00
1.023735000000000062e+00	8.128462564478313723e+00
1.029328999999999938e+00	8.463894148885705349e+00
1.035408000000000106e+00	9.004210717935515973e+00
1.041754000000000069e+00	9.183373270362814367e+00
1.048148999999999997e+00	9.518870696888656724e+00
1.054391999999999996e+00	9.701819526487122758e+00
1.060446000000000000e+00	9.977721064064882128e+00
1.066368999999999900e+00	1.003045366170865904e+01
1.072216999999999976e+00	9.589284281298080970e+00
1.078049000000000035e+00	9.949785099523127840e+00
1.083920999999999912e+00	9.998565365490348356e+00
1.089842999999999895e+00	1.037322157122415689e+01
1.095801999999999943e+00	1.021372174243928299e+01
1.101780999999999899e+00	9.770454847816903765e+00
1.107765000000000111e+00	1.010479411897762603e+01
1.113739999999999952e+00	9.716948815788139626e+00
1.119699999999999918e+00	9.351371100457996022e+00
1.125650000000000039e+00	9.605576191263597963e+00
1.131594999999999906e+00	9.037656782254208210e+00
1.137537999999999938e+00	8.899351778035757832e+00
1.143483999999999945e+00	9.014432967500361826e+00
1.149432999999999927e+00	9.187746893220396061e+00
1.155386000000000024e+00	9.146988505343907505e+00
1.161338999999999899e+00	9.035525020668030649e+00
1.167294000000000054e+00	9.459491941102859514e+00
1.173246999999999929e+00	9.817050641195423921e+00
1.179200000000000026e+00	1.006804199445245729e+01
1.185151999999999983e+00	1.009817610329597315e+01
1.191103000000000023e+00	1.066038102769800844e+01
1.197054000000000062e+00	1.109304757953232112e+01
1.203006000000000020e+00	1.151872691720110886e+01
1.208957999999999977e+00	1.161583591486118650e+01
1.214909999999999934e+00	1.217618795263409304e+01
1.220861999999999892e+00	1.245033471291614191e+01
1.226814000000000071e+00	1.264801999214923178e+01
1.232765000000000111e+00	1.320584172353794727e+01
1.238717000000000068e+00	1.362629005816769379e+01
1.244668000000000108e+00	1.368955935367727683e+01
1.250620000000000065e+00	1.386362554118800183e+01
1.256572000000000022e+00	1.384782809109062818e+01
1.262526000000000037e+00	1.466387125029485183e+01
1.268480000000000052e+00	1.437065518344818926e+01
1.274434000000000067e+00	1.525388839215533210e+01
1.280386000000000024e+00	1.509916577365576984e+01
1.286335999999999924e+00	1.577041920428037436e+01
1.292281999999999931e+00	1.599879129800662625e+01
1.298224999999999962e+00	1.609131847952843231e+01
1.304170000000000051e+00	1.659751897059527082e+01
1.310119999999999951e+00	1.636516374495865023e+01
1.316079999999999917e+00	1.659952305041110066e+01
1.322052999999999923e+00	1.691274175207538732e+01
1.328036999999999912e+00	1.737556288789363279e+01
1.334017000000000008e+00	1.758436627066773639e+01
1.339976000000000056e+00	1.826345975894511042e+01
1.345900000000000096e+00	1.887210992134326659e+01
1.351774000000000031e+00	1.964124151397376039e+01
1.357607000000000008e+00	2.066507079739204755e+01
1.363453000000000026e+00	2.108251588661049070e+01
1.369372000000000034e+00	2.235714154758935024e+01
1.375421999999999922e+00	2.259376534899331546e+01
1.381658999999999970e+00	2.339178572139591950e+01
1.388052000000000064e+00	2.337148444190470897e+01
1.394403000000000059e+00	2.419319379868511177e+01
1.400492999999999988e+00	2.598442712057393678e+01
1.406104999999999938e+00	2.989375208143252038e+01
1.411021999999999998e+00	3.617845660160588039e+01
1.415195999999999898e+00	4.502499552410515093e+01
1.418924000000000074e+00	5.460729357283868524e+01
1.422549999999999981e+00	6.381045447835018081e+01
1.426417000000000046e+00	7.072824783803714865e+01
1.430868000000000029e+00	7.332265758938585520e+01
1.436091000000000006e+00	7.032476234822267713e+01
1.441923000000000066e+00	6.397681648414342703e+01
1.448144000000000098e+00	5.590565148086045610e+01
1.454538000000000109e+00	4.676496170380490724e+01
1.460887000000000047e+00	3.883218726618213168e+01
1.467041999999999957e+00	3.323206777812131918e+01
1.473030999999999979e+00	2.952420993842747876e+01
1.478914000000000062e+00	2.669998523398437129e+01
1.484749000000000096e+00	2.545657998298605662e+01
1.490591999999999917e+00	2.405605082827179331e+01
1.496488000000000040e+00	2.296978416154537328e+01
1.502428000000000097e+00	2.140625751941250243e+01
1.508397999999999906e+00	1.997867655747231197e+01
1.514380999999999977e+00	1.898713337362518772e+01
1.520361999999999991e+00	1.789711250072554805e+01
1.526329999999999965e+00	1.738588965123229357e+01
1.532284999999999897e+00	1.671725382968334372e+01
1.538232999999999961e+00	1.631808334019526541e+01
1.544175999999999993e+00	1.566989883740334477e+01
1.550119999999999942e+00	1.546662482333794486e+01
1.556068000000000007e+00	1.528917159592822728e+01
1.562019000000000046e+00	1.531534176921300450e+01
1.567971999999999921e+00	1.525155620881951180e+01
1.573925999999999936e+00	1.496695434540012570e+01
1.579879999999999951e+00	1.530462848281005606e+01
1.585833000000000048e+00	1.519675735793603799e+01
1.591785000000000005e+00	1.514556599233437773e+01
1.597736999999999963e+00	1.523254637852130067e+01
1.603688000000000002e+00	1.503318263469562766e+01
1.609639000000000042e+00	1.504964986590516851e+01
1.615590999999999999e+00	1.523354660349389711e+01
1.621542999999999957e+00	1.571469877082775213e+01
1.627494999999999914e+00	1.568926286246503743e+01
1.633447000000000093e+00	1.601195488909622711e+01
1.639399000000000051e+00	1.683532044737494715e+01
1.645350000000000090e+00	1.675696042648673512e+01
1.651302000000000048e+00	1.671361477140914431e+01
1.657253000000000087e+00	1.692099250528294974e+01
1.663205000000000044e+00	1.682663558379967128e+01
1.669157999999999920e+00	1.676923406919399895e+01
1.675111999999999934e+00	1.738169213542131075e+01
1.681065999999999949e+00	1.747849305721481628e+01
1.687019000000000046e+00	1.747279289476918862e+01
1.692971000000000004e+00	1.788162513750873828e+01
1.698919000000000068e+00	1.808526962939141924e+01
1.704863000000000017e+00	1.861884409596518353e+01
1.710806999999999967e+00	1.821461427954018930e+01
1.716752999999999973e+00	1.806537004678660097e+01
1.722706999999999988e+00	1.829317910973052363e+01
1.728671999999999986e+00	1.819408846914547695e+01
1.734652000000000083e+00	1.766434830943875411e+01
1.740636000000000072e+00	1.794753234000753395e+01
1.746609000000000078e+00	1.814677779011103098e+01
1.752555000000000085e+00	1.857815595994355107e+01
1.758458000000000077e+00	1.869338710796326808e+01
1.764308999999999905e+00	1.874945521116343272e+01
1.770140999999999964e+00	1.927782764553718664e+01
1.776011999999999924e+00	1.984168618241196569e+01
1.781979999999999897e+00	1.990886539274940503e+01
1.788105000000000055e+00	2.050638745753242986e+01
1.794426999999999994e+00	2.038916999328787583e+01
1.800829000000000013e+00	2.048657569334505979e+01
1.807091999999999921e+00	2.098932166956839396e+01
1.813002000000000002e+00	2.080670211648522994e+01
1.818338000000000010e+00	2.070331124374619236e+01
1.822912000000000088e+00	2.034878772768393773e+01
1.826850000000000085e+00	2.078241703339546120e+01
1.830492000000000008e+00	2.096170375171726619e+01
1.834179999999999922e+00	2.065825675723367638e+01
1.838259000000000087e+00	2.080532947852329428e+01
1.843048000000000020e+00	2.106796192755705022e+01
1.848562000000000038e+00	2.145105345387975859e+01
1.854589999999999961e+00	2.181824210531092589e+01
1.860913000000000039e+00	2.180810427838532206e+01
1.867313999999999918e+00	2.190282464076582869e+01
1.873583999999999916e+00	2.190065461118807022e+01
1.879660000000000108e+00	2.221216869996309029e+01
1.885596000000000050e+00	2.200223141165696816e+01
1.891450999999999993e+00	2.262959249763008529e+01
1.897281999999999913e+00	2.279572150075790660e+01
1.903146999999999922e+00	2.316922073864371612e+01
1.909062999999999954e+00	2.407878814334659268e+01
1.915018000000000109e+00	2.410416936892929840e+01
1.920995999999999926e+00	2.487448641418128759e+01
1.926979999999999915e+00	2.521446201936110398e+01
1.932955999999999896e+00	2.571688422856027145e+01
1.938917999999999919e+00	2.651083266842451636e+01
1.944868999999999959e+00	2.667427306589406655e+01
1.950814000000000048e+00	2.671736260530488849e+01
1.956757999999999997e+00	2.719547390519788621e+01
1.962703000000000086e+00	2.696683556322115649e+01
1.968652000000000069e+00	2.742032961298508908e+01
1.974604000000000026e+00	2.791825668322354304e+01
1.980558000000000041e+00	2.769138799503944881e+01
1.986512000000000056e+00	2.853043291908343448e+01
1.992466000000000070e+00	2.847326074135213858e+01
1.998418000000000028e+00	2.877604316853200572e+01
2.004370000000000207e+00	2.922778955183485294e+01
2.010321999999999942e+00	2.989059032064394117e+01
2.016272999999999982e+00	3.100903886798260700e+01
2.022224000000000022e+00	3.214224456498997995e+01
2.028176000000000201e+00	3.290034095305307460e+01
2.034127999999999936e+00	3.424531612226481059e+01
2.040080000000000116e+00	3.573030753763379863e+01
2.046031999999999851e+00	3.781996313101047491e+01
2.051984000000000030e+00	4.106486397211993733e+01
2.057935000000000070e+00	4.405417186113488270e+01
2.063886999999999805e+00	4.738780007839174857e+01
2.069837999999999845e+00	5.053318264951129635e+01
2.075791000000000164e+00	5.229578531107997463e+01
2.081744000000000039e+00	5.277485530902399091e+01
2.087698000000000054e+00	5.279782977097998042e+01
2.093652000000000069e+00	5.117608941688417445e+01
2.099604999999999944e+00	4.911563241046631134e+01
2.105554999999999843e+00	4.690494755446796660e+01
2.111501000000000072e+00	4.504813970476662632e+01
2.117445000000000022e+00	4.366677653015156579e+01
2.123388999999999971e+00	4.252403034155160810e+01
2.129338000000000175e+00	4.127986561338933313e+01
2.135295999999999861e+00	4.103756105552135125e+01
2.141268000000000171e+00	3.992405426547119163e+01
2.147250999999999799e+00	3.909323039315395221e+01
2.153232000000000035e+00	3.833056625065039924e+01
2.159196000000000115e+00	3.733849590987468048e+01
2.165125000000000188e+00	3.649265898007976716e+01
2.171006000000000213e+00	3.577666802279544811e+01
2.176841000000000026e+00	3.496488770135371738e+01
2.182682999999999929e+00	3.494283693722276496e+01
2.188588999999999896e+00	3.477810914445682045e+01
2.194618000000000180e+00	3.492604107764205423e+01
2.200828000000000007e+00	3.507635744842895775e+01
2.207209999999999894e+00	3.517156414750920135e+01
2.213579000000000185e+00	3.558473098682280522e+01
2.219714999999999883e+00	3.622508646297065127e+01
2.225403000000000020e+00	3.635445915773352255e+01
2.230423000000000044e+00	3.671343654978808502e+01
2.234681000000000139e+00	3.696338723912057134e+01
2.238447999999999993e+00	3.728297460707548083e+01
2.242068000000000172e+00	3.723525454444481397e+01
2.245884000000000214e+00	3.734894780489531030e+01
2.250237999999999960e+00	3.746850106680260950e+01
2.255365999999999982e+00	3.745279694401050818e+01
2.261130000000000084e+00	3.781633702779092232e+01
2.267313000000000134e+00	3.769177439054906387e+01
2.273696000000000161e+00	3.807839697342227936e+01
2.280063999999999869e+00	3.818612541091767554e+01
2.286243999999999943e+00	3.849214070194744153e+01
2.292251999999999956e+00	3.848243591813815101e+01
2.298146000000000022e+00	3.912220045768130916e+01
2.303983000000000114e+00	3.958669133229665960e+01
2.309822000000000042e+00	3.966683633458413283e+01
2.315710999999999853e+00	3.962068363360764778e+01
2.321645999999999876e+00	3.980163731001889715e+01
2.327612999999999932e+00	3.958568350360170029e+01
2.333594999999999864e+00	3.974344422629913964e+01
2.339576999999999796e+00	3.953302770518187970e+01
2.345546999999999827e+00	3.911839159782117292e+01
2.351503999999999817e+00	3.823968237895267208e+01
2.357451999999999881e+00	3.796983332003888734e+01
2.363395999999999830e+00	3.661831870494190611e+01
2.369339000000000084e+00	3.628171856869128931e+01
2.375286000000000008e+00	3.653312281346612878e+01
2.381237000000000048e+00	3.588830498434127492e+01
2.387189999999999923e+00	3.568911491313179596e+01
2.393143999999999938e+00	3.613818453292446975e+01
2.399097999999999953e+00	3.648171288515254673e+01
2.405050999999999828e+00	3.692649623784630819e+01
2.411004000000000147e+00	3.738622416220346167e+01
2.416955999999999882e+00	3.765804965039021823e+01
2.422906999999999922e+00	3.769893781097339769e+01
2.428857999999999961e+00	3.896089515324587182e+01
2.434809000000000001e+00	3.908948074653613958e+01
2.440760000000000041e+00	3.999604292532679040e+01
2.446712000000000220e+00	4.122219450110169703e+01
2.452663999999999955e+00	4.224495175050211770e+01
2.458616999999999830e+00	4.377099468481725353e+01
2.464570999999999845e+00	4.609432159032276388e+01
2.470524999999999860e+00	4.868848875198820281e+01
2.476478000000000179e+00	5.084245040934023052e+01
2.482429999999999914e+00	5.401476927179895426e+01
2.488377999999999979e+00	5.752270468123245450e+01
2.494323000000000068e+00	6.024664389268126996e+01
2.500265999999999877e+00	6.333253149561385698e+01
2.506212000000000106e+00	6.622523310294145915e+01
2.512164999999999981e+00	6.826872456292413460e+01
2.518129000000000062e+00	6.948823137094642277e+01
2.524108000000000018e+00	6.937883352241179580e+01
2.530091999999999786e+00	6.935246928155261514e+01
2.536067000000000071e+00	6.699935354580429703e+01
2.542015999999999831e+00	6.400861564326002906e+01
2.547924000000000078e+00	6.113988123062502211e+01
2.553779000000000021e+00	5.699517941079106009e+01
2.559610000000000163e+00	5.273477978673840738e+01
2.565475000000000172e+00	4.814779345385219500e+01
2.571432000000000162e+00	4.352760502692022726e+01
2.577539999999999942e+00	3.869922070294326488e+01
2.583845999999999865e+00	3.419509413158200317e+01
2.590249000000000024e+00	2.980520825188729717e+01
2.596534000000000120e+00	2.595242341907138695e+01
2.602485000000000159e+00	2.280336213006296120e+01
2.607883000000000173e+00	1.959971804658385963e+01
2.612527000000000044e+00	1.748602696279171909e+01
2.616509000000000196e+00	1.558047672858534227e+01
2.620163999999999938e+00	1.433002603494858995e+01
2.623834000000000000e+00	1.323463100300292439e+01
2.627863000000000060e+00	1.235432681268338051e+01
2.632579999999999920e+00	1.096987863654770656e+01
2.638037000000000187e+00	1.028855934984348863e+01
2.644026000000000209e+00	9.044679761198729295e+00
2.650332000000000132e+00	7.406451762830690733e+00
2.656734000000000151e+00	6.074739145547324526e+00
2.663022999999999918e+00	4.142282921187705469e+00
2.669115000000000126e+00	2.442271034873179758e+00
2.675060999999999911e+00	1.053884028985685894e+00
2.680919999999999970e+00	-4.382380039103926928e-01
2.686751000000000111e+00	-1.286922760558403045e+00
2.692610999999999866e+00	-1.239336132479303743e+00
2.698523999999999923e+00	-8.151459982802744531e-02
2.704476000000000102e+00	1.253558090888013510e+00
2.710452000000000083e+00	3.606627469491069160e+00
2.716435999999999851e+00	6.195336074783669211e+00
2.722412999999999972e+00	8.803243199776240147e+00
2.728375999999999912e+00	1.182650537412423120e+01
2.734328000000000092e+00	1.515284602879629006e+01
2.740273999999999877e+00	1.807410560881263706e+01
2.746217000000000130e+00	2.012736131159572039e+01
2.752162000000000219e+00	2.182298924425118614e+01
2.758110999999999979e+00	2.327752440759198649e+01
2.764063000000000159e+00	2.358230111493366010e+01
2.770016000000000034e+00	2.352703358715631410e+01
2.775971000000000188e+00	2.292763679308149705e+01
2.781924000000000063e+00	2.205744072502858444e+01
2.787876999999999938e+00	2.059793816675407641e+01
2.793829000000000118e+00	1.920945516540335873e+01
2.799780999999999853e+00	1.708461025924450638e+01
2.805731999999999893e+00	1.557520534388339151e+01
2.811682999999999932e+00	1.357440403353560221e+01
2.817635000000000112e+00	1.169326771830194822e+01
2.823586999999999847e+00	9.759097619646244226e+00
2.829539000000000026e+00	6.782255329143962008e+00
2.835491000000000206e+00	2.582505504679634356e+00
2.841442999999999941e+00	-3.430548167886012578e+00
2.847395000000000120e+00	-1.008421781486261004e+01
2.853346999999999856e+00	-1.686035830689547765e+01
2.859299000000000035e+00	-2.343343528451986657e+01
2.865251000000000214e+00	-2.751961903875864479e+01
2.871201999999999810e+00	-2.851336422024087369e+01
2.877153999999999989e+00	-2.538372371749170142e+01
2.883106000000000169e+00	-1.945868316994264546e+01
2.889057999999999904e+00	-1.191195581163184158e+01
2.895010000000000083e+00	-3.269143212046318414e+00
2.900961999999999819e+00	4.356121516896759971e+00
2.906913999999999998e+00	1.167337331326811700e+01
2.912866000000000177e+00	1.685588598483966294e+01
2.918817999999999913e+00	2.078108263470905470e+01
2.924770000000000092e+00	2.320374939472533526e+01
2.930721000000000132e+00	2.445271881839396144e+01
2.936672999999999867e+00	2.413552201728635183e+01
2.942625000000000046e+00	2.290734769970113405e+01
2.948576999999999781e+00	2.111164621567883160e+01
2.954528999999999961e+00	1.915886979510136356e+01
2.960481000000000140e+00	1.791415096587356359e+01
2.966432999999999875e+00	1.749566024360726857e+01
2.972385000000000055e+00	1.799228510439470696e+01
2.978336999999999790e+00	1.741622630921358450e+01
2.984288999999999970e+00	1.684277502425959128e+01
2.990240000000000009e+00	1.636455344624349806e+01
2.996192000000000188e+00	1.397462312551931163e+01
3.002143999999999924e+00	1.051210923809212439e+01
3.008096000000000103e+00	4.951396178032670292e+00
3.014047999999999838e+00	-2.626288981520878529e+00
3.020000000000000018e+00	-1.317296327736914741e+01
