1.199999999999999956e-01	-1.410377999999999910e+00
1.249780000000000058e-01	2.295550000000000090e-01
1.305999999999999939e-01	1.413275000000000059e+00
1.367059999999999942e-01	2.201484000000000218e+00
1.431360000000000132e-01	2.654885999999999857e+00
1.497320000000000040e-01	2.834185000000000176e+00
1.563350000000000017e-01	2.800085999999999853e+00
1.627850000000000130e-01	2.613290999999999809e+00
1.689219999999999888e-01	2.334506000000000192e+00
1.745889999999999942e-01	2.024432000000000009e+00
1.796250000000000069e-01	1.743775000000000075e+00
1.839349999999999874e-01	1.546265999999999918e+00
1.877439999999999942e-01	1.450066999999999995e+00
1.913779999999999926e-01	1.462026000000000048e+00
1.951660000000000061e-01	1.588986000000000010e+00
1.994340000000000002e-01	1.837790000000000035e+00
2.044499999999999929e-01	2.203142000000000156e+00
2.101250000000000062e-01	2.609680000000000000e+00
2.162479999999999958e-01	2.956960000000000033e+00
2.226049999999999973e-01	3.144506999999999941e+00
2.289819999999999911e-01	3.071842999999999879e+00
2.351930000000000132e-01	2.664591000000000154e+00
2.412249999999999950e-01	2.019136000000000042e+00
2.471349999999999936e-01	1.300534000000000079e+00
2.529799999999999827e-01	6.740260000000000140e-01
2.588170000000000193e-01	3.048540000000000139e-01
2.646970000000000156e-01	3.306979999999999920e-01
2.706259999999999777e-01	6.842160000000000464e-01
2.765880000000000005e-01	1.205653000000000086e+00
2.825679999999999858e-01	1.734806999999999988e+00
2.885510000000000019e-01	2.111474999999999991e+00
2.945229999999999793e-01	2.193465000000000220e+00
3.004809999999999981e-01	1.991433999999999926e+00
3.064310000000000089e-01	1.593116999999999894e+00
3.123750000000000138e-01	1.086840999999999946e+00
3.183190000000000186e-01	5.609319999999999862e-01
3.242650000000000254e-01	9.912500000000000477e-02
3.302149999999999808e-01	-2.594839999999999924e-01
3.361680000000000224e-01	-5.009419999999999984e-01
3.421210000000000084e-01	-6.115779999999999550e-01
3.480759999999999965e-01	-5.777179999999999538e-01
3.540289999999999826e-01	-3.892979999999999774e-01
3.599809999999999954e-01	-7.666900000000000104e-02
3.659330000000000083e-01	3.044350000000000112e-01
3.718839999999999923e-01	6.978889999999999816e-01
3.778360000000000052e-01	1.047565000000000079e+00
3.837869999999999893e-01	1.301017000000000090e+00
3.897390000000000021e-01	1.453638999999999903e+00
3.956910000000000149e-01	1.534281000000000006e+00
4.016429999999999723e-01	1.572478999999999960e+00
4.075949999999999851e-01	1.597771000000000052e+00
4.135469999999999979e-01	1.637302999999999953e+00
4.194979999999999820e-01	1.681907999999999959e+00
4.254499999999999948e-01	1.694161000000000028e+00
4.314009999999999789e-01	1.635893999999999959e+00
4.373540000000000205e-01	1.468938000000000077e+00
4.433079999999999798e-01	1.158754000000000062e+00
4.492619999999999947e-01	7.359310000000000018e-01
4.552160000000000095e-01	2.873990000000000156e-01
4.611680000000000224e-01	-9.805600000000000427e-02
4.671170000000000044e-01	-3.316479999999999984e-01
4.730619999999999825e-01	-3.283460000000000267e-01
4.790059999999999873e-01	-8.366300000000000125e-02
4.849510000000000209e-01	3.294719999999999871e-01
4.909020000000000050e-01	8.349959999999999605e-01
4.968629999999999991e-01	1.356848000000000054e+00
5.028390000000000359e-01	1.820329000000000086e+00
5.088230000000000253e-01	2.186193999999999971e+00
5.148009999999999531e-01	2.453060999999999936e+00
5.207570000000000254e-01	2.621395999999999837e+00
5.266750000000000043e-01	2.691666000000000114e+00
5.325410000000000421e-01	2.664801999999999893e+00
5.383719999999999617e-01	2.556557000000000190e+00
5.442249999999999588e-01	2.400281000000000109e+00
5.501580000000000359e-01	2.230348999999999915e+00
5.562289999999999734e-01	2.081135000000000179e+00
5.624930000000000208e-01	1.986221000000000014e+00
5.688929999999999820e-01	1.947381000000000029e+00
5.752220000000000111e-01	1.924393999999999938e+00
5.812610000000000277e-01	1.874168999999999974e+00
5.867949999999999555e-01	1.753611000000000031e+00
5.916080000000000227e-01	1.520680999999999949e+00
5.957040000000000113e-01	1.188183999999999907e+00
5.993990000000000151e-01	8.494840000000000169e-01
6.030370000000000452e-01	6.043809999999999460e-01
6.069609999999999728e-01	5.526729999999999698e-01
6.115110000000000268e-01	7.929270000000000485e-01
6.168270000000000142e-01	1.337844999999999951e+00
6.227219999999999978e-01	2.059632000000000129e+00
6.289789999999999548e-01	2.817499999999999893e+00
6.353790000000000271e-01	3.470661000000000218e+00
6.417070000000000274e-01	3.879115999999999786e+00
6.478369999999999962e-01	3.979985999999999802e+00
6.538089999999999735e-01	3.851140000000000008e+00
6.596819999999999906e-01	3.585426000000000002e+00
6.655140000000000500e-01	3.275691000000000130e+00
6.713630000000000431e-01	3.014549999999999841e+00
6.772660000000000347e-01	2.860516000000000059e+00
6.832110000000000127e-01	2.802566000000000113e+00
6.891829999999999901e-01	2.821209000000000078e+00
6.951669999999999794e-01	2.896952000000000194e+00
7.011469999999999647e-01	3.010273999999999894e+00
7.071119999999999628e-01	3.134581999999999979e+00
7.130670000000000064e-01	3.227142999999999873e+00
7.190130000000000132e-01	3.242986999999999842e+00
7.249569999999999625e-01	3.137141000000000179e+00
7.309010000000000229e-01	2.864733000000000196e+00
7.368489999999999762e-01	2.424154000000000142e+00
7.428000000000000158e-01	1.924538000000000082e+00
7.487530000000000019e-01	1.492483999999999922e+00
7.547080000000000455e-01	1.254593999999999987e+00
7.606619999999999493e-01	1.337396999999999947e+00
7.666140000000000176e-01	1.795427000000000106e+00
7.725670000000000037e-01	2.476134000000000057e+00
7.785180000000000433e-01	3.189960999999999824e+00
7.844689999999999719e-01	3.747348000000000123e+00
7.904210000000000402e-01	3.958759000000000139e+00
7.963729999999999976e-01	3.709210000000000118e+00
8.023249999999999549e-01	3.125182000000000127e+00
8.082770000000000232e-01	2.381956999999999880e+00
8.142289999999999806e-01	1.654816000000000065e+00
8.201800000000000201e-01	1.119037999999999977e+00
8.261319999999999775e-01	8.981989999999999696e-01
8.320830000000000171e-01	9.270110000000000294e-01
8.380349999999999744e-01	1.097075999999999940e+00
8.439870000000000427e-01	1.299995000000000012e+00
8.499400000000000288e-01	1.427370000000000028e+00
8.558940000000000436e-01	1.404913000000000078e+00
8.618479999999999475e-01	1.298977999999999966e+00
8.678010000000000446e-01	1.212159999999999904e+00
8.737519999999999731e-01	1.247055000000000025e+00
8.797000000000000375e-01	1.506256000000000039e+00
8.856439999999999868e-01	2.056691999999999965e+00
8.915870000000000184e-01	2.799231999999999942e+00
8.975349999999999717e-01	3.586462000000000039e+00
9.034900000000000153e-01	4.270964000000000205e+00
9.094569999999999599e-01	4.705315999999999832e+00
9.154379999999999740e-01	4.776449000000000389e+00
9.214210000000000456e-01	4.552006999999999692e+00
9.273909999999999654e-01	4.158856000000000108e+00
9.333329999999999682e-01	3.723892000000000202e+00
9.392300000000000093e-01	3.374014999999999986e+00
9.450749999999999984e-01	3.216441999999999801e+00
9.509090000000000042e-01	3.241201000000000221e+00
9.567890000000000006e-01	3.395119999999999916e+00
9.627750000000000474e-01	3.624962000000000018e+00
9.689229999999999787e-01	3.877486000000000210e+00
9.752680000000000238e-01	4.106603999999999921e+00
9.816639999999999810e-01	4.314521000000000051e+00
9.878930000000000211e-01	4.523428000000000004e+00
9.937399999999999567e-01	4.755580000000000140e+00
9.989850000000000119e-01	5.033233000000000068e+00
1.003457999999999961e+00	5.372441000000000244e+00
1.007338000000000067e+00	5.741623999999999839e+00
1.010966000000000031e+00	6.087113000000000440e+00
1.014685999999999977e+00	6.355115999999999765e+00
1.018841000000000108e+00	6.491844000000000392e+00
1.023735000000000062e+00	6.452009999999999579e+00
1.029328999999999938e+00	6.264950999999999937e+00
1.035408000000000106e+00	5.998698000000000086e+00
1.041754000000000069e+00	5.721611000000000224e+00
1.048148999999999997e+00	5.502047000000000132e+00
1.054391999999999996e+00	5.402618999999999616e+00
1.060446000000000000e+00	5.428043999999999869e+00
1.066368999999999900e+00	5.549530999999999992e+00
1.072216999999999976e+00	5.737881999999999927e+00
1.078049000000000035e+00	5.963896000000000086e+00
1.083920999999999912e+00	6.198694999999999844e+00
1.089842999999999895e+00	6.417092000000000240e+00
1.095801999999999943e+00	6.596290999999999904e+00
1.101780999999999899e+00	6.713531999999999833e+00
1.107765000000000111e+00	6.746057000000000414e+00
1.113739999999999952e+00	6.674102999999999675e+00
1.119699999999999918e+00	6.518400999999999890e+00
1.125650000000000039e+00	6.328765999999999892e+00
1.131594999999999906e+00	6.155649999999999622e+00
1.137537999999999938e+00	6.049504999999999910e+00
1.143483999999999945e+00	6.057059999999999889e+00
1.149432999999999927e+00	6.166095999999999577e+00
1.155386000000000024e+00	6.317299000000000220e+00
1.161338999999999899e+00	6.450038000000000160e+00
1.167294000000000054e+00	6.503682000000000407e+00
1.173246999999999929e+00	6.421778999999999904e+00
1.179200000000000026e+00	6.226179000000000130e+00
1.185151999999999983e+00	6.008275000000000254e+00
1.191103000000000023e+00	5.861876999999999782e+00
1.197054000000000062e+00	5.880794999999999995e+00
1.203006000000000020e+00	6.154522000000000048e+00
1.208957999999999977e+00	6.675543000000000227e+00
1.214909999999999934e+00	7.340607999999999578e+00
1.220861999999999892e+00	8.042400000000000659e+00
1.226814000000000071e+00	8.673603999999999203e+00
1.232765000000000111e+00	9.129462999999999440e+00
1.238717000000000068e+00	9.375104000000000326e+00
1.244668000000000108e+00	9.452292999999999168e+00
1.250620000000000065e+00	9.406710999999999601e+00
1.256572000000000022e+00	9.284036000000000399e+00
1.262526000000000037e+00	9.129561000000000703e+00
1.268480000000000052e+00	8.975531999999999400e+00
1.274434000000000067e+00	8.838288999999999618e+00
1.280386000000000024e+00	8.733207999999999416e+00
1.286335999999999924e+00	8.675665999999999656e+00
1.292281999999999931e+00	8.680595999999999535e+00
1.298224999999999962e+00	8.743994000000000710e+00
1.304170000000000051e+00	8.836182000000000869e+00
1.310119999999999951e+00	8.925653999999999755e+00
1.316079999999999917e+00	8.980902999999999636e+00
1.322052999999999923e+00	8.971294000000000324e+00
1.328036999999999912e+00	8.914735999999999549e+00
1.334017000000000008e+00	8.902388999999999442e+00
1.339976000000000056e+00	9.031487000000000265e+00
1.345900000000000096e+00	9.399259999999999948e+00
1.351774000000000031e+00	1.010166199999999925e+01
1.357607000000000008e+00	1.113803300000000007e+01
1.363453000000000026e+00	1.234528099999999995e+01
1.369372000000000034e+00	1.354474899999999948e+01
1.375421999999999922e+00	1.455777499999999947e+01
1.381658999999999970e+00	1.520676399999999973e+01
1.388052000000000064e+00	1.542797200000000046e+01
1.394403000000000059e+00	1.537125600000000070e+01
1.400492999999999988e+00	1.520999600000000029e+01
1.406104999999999938e+00	1.511757300000000015e+01
1.411021999999999998e+00	1.526672600000000024e+01
1.415195999999999898e+00	1.572603400000000029e+01
1.418924000000000074e+00	1.634565699999999921e+01
1.422549999999999981e+00	1.694824799999999954e+01
1.426417000000000046e+00	1.735646399999999900e+01
1.430868000000000029e+00	1.739327799999999868e+01
1.436091000000000006e+00	1.696804399999999902e+01
1.441923000000000066e+00	1.619295100000000076e+01
1.448144000000000098e+00	1.520927700000000016e+01
1.454538000000000109e+00	1.415829899999999952e+01
1.460887000000000047e+00	1.318119699999999916e+01
1.467041999999999957e+00	1.236982300000000023e+01
1.473030999999999979e+00	1.168604900000000058e+01
1.478914000000000062e+00	1.107058600000000048e+01
1.484749000000000096e+00	1.046414900000000081e+01
1.490591999999999917e+00	9.807473999999999137e+00
1.496488000000000040e+00	9.071949999999999292e+00
1.502428000000000097e+00	8.319777999999999452e+00
1.508397999999999906e+00	7.629893000000000036e+00
1.514380999999999977e+00	7.081233000000000111e+00
1.520361999999999991e+00	6.752728000000000286e+00
1.526329999999999965e+00	6.691564999999999763e+00
1.532284999999999897e+00	6.838982999999999812e+00
1.538232999999999961e+00	7.114148000000000138e+00
1.544175999999999993e+00	7.436226999999999698e+00
1.550119999999999942e+00	7.724383999999999695e+00
1.556068000000000007e+00	7.918947000000000180e+00
1.562019000000000046e+00	8.039915000000000589e+00
1.567971999999999921e+00	8.126032000000000366e+00
1.573925999999999936e+00	8.216041999999999845e+00
1.579879999999999951e+00	8.348689000000000249e+00
1.585833000000000048e+00	8.547912000000000177e+00
1.591785000000000005e+00	8.774732000000000198e+00
1.597736999999999963e+00	8.973451999999999984e+00
1.603688000000000002e+00	9.088380000000000791e+00
1.609639000000000042e+00	9.063821000000000794e+00
1.615590999999999999e+00	8.863258999999999332e+00
1.621542999999999957e+00	8.542210999999999999e+00
1.627494999999999914e+00	8.183775999999999939e+00
1.633447000000000093e+00	7.871056000000000274e+00
1.639399000000000051e+00	7.687154999999999738e+00
1.645350000000000090e+00	7.698768000000000278e+00
1.651302000000000048e+00	7.883582999999999785e+00
1.657253000000000087e+00	8.189242999999999384e+00
1.663205000000000044e+00	8.563368000000000535e+00
1.669157999999999920e+00	8.953576999999999231e+00
1.675111999999999934e+00	9.313620999999999484e+00
1.681065999999999949e+00	9.634912999999999172e+00
1.687019000000000046e+00	9.923161999999999594e+00
1.692971000000000004e+00	1.018410300000000035e+01
1.698919000000000068e+00	1.042347000000000001e+01
1.704863000000000017e+00	1.064494000000000007e+01
1.710806999999999967e+00	1.083782500000000049e+01
1.716752999999999973e+00	1.098532200000000003e+01
1.722706999999999988e+00	1.107060300000000019e+01
1.728671999999999986e+00	1.107684099999999994e+01
1.734652000000000083e+00	1.098986499999999999e+01
1.740636000000000072e+00	1.081657900000000083e+01
1.746609000000000078e+00	1.057393700000000081e+01
1.752555000000000085e+00	1.027895900000000040e+01
1.758458000000000077e+00	9.948660000000000281e+00
1.764308999999999905e+00	9.602518999999999139e+00
1.770140999999999964e+00	9.282356000000000051e+00
1.776011999999999924e+00	9.041899000000000797e+00
1.781979999999999897e+00	8.934986000000000317e+00
1.788105000000000055e+00	9.015456999999999610e+00
1.794426999999999994e+00	9.328153999999999613e+00
1.800829000000000013e+00	9.824049000000000476e+00
1.807091999999999921e+00	1.039827799999999947e+01
1.813002000000000002e+00	1.094523900000000083e+01
1.818338000000000010e+00	1.135932999999999993e+01
1.822912000000000088e+00	1.154346100000000064e+01
1.826850000000000085e+00	1.150321899999999964e+01
1.830492000000000008e+00	1.131223800000000068e+01
1.834179999999999922e+00	1.104537599999999919e+01
1.838259000000000087e+00	1.077748700000000071e+01
1.843048000000000020e+00	1.058032799999999973e+01
1.848562000000000038e+00	1.048216399999999915e+01
1.854589999999999961e+00	1.047917200000000015e+01
1.860913000000000039e+00	1.056677900000000037e+01
1.867313999999999918e+00	1.074041300000000021e+01
1.873583999999999916e+00	1.099449000000000076e+01
1.879660000000000108e+00	1.130672400000000088e+01
1.885596000000000050e+00	1.164112599999999986e+01
1.891450999999999993e+00	1.196130199999999988e+01
1.897281999999999913e+00	1.223085599999999928e+01
1.903146999999999922e+00	1.241532400000000003e+01
1.909062999999999954e+00	1.251800599999999974e+01
1.915018000000000109e+00	1.257664499999999919e+01
1.920995999999999926e+00	1.263024200000000086e+01
1.926979999999999915e+00	1.271779899999999941e+01
1.932955999999999896e+00	1.287659099999999945e+01
1.938917999999999919e+00	1.310325199999999946e+01
1.944868999999999959e+00	1.335322799999999965e+01
1.950814000000000048e+00	1.358013599999999954e+01
1.956757999999999997e+00	1.373759000000000086e+01
1.962703000000000086e+00	1.378096900000000069e+01
1.968652000000000069e+00	1.371640499999999996e+01
1.974604000000000026e+00	1.360717299999999952e+01
1.980558000000000041e+00	1.351959699999999920e+01
1.986512000000000056e+00	1.352000300000000088e+01
1.992466000000000070e+00	1.367332299999999989e+01
1.998418000000000028e+00	1.399469299999999983e+01
2.004370000000000207e+00	1.443691500000000083e+01
2.010321999999999942e+00	1.494885700000000028e+01
2.016272999999999982e+00	1.547938500000000062e+01
2.022224000000000022e+00	1.597795400000000043e+01
2.028176000000000201e+00	1.642081400000000002e+01
2.034127999999999936e+00	1.682152900000000173e+01
2.040080000000000116e+00	1.719642100000000084e+01
2.046031999999999851e+00	1.756181499999999929e+01
2.051984000000000030e+00	1.793362399999999823e+01
2.057935000000000070e+00	1.830320499999999839e+01
2.063886999999999805e+00	1.862385099999999838e+01
2.069837999999999845e+00	1.884558300000000131e+01
2.075791000000000164e+00	1.891841799999999907e+01
2.081744000000000039e+00	1.879284200000000027e+01
2.087698000000000054e+00	1.845754799999999918e+01
2.093652000000000069e+00	1.796724100000000135e+01
2.099604999999999944e+00	1.738318299999999894e+01
2.105554999999999843e+00	1.676663299999999879e+01
2.111501000000000072e+00	1.617875499999999889e+01
2.117445000000000022e+00	1.566937199999999919e+01
2.123388999999999971e+00	1.526643200000000000e+01
2.129338000000000175e+00	1.499539099999999969e+01
2.135295999999999861e+00	1.488170700000000046e+01
2.141268000000000171e+00	1.495074400000000026e+01
2.147250999999999799e+00	1.521143999999999963e+01
2.153232000000000035e+00	1.563729599999999920e+01
2.159196000000000115e+00	1.619720299999999824e+01
2.165125000000000188e+00	1.686005099999999857e+01
2.171006000000000213e+00	1.759467499999999873e+01
2.176841000000000026e+00	1.835185800000000000e+01
2.182682999999999929e+00	1.903876800000000102e+01
2.188588999999999896e+00	1.955611700000000042e+01
2.194618000000000180e+00	1.980461599999999933e+01
2.200828000000000007e+00	1.968507299999999915e+01
2.207209999999999894e+00	1.915947399999999945e+01
2.213579000000000185e+00	1.835576199999999858e+01
2.219714999999999883e+00	1.742975200000000058e+01
2.225403000000000020e+00	1.653725999999999985e+01
2.230423000000000044e+00	1.583407300000000006e+01
2.234681000000000139e+00	1.542821999999999960e+01
2.238447999999999993e+00	1.528198899999999938e+01
2.242068000000000172e+00	1.532996499999999962e+01
2.245884000000000214e+00	1.550673399999999980e+01
2.250237999999999960e+00	1.574688500000000069e+01
2.255365999999999982e+00	1.600839799999999968e+01
2.261130000000000084e+00	1.632970699999999908e+01
2.267313000000000134e+00	1.676652599999999893e+01
2.273696000000000161e+00	1.737456800000000001e+01
2.280063999999999869e+00	1.820954800000000162e+01
2.286243999999999943e+00	1.928969899999999882e+01
2.292251999999999956e+00	2.048780700000000010e+01
2.298146000000000022e+00	2.164137900000000059e+01
2.303983000000000114e+00	2.258792400000000100e+01
2.309822000000000042e+00	2.316495199999999954e+01
2.315710999999999853e+00	2.325708600000000104e+01
2.321645999999999876e+00	2.295535599999999832e+01
2.327612999999999932e+00	2.240730100000000036e+01
2.333594999999999864e+00	2.176045999999999836e+01
2.339576999999999796e+00	2.116237200000000129e+01
2.345546999999999827e+00	2.073258600000000129e+01
2.351503999999999817e+00	2.045214400000000055e+01
2.357451999999999881e+00	2.025932500000000047e+01
2.363395999999999830e+00	2.009239600000000081e+01
2.369339000000000084e+00	1.988962300000000027e+01
2.375286000000000008e+00	1.960416599999999931e+01
2.381237000000000048e+00	1.927252700000000019e+01
2.387189999999999923e+00	1.896018300000000067e+01
2.393143999999999938e+00	1.873263700000000043e+01
2.399097999999999953e+00	1.865539400000000114e+01
2.405050999999999828e+00	1.878430600000000084e+01
2.411004000000000147e+00	1.911402800000000113e+01
2.416955999999999882e+00	1.961530700000000138e+01
2.422906999999999922e+00	2.025883500000000126e+01
2.428857999999999961e+00	2.101530500000000146e+01
2.434809000000000001e+00	2.184998900000000077e+01
2.440760000000000041e+00	2.268913500000000028e+01
2.446712000000000220e+00	2.344189000000000078e+01
2.452663999999999955e+00	2.401733099999999865e+01
2.458616999999999830e+00	2.432453399999999988e+01
2.464570999999999845e+00	2.429865300000000161e+01
2.470524999999999860e+00	2.408892200000000017e+01
2.476478000000000179e+00	2.394956300000000127e+01
2.482429999999999914e+00	2.413551899999999861e+01
2.488377999999999979e+00	2.490173499999999862e+01
2.494323000000000068e+00	2.646698900000000165e+01
2.500265999999999877e+00	2.871024099999999990e+01
2.506212000000000106e+00	3.132425599999999832e+01
2.512164999999999981e+00	3.399989599999999967e+01
2.518129000000000062e+00	3.642801899999999904e+01
2.524108000000000018e+00	3.831563100000000333e+01
2.530091999999999786e+00	3.954430599999999885e+01
2.536067000000000071e+00	4.010230700000000326e+01
2.542015999999999831e+00	3.997943000000000069e+01
2.547924000000000078e+00	3.916546699999999959e+01
2.553779000000000021e+00	3.766413500000000170e+01
2.559610000000000163e+00	3.565344400000000036e+01
2.565475000000000172e+00	3.343007000000000062e+01
2.571432000000000162e+00	3.129296499999999881e+01
2.577539999999999942e+00	2.954108199999999940e+01
2.583845999999999865e+00	2.846172500000000127e+01
2.590249000000000024e+00	2.817200599999999966e+01
2.596534000000000120e+00	2.866009899999999888e+01
2.602485000000000159e+00	2.991097699999999904e+01
2.607883000000000173e+00	3.190961300000000023e+01
2.612527000000000044e+00	3.462648300000000035e+01
2.616509000000000196e+00	3.778260800000000330e+01
2.620163999999999938e+00	4.088886999999999716e+01
2.623834000000000000e+00	4.344958499999999901e+01
2.627863000000000060e+00	4.496907099999999957e+01
2.632579999999999920e+00	4.497494900000000229e+01
2.638037000000000187e+00	4.347228400000000192e+01
2.644026000000000209e+00	4.091313799999999645e+01
2.650332000000000132e+00	3.776677899999999966e+01
2.656734000000000151e+00	3.450247900000000101e+01
2.663022999999999918e+00	3.157990699999999862e+01
2.669115000000000126e+00	2.922139599999999859e+01
2.675060999999999911e+00	2.740236799999999917e+01
2.680919999999999970e+00	2.608673500000000089e+01
2.686751000000000111e+00	2.523840500000000020e+01
2.692610999999999866e+00	2.481617299999999915e+01
2.698523999999999923e+00	2.462369500000000144e+01
2.704476000000000102e+00	2.428527700000000067e+01
2.710452000000000083e+00	2.341523099999999857e+01
2.716435999999999851e+00	2.162786900000000045e+01
2.722412999999999972e+00	1.854902600000000135e+01
2.728375999999999912e+00	1.424187399999999926e+01
2.734328000000000092e+00	9.331702999999999193e+00
2.740273999999999877e+00	4.480768000000000306e+00
2.746217000000000130e+00	3.513270000000000004e-01
2.752162000000000219e+00	-2.403262999999999927e+00
2.758110999999999979e+00	-3.563378999999999852e+00
2.764063000000000159e+00	-3.529618000000000144e+00
2.770016000000000034e+00	-2.750271000000000132e+00
2.775971000000000188e+00	-1.673632999999999926e+00
2.781924000000000063e+00	-7.442410000000000414e-01
2.787876999999999938e+00	-1.638880000000000059e-01
2.793829000000000118e+00	2.521849999999999925e-01
2.799780999999999853e+00	7.232220000000000315e-01
2.805731999999999893e+00	1.468468000000000107e+00
2.811682999999999932e+00	2.705442000000000125e+00
2.817635000000000112e+00	4.497363000000000000e+00
2.823586999999999847e+00	6.633469999999999978e+00
2.829539000000000026e+00	8.874836000000000169e+00
2.835491000000000206e+00	1.098253000000000057e+01
2.841442999999999941e+00	1.271845800000000004e+01
2.847395000000000120e+00	1.395334599999999980e+01
2.853346999999999856e+00	1.477371800000000057e+01
2.859299000000000035e+00	1.529152400000000078e+01
2.865251000000000214e+00	1.561871499999999990e+01
2.871201999999999810e+00	1.586691800000000008e+01
2.877153999999999989e+00	1.608095600000000047e+01
2.883106000000000169e+00	1.615744499999999917e+01
2.889057999999999904e+00	1.597307600000000072e+01
2.895010000000000083e+00	1.540454000000000079e+01
2.900961999999999819e+00	1.432876300000000036e+01
2.906913999999999998e+00	1.270785599999999960e+01
2.912866000000000177e+00	1.071578899999999912e+01
2.918817999999999913e+00	8.558906999999999599e+00
2.924770000000000092e+00	6.443554999999999922e+00
2.930721000000000132e+00	4.576018000000000363e+00
2.936672999999999867e+00	3.115740999999999872e+00
2.942625000000000046e+00	2.091330999999999829e+00
2.948576999999999781e+00	1.508726000000000012e+00
2.954528999999999961e+00	1.373863999999999974e+00
2.960481000000000140e+00	1.692684999999999995e+00
2.966432999999999875e+00	2.473205000000000098e+00
2.972385000000000055e+00	3.729966999999999810e+00
2.978336999999999790e+00	5.478792999999999580e+00
2.984288999999999970e+00	7.735508000000000273e+00
2.990240000000000009e+00	1.051593199999999939e+01
2.996192000000000188e+00	1.383589100000000016e+01
3.002143999999999924e+00	1.771120499999999964e+01
3.008096000000000103e+00	2.215769799999999989e+01
3.014047999999999838e+00	2.719119299999999839e+01
3.020000000000000018e+00	3.282751199999999869e+01
