1.199999999999999956e-01	1.820156800941500896e-01
1.249780000000000058e-01	1.080712543535567782e+00
1.305999999999999939e-01	1.293550506787800591e+00
1.367059999999999942e-01	1.091154521690421930e+00
1.431360000000000132e-01	1.656882437926472607e+00
1.497320000000000040e-01	1.792883395030597349e+00
1.563350000000000017e-01	2.145477427886845589e+00
1.627850000000000130e-01	1.610349000827253629e+00
1.689219999999999888e-01	1.891859636532501776e+00
1.745889999999999942e-01	1.986695156737595225e+00
1.796250000000000069e-01	2.196386613337641514e+00
1.839349999999999874e-01	2.029088754901430924e+00
1.877439999999999942e-01	1.761419337450122136e+00
1.913779999999999926e-01	1.925324023740188073e+00
1.951660000000000061e-01	1.728495625027976157e+00
1.994340000000000002e-01	1.940507419696988922e+00
2.044499999999999929e-01	1.775350464872227585e+00
2.101250000000000062e-01	1.884993589362295996e+00
2.162479999999999958e-01	1.771529765772176912e+00
2.226049999999999973e-01	1.536757903521316138e+00
2.289819999999999911e-01	1.912062014920655972e+00
2.351930000000000132e-01	1.480558802780524097e+00
2.412249999999999950e-01	1.570925047129891006e+00
2.471349999999999936e-01	1.787367518750601958e+00
2.529799999999999827e-01	1.734963848943809950e+00
2.588170000000000193e-01	2.158174142419660768e+00
2.646970000000000156e-01	2.297028121071888140e+00
2.706259999999999777e-01	2.030244845094367978e+00
2.765880000000000005e-01	2.134320752458985115e+00
2.825679999999999858e-01	2.541096026248937712e+00
2.885510000000000019e-01	2.534244773964721809e+00
2.945229999999999793e-01	2.408322027349989014e+00
3.004809999999999981e-01	2.145845985602397477e+00
3.064310000000000089e-01	2.567263730723765125e+00
3.123750000000000138e-01	2.598092651095132322e+00
3.183190000000000186e-01	2.607381047145754582e+00
3.242650000000000254e-01	2.292098044869941287e+00
3.302149999999999808e-01	2.326445653893772114e+00
3.361680000000000224e-01	2.580782070769585435e+00
3.421210000000000084e-01	2.550434314052858920e+00
3.480759999999999965e-01	2.471420726031982706e+00
3.540289999999999826e-01	2.219116750442294617e+00
3.599809999999999954e-01	2.316595315553438894e+00
3.659330000000000083e-01	2.675424004367819908e+00
3.718839999999999923e-01	2.493850676563107882e+00
3.778360000000000052e-01	2.604251650015474429e+00
3.837869999999999893e-01	2.689580201519202074e+00
3.897390000000000021e-01	2.672516246907173265e+00
3.956910000000000149e-01	2.523793288709745397e+00
4.016429999999999723e-01	2.428300198054878845e+00
4.075949999999999851e-01	2.464679880028480596e+00
4.135469999999999979e-01	2.869808625041520234e+00
4.194979999999999820e-01	2.744799517813500067e+00
4.254499999999999948e-01	2.955222961077816901e+00
4.314009999999999789e-01	2.987863000991024087e+00
4.373540000000000205e-01	2.961119984324112941e+00
4.433079999999999798e-01	3.128843737589440455e+00
4.492619999999999947e-01	3.208430453055079568e+00
4.552160000000000095e-01	3.154293165489834738e+00
4.611680000000000224e-01	3.231040798459921426e+00
4.671170000000000044e-01	3.134055279057193388e+00
4.730619999999999825e-01	3.354006842617920370e+00
4.790059999999999873e-01	2.980024048144859439e+00
4.849510000000000209e-01	2.915783611098083039e+00
4.909020000000000050e-01	3.160719076561907759e+00
4.968629999999999991e-01	3.409500552663322637e+00
5.028390000000000359e-01	3.247397064442004933e+00
5.088230000000000253e-01	3.244789732340562782e+00
5.148009999999999531e-01	3.178438453463327651e+00
5.207570000000000254e-01	3.526579003353730091e+00
5.266750000000000043e-01	3.304479681105569444e+00
5.325410000000000421e-01	3.754121433521322437e+00
5.383719999999999617e-01	2.965280549956820000e+00
5.442249999999999588e-01	3.469618123330601822e+00
5.501580000000000359e-01	3.578007264334498227e+00
5.562289999999999734e-01	3.654763093681016706e+00
5.624930000000000208e-01	3.629638140984055461e+00
5.688929999999999820e-01	3.440654241196290375e+00
5.752220000000000111e-01	3.451253512966095283e+00
5.812610000000000277e-01	3.879602933672371634e+00
5.867949999999999555e-01	3.627517455883003450e+00
5.916080000000000227e-01	3.713250938459928818e+00
5.957040000000000113e-01	4.287658541299325776e+00
5.993990000000000151e-01	3.754243199167670131e+00
6.030370000000000452e-01	4.076522699002609329e+00
6.069609999999999728e-01	4.333459887123979115e+00
6.115110000000000268e-01	3.930357924921423773e+00
6.168270000000000142e-01	4.116469552765869899e+00
6.227219999999999978e-01	4.195844213330616412e+00
6.289789999999999548e-01	4.264375835503900980e+00
6.353790000000000271e-01	4.291127450701472945e+00
6.417070000000000274e-01	3.881300433092069735e+00
6.478369999999999962e-01	3.883602522067048923e+00
6.538089999999999735e-01	4.475732488290275590e+00
6.596819999999999906e-01	4.226174290923046861e+00
6.655140000000000500e-01	4.315291511943538438e+00
6.713630000000000431e-01	4.421616687438233662e+00
6.772660000000000347e-01	4.211837383703158189e+00
6.832110000000000127e-01	4.436271868620652370e+00
6.891829999999999901e-01	4.885194229015620948e+00
6.951669999999999794e-01	4.565488555115011060e+00
7.011469999999999647e-01	4.608001467962985487e+00
7.071119999999999628e-01	4.819094438326084529e+00
7.130670000000000064e-01	4.676897592151241234e+00
7.190130000000000132e-01	4.750605043002051886e+00
7.249569999999999625e-01	4.867692234596397327e+00
7.309010000000000229e-01	4.725116870531284263e+00
7.368489999999999762e-01	4.937372182317526281e+00
7.428000000000000158e-01	5.173805594461882151e+00
7.487530000000000019e-01	5.186771860336723883e+00
7.547080000000000455e-01	4.905469845417736785e+00
7.606619999999999493e-01	5.422467009114749104e+00
7.666140000000000176e-01	4.949612225756833794e+00
7.725670000000000037e-01	5.279978551275450904e+00
7.785180000000000433e-01	5.533207275170686223e+00
7.844689999999999719e-01	5.533433647382411280e+00
7.904210000000000402e-01	5.984747101983590056e+00
7.963729999999999976e-01	5.704057275959059758e+00
8.023249999999999549e-01	5.642796233205267242e+00
8.082770000000000232e-01	5.902045742539179685e+00
8.142289999999999806e-01	5.832024839889506929e+00
8.201800000000000201e-01	6.025894797798058811e+00
8.261319999999999775e-01	5.827385266502100869e+00
8.320830000000000171e-01	6.082018120692638696e+00
8.380349999999999744e-01	5.978868866344931199e+00
8.439870000000000427e-01	5.984034864407056453e+00
8.499400000000000288e-01	6.436118901653876456e+00
8.558940000000000436e-01	6.467882355728832522e+00
8.618479999999999475e-01	5.921862631439904767e+00
8.678010000000000446e-01	6.317940175300575056e+00
8.737519999999999731e-01	6.009079505926792741e+00
8.797000000000000375e-01	6.489251440298348328e+00
8.856439999999999868e-01	6.010474737561391834e+00
8.915870000000000184e-01	6.120588588564455534e+00
8.975349999999999717e-01	6.517188942397037721e+00
9.034900000000000153e-01	6.608294193602851863e+00
9.094569999999999599e-01	6.858770297332926980e+00
9.154379999999999740e-01	6.590046680419331615e+00
9.214210000000000456e-01	6.691073210535201099e+00
9.273909999999999654e-01	6.579731587567403395e+00
9.333329999999999682e-01	7.143346284057911610e+00
9.392300000000000093e-01	6.840118044648532347e+00
9.450749999999999984e-01	7.082831932874753988e+00
9.509090000000000042e-01	7.406901390357089277e+00
9.567890000000000006e-01	7.242882573612936525e+00
9.627750000000000474e-01	7.242445773720172397e+00
9.689229999999999787e-01	7.313498143485383629e+00
9.752680000000000238e-01	7.281361350560358936e+00
9.816639999999999810e-01	7.396351774882817587e+00
9.878930000000000211e-01	7.464804490522745972e+00
9.937399999999999567e-01	7.916382509672396317e+00
9.989850000000000119e-01	7.565169094749601975e+00
1.003457999999999961e+00	7.602125274245548070e+00
1.007338000000000067e+00	8.029176825774291260e+00
1.010966000000000031e+00	7.452144473152902293e+00
1.014685999999999977e+00	8.263709643760742907e+00
1.018841000000000108e+00	8.095821430332241775e+00
1.023735000000000062e+00	7.845730735966456315e+00
1.029328999999999938e+00	8.004485913254475449e+00
1.035408000000000106e+00	8.275522603327960525e+00
1.041754000000000069e+00	7.953847798151424620e+00
1.048148999999999997e+00	7.826462201531808383e+00
1.054391999999999996e+00	8.133044656867125966e+00
1.060446000000000000e+00	8.387699913856609513e+00
1.066368999999999900e+00	8.451597143292495673e+00
1.072216999999999976e+00	8.471677013732069383e+00
1.078049000000000035e+00	8.716045426717339950e+00
1.083920999999999912e+00	9.017521647053719391e+00
1.089842999999999895e+00	8.805721733273550456e+00
1.095801999999999943e+00	9.293278483281069313e+00
1.101780999999999899e+00	9.487386671692137341e+00
1.107765000000000111e+00	9.655308452886243842e+00
1.113739999999999952e+00	9.298957116103597542e+00
1.119699999999999918e+00	9.260425221893589409e+00
1.125650000000000039e+00	8.852351231523469366e+00
1.131594999999999906e+00	9.395280985022569809e+00
1.137537999999999938e+00	9.088562615415511914e+00
1.143483999999999945e+00	9.405488780798155091e+00
1.149432999999999927e+00	9.428219302694683890e+00
1.155386000000000024e+00	9.373574769067595014e+00
1.161338999999999899e+00	9.436120567845488694e+00
1.167294000000000054e+00	9.437372213350847971e+00
1.173246999999999929e+00	1.001532612937817390e+01
1.179200000000000026e+00	1.011991283147985854e+01
1.185151999999999983e+00	1.021111580913930617e+01
1.191103000000000023e+00	1.066711069805830192e+01
1.197054000000000062e+00	1.092186711857240411e+01
1.203006000000000020e+00	1.095216386451874335e+01
1.208957999999999977e+00	1.139806126174470435e+01
1.214909999999999934e+00	1.179821873941344279e+01
1.220861999999999892e+00	1.227170231530693023e+01
1.226814000000000071e+00	1.277408453612646611e+01
1.232765000000000111e+00	1.301463415290341707e+01
1.238717000000000068e+00	1.364069755760206171e+01
1.244668000000000108e+00	1.411639490836562771e+01
1.250620000000000065e+00	1.438701976039853925e+01
1.256572000000000022e+00	1.473228065825699318e+01
1.262526000000000037e+00	1.525044323166457971e+01
1.268480000000000052e+00	1.535709742544847778e+01
1.274434000000000067e+00	1.571016394961930374e+01
1.280386000000000024e+00	1.607561965172963880e+01
1.286335999999999924e+00	1.595169441925464682e+01
1.292281999999999931e+00	1.616231034307244485e+01
1.298224999999999962e+00	1.628091806553880616e+01
1.304170000000000051e+00	1.628085814700578737e+01
1.310119999999999951e+00	1.650462765186679803e+01
1.316079999999999917e+00	1.649685566190103359e+01
1.322052999999999923e+00	1.673726947660890829e+01
1.328036999999999912e+00	1.688861324415988818e+01
1.334017000000000008e+00	1.744830328892362203e+01
1.339976000000000056e+00	1.773110360185186707e+01
1.345900000000000096e+00	1.822192755184099511e+01
1.351774000000000031e+00	1.844685436960232749e+01
1.357607000000000008e+00	2.010327812145499493e+01
1.363453000000000026e+00	2.096690436714924033e+01
1.369372000000000034e+00	2.250791348558667337e+01
1.375421999999999922e+00	2.286413533950863197e+01
1.381658999999999970e+00	2.345276882351372549e+01
1.388052000000000064e+00	2.361893887991922725e+01
1.394403000000000059e+00	2.432109969767525826e+01
1.400492999999999988e+00	2.576870882321414058e+01
1.406104999999999938e+00	2.981449794532685971e+01
1.411021999999999998e+00	3.621573392543932357e+01
1.415195999999999898e+00	4.483077760641199205e+01
1.418924000000000074e+00	5.501729705445317364e+01
1.422549999999999981e+00	6.401354670872859742e+01
1.426417000000000046e+00	7.043608660944995847e+01
1.430868000000000029e+00	7.295938072850698575e+01
1.436091000000000006e+00	7.054679709520824815e+01
1.441923000000000066e+00	6.361128796294590870e+01
1.448144000000000098e+00	5.522903694085923831e+01
1.454538000000000109e+00	4.639736698496733425e+01
1.460887000000000047e+00	3.837484564776896434e+01
1.467041999999999957e+00	3.255180766241505097e+01
1.473030999999999979e+00	2.884239808531251015e+01
1.478914000000000062e+00	2.720434769865746816e+01
1.484749000000000096e+00	2.579186553650474778e+01
1.490591999999999917e+00	2.466091209520190475e+01
1.496488000000000040e+00	2.315383502939620897e+01
1.502428000000000097e+00	2.165530696549231848e+01
1.508397999999999906e+00	2.059196433231111101e+01
1.514380999999999977e+00	1.923311089248887740e+01
1.520361999999999991e+00	1.833873467810880697e+01
1.526329999999999965e+00	1.699807908128557088e+01
1.532284999999999897e+00	1.619896768281199328e+01
1.538232999999999961e+00	1.609986477305654873e+01
1.544175999999999993e+00	1.566724537019636188e+01
1.550119999999999942e+00	1.507360271890920345e+01
1.556068000000000007e+00	1.500827172413837474e+01
1.562019000000000046e+00	1.461992686738370040e+01
1.567971999999999921e+00	1.436628071446773980e+01
1.573925999999999936e+00	1.446615840845516487e+01
1.579879999999999951e+00	1.472409702298758916e+01
1.585833000000000048e+00	1.473991248379001817e+01
1.591785000000000005e+00	1.496196657053802070e+01
1.597736999999999963e+00	1.468361880493129945e+01
1.603688000000000002e+00	1.554794107912034207e+01
1.609639000000000042e+00	1.537066005329834972e+01
1.615590999999999999e+00	1.560929060345454289e+01
1.621542999999999957e+00	1.615109424700501961e+01
1.627494999999999914e+00	1.609562634272021597e+01
1.633447000000000093e+00	1.638103963801197338e+01
1.639399000000000051e+00	1.666896878133547943e+01
1.645350000000000090e+00	1.690163714438794074e+01
1.651302000000000048e+00	1.730058472934832992e+01
1.657253000000000087e+00	1.733548750040685249e+01
1.663205000000000044e+00	1.752823997150057878e+01
1.669157999999999920e+00	1.733958672239513632e+01
1.675111999999999934e+00	1.721808432605404704e+01
1.681065999999999949e+00	1.722361794891188680e+01
1.687019000000000046e+00	1.728107362133460256e+01
1.692971000000000004e+00	1.686760616567754312e+01
1.698919000000000068e+00	1.693995586588908964e+01
1.704863000000000017e+00	1.709952140321619041e+01
1.710806999999999967e+00	1.705534243146693996e+01
1.716752999999999973e+00	1.684295038946684997e+01
1.722706999999999988e+00	1.672513807805079367e+01
1.728671999999999986e+00	1.722579122108588123e+01
1.734652000000000083e+00	1.758243139368775232e+01
1.740636000000000072e+00	1.721190907292128003e+01
1.746609000000000078e+00	1.735103596546740690e+01
1.752555000000000085e+00	1.790630652228744779e+01
1.758458000000000077e+00	1.811368837610028848e+01
1.764308999999999905e+00	1.795532414144632583e+01
1.770140999999999964e+00	1.852566054610968038e+01
1.776011999999999924e+00	1.844170270544628920e+01
1.781979999999999897e+00	1.904119124432586574e+01
1.788105000000000055e+00	1.904364766391686103e+01
1.794426999999999994e+00	1.941926831811733933e+01
1.800829000000000013e+00	1.929322517674857806e+01
1.807091999999999921e+00	1.937418598245363910e+01
1.813002000000000002e+00	1.978981749930279932e+01
1.818338000000000010e+00	1.979324295113676513e+01
1.822912000000000088e+00	1.999494596725048012e+01
1.826850000000000085e+00	2.043317567548472979e+01
1.830492000000000008e+00	2.073103940553327007e+01
1.834179999999999922e+00	2.117812255347266159e+01
1.838259000000000087e+00	2.105964032846837242e+01
1.843048000000000020e+00	2.138527276523754139e+01
1.848562000000000038e+00	2.184529894388682791e+01
1.854589999999999961e+00	2.203326264342813090e+01
1.860913000000000039e+00	2.212227683485278007e+01
1.867313999999999918e+00	2.245205288789961173e+01
1.873583999999999916e+00	2.240490276570944062e+01
1.879660000000000108e+00	2.330451295876130047e+01
1.885596000000000050e+00	2.343824342505137892e+01
1.891450999999999993e+00	2.346846193039011652e+01
1.897281999999999913e+00	2.439034186649205793e+01
1.903146999999999922e+00	2.389717209134330034e+01
1.909062999999999954e+00	2.434553381310112741e+01
1.915018000000000109e+00	2.410043790396706953e+01
1.920995999999999926e+00	2.461042813809902796e+01
1.926979999999999915e+00	2.468838155889080355e+01
1.932955999999999896e+00	2.524194502708496657e+01
1.938917999999999919e+00	2.525912911797102822e+01
1.944868999999999959e+00	2.557235679408326945e+01
1.950814000000000048e+00	2.550051730633337144e+01
1.956757999999999997e+00	2.612831511774560056e+01
1.962703000000000086e+00	2.612232732590484119e+01
1.968652000000000069e+00	2.658980879835828759e+01
1.974604000000000026e+00	2.665917229939740452e+01
1.980558000000000041e+00	2.701013997670717970e+01
1.986512000000000056e+00	2.750203588169852509e+01
1.992466000000000070e+00	2.796157951382759421e+01
1.998418000000000028e+00	2.818333608154449976e+01
2.004370000000000207e+00	2.902462832568607709e+01
2.010321999999999942e+00	2.963700506894936382e+01
2.016272999999999982e+00	3.056530739086823445e+01
2.022224000000000022e+00	3.178440558063752519e+01
2.028176000000000201e+00	3.303871348861807178e+01
2.034127999999999936e+00	3.443602983266412565e+01
2.040080000000000116e+00	3.682945318954674718e+01
2.046031999999999851e+00	3.892083336063210908e+01
2.051984000000000030e+00	4.181802717382142731e+01
2.057935000000000070e+00	4.477285800246596636e+01
2.063886999999999805e+00	4.748419548480255514e+01
2.069837999999999845e+00	4.958344385322488534e+01
2.075791000000000164e+00	5.201244585195605907e+01
2.081744000000000039e+00	5.303617719797700403e+01
2.087698000000000054e+00	5.321654307320437738e+01
2.093652000000000069e+00	5.183982999830766403e+01
2.099604999999999944e+00	5.074825304489883138e+01
2.105554999999999843e+00	4.864925384228301652e+01
2.111501000000000072e+00	4.699583592758482808e+01
2.117445000000000022e+00	4.503648026100566426e+01
2.123388999999999971e+00	4.312756212477194850e+01
2.129338000000000175e+00	4.187766520337239484e+01
2.135295999999999861e+00	4.040380814128221232e+01
2.141268000000000171e+00	3.932352961257327451e+01
2.147250999999999799e+00	3.793983102406657082e+01
2.153232000000000035e+00	3.765375810986854077e+01
2.159196000000000115e+00	3.672720091913865303e+01
2.165125000000000188e+00	3.637177637424424859e+01
2.171006000000000213e+00	3.600480797291332635e+01
2.176841000000000026e+00	3.611258162008913075e+01
2.182682999999999929e+00	3.619556149023824076e+01
2.188588999999999896e+00	3.698029043838844387e+01
2.194618000000000180e+00	3.716080419418098302e+01
2.200828000000000007e+00	3.702073328923549411e+01
2.207209999999999894e+00	3.736961074584029774e+01
2.213579000000000185e+00	3.805377028052402721e+01
2.219714999999999883e+00	3.821471461146045812e+01
2.225403000000000020e+00	3.855017491499011584e+01
2.230423000000000044e+00	3.873252263489372638e+01
2.234681000000000139e+00	3.876511473928819385e+01
2.238447999999999993e+00	3.865199315583090112e+01
2.242068000000000172e+00	3.873114528197000794e+01
2.245884000000000214e+00	3.826736576598097628e+01
2.250237999999999960e+00	3.862298973723499529e+01
2.255365999999999982e+00	3.837789089119956998e+01
2.261130000000000084e+00	3.835397480639598200e+01
2.267313000000000134e+00	3.787688420202951534e+01
2.273696000000000161e+00	3.796152169448809133e+01
2.280063999999999869e+00	3.787383834315561160e+01
2.286243999999999943e+00	3.819972988965163552e+01
2.292251999999999956e+00	3.839761966793722081e+01
2.298146000000000022e+00	3.825621214214811516e+01
2.303983000000000114e+00	3.878585688034665679e+01
2.309822000000000042e+00	3.905130963898336205e+01
2.315710999999999853e+00	3.925544057528441755e+01
2.321645999999999876e+00	3.914168209586105718e+01
2.327612999999999932e+00	3.966501962812789372e+01
2.333594999999999864e+00	3.944406132605799087e+01
2.339576999999999796e+00	3.957015734750091696e+01
2.345546999999999827e+00	3.902538846098811831e+01
2.351503999999999817e+00	3.901577643560504072e+01
2.357451999999999881e+00	3.808452363132170149e+01
2.363395999999999830e+00	3.745160909217605649e+01
2.369339000000000084e+00	3.695233423867646394e+01
2.375286000000000008e+00	3.643603753176743965e+01
2.381237000000000048e+00	3.585568607269747332e+01
2.387189999999999923e+00	3.602939586512889036e+01
2.393143999999999938e+00	3.627990053989537245e+01
2.399097999999999953e+00	3.620698255660255427e+01
2.405050999999999828e+00	3.688667848200142885e+01
2.411004000000000147e+00	3.774602394785043913e+01
2.416955999999999882e+00	3.868716633048106246e+01
2.422906999999999922e+00	3.971926601367557907e+01
2.428857999999999961e+00	4.095715363364322315e+01
2.434809000000000001e+00	4.174042413041878774e+01
2.440760000000000041e+00	4.251980046043362904e+01
2.446712000000000220e+00	4.385171950991604461e+01
2.452663999999999955e+00	4.493245351576355517e+01
2.458616999999999830e+00	4.694963210009968435e+01
2.464570999999999845e+00	4.899764491594881832e+01
2.470524999999999860e+00	5.137256277915410152e+01
2.476478000000000179e+00	5.386318730800741150e+01
2.482429999999999914e+00	5.708251046804272733e+01
2.488377999999999979e+00	6.000049942415348170e+01
2.494323000000000068e+00	6.354695957676003815e+01
2.500265999999999877e+00	6.595920431953055640e+01
2.506212000000000106e+00	6.857709585582023237e+01
2.512164999999999981e+00	7.069783010112207933e+01
2.518129000000000062e+00	7.129291098008017968e+01
2.524108000000000018e+00	7.173145931176325973e+01
2.530091999999999786e+00	7.089435961225537142e+01
2.536067000000000071e+00	6.861559757466659448e+01
2.542015999999999831e+00	6.619884592715899885e+01
2.547924000000000078e+00	6.275097575821935436e+01
2.553779000000000021e+00	5.912607389292020343e+01
2.559610000000000163e+00	5.464150701803492183e+01
2.565475000000000172e+00	4.991147185368614458e+01
2.571432000000000162e+00	4.531843308111702129e+01
2.577539999999999942e+00	4.111928638184812712e+01
2.583845999999999865e+00	3.713721680910092715e+01
2.590249000000000024e+00	3.339156145941255716e+01
2.596534000000000120e+00	2.999624279731397891e+01
2.602485000000000159e+00	2.714881766279464870e+01
2.607883000000000173e+00	2.437916428268987445e+01
2.612527000000000044e+00	2.252813134360778946e+01
2.616509000000000196e+00	2.049114701929065063e+01
2.620163999999999938e+00	1.826129285841096461e+01
2.623834000000000000e+00	1.626083741264308102e+01
2.627863000000000060e+00	1.462787380353295141e+01
2.632579999999999920e+00	1.320545092080289251e+01
2.638037000000000187e+00	1.160792939383237155e+01
2.644026000000000209e+00	9.703394664536100223e+00
2.650332000000000132e+00	8.445330752487089754e+00
2.656734000000000151e+00	7.317374776546167858e+00
2.663022999999999918e+00	6.365347546390853317e+00
2.669115000000000126e+00	5.804485693057293894e+00
2.675060999999999911e+00	6.093394326381657677e+00
2.680919999999999970e+00	6.371224054081922716e+00
2.686751000000000111e+00	8.409098401444573767e+00
2.692610999999999866e+00	1.089924313513832743e+01
2.698523999999999923e+00	1.394250134662155460e+01
2.704476000000000102e+00	1.717916502342533036e+01
2.710452000000000083e+00	2.081666636658649239e+01
2.716435999999999851e+00	2.480595912858014174e+01
2.722412999999999972e+00	2.838107249804139798e+01
2.728375999999999912e+00	3.195197443506285850e+01
2.734328000000000092e+00	3.523120357600804908e+01
2.740273999999999877e+00	3.704989085555986605e+01
2.746217000000000130e+00	3.839455129563582148e+01
2.752162000000000219e+00	3.854814294704578970e+01
2.758110999999999979e+00	3.826978190472289754e+01
2.764063000000000159e+00	3.693313831100114442e+01
2.770016000000000034e+00	3.494186561582352368e+01
2.775971000000000188e+00	3.252441816450666323e+01
2.781924000000000063e+00	3.046543962812758011e+01
2.787876999999999938e+00	2.770537728497745533e+01
2.793829000000000118e+00	2.493054449567970110e+01
2.799780999999999853e+00	2.151464289216492531e+01
2.805731999999999893e+00	1.626782959111252680e+01
2.811682999999999932e+00	8.867769589684051823e+00
2.817635000000000112e+00	4.276841221219334077e-01
2.823586999999999847e+00	-9.670069314078160616e+00
2.829539000000000026e+00	-1.854925202614497337e+01
2.835491000000000206e+00	-2.659034093399970544e+01
2.841442999999999941e+00	-3.113037011324921366e+01
2.847395000000000120e+00	-3.278310252326907914e+01
2.853346999999999856e+00	-3.164522680460477133e+01
2.859299000000000035e+00	-2.872981772679501589e+01
2.865251000000000214e+00	-2.497006205619236496e+01
2.871201999999999810e+00	-2.041713014932326331e+01
2.877153999999999989e+00	-1.662925640520709791e+01
2.883106000000000169e+00	-1.309076916177589212e+01
2.889057999999999904e+00	-9.569598014216323278e+00
2.895010000000000083e+00	-6.123631537216984277e+00
2.900961999999999819e+00	-1.965239895048786378e+00
2.906913999999999998e+00	2.067890256843247343e+00
2.912866000000000177e+00	6.154241763829912948e+00
2.918817999999999913e+00	1.002374700636958593e+01
2.924770000000000092e+00	1.359326398797692548e+01
2.930721000000000132e+00	1.630054832080811877e+01
2.936672999999999867e+00	1.740886937968217296e+01
2.942625000000000046e+00	1.781646070324710607e+01
2.948576999999999781e+00	1.776475573688110288e+01
2.954528999999999961e+00	1.908336588843708626e+01
2.960481000000000140e+00	1.984687420356661036e+01
2.966432999999999875e+00	2.256187531481734965e+01
2.972385000000000055e+00	2.530989686514818970e+01
2.978336999999999790e+00	2.856893356812454243e+01
2.984288999999999970e+00	3.168659501769468534e+01
2.990240000000000009e+00	3.316149072377198337e+01
2.996192000000000188e+00	3.417951099626483114e+01
3.002143999999999924e+00	3.258187832715617560e+01
3.008096000000000103e+00	2.862474221223996551e+01
3.014047999999999838e+00	2.170238849366539924e+01
3.020000000000000018e+00	1.180743613402666448e+01
