1.199999999999999956e-01	-2.276523508506187454e-01
1.249780000000000058e-01	-3.694052065186047007e-01
1.305999999999999939e-01	2.906013313444154034e-01
1.367059999999999942e-01	5.359433567156532963e-01
1.431360000000000132e-01	2.147958015924222863e-01
1.497320000000000040e-01	9.682723838842886011e-01
1.563350000000000017e-01	5.066414126419869213e-01
1.627850000000000130e-01	1.918184208899254894e+00
1.689219999999999888e-01	1.848824855008211809e+00
1.745889999999999942e-01	1.691978365480146351e+00
1.796250000000000069e-01	1.675802196070955041e+00
1.839349999999999874e-01	7.175458028579743130e-01
1.877439999999999942e-01	1.218239511261105523e+00
1.913779999999999926e-01	2.715941320985759688e-01
1.951660000000000061e-01	1.143209183980151922e+00
1.994340000000000002e-01	9.914996692012512103e-01
2.044499999999999929e-01	9.358111872667387310e-01
2.101250000000000062e-01	2.927593244476024426e-01
2.162479999999999958e-01	6.295199780012623592e-01
2.226049999999999973e-01	4.950986127018097149e-01
2.289819999999999911e-01	3.300249697192245701e-01
2.351930000000000132e-01	-2.883845254101477518e-01
2.412249999999999950e-01	1.290851654597521547e-01
2.471349999999999936e-01	7.630374443932246009e-02
2.529799999999999827e-01	5.051655743916735331e-01
2.588170000000000193e-01	1.610560111305353870e-01
2.646970000000000156e-01	3.931396170119881295e-01
2.706259999999999777e-01	8.163982077175508945e-01
2.765880000000000005e-01	1.179460355736797972e+00
2.825679999999999858e-01	1.698982973005356722e+00
2.885510000000000019e-01	9.607869175084067237e-01
2.945229999999999793e-01	9.251334407145557215e-01
3.004809999999999981e-01	4.046497348899213975e-01
3.064310000000000089e-01	1.255340445347879808e+00
3.123750000000000138e-01	1.872061037322114707e+00
3.183190000000000186e-01	9.569685803200354002e-01
3.242650000000000254e-01	1.171189135096293299e+00
3.302149999999999808e-01	7.347619813394543620e-01
3.361680000000000224e-01	1.406729180752259445e-01
3.421210000000000084e-01	-4.052176944438615203e-01
3.480759999999999965e-01	5.655071745714967957e-01
3.540289999999999826e-01	1.173686274365117299e+00
3.599809999999999954e-01	4.160725772184649118e-01
3.659330000000000083e-01	1.843520104187597874e-01
3.718839999999999923e-01	1.649685769819186687e+00
3.778360000000000052e-01	-2.837888558436043596e-01
3.837869999999999893e-01	4.155210943840831894e-01
3.897390000000000021e-01	4.959205098508715492e-01
3.956910000000000149e-01	1.374052896344946317e+00
4.016429999999999723e-01	1.151968289473435769e+00
4.075949999999999851e-01	1.996080915460898497e+00
4.135469999999999979e-01	1.860455254287166404e+00
4.194979999999999820e-01	1.875578162301748009e+00
4.254499999999999948e-01	1.231319641504972529e+00
4.314009999999999789e-01	1.701558221849187369e+00
4.373540000000000205e-01	1.177622347340777198e+00
4.433079999999999798e-01	3.918215460282217233e-01
4.492619999999999947e-01	5.332218584473311651e-01
4.552160000000000095e-01	8.200273576001054776e-02
4.611680000000000224e-01	7.941804523770913393e-01
4.671170000000000044e-01	2.872505463647368473e-01
4.730619999999999825e-01	7.624720391284411924e-01
4.790059999999999873e-01	5.642664041469234171e-01
4.849510000000000209e-01	-1.877079737229369327e-01
4.909020000000000050e-01	1.222451155817733115e+00
4.968629999999999991e-01	7.535938604306027244e-01
5.028390000000000359e-01	1.094891718484136689e+00
5.088230000000000253e-01	1.066751587558084857e+00
5.148009999999999531e-01	1.486260116728474578e+00
5.207570000000000254e-01	1.780943481337307288e+00
5.266750000000000043e-01	2.080571654396971226e+00
5.325410000000000421e-01	1.936718648423106703e+00
5.383719999999999617e-01	1.756474882918926506e+00
5.442249999999999588e-01	1.870980080262780954e+00
5.501580000000000359e-01	2.096825825110548713e+00
5.562289999999999734e-01	9.469185951985099603e-01
5.624930000000000208e-01	8.223938256653841039e-01
5.688929999999999820e-01	1.413677773055631803e+00
5.752220000000000111e-01	8.617884694642662380e-01
5.812610000000000277e-01	8.206058154805553340e-01
5.867949999999999555e-01	1.389971410225044668e+00
5.916080000000000227e-01	8.369139649694612437e-01
5.957040000000000113e-01	5.905015176636574381e-01
5.993990000000000151e-01	1.160683048282280749e+00
6.030370000000000452e-01	1.267100949200202109e+00
6.069609999999999728e-01	1.666675495575742350e+00
6.115110000000000268e-01	1.611373037570217548e+00
6.168270000000000142e-01	1.659083348964041971e+00
6.227219999999999978e-01	1.020624301378069143e+00
6.289789999999999548e-01	1.623264137224090131e+00
6.353790000000000271e-01	1.342687388423333017e+00
6.417070000000000274e-01	2.889392981894632229e+00
6.478369999999999962e-01	1.867931187661999504e+00
6.538089999999999735e-01	2.022483619063860427e+00
6.596819999999999906e-01	2.279783152432228732e+00
6.655140000000000500e-01	2.948708789658339491e+00
6.713630000000000431e-01	2.123604033955799775e+00
6.772660000000000347e-01	2.227586880011658277e+00
6.832110000000000127e-01	2.278896069215872178e+00
6.891829999999999901e-01	1.297326786046479441e+00
6.951669999999999794e-01	1.093961054043412151e+00
7.011469999999999647e-01	1.026405761976834308e+00
7.071119999999999628e-01	3.415872086440331357e-01
7.130670000000000064e-01	1.174994674192604727e+00
7.190130000000000132e-01	1.163493109718214624e+00
7.249569999999999625e-01	1.594361502856982860e+00
7.309010000000000229e-01	1.570406958181203017e+00
7.368489999999999762e-01	1.871623063827892786e+00
7.428000000000000158e-01	2.550452618550222983e+00
7.487530000000000019e-01	1.856977980366512737e+00
7.547080000000000455e-01	1.878015459786921193e+00
7.606619999999999493e-01	1.874838941644318746e+00
7.666140000000000176e-01	2.594239153873823422e+00
7.725670000000000037e-01	3.369037354252716554e+00
7.785180000000000433e-01	2.966805401504309714e+00
7.844689999999999719e-01	3.489500266308879439e+00
7.904210000000000402e-01	2.366917698718673080e+00
7.963729999999999976e-01	2.748622538080023325e+00
8.023249999999999549e-01	3.325279077423340723e+00
8.082770000000000232e-01	2.409329786826793551e+00
8.142289999999999806e-01	2.614666062249372480e+00
8.201800000000000201e-01	2.295275385320240780e+00
8.261319999999999775e-01	1.925023356240638917e+00
8.320830000000000171e-01	1.937819388131976517e+00
8.380349999999999744e-01	1.853289797202703593e+00
8.439870000000000427e-01	1.848955102041169862e+00
8.499400000000000288e-01	1.609168259279997626e+00
8.558940000000000436e-01	1.703878384453216155e+00
8.618479999999999475e-01	1.970637155696095766e+00
8.678010000000000446e-01	1.467271089611492219e+00
8.737519999999999731e-01	2.574221079282122293e+00
8.797000000000000375e-01	2.442390500787298357e+00
8.856439999999999868e-01	3.220722419909762824e+00
8.915870000000000184e-01	3.178272051841260826e+00
8.975349999999999717e-01	3.618161000233690139e+00
9.034900000000000153e-01	2.893761644081514817e+00
9.094569999999999599e-01	3.930604235375018796e+00
9.154379999999999740e-01	3.203201276219552973e+00
9.214210000000000456e-01	4.000371411796463050e+00
9.273909999999999654e-01	3.712131761130331942e+00
9.333329999999999682e-01	3.214816839878905430e+00
9.392300000000000093e-01	2.033088629451099916e+00
9.450749999999999984e-01	2.349860600289038981e+00
9.509090000000000042e-01	3.092421063220968769e+00
9.567890000000000006e-01	2.960291114505944510e+00
9.627750000000000474e-01	2.458758088777444062e+00
9.689229999999999787e-01	2.322755957663558135e+00
9.752680000000000238e-01	1.877764707629319130e+00
9.816639999999999810e-01	2.718391764415356349e+00
9.878930000000000211e-01	2.955527530751127063e+00
9.937399999999999567e-01	3.742498941823302339e+00
9.989850000000000119e-01	3.580591596272813426e+00
1.003457999999999961e+00	4.249651258626075290e+00
1.007338000000000067e+00	4.526262867092880171e+00
1.010966000000000031e+00	4.526534148684428160e+00
1.014685999999999977e+00	4.948742140859692995e+00
1.018841000000000108e+00	5.581733095124874922e+00
1.023735000000000062e+00	5.055163016555612288e+00
1.029328999999999938e+00	5.809356923289077379e+00
1.035408000000000106e+00	5.429852319851626419e+00
1.041754000000000069e+00	5.353091056794496261e+00
1.048148999999999997e+00	5.045439188702150801e+00
1.054391999999999996e+00	5.271591232332466959e+00
1.060446000000000000e+00	4.197504445853970090e+00
1.066368999999999900e+00	5.176689318010700092e+00
1.072216999999999976e+00	4.152615795016208367e+00
1.078049000000000035e+00	4.618179683747426267e+00
1.083920999999999912e+00	4.239752702153924524e+00
1.089842999999999895e+00	4.451339610995711737e+00
1.095801999999999943e+00	4.360017416207344176e+00
1.101780999999999899e+00	5.455341787588522173e+00
1.107765000000000111e+00	5.673693984131488399e+00
1.113739999999999952e+00	6.115167605228146286e+00
1.119699999999999918e+00	5.645611397004620002e+00
1.125650000000000039e+00	6.013568886636401878e+00
1.131594999999999906e+00	6.341647466278215184e+00
1.137537999999999938e+00	6.592795014703681566e+00
1.143483999999999945e+00	6.695681139470983645e+00
1.149432999999999927e+00	6.853999017636168034e+00
1.155386000000000024e+00	6.816005132883717010e+00
1.161338999999999899e+00	6.785082318239351373e+00
1.167294000000000054e+00	5.737048801708172441e+00
1.173246999999999929e+00	6.736287461309932389e+00
1.179200000000000026e+00	6.657333626492005330e+00
1.185151999999999983e+00	6.220567376047656971e+00
1.191103000000000023e+00	7.306901985880812411e+00
1.197054000000000062e+00	7.139628585826990559e+00
1.203006000000000020e+00	6.383807276790712137e+00
1.208957999999999977e+00	6.740659106530173084e+00
1.214909999999999934e+00	6.533132922241270180e+00
1.220861999999999892e+00	7.059334174142322560e+00
1.226814000000000071e+00	7.074488326302225794e+00
1.232765000000000111e+00	7.323402834419106000e+00
1.238717000000000068e+00	8.208399189810895891e+00
1.244668000000000108e+00	7.417491233744986978e+00
1.250620000000000065e+00	7.977346815069435770e+00
1.256572000000000022e+00	8.115724786357811027e+00
1.262526000000000037e+00	8.478985544592854140e+00
1.268480000000000052e+00	8.797496470094683829e+00
1.274434000000000067e+00	8.947135519247638058e+00
1.280386000000000024e+00	9.274110452367603230e+00
1.286335999999999924e+00	9.314352880437095195e+00
1.292281999999999931e+00	8.568936882770065822e+00
1.298224999999999962e+00	8.183058206141614832e+00
1.304170000000000051e+00	7.660392371648341303e+00
1.310119999999999951e+00	8.027653754882068782e+00
1.316079999999999917e+00	7.939825327767591645e+00
1.322052999999999923e+00	7.003467094922116054e+00
1.328036999999999912e+00	7.558465528673623091e+00
1.334017000000000008e+00	7.874041616213067307e+00
1.339976000000000056e+00	8.705261687439929119e+00
1.345900000000000096e+00	8.953007448185626771e+00
1.351774000000000031e+00	9.069288251993045336e+00
1.357607000000000008e+00	1.011666243068245130e+01
1.363453000000000026e+00	9.779805376880162271e+00
1.369372000000000034e+00	1.087091896140174896e+01
1.375421999999999922e+00	1.203711665472337522e+01
1.381658999999999970e+00	1.239996776947378088e+01
1.388052000000000064e+00	1.289516188902518579e+01
1.394403000000000059e+00	1.428285361050962798e+01
1.400492999999999988e+00	1.500954548300626357e+01
1.406104999999999938e+00	1.550392115040405550e+01
1.411021999999999998e+00	1.614618425806135349e+01
1.415195999999999898e+00	1.604613099883031779e+01
1.418924000000000074e+00	1.707020295232282336e+01
1.422549999999999981e+00	1.774439850547464204e+01
1.426417000000000046e+00	1.705174201451029248e+01
1.430868000000000029e+00	1.743396715668607300e+01
1.436091000000000006e+00	1.674298458306904891e+01
1.441923000000000066e+00	1.624189250575625110e+01
1.448144000000000098e+00	1.568455765764685594e+01
1.454538000000000109e+00	1.417462603036046076e+01
1.460887000000000047e+00	1.315546933803017993e+01
1.467041999999999957e+00	1.289939044799725565e+01
1.473030999999999979e+00	1.144301066009128220e+01
1.478914000000000062e+00	1.125697881530784095e+01
1.484749000000000096e+00	1.065449554478899685e+01
1.490591999999999917e+00	9.771784959061502462e+00
1.496488000000000040e+00	9.577093318685252044e+00
1.502428000000000097e+00	8.036040362793761105e+00
1.508397999999999906e+00	7.922343634141601143e+00
1.514380999999999977e+00	7.399400952723101277e+00
1.520361999999999991e+00	6.782459275457926040e+00
1.526329999999999965e+00	6.893307641395885810e+00
1.532284999999999897e+00	7.305850472936410434e+00
1.538232999999999961e+00	6.867983865417262024e+00
1.544175999999999993e+00	7.198824980769115811e+00
1.550119999999999942e+00	6.872547746541275870e+00
1.556068000000000007e+00	7.700123511482353855e+00
1.562019000000000046e+00	8.022254728352447017e+00
1.567971999999999921e+00	7.798450722901674403e+00
1.573925999999999936e+00	8.324331920460856793e+00
1.579879999999999951e+00	8.842430740537722045e+00
1.585833000000000048e+00	9.042270750256038880e+00
1.591785000000000005e+00	8.874870858852512256e+00
1.597736999999999963e+00	9.814987218823446824e+00
1.603688000000000002e+00	1.024409566133822302e+01
1.609639000000000042e+00	9.198180263704818671e+00
1.615590999999999999e+00	1.076843912331387543e+01
1.621542999999999957e+00	1.017082971760622812e+01
1.627494999999999914e+00	1.032908997701593989e+01
1.633447000000000093e+00	9.134418047394722961e+00
1.639399000000000051e+00	9.329822393124310054e+00
1.645350000000000090e+00	9.260118767571903220e+00
1.651302000000000048e+00	9.749092315220760696e+00
1.657253000000000087e+00	9.519571184194923319e+00
1.663205000000000044e+00	9.425421774777248629e+00
1.669157999999999920e+00	9.849987179880816512e+00
1.675111999999999934e+00	9.743992460871018224e+00
1.681065999999999949e+00	9.939680385261743467e+00
1.687019000000000046e+00	9.494395133987532986e+00
1.692971000000000004e+00	9.082890162061355355e+00
1.698919000000000068e+00	9.129165677854347294e+00
1.704863000000000017e+00	9.105541204583838422e+00
1.710806999999999967e+00	9.609141250393831157e+00
1.716752999999999973e+00	9.500677171624815287e+00
1.722706999999999988e+00	9.072184112553262736e+00
1.728671999999999986e+00	9.811976891392680145e+00
1.734652000000000083e+00	9.049725921603933187e+00
1.740636000000000072e+00	9.189491027531479617e+00
1.746609000000000078e+00	9.127652503318863353e+00
1.752555000000000085e+00	8.609797719023578821e+00
1.758458000000000077e+00	8.929746784097803314e+00
1.764308999999999905e+00	8.012139918925191395e+00
1.770140999999999964e+00	8.536216842963757045e+00
1.776011999999999924e+00	8.952432750373565895e+00
1.781979999999999897e+00	8.617682770114871715e+00
1.788105000000000055e+00	9.203226594941446237e+00
1.794426999999999994e+00	9.030967727294358482e+00
1.800829000000000013e+00	8.791958834457267002e+00
1.807091999999999921e+00	9.142751889811783883e+00
1.813002000000000002e+00	9.542948338957923937e+00
1.818338000000000010e+00	9.400233836716081370e+00
1.822912000000000088e+00	9.638071260576603905e+00
1.826850000000000085e+00	1.034914756806658609e+01
1.830492000000000008e+00	1.111750476191574499e+01
1.834179999999999922e+00	1.069166391395653015e+01
1.838259000000000087e+00	1.079053474233030485e+01
1.843048000000000020e+00	1.132715309520047242e+01
1.848562000000000038e+00	1.146676769783003103e+01
1.854589999999999961e+00	1.123228452758645268e+01
1.860913000000000039e+00	1.121579646528350338e+01
1.867313999999999918e+00	1.123922013884464199e+01
1.873583999999999916e+00	1.098473336195623773e+01
1.879660000000000108e+00	1.124608894783471058e+01
1.885596000000000050e+00	1.188847772340798414e+01
1.891450999999999993e+00	1.249823749304647968e+01
1.897281999999999913e+00	1.273552661704902711e+01
1.903146999999999922e+00	1.283530702194944340e+01
1.909062999999999954e+00	1.243203471726382858e+01
1.915018000000000109e+00	1.354019857339054766e+01
1.920995999999999926e+00	1.370258417385202598e+01
1.926979999999999915e+00	1.346783611535492930e+01
1.932955999999999896e+00	1.308001526496036249e+01
1.938917999999999919e+00	1.372759057565167140e+01
1.944868999999999959e+00	1.302342515744664198e+01
1.950814000000000048e+00	1.237949041267946804e+01
1.956757999999999997e+00	1.212426408393845101e+01
1.962703000000000086e+00	1.258503267118992142e+01
1.968652000000000069e+00	1.216294478769640719e+01
1.974604000000000026e+00	1.179322160324091229e+01
1.980558000000000041e+00	1.127007656986803141e+01
1.986512000000000056e+00	1.143954760030232798e+01
1.992466000000000070e+00	1.104304354150914236e+01
1.998418000000000028e+00	1.168039048303866423e+01
2.004370000000000207e+00	1.232109228477606955e+01
2.010321999999999942e+00	1.338261774213046529e+01
2.016272999999999982e+00	1.364365180889775075e+01
2.022224000000000022e+00	1.511522959480608819e+01
2.028176000000000201e+00	1.624767517688141538e+01
2.034127999999999936e+00	1.835074087150613309e+01
2.040080000000000116e+00	1.912603980377052437e+01
2.046031999999999851e+00	2.053373281781321680e+01
2.051984000000000030e+00	2.110346517408025946e+01
2.057935000000000070e+00	2.102109348072898953e+01
2.063886999999999805e+00	2.130189572260503894e+01
2.069837999999999845e+00	2.068465247973866639e+01
2.075791000000000164e+00	2.092732641736904853e+01
2.081744000000000039e+00	2.083274586988853727e+01
2.087698000000000054e+00	1.977875497420724216e+01
2.093652000000000069e+00	1.940083870988564030e+01
2.099604999999999944e+00	1.786958230622982668e+01
2.105554999999999843e+00	1.684004996343339045e+01
2.111501000000000072e+00	1.652467853258941943e+01
2.117445000000000022e+00	1.562559188452002346e+01
2.123388999999999971e+00	1.464693638470336090e+01
2.129338000000000175e+00	1.468107153180774205e+01
2.135295999999999861e+00	1.452581326544773077e+01
2.141268000000000171e+00	1.506276544302593123e+01
2.147250999999999799e+00	1.505586628783271763e+01
2.153232000000000035e+00	1.433776242211059504e+01
2.159196000000000115e+00	1.519731157012198075e+01
2.165125000000000188e+00	1.566734386479555141e+01
2.171006000000000213e+00	1.537163020738096897e+01
2.176841000000000026e+00	1.633923385886740220e+01
2.182682999999999929e+00	1.659074565803255297e+01
2.188588999999999896e+00	1.644894488604054317e+01
2.194618000000000180e+00	1.734458124906765519e+01
2.200828000000000007e+00	1.777985626460192492e+01
2.207209999999999894e+00	1.705721923822282804e+01
2.213579000000000185e+00	1.691022026241279974e+01
2.219714999999999883e+00	1.685141719823693407e+01
2.225403000000000020e+00	1.651767155795844388e+01
2.230423000000000044e+00	1.637054086440079104e+01
2.234681000000000139e+00	1.699471736631753060e+01
2.238447999999999993e+00	1.546399180920648675e+01
2.242068000000000172e+00	1.693030786883978323e+01
2.245884000000000214e+00	1.626797178854874915e+01
2.250237999999999960e+00	1.615765441211972231e+01
2.255365999999999982e+00	1.722876888345941637e+01
2.261130000000000084e+00	1.740765322749573230e+01
2.267313000000000134e+00	1.897520110686522798e+01
2.273696000000000161e+00	1.978147652815466273e+01
2.280063999999999869e+00	2.027086780835806223e+01
2.286243999999999943e+00	2.059069231452330229e+01
2.292251999999999956e+00	2.160068897441032121e+01
2.298146000000000022e+00	2.232367645694633040e+01
2.303983000000000114e+00	2.314605380679051905e+01
2.309822000000000042e+00	2.299070670004229910e+01
2.315710999999999853e+00	2.195856769637719097e+01
2.321645999999999876e+00	2.177177619135779452e+01
2.327612999999999932e+00	2.209662428474558382e+01
2.333594999999999864e+00	2.107434762794513361e+01
2.339576999999999796e+00	1.996611441359666017e+01
2.345546999999999827e+00	1.894553055013405185e+01
2.351503999999999817e+00	1.822424556469283274e+01
2.357451999999999881e+00	1.737456327934792455e+01
2.363395999999999830e+00	1.731686621414387517e+01
2.369339000000000084e+00	1.737498339154286953e+01
2.375286000000000008e+00	1.694781033798694025e+01
2.381237000000000048e+00	1.768958835414486686e+01
2.387189999999999923e+00	1.837700390609751366e+01
2.393143999999999938e+00	1.937447786370953651e+01
2.399097999999999953e+00	2.047812277258121938e+01
2.405050999999999828e+00	2.194498693245848742e+01
2.411004000000000147e+00	2.268935659457230614e+01
2.416955999999999882e+00	2.478005143749382100e+01
2.422906999999999922e+00	2.530754402968986483e+01
2.428857999999999961e+00	2.553110136504377436e+01
2.434809000000000001e+00	2.694380859119605631e+01
2.440760000000000041e+00	2.708301332579910436e+01
2.446712000000000220e+00	2.779209453758917547e+01
2.452663999999999955e+00	2.596235635408870124e+01
2.458616999999999830e+00	2.641455366139393490e+01
2.464570999999999845e+00	2.418751490998464604e+01
2.470524999999999860e+00	2.393002535953689858e+01
2.476478000000000179e+00	2.278369135861320771e+01
2.482429999999999914e+00	2.136456466564344225e+01
2.488377999999999979e+00	2.071061414175624193e+01
2.494323000000000068e+00	1.924561237448297035e+01
2.500265999999999877e+00	1.891883455578898321e+01
2.506212000000000106e+00	1.910205297925740808e+01
2.512164999999999981e+00	2.051119322971845804e+01
2.518129000000000062e+00	2.075028588655114703e+01
2.524108000000000018e+00	2.155936884740870951e+01
2.530091999999999786e+00	2.379799116389349933e+01
2.536067000000000071e+00	2.496983774808064993e+01
2.542015999999999831e+00	2.678848068616607847e+01
2.547924000000000078e+00	2.824912767061456265e+01
2.553779000000000021e+00	2.928439307548783077e+01
2.559610000000000163e+00	2.753484816134664825e+01
2.565475000000000172e+00	2.647496408677983126e+01
2.571432000000000162e+00	2.694896052190292934e+01
2.577539999999999942e+00	2.625762266219823715e+01
2.583845999999999865e+00	2.557094365177929163e+01
2.590249000000000024e+00	2.610375010433993737e+01
2.596534000000000120e+00	2.726535575203571327e+01
2.602485000000000159e+00	2.861951082240425137e+01
2.607883000000000173e+00	3.098301652105508808e+01
2.612527000000000044e+00	3.614702198091943330e+01
2.616509000000000196e+00	4.127242551141408455e+01
2.620163999999999938e+00	4.561643841978938951e+01
2.623834000000000000e+00	5.040670119849244202e+01
2.627863000000000060e+00	5.390534147605800541e+01
2.632579999999999920e+00	5.436459592909727689e+01
2.638037000000000187e+00	5.268911688729934895e+01
2.644026000000000209e+00	4.952012183109469845e+01
2.650332000000000132e+00	4.542790023722200488e+01
2.656734000000000151e+00	4.082623896789339568e+01
2.663022999999999918e+00	3.583783418678029165e+01
2.669115000000000126e+00	3.133357802945764803e+01
2.675060999999999911e+00	2.812974567531028924e+01
2.680919999999999970e+00	2.413367054538122147e+01
2.686751000000000111e+00	2.244203194410052049e+01
2.692610999999999866e+00	2.084651346806889194e+01
2.698523999999999923e+00	1.979339823568611578e+01
2.704476000000000102e+00	1.937324606123393522e+01
2.710452000000000083e+00	1.768917450635894184e+01
2.716435999999999851e+00	1.415185343819739572e+01
2.722412999999999972e+00	9.629917369999605015e+00
2.728375999999999912e+00	3.745215277269396292e+00
2.734328000000000092e+00	-3.520236826551120579e+00
2.740273999999999877e+00	-1.139191032896107814e+01
2.746217000000000130e+00	-1.827261290064236476e+01
2.752162000000000219e+00	-2.398766800063292948e+01
2.758110999999999979e+00	-2.799903352264523804e+01
2.764063000000000159e+00	-2.925238050450843730e+01
2.770016000000000034e+00	-2.909553564137507919e+01
2.775971000000000188e+00	-2.762279496000936874e+01
2.781924000000000063e+00	-2.484468060360759267e+01
2.787876999999999938e+00	-2.034487320467698268e+01
2.793829000000000118e+00	-1.562519375096121443e+01
2.799780999999999853e+00	-1.067112397693100334e+01
2.805731999999999893e+00	-4.701222182164284114e+00
2.811682999999999932e+00	5.495249089097131723e-01
2.817635000000000112e+00	4.757684552862627925e+00
2.823586999999999847e+00	9.067108223915832710e+00
2.829539000000000026e+00	1.098781311684382267e+01
2.835491000000000206e+00	1.222444089282292623e+01
2.841442999999999941e+00	1.198079647659097091e+01
2.847395000000000120e+00	1.029637457837844572e+01
2.853346999999999856e+00	7.976942650690954650e+00
2.859299000000000035e+00	5.227589668011606072e+00
2.865251000000000214e+00	2.805123289150579957e+00
2.871201999999999810e+00	1.554932488384840550e+00
2.877153999999999989e+00	2.392875355067274779e+00
2.883106000000000169e+00	5.116847366654780238e+00
2.889057999999999904e+00	6.716031367765852522e+00
2.895010000000000083e+00	9.120430959843741192e+00
2.900961999999999819e+00	1.001492780981383213e+01
2.906913999999999998e+00	1.062609043404507148e+01
2.912866000000000177e+00	1.025456558417189612e+01
2.918817999999999913e+00	8.621101265816896841e+00
2.924770000000000092e+00	5.932079020807278447e+00
2.930721000000000132e+00	5.276501269364748836e+00
2.936672999999999867e+00	3.111806014144478993e+00
2.942625000000000046e+00	3.050189126162615061e+00
2.948576999999999781e+00	2.530335251831346888e+00
2.954528999999999961e+00	2.834460813702219362e+00
2.960481000000000140e+00	2.760221421106455963e+00
2.966432999999999875e+00	3.634272719073407210e+00
2.972385000000000055e+00	4.383827826080780810e+00
2.978336999999999790e+00	5.505252654620141683e+00
2.984288999999999970e+00	7.358443515497226528e+00
2.990240000000000009e+00	7.645442973964561517e+00
2.996192000000000188e+00	8.704595561320049413e+00
3.002143999999999924e+00	9.447895398888919161e+00
3.008096000000000103e+00	1.030138810014596906e+01
3.014047999999999838e+00	1.076151880883847944e+01
3.020000000000000018e+00	1.089322546114996371e+01
