1.199999999999999956e-01	-4.879265258856104737e-01
1.249780000000000058e-01	5.440744040379015267e-01
1.305999999999999939e-01	1.256773804646760473e+00
1.367059999999999942e-01	1.861153127665379881e+00
1.431360000000000132e-01	2.211337117269495778e+00
1.497320000000000040e-01	2.311885058040648033e+00
1.563350000000000017e-01	2.366190833794760362e+00
1.627850000000000130e-01	2.047045999974290709e+00
1.689219999999999888e-01	1.908722494716040163e+00
1.745889999999999942e-01	1.907661324390915292e+00
1.796250000000000069e-01	1.582301404894063346e+00
1.839349999999999874e-01	1.184267173410062046e+00
1.877439999999999942e-01	7.514148520920013175e-01
1.913779999999999926e-01	5.954376354734044474e-01
1.951660000000000061e-01	-4.881146803282279678e-02
1.994340000000000002e-01	-3.755810539755304323e-01
2.044499999999999929e-01	-5.415143507618921381e-01
2.101250000000000062e-01	-1.047301307605342569e+00
2.162479999999999958e-01	-9.230640832003979002e-01
2.226049999999999973e-01	-9.869342287479314635e-01
2.289819999999999911e-01	-7.597958521158877376e-01
2.351930000000000132e-01	-3.231070289418491170e-01
2.412249999999999950e-01	4.602241091911153936e-01
2.471349999999999936e-01	1.184437737222316045e+00
2.529799999999999827e-01	1.804288287355425346e+00
2.588170000000000193e-01	2.123396507983074333e+00
2.646970000000000156e-01	2.353613410918109938e+00
2.706259999999999777e-01	2.503329962801333242e+00
2.765880000000000005e-01	2.122101304774877573e+00
2.825679999999999858e-01	1.950691038860630000e+00
2.885510000000000019e-01	1.716998535111261326e+00
2.945229999999999793e-01	1.660479999286851971e+00
3.004809999999999981e-01	1.763615809659075051e+00
3.064310000000000089e-01	1.821303391145765227e+00
3.123750000000000138e-01	1.697428445255233953e+00
3.183190000000000186e-01	1.870933435724470240e+00
3.242650000000000254e-01	2.011683026062386581e+00
3.302149999999999808e-01	2.425267589740531804e+00
3.361680000000000224e-01	2.116937655915627214e+00
3.421210000000000084e-01	2.474047534764706402e+00
3.480759999999999965e-01	2.189774341583991646e+00
3.540289999999999826e-01	2.194446145631105516e+00
3.599809999999999954e-01	1.713145443540948998e+00
3.659330000000000083e-01	1.513532319138501059e+00
3.718839999999999923e-01	1.034780394109894308e+00
3.778360000000000052e-01	5.883907014165026261e-01
3.837869999999999893e-01	3.119861330588739046e-01
3.897390000000000021e-01	-9.826345496295267601e-02
3.956910000000000149e-01	-3.363510049428797832e-01
4.016429999999999723e-01	-2.867275393526119709e-01
4.075949999999999851e-01	-5.210149020443988199e-01
4.135469999999999979e-01	-2.138192470639126430e-01
4.194979999999999820e-01	1.267758241794526008e-01
4.254499999999999948e-01	4.061188319209780850e-01
4.314009999999999789e-01	9.250196442692737442e-01
4.373540000000000205e-01	1.477891832511335934e+00
4.433079999999999798e-01	1.808358423372591783e+00
4.492619999999999947e-01	2.540703110803847586e+00
4.552160000000000095e-01	2.915720576301269684e+00
4.611680000000000224e-01	3.034867585446704208e+00
4.671170000000000044e-01	2.776517104689316451e+00
4.730619999999999825e-01	2.753407202899000872e+00
4.790059999999999873e-01	2.395470391500260643e+00
4.849510000000000209e-01	1.800700307794364630e+00
4.909020000000000050e-01	1.073977938658582376e+00
4.968629999999999991e-01	5.492857468612857286e-01
5.028390000000000359e-01	3.084565492568418499e-01
5.088230000000000253e-01	-5.800140529762048969e-02
5.148009999999999531e-01	1.583369909662760144e-01
5.207570000000000254e-01	1.474206918033541258e-01
5.266750000000000043e-01	5.576507117074133157e-01
5.325410000000000421e-01	9.280767762388293374e-01
5.383719999999999617e-01	1.455934304830261539e+00
5.442249999999999588e-01	1.798755221005282623e+00
5.501580000000000359e-01	2.010054471607118920e+00
5.562289999999999734e-01	1.930266195359131798e+00
5.624930000000000208e-01	1.887914409833271634e+00
5.688929999999999820e-01	1.588382874954476165e+00
5.752220000000000111e-01	1.037969113053163417e+00
5.812610000000000277e-01	8.073176535510787621e-01
5.867949999999999555e-01	3.087833974788886104e-01
5.916080000000000227e-01	3.418491493321014207e-01
5.957040000000000113e-01	8.058398557676571539e-01
5.993990000000000151e-01	1.269361718925621885e+00
6.030370000000000452e-01	2.006704306293539908e+00
6.069609999999999728e-01	2.506162212893454644e+00
6.115110000000000268e-01	2.814340955701276403e+00
6.168270000000000142e-01	2.984275590678402867e+00
6.227219999999999978e-01	2.624379341595930004e+00
6.289789999999999548e-01	2.505811652438283410e+00
6.353790000000000271e-01	2.355312108159257178e+00
6.417070000000000274e-01	2.270250510449232539e+00
6.478369999999999962e-01	2.214254067705696105e+00
6.538089999999999735e-01	2.460347369099681547e+00
6.596819999999999906e-01	2.639634103143093657e+00
6.655140000000000500e-01	2.651641022835977246e+00
6.713630000000000431e-01	3.109887237096474966e+00
6.772660000000000347e-01	2.906696713679592037e+00
6.832110000000000127e-01	2.768152908327192741e+00
6.891829999999999901e-01	2.551166123275140585e+00
6.951669999999999794e-01	2.440863831483174984e+00
7.011469999999999647e-01	1.967195486226346768e+00
7.071119999999999628e-01	1.704723646722406949e+00
7.130670000000000064e-01	1.327785013215803112e+00
7.190130000000000132e-01	1.268960488795285668e+00
7.249569999999999625e-01	9.322978261685117563e-01
7.309010000000000229e-01	9.196081184576778700e-01
7.368489999999999762e-01	1.086176929063502605e+00
7.428000000000000158e-01	1.404757493608809638e+00
7.487530000000000019e-01	1.491026073689613707e+00
7.547080000000000455e-01	2.221149312204823811e+00
7.606619999999999493e-01	2.382685619971191215e+00
7.666140000000000176e-01	2.403662422896652551e+00
7.725670000000000037e-01	2.457805654490906377e+00
7.785180000000000433e-01	2.463826571165752544e+00
7.844689999999999719e-01	2.250707367770456102e+00
7.904210000000000402e-01	2.308151685541583120e+00
7.963729999999999976e-01	2.310970587467128468e+00
8.023249999999999549e-01	1.989210384230896134e+00
8.082770000000000232e-01	2.066047457695843192e+00
8.142289999999999806e-01	2.272110582998900785e+00
8.201800000000000201e-01	2.297497597568386674e+00
8.261319999999999775e-01	2.764788604445660436e+00
8.320830000000000171e-01	3.136247459080929278e+00
8.380349999999999744e-01	3.641626307930784456e+00
8.439870000000000427e-01	3.565350447885117458e+00
8.499400000000000288e-01	3.852334401899583760e+00
8.558940000000000436e-01	3.422646240161696607e+00
8.618479999999999475e-01	3.113743112282477910e+00
8.678010000000000446e-01	2.619442075389721403e+00
8.737519999999999731e-01	2.156400039582782036e+00
8.797000000000000375e-01	1.954594749339279458e+00
8.856439999999999868e-01	2.197173071624077600e+00
8.915870000000000184e-01	2.399010120826156278e+00
8.975349999999999717e-01	3.065949503016279554e+00
9.034900000000000153e-01	3.581642550626666477e+00
9.094569999999999599e-01	4.105115082612095456e+00
9.154379999999999740e-01	4.561893191132039505e+00
9.214210000000000456e-01	4.643094085040941010e+00
9.273909999999999654e-01	4.668003885161877697e+00
9.333329999999999682e-01	4.677054001405154260e+00
9.392300000000000093e-01	4.691341995447098512e+00
9.450749999999999984e-01	4.299031951009815167e+00
9.509090000000000042e-01	4.104091804279009104e+00
9.567890000000000006e-01	4.066343206323511872e+00
9.627750000000000474e-01	3.947111017595257287e+00
9.689229999999999787e-01	4.133248242526968319e+00
9.752680000000000238e-01	3.940219394915061901e+00
9.816639999999999810e-01	4.124764482265714349e+00
9.878930000000000211e-01	4.305441319565755265e+00
9.937399999999999567e-01	4.267326353267376859e+00
9.989850000000000119e-01	4.257437339014014555e+00
1.003457999999999961e+00	4.303774409038181759e+00
1.007338000000000067e+00	4.368272847207603782e+00
1.010966000000000031e+00	4.085938566430801444e+00
1.014685999999999977e+00	4.218794804202671500e+00
1.018841000000000108e+00	4.076901593173734462e+00
1.023735000000000062e+00	4.045906093155994476e+00
1.029328999999999938e+00	3.790558941982657082e+00
1.035408000000000106e+00	3.726269300980925347e+00
1.041754000000000069e+00	3.882458121658562078e+00
1.048148999999999997e+00	3.921046452985859521e+00
1.054391999999999996e+00	4.193252403754297752e+00
1.060446000000000000e+00	4.292725772758168468e+00
1.066368999999999900e+00	4.773507199934996947e+00
1.072216999999999976e+00	4.964857604767604293e+00
1.078049000000000035e+00	5.433485940501655342e+00
1.083920999999999912e+00	5.525452044921774331e+00
1.089842999999999895e+00	5.912448343134418138e+00
1.095801999999999943e+00	6.203977258808209605e+00
1.101780999999999899e+00	6.412615418353066588e+00
1.107765000000000111e+00	6.618625261735274989e+00
1.113739999999999952e+00	6.695897150519213525e+00
1.119699999999999918e+00	6.736809484249110191e+00
1.125650000000000039e+00	6.887448663909025548e+00
1.131594999999999906e+00	6.665392260369003452e+00
1.137537999999999938e+00	6.640641780338061295e+00
1.143483999999999945e+00	6.413778643246860867e+00
1.149432999999999927e+00	6.285494993676064901e+00
1.155386000000000024e+00	6.264250949415558267e+00
1.161338999999999899e+00	6.268422247928715940e+00
1.167294000000000054e+00	5.941079982283913985e+00
1.173246999999999929e+00	5.811653460800013882e+00
1.179200000000000026e+00	5.557867257201722033e+00
1.185151999999999983e+00	5.578401764825925646e+00
1.191103000000000023e+00	5.767140044527880427e+00
1.197054000000000062e+00	6.070807351051860756e+00
1.203006000000000020e+00	6.444985442398142084e+00
1.208957999999999977e+00	6.821150846471912388e+00
1.214909999999999934e+00	7.486769433658076345e+00
1.220861999999999892e+00	8.091472504627112983e+00
1.226814000000000071e+00	8.548702892704895362e+00
1.232765000000000111e+00	8.503625107140138084e+00
1.238717000000000068e+00	8.309548076803734418e+00
1.244668000000000108e+00	8.062929189885229775e+00
1.250620000000000065e+00	7.810420364063326737e+00
1.256572000000000022e+00	7.621570196969074118e+00
1.262526000000000037e+00	7.467049317141647435e+00
1.268480000000000052e+00	7.431127363151332155e+00
1.274434000000000067e+00	7.693798502730682110e+00
1.280386000000000024e+00	7.747512655038018003e+00
1.286335999999999924e+00	8.238629486493190157e+00
1.292281999999999931e+00	8.545691832279688427e+00
1.298224999999999962e+00	8.676517705596491936e+00
1.304170000000000051e+00	8.947551509285297300e+00
1.310119999999999951e+00	9.136552284325270890e+00
1.316079999999999917e+00	8.992220941569199155e+00
1.322052999999999923e+00	8.861688427799727208e+00
1.328036999999999912e+00	8.821036207096041082e+00
1.334017000000000008e+00	8.545890438860126892e+00
1.339976000000000056e+00	8.295571608329142421e+00
1.345900000000000096e+00	8.299496133613818216e+00
1.351774000000000031e+00	8.828076988215450172e+00
1.357607000000000008e+00	9.674748525827606471e+00
1.363453000000000026e+00	1.078357490635959692e+01
1.369372000000000034e+00	1.187374232567162835e+01
1.375421999999999922e+00	1.291451998759942121e+01
1.381658999999999970e+00	1.353654016421172912e+01
1.388052000000000064e+00	1.379055528327523739e+01
1.394403000000000059e+00	1.422576056649844034e+01
1.400492999999999988e+00	1.468187336624348305e+01
1.406104999999999938e+00	1.491029905581163462e+01
1.411021999999999998e+00	1.567726472928798387e+01
1.415195999999999898e+00	1.639515349094197560e+01
1.418924000000000074e+00	1.750005827688998039e+01
1.422549999999999981e+00	1.865604552992600063e+01
1.426417000000000046e+00	1.912120901417720020e+01
1.430868000000000029e+00	1.923318386904075439e+01
1.436091000000000006e+00	1.891389913136490364e+01
1.441923000000000066e+00	1.783335014361606241e+01
1.448144000000000098e+00	1.677415334317751672e+01
1.454538000000000109e+00	1.558033152180295211e+01
1.460887000000000047e+00	1.408929811619638706e+01
1.467041999999999957e+00	1.339583444746112306e+01
1.473030999999999979e+00	1.227990738870795262e+01
1.478914000000000062e+00	1.133499457904737007e+01
1.484749000000000096e+00	1.083151646168719751e+01
1.490591999999999917e+00	9.798515204191859951e+00
1.496488000000000040e+00	9.077517113875726906e+00
1.502428000000000097e+00	8.147105842278900667e+00
1.508397999999999906e+00	7.533135392080981596e+00
1.514380999999999977e+00	7.223882345984534936e+00
1.520361999999999991e+00	6.889414277535601094e+00
1.526329999999999965e+00	7.142174013562568646e+00
1.532284999999999897e+00	7.892347442010240854e+00
1.538232999999999961e+00	8.282705813552832197e+00
1.544175999999999993e+00	9.058611039306637025e+00
1.550119999999999942e+00	9.152121059482315246e+00
1.556068000000000007e+00	8.984266920249465826e+00
1.562019000000000046e+00	9.006863345165871948e+00
1.567971999999999921e+00	8.646936131930226921e+00
1.573925999999999936e+00	8.250902404935420265e+00
1.579879999999999951e+00	8.029421858343603446e+00
1.585833000000000048e+00	8.334687299935659155e+00
1.591785000000000005e+00	8.547391802287593876e+00
1.597736999999999963e+00	8.959485085434611307e+00
1.603688000000000002e+00	9.483352107566185296e+00
1.609639000000000042e+00	9.979565694382076302e+00
1.615590999999999999e+00	9.980143371224574622e+00
1.621542999999999957e+00	9.795770027917509282e+00
1.627494999999999914e+00	9.515757800011437340e+00
1.633447000000000093e+00	9.217708436605173361e+00
1.639399000000000051e+00	8.720908393223698596e+00
1.645350000000000090e+00	8.479662213565418938e+00
1.651302000000000048e+00	8.362114798354138401e+00
1.657253000000000087e+00	8.140939926727714493e+00
1.663205000000000044e+00	8.055059392279771302e+00
1.669157999999999920e+00	8.235834237830239601e+00
1.675111999999999934e+00	8.578747126172187265e+00
1.681065999999999949e+00	8.901649976128823027e+00
1.687019000000000046e+00	9.217412749625619739e+00
1.692971000000000004e+00	1.004234173875667757e+01
1.698919000000000068e+00	1.083510218193648811e+01
1.704863000000000017e+00	1.121427357020666093e+01
1.710806999999999967e+00	1.174171271543437634e+01
1.716752999999999973e+00	1.189735699908084321e+01
1.722706999999999988e+00	1.188723916066035358e+01
1.728671999999999986e+00	1.165954729036272752e+01
1.734652000000000083e+00	1.125691781221658694e+01
1.740636000000000072e+00	1.037672273678015067e+01
1.746609000000000078e+00	9.410210622158931670e+00
1.752555000000000085e+00	8.824456218655731377e+00
1.758458000000000077e+00	8.312588229713995247e+00
1.764308999999999905e+00	8.069679396471459043e+00
1.770140999999999964e+00	8.210930338996696776e+00
1.776011999999999924e+00	8.640197332913290396e+00
1.781979999999999897e+00	8.697766804121258133e+00
1.788105000000000055e+00	9.042002073085042113e+00
1.794426999999999994e+00	8.977851081559583335e+00
1.800829000000000013e+00	9.279564630502870060e+00
1.807091999999999921e+00	8.919405074744858553e+00
1.813002000000000002e+00	9.166695018532626804e+00
1.818338000000000010e+00	9.040647669856934243e+00
1.822912000000000088e+00	9.479696602941372063e+00
1.826850000000000085e+00	9.883968403913028666e+00
1.830492000000000008e+00	1.038412360052099537e+01
1.834179999999999922e+00	1.131609467554929083e+01
1.838259000000000087e+00	1.200157876249122246e+01
1.843048000000000020e+00	1.259507605055377688e+01
1.848562000000000038e+00	1.267872472431848685e+01
1.854589999999999961e+00	1.319215382502540557e+01
1.860913000000000039e+00	1.330097301798087273e+01
1.867313999999999918e+00	1.324573706829845499e+01
1.873583999999999916e+00	1.315357643125920362e+01
1.879660000000000108e+00	1.270437686513226438e+01
1.885596000000000050e+00	1.222540237805957908e+01
1.891450999999999993e+00	1.196845204561212839e+01
1.897281999999999913e+00	1.188172786416242666e+01
1.903146999999999922e+00	1.209846999227103481e+01
1.909062999999999954e+00	1.263321316845875586e+01
1.915018000000000109e+00	1.325885678801722456e+01
1.920995999999999926e+00	1.356797247192087141e+01
1.926979999999999915e+00	1.398444247956002151e+01
1.932955999999999896e+00	1.389701016304405634e+01
1.938917999999999919e+00	1.338701976961359286e+01
1.944868999999999959e+00	1.272989393262043656e+01
1.950814000000000048e+00	1.173181132521301073e+01
1.956757999999999997e+00	1.118219227308403063e+01
1.962703000000000086e+00	1.108063615867290963e+01
1.968652000000000069e+00	1.099772033181923803e+01
1.974604000000000026e+00	1.126887906474541978e+01
1.980558000000000041e+00	1.145875262533933814e+01
1.986512000000000056e+00	1.196552822835223928e+01
1.992466000000000070e+00	1.239565023228659157e+01
1.998418000000000028e+00	1.241196465755628076e+01
2.004370000000000207e+00	1.291662474146949791e+01
2.010321999999999942e+00	1.318224227360813927e+01
2.016272999999999982e+00	1.379161594741415620e+01
2.022224000000000022e+00	1.438947293758945101e+01
2.028176000000000201e+00	1.525243632606826694e+01
2.034127999999999936e+00	1.665125847946585935e+01
2.040080000000000116e+00	1.802056909832690934e+01
2.046031999999999851e+00	1.933653639729063656e+01
2.051984000000000030e+00	1.984102254846638758e+01
2.057935000000000070e+00	2.064170778553086549e+01
2.063886999999999805e+00	2.084801980433091373e+01
2.069837999999999845e+00	2.075448472686534629e+01
2.075791000000000164e+00	2.046013421096484919e+01
2.081744000000000039e+00	1.977997326085083785e+01
2.087698000000000054e+00	1.863427016618974363e+01
2.093652000000000069e+00	1.742460810472947941e+01
2.099604999999999944e+00	1.659759697311603333e+01
2.105554999999999843e+00	1.564935642842313612e+01
2.111501000000000072e+00	1.485692795601967298e+01
2.117445000000000022e+00	1.441100317583243573e+01
2.123388999999999971e+00	1.445392403396560965e+01
2.129338000000000175e+00	1.435095536944268169e+01
2.135295999999999861e+00	1.471762880421052877e+01
2.141268000000000171e+00	1.456569302728308379e+01
2.147250999999999799e+00	1.486490207156358423e+01
2.153232000000000035e+00	1.513977033432344221e+01
2.159196000000000115e+00	1.543602869726586135e+01
2.165125000000000188e+00	1.573356132189022816e+01
2.171006000000000213e+00	1.633340571047222411e+01
2.176841000000000026e+00	1.694212396291599276e+01
2.182682999999999929e+00	1.780546930420049989e+01
2.188588999999999896e+00	1.870095529558219738e+01
2.194618000000000180e+00	1.898370304497731453e+01
2.200828000000000007e+00	1.905577113718786109e+01
2.207209999999999894e+00	1.862580600701704370e+01
2.213579000000000185e+00	1.801251689326948124e+01
2.219714999999999883e+00	1.714176573989638541e+01
2.225403000000000020e+00	1.639057660977692521e+01
2.230423000000000044e+00	1.583501310698253306e+01
2.234681000000000139e+00	1.585961104811270239e+01
2.238447999999999993e+00	1.586087040526560443e+01
2.242068000000000172e+00	1.661901135967295673e+01
2.245884000000000214e+00	1.675944835492583351e+01
2.250237999999999960e+00	1.735300227838864728e+01
2.255365999999999982e+00	1.808106752442600040e+01
2.261130000000000084e+00	1.859267217162737751e+01
2.267313000000000134e+00	1.918603975582125543e+01
2.273696000000000161e+00	1.971891574718822682e+01
2.280063999999999869e+00	2.045671161531289783e+01
2.286243999999999943e+00	2.132827264532395617e+01
2.292251999999999956e+00	2.205722681284943221e+01
2.298146000000000022e+00	2.279574776279956083e+01
2.303983000000000114e+00	2.341457434816235761e+01
2.309822000000000042e+00	2.334038663741583974e+01
2.315710999999999853e+00	2.286030591202969120e+01
2.321645999999999876e+00	2.201618115392664521e+01
2.327612999999999932e+00	2.096560440094188493e+01
2.333594999999999864e+00	1.990055964540682609e+01
2.339576999999999796e+00	1.899699961662500769e+01
2.345546999999999827e+00	1.826964099852076728e+01
2.351503999999999817e+00	1.799536574361827945e+01
2.357451999999999881e+00	1.756056961784076620e+01
2.363395999999999830e+00	1.759624679886978527e+01
2.369339000000000084e+00	1.793793709114247648e+01
2.375286000000000008e+00	1.841384973447427598e+01
2.381237000000000048e+00	1.891558629814040060e+01
2.387189999999999923e+00	1.984466597718245851e+01
2.393143999999999938e+00	2.070628658883400774e+01
2.399097999999999953e+00	2.196947427531574704e+01
2.405050999999999828e+00	2.273404058981529374e+01
2.411004000000000147e+00	2.399862660108329848e+01
2.416955999999999882e+00	2.507182513145219716e+01
2.422906999999999922e+00	2.614769489111548850e+01
2.428857999999999961e+00	2.668430658710720493e+01
2.434809000000000001e+00	2.704534053063574461e+01
2.440760000000000041e+00	2.761650590133745808e+01
2.446712000000000220e+00	2.756442895470332388e+01
2.452663999999999955e+00	2.692566399019470325e+01
2.458616999999999830e+00	2.668845751930006571e+01
2.464570999999999845e+00	2.606819014021731817e+01
2.470524999999999860e+00	2.482322264455601868e+01
2.476478000000000179e+00	2.420326566655625200e+01
2.482429999999999914e+00	2.327920336746993257e+01
2.488377999999999979e+00	2.254824855866653621e+01
2.494323000000000068e+00	2.248322392747009246e+01
2.500265999999999877e+00	2.243487534438278885e+01
2.506212000000000106e+00	2.287515633470598431e+01
2.512164999999999981e+00	2.352276147176937826e+01
2.518129000000000062e+00	2.478346384597794483e+01
2.524108000000000018e+00	2.609013043458967473e+01
2.530091999999999786e+00	2.753764245680435607e+01
2.536067000000000071e+00	2.904493838541586115e+01
2.542015999999999831e+00	3.034046843552770412e+01
2.547924000000000078e+00	3.067161680124976542e+01
2.553779000000000021e+00	3.053387327365761195e+01
2.559610000000000163e+00	2.961724444228285336e+01
2.565475000000000172e+00	2.808354827015635635e+01
2.571432000000000162e+00	2.624631861315802439e+01
2.577539999999999942e+00	2.458589720195134376e+01
2.583845999999999865e+00	2.324280864626158305e+01
2.590249000000000024e+00	2.250583868996937298e+01
2.596534000000000120e+00	2.253743319528259548e+01
2.602485000000000159e+00	2.356249619070161927e+01
2.607883000000000173e+00	2.606289599431338999e+01
2.612527000000000044e+00	3.018623171158979090e+01
2.616509000000000196e+00	3.548047607676297588e+01
2.620163999999999938e+00	4.163914155202632372e+01
2.623834000000000000e+00	4.687992497773051781e+01
2.627863000000000060e+00	5.073873606656474067e+01
2.632579999999999920e+00	5.256000798760661752e+01
2.638037000000000187e+00	5.164336296178280605e+01
2.644026000000000209e+00	4.907434258937231419e+01
2.650332000000000132e+00	4.536230063783830957e+01
2.656734000000000151e+00	4.143370087111006228e+01
2.663022999999999918e+00	3.732657883529570597e+01
2.669115000000000126e+00	3.379627885868357140e+01
2.675060999999999911e+00	3.067980009293311738e+01
2.680919999999999970e+00	2.821889182956061504e+01
2.686751000000000111e+00	2.678396605263578323e+01
2.692610999999999866e+00	2.529919001202760143e+01
2.698523999999999923e+00	2.482804012926618853e+01
2.704476000000000102e+00	2.480780108356406188e+01
2.710452000000000083e+00	2.437384843607513218e+01
2.716435999999999851e+00	2.368857736262983238e+01
2.722412999999999972e+00	2.196573369356907435e+01
2.728375999999999912e+00	1.964399725311966449e+01
2.734328000000000092e+00	1.639772528158697185e+01
2.740273999999999877e+00	1.302548692494531757e+01
2.746217000000000130e+00	9.650488721164940387e+00
2.752162000000000219e+00	6.397502925269943574e+00
2.758110999999999979e+00	3.189627705267198632e+00
2.764063000000000159e+00	7.015064109423213567e-01
2.770016000000000034e+00	-1.790114157662434868e+00
2.775971000000000188e+00	-4.178823271523904204e+00
2.781924000000000063e+00	-6.371333297437793419e+00
2.787876999999999938e+00	-8.527766708133491136e+00
2.793829000000000118e+00	-9.989889528563807630e+00
2.799780999999999853e+00	-1.098686399236641087e+01
2.805731999999999893e+00	-1.045248502234088050e+01
2.811682999999999932e+00	-8.708834395271505713e+00
2.817635000000000112e+00	-5.597245582081073145e+00
2.823586999999999847e+00	-2.080538657516845191e+00
2.829539000000000026e+00	1.380770729576409117e+00
2.835491000000000206e+00	3.557093149757291517e+00
2.841442999999999941e+00	3.803504610889913540e+00
2.847395000000000120e+00	1.837918021746282937e+00
2.853346999999999856e+00	-1.199443114789922715e+00
2.859299000000000035e+00	-4.754949782149797244e+00
2.865251000000000214e+00	-7.125098414796349644e+00
2.871201999999999810e+00	-7.622497585528974717e+00
2.877153999999999989e+00	-5.723862534601186880e+00
2.883106000000000169e+00	-1.843534129612099282e+00
2.889057999999999904e+00	3.063087214063779484e+00
2.895010000000000083e+00	8.120465391616171758e+00
2.900961999999999819e+00	1.224597645125325940e+01
2.906913999999999998e+00	1.510813270162644173e+01
2.912866000000000177e+00	1.672418184965002297e+01
2.918817999999999913e+00	1.692351276340260213e+01
2.924770000000000092e+00	1.665725868234481410e+01
2.930721000000000132e+00	1.548396488457768072e+01
2.936672999999999867e+00	1.380185456441600955e+01
2.942625000000000046e+00	1.156308193321956601e+01
2.948576999999999781e+00	8.892274010923255645e+00
2.954528999999999961e+00	6.311494798531636974e+00
2.960481000000000140e+00	3.589835250358016427e+00
2.966432999999999875e+00	1.103881059259052444e+00
2.972385000000000055e+00	-9.274265321043496657e-01
2.978336999999999790e+00	-2.618839274105222881e+00
2.984288999999999970e+00	-3.868503973538866880e+00
2.990240000000000009e+00	-4.319481627640503696e+00
2.996192000000000188e+00	-3.957030684001405785e+00
3.002143999999999924e+00	-2.621386208152233444e+00
3.008096000000000103e+00	-1.814507326077531846e-01
3.014047999999999838e+00	2.989681135251494926e+00
3.020000000000000018e+00	7.532037311738640106e+00
