1.199999999999999956e-01	6.828513016185416840e-01
1.249780000000000058e-01	6.264518512272477802e-01
1.305999999999999939e-01	1.158680912714449507e+00
1.367059999999999942e-01	1.333506105627890292e+00
1.431360000000000132e-01	1.477966084376388656e+00
1.497320000000000040e-01	1.815899726696136973e+00
1.563350000000000017e-01	2.036141610087773390e+00
1.627850000000000130e-01	2.451112279992988974e+00
1.689219999999999888e-01	2.591543873042337687e+00
1.745889999999999942e-01	2.792377420600957727e+00
1.796250000000000069e-01	2.931588504058264544e+00
1.839349999999999874e-01	3.126877204705055924e+00
1.877439999999999942e-01	3.098882894365004859e+00
1.913779999999999926e-01	2.717471652633022483e+00
1.951660000000000061e-01	2.816386173710817342e+00
1.994340000000000002e-01	2.628720823094973902e+00
2.044499999999999929e-01	2.345110518259953647e+00
2.101250000000000062e-01	2.146627610199283609e+00
2.162479999999999958e-01	2.096708204580358892e+00
2.226049999999999973e-01	1.757733193363888669e+00
2.289819999999999911e-01	1.780357969145411667e+00
2.351930000000000132e-01	1.783262410085494798e+00
2.412249999999999950e-01	1.716053554419418203e+00
2.471349999999999936e-01	1.860737956769219492e+00
2.529799999999999827e-01	2.153410101273014909e+00
2.588170000000000193e-01	2.384390000665959963e+00
2.646970000000000156e-01	2.413254674289002644e+00
2.706259999999999777e-01	2.801834507200752444e+00
2.765880000000000005e-01	2.921417023048303196e+00
2.825679999999999858e-01	3.000491016769110786e+00
2.885510000000000019e-01	2.929498292524651770e+00
2.945229999999999793e-01	3.149094179737497168e+00
3.004809999999999981e-01	2.995561748819338899e+00
3.064310000000000089e-01	3.090525596093655292e+00
3.123750000000000138e-01	2.786494877472087683e+00
3.183190000000000186e-01	2.793558702226573320e+00
3.242650000000000254e-01	2.772769236064398513e+00
3.302149999999999808e-01	2.715349656741222528e+00
3.361680000000000224e-01	2.380622151588192459e+00
3.421210000000000084e-01	2.384961373732129353e+00
3.480759999999999965e-01	2.369612893596664271e+00
3.540289999999999826e-01	2.407026426020642873e+00
3.599809999999999954e-01	2.681315154693797886e+00
3.659330000000000083e-01	3.037105353749836922e+00
3.718839999999999923e-01	3.365705669052712068e+00
3.778360000000000052e-01	3.602201901987203136e+00
3.837869999999999893e-01	3.639935275149878802e+00
3.897390000000000021e-01	3.716275324280722714e+00
3.956910000000000149e-01	3.721223351998530493e+00
4.016429999999999723e-01	3.790619545827478287e+00
4.075949999999999851e-01	3.492916058883684727e+00
4.135469999999999979e-01	3.566144848671718215e+00
4.194979999999999820e-01	3.436772860627059334e+00
4.254499999999999948e-01	3.423848831282374938e+00
4.314009999999999789e-01	3.504835170723441085e+00
4.373540000000000205e-01	3.467260151066509088e+00
4.433079999999999798e-01	3.657858252338897387e+00
4.492619999999999947e-01	3.514009318362382395e+00
4.552160000000000095e-01	3.643700766430824523e+00
4.611680000000000224e-01	3.458019356485932061e+00
4.671170000000000044e-01	3.512323145474550490e+00
4.730619999999999825e-01	3.494312956535095438e+00
4.790059999999999873e-01	3.517730537078634701e+00
4.849510000000000209e-01	3.357725158880853655e+00
4.909020000000000050e-01	3.247969849864290826e+00
4.968629999999999991e-01	3.152412574643576271e+00
5.028390000000000359e-01	3.262557545352110289e+00
5.088230000000000253e-01	3.242363093313330058e+00
5.148009999999999531e-01	3.452226516552797886e+00
5.207570000000000254e-01	3.457510651848894945e+00
5.266750000000000043e-01	3.580921213568223571e+00
5.325410000000000421e-01	3.705561658229077793e+00
5.383719999999999617e-01	3.719778685119245143e+00
5.442249999999999588e-01	3.558901712311285603e+00
5.501580000000000359e-01	3.520952167458630377e+00
5.562289999999999734e-01	3.742925507118956219e+00
5.624930000000000208e-01	3.804777393041461675e+00
5.688929999999999820e-01	3.781720432238529384e+00
5.752220000000000111e-01	3.970697403109953783e+00
5.812610000000000277e-01	4.449195732015255977e+00
5.867949999999999555e-01	4.429455237165145221e+00
5.916080000000000227e-01	4.534762399133920319e+00
5.957040000000000113e-01	4.314532646497348800e+00
5.993990000000000151e-01	4.529118558480980994e+00
6.030370000000000452e-01	3.987709554371211329e+00
6.069609999999999728e-01	4.139987494799914458e+00
6.115110000000000268e-01	4.038796933197478012e+00
6.168270000000000142e-01	3.945631035684231236e+00
6.227219999999999978e-01	4.237924273539354303e+00
6.289789999999999548e-01	4.386921752893348625e+00
6.353790000000000271e-01	4.353139605411742608e+00
6.417070000000000274e-01	4.522234902850808425e+00
6.478369999999999962e-01	4.473631699003706608e+00
6.538089999999999735e-01	4.553912940465194126e+00
6.596819999999999906e-01	4.608802410045255371e+00
6.655140000000000500e-01	4.605847863679716880e+00
6.713630000000000431e-01	4.524740891358823625e+00
6.772660000000000347e-01	4.615623013163119737e+00
6.832110000000000127e-01	4.719687747144625689e+00
6.891829999999999901e-01	4.965891382400104526e+00
6.951669999999999794e-01	5.291635575661056023e+00
7.011469999999999647e-01	5.371056868593391265e+00
7.071119999999999628e-01	5.357441273320684871e+00
7.130670000000000064e-01	5.496543378079063125e+00
7.190130000000000132e-01	5.297982312290785423e+00
7.249569999999999625e-01	5.359540476513120488e+00
7.309010000000000229e-01	5.266486887848018661e+00
7.368489999999999762e-01	5.359171490460648890e+00
7.428000000000000158e-01	5.581683319788770525e+00
7.487530000000000019e-01	5.680894341925017521e+00
7.547080000000000455e-01	5.857633604936750338e+00
7.606619999999999493e-01	5.837625575458264215e+00
7.666140000000000176e-01	5.851233516575172544e+00
7.725670000000000037e-01	5.824490760253508981e+00
7.785180000000000433e-01	5.835500350158135063e+00
7.844689999999999719e-01	5.754194594898079274e+00
7.904210000000000402e-01	5.820031711155803755e+00
7.963729999999999976e-01	5.806045788112744077e+00
8.023249999999999549e-01	5.895784992332437469e+00
8.082770000000000232e-01	5.931673350307299586e+00
8.142289999999999806e-01	6.024332143831070852e+00
8.201800000000000201e-01	6.166648255541661960e+00
8.261319999999999775e-01	6.235246467789350433e+00
8.320830000000000171e-01	6.330951877158719654e+00
8.380349999999999744e-01	6.259300362026304576e+00
8.439870000000000427e-01	6.590164571222335788e+00
8.499400000000000288e-01	6.372117471980658365e+00
8.558940000000000436e-01	6.589576750259694471e+00
8.618479999999999475e-01	6.847608041021384651e+00
8.678010000000000446e-01	6.908392969374359538e+00
8.737519999999999731e-01	7.100482646813555121e+00
8.797000000000000375e-01	7.280896456118841620e+00
8.856439999999999868e-01	7.143849451722227073e+00
8.915870000000000184e-01	7.064479863286665662e+00
8.975349999999999717e-01	6.900787697705687229e+00
9.034900000000000153e-01	6.860619264847922061e+00
9.094569999999999599e-01	6.624502432019241382e+00
9.154379999999999740e-01	6.537628350520083842e+00
9.214210000000000456e-01	6.526295054716943156e+00
9.273909999999999654e-01	6.589236410841095015e+00
9.333329999999999682e-01	6.401628667718258114e+00
9.392300000000000093e-01	6.565076920158901430e+00
9.450749999999999984e-01	6.513945294730209667e+00
9.509090000000000042e-01	6.635090079697730125e+00
9.567890000000000006e-01	6.619115810480430184e+00
9.627750000000000474e-01	6.684262167576645375e+00
9.689229999999999787e-01	6.739270739195410975e+00
9.752680000000000238e-01	6.993492451515068709e+00
9.816639999999999810e-01	7.409059648847692081e+00
9.878930000000000211e-01	7.722354900446684489e+00
9.937399999999999567e-01	8.129694634185208102e+00
9.989850000000000119e-01	8.011287590444160500e+00
1.003457999999999961e+00	8.117637800243731050e+00
1.007338000000000067e+00	7.973405189527420056e+00
1.010966000000000031e+00	8.081459574796690859e+00
1.014685999999999977e+00	7.619190645802894402e+00
1.018841000000000108e+00	7.796059506785301352e+00
1.023735000000000062e+00	7.792479689459418601e+00
1.029328999999999938e+00	8.033923539924041179e+00
1.035408000000000106e+00	8.147607018248249844e+00
1.041754000000000069e+00	8.634753509820676243e+00
1.048148999999999997e+00	8.692941029409004372e+00
1.054391999999999996e+00	8.871513803391735564e+00
1.060446000000000000e+00	8.964327668135963378e+00
1.066368999999999900e+00	9.138138217980904088e+00
1.072216999999999976e+00	9.264588667302399827e+00
1.078049000000000035e+00	9.396191070180748284e+00
1.083920999999999912e+00	9.662870881286194091e+00
1.089842999999999895e+00	9.767665185354390545e+00
1.095801999999999943e+00	9.790889181889690818e+00
1.101780999999999899e+00	1.004193459688435830e+01
1.107765000000000111e+00	1.043482283557131574e+01
1.113739999999999952e+00	1.008848148258327626e+01
1.119699999999999918e+00	1.002806959812606280e+01
1.125650000000000039e+00	9.956861020828183584e+00
1.131594999999999906e+00	9.599187996473212081e+00
1.137537999999999938e+00	9.571900379317321850e+00
1.143483999999999945e+00	9.623300434577426898e+00
1.149432999999999927e+00	9.671178766513101266e+00
1.155386000000000024e+00	9.992676885540193510e+00
1.161338999999999899e+00	1.004991178706132793e+01
1.167294000000000054e+00	1.036534367676447843e+01
1.173246999999999929e+00	1.063086016421364199e+01
1.179200000000000026e+00	1.063865021228195218e+01
1.185151999999999983e+00	1.095507607886459667e+01
1.191103000000000023e+00	1.116969226247430136e+01
1.197054000000000062e+00	1.142253324334921594e+01
1.203006000000000020e+00	1.164940393705791877e+01
1.208957999999999977e+00	1.209653492921061790e+01
1.214909999999999934e+00	1.261194568504278735e+01
1.220861999999999892e+00	1.306336796268943701e+01
1.226814000000000071e+00	1.357188429017710263e+01
1.232765000000000111e+00	1.403497872950300973e+01
1.238717000000000068e+00	1.465128555518579212e+01
1.244668000000000108e+00	1.536320388731788000e+01
1.250620000000000065e+00	1.572471398208387861e+01
1.256572000000000022e+00	1.599740101321901342e+01
1.262526000000000037e+00	1.607014705447712544e+01
1.268480000000000052e+00	1.629730338156588942e+01
1.274434000000000067e+00	1.639762910980923749e+01
1.280386000000000024e+00	1.639252891084878172e+01
1.286335999999999924e+00	1.643872698948823086e+01
1.292281999999999931e+00	1.631958686495023159e+01
1.298224999999999962e+00	1.665295182646054784e+01
1.304170000000000051e+00	1.667128143937491558e+01
1.310119999999999951e+00	1.716001232463926129e+01
1.316079999999999917e+00	1.709960977148513450e+01
1.322052999999999923e+00	1.748603082663510122e+01
1.328036999999999912e+00	1.749160456857190837e+01
1.334017000000000008e+00	1.782319481191664323e+01
1.339976000000000056e+00	1.810566417748500712e+01
1.345900000000000096e+00	1.879990171723547832e+01
1.351774000000000031e+00	1.987476352471204066e+01
1.357607000000000008e+00	2.128730617728169605e+01
1.363453000000000026e+00	2.272083787659884635e+01
1.369372000000000034e+00	2.407138743131696756e+01
1.375421999999999922e+00	2.487137826068382296e+01
1.381658999999999970e+00	2.486856549652494053e+01
1.388052000000000064e+00	2.454016492473878941e+01
1.394403000000000059e+00	2.431692103349439193e+01
1.400492999999999988e+00	2.586845845319579240e+01
1.406104999999999938e+00	3.011527079243692384e+01
1.411021999999999998e+00	3.857410586161000765e+01
1.415195999999999898e+00	5.048353093476744391e+01
1.418924000000000074e+00	6.425895197867836828e+01
1.422549999999999981e+00	7.667199312446062720e+01
1.426417000000000046e+00	8.544839307811137985e+01
1.430868000000000029e+00	8.811787795574777249e+01
1.436091000000000006e+00	8.316998412209626679e+01
1.441923000000000066e+00	7.295711598962358835e+01
1.448144000000000098e+00	5.972242210893706016e+01
1.454538000000000109e+00	4.636038428772755537e+01
1.460887000000000047e+00	3.567909914549464645e+01
1.467041999999999957e+00	2.907313383372408921e+01
1.473030999999999979e+00	2.567928942213543309e+01
1.478914000000000062e+00	2.472215969821751003e+01
1.484749000000000096e+00	2.485391764999668851e+01
1.490591999999999917e+00	2.513331658970384552e+01
1.496488000000000040e+00	2.483960141350335604e+01
1.502428000000000097e+00	2.357529998313525965e+01
1.508397999999999906e+00	2.228509811890168990e+01
1.514380999999999977e+00	2.081147066777441879e+01
1.520361999999999991e+00	1.920608947692540269e+01
1.526329999999999965e+00	1.806134982281830403e+01
1.532284999999999897e+00	1.732560101410118492e+01
1.538232999999999961e+00	1.693519544409979005e+01
1.544175999999999993e+00	1.665355359502501997e+01
1.550119999999999942e+00	1.657873497515938155e+01
1.556068000000000007e+00	1.654335662699319798e+01
1.562019000000000046e+00	1.665884194133818497e+01
1.567971999999999921e+00	1.681061991692751434e+01
1.573925999999999936e+00	1.688623628249175113e+01
1.579879999999999951e+00	1.679333281835612723e+01
1.585833000000000048e+00	1.645462912834995706e+01
1.591785000000000005e+00	1.610935927730409389e+01
1.597736999999999963e+00	1.593070265609136449e+01
1.603688000000000002e+00	1.569390443378811284e+01
1.609639000000000042e+00	1.552736722287862037e+01
1.615590999999999999e+00	1.600040633830503367e+01
1.621542999999999957e+00	1.639877071618425575e+01
1.627494999999999914e+00	1.675799577140584518e+01
1.633447000000000093e+00	1.735629879979723711e+01
1.639399000000000051e+00	1.778718304080349455e+01
1.645350000000000090e+00	1.787208286544267111e+01
1.651302000000000048e+00	1.804930109893822987e+01
1.657253000000000087e+00	1.797702189999979794e+01
1.663205000000000044e+00	1.789010420971309046e+01
1.669157999999999920e+00	1.783875288999501763e+01
1.675111999999999934e+00	1.748782009591583630e+01
1.681065999999999949e+00	1.766480792023898516e+01
1.687019000000000046e+00	1.767626383851234806e+01
1.692971000000000004e+00	1.761140081196316842e+01
1.698919000000000068e+00	1.773980876592017708e+01
1.704863000000000017e+00	1.754591255115554915e+01
1.710806999999999967e+00	1.765575362819074812e+01
1.716752999999999973e+00	1.740245288163360726e+01
1.722706999999999988e+00	1.718595409576105126e+01
1.728671999999999986e+00	1.724634990652569755e+01
1.734652000000000083e+00	1.717702397419375515e+01
1.740636000000000072e+00	1.726135449969812541e+01
1.746609000000000078e+00	1.713335100541757683e+01
1.752555000000000085e+00	1.747579068822113513e+01
1.758458000000000077e+00	1.750238798545853314e+01
1.764308999999999905e+00	1.793081324841880075e+01
1.770140999999999964e+00	1.840941294903506886e+01
1.776011999999999924e+00	1.851551882363625978e+01
1.781979999999999897e+00	1.910048028927398889e+01
1.788105000000000055e+00	1.952874943197230806e+01
1.794426999999999994e+00	1.992644356232114689e+01
1.800829000000000013e+00	2.038310784971235989e+01
1.807091999999999921e+00	2.092292505638547695e+01
1.813002000000000002e+00	2.115343666481800966e+01
1.818338000000000010e+00	2.141579475573401581e+01
1.822912000000000088e+00	2.162115883587597409e+01
1.826850000000000085e+00	2.166093637548327777e+01
1.830492000000000008e+00	2.161404143501341935e+01
1.834179999999999922e+00	2.201674365863667759e+01
1.838259000000000087e+00	2.195857600889251771e+01
1.843048000000000020e+00	2.221612517143352505e+01
1.848562000000000038e+00	2.261923437737483411e+01
1.854589999999999961e+00	2.299086578179470308e+01
1.860913000000000039e+00	2.346712658790473327e+01
1.867313999999999918e+00	2.356159064015959714e+01
1.873583999999999916e+00	2.391556071328792399e+01
1.879660000000000108e+00	2.413440375919704906e+01
1.885596000000000050e+00	2.426024515216347055e+01
1.891450999999999993e+00	2.430355194281552755e+01
1.897281999999999913e+00	2.448670835617951269e+01
1.903146999999999922e+00	2.473896393151800055e+01
1.909062999999999954e+00	2.530193039199048854e+01
1.915018000000000109e+00	2.574298997542488365e+01
1.920995999999999926e+00	2.600259052565738216e+01
1.926979999999999915e+00	2.668114588919638308e+01
1.932955999999999896e+00	2.711326189135907327e+01
1.938917999999999919e+00	2.746382926092330123e+01
1.944868999999999959e+00	2.778433982908194011e+01
1.950814000000000048e+00	2.814840291289222662e+01
1.956757999999999997e+00	2.845265712322473206e+01
1.962703000000000086e+00	2.880623005021780614e+01
1.968652000000000069e+00	2.926623376000657828e+01
1.974604000000000026e+00	2.955809119706376720e+01
1.980558000000000041e+00	2.981778335649179468e+01
1.986512000000000056e+00	3.052900410334927273e+01
1.992466000000000070e+00	3.119622787821531062e+01
1.998418000000000028e+00	3.194680970798611597e+01
2.004370000000000207e+00	3.288230198282821704e+01
2.010321999999999942e+00	3.377438564068907567e+01
2.016272999999999982e+00	3.484689043454902446e+01
2.022224000000000022e+00	3.656385089626364504e+01
2.028176000000000201e+00	3.776301714239772167e+01
2.034127999999999936e+00	3.940463031573815300e+01
2.040080000000000116e+00	4.156771701542921704e+01
2.046031999999999851e+00	4.356759010720146819e+01
2.051984000000000030e+00	4.581716922770613820e+01
2.057935000000000070e+00	4.802439720542366075e+01
2.063886999999999805e+00	5.006188478223970151e+01
2.069837999999999845e+00	5.183251969985606422e+01
2.075791000000000164e+00	5.312060995569003552e+01
2.081744000000000039e+00	5.353114568311644916e+01
2.087698000000000054e+00	5.305175105336358143e+01
2.093652000000000069e+00	5.186115071869429727e+01
2.099604999999999944e+00	5.031373904710797262e+01
2.105554999999999843e+00	4.887881802511376605e+01
2.111501000000000072e+00	4.722717756083976326e+01
2.117445000000000022e+00	4.598561612200965953e+01
2.123388999999999971e+00	4.524361530847836832e+01
2.129338000000000175e+00	4.437895566857365992e+01
2.135295999999999861e+00	4.394767162828861728e+01
2.141268000000000171e+00	4.358908333561930704e+01
2.147250999999999799e+00	4.343093041365857232e+01
2.153232000000000035e+00	4.325832486692706169e+01
2.159196000000000115e+00	4.327845402553180776e+01
2.165125000000000188e+00	4.368978172447204145e+01
2.171006000000000213e+00	4.395345163981824754e+01
2.176841000000000026e+00	4.429370743707628577e+01
2.182682999999999929e+00	4.481489804937559995e+01
2.188588999999999896e+00	4.513200900928445236e+01
2.194618000000000180e+00	4.560873375730999868e+01
2.200828000000000007e+00	4.582649130842550989e+01
2.207209999999999894e+00	4.610024462002521517e+01
2.213579000000000185e+00	4.598786824327715550e+01
2.219714999999999883e+00	4.618591247767276542e+01
2.225403000000000020e+00	4.577471730086832480e+01
2.230423000000000044e+00	4.527761193076941026e+01
2.234681000000000139e+00	4.476732208905531962e+01
2.238447999999999993e+00	4.396517391307325795e+01
2.242068000000000172e+00	4.318073617529066865e+01
2.245884000000000214e+00	4.251000132760178474e+01
2.250237999999999960e+00	4.152358309139836479e+01
2.255365999999999982e+00	4.060046986933848956e+01
2.261130000000000084e+00	3.974163942297702334e+01
2.267313000000000134e+00	3.906054726049902825e+01
2.273696000000000161e+00	3.846721883761436089e+01
2.280063999999999869e+00	3.808868726532716664e+01
2.286243999999999943e+00	3.823401698153893591e+01
2.292251999999999956e+00	3.844997825822733262e+01
2.298146000000000022e+00	3.920228468809975908e+01
2.303983000000000114e+00	4.018348103113207515e+01
2.309822000000000042e+00	4.136246952174809621e+01
2.315710999999999853e+00	4.276371135704857807e+01
2.321645999999999876e+00	4.436148787550465045e+01
2.327612999999999932e+00	4.626549201927996791e+01
2.333594999999999864e+00	4.831945544618913857e+01
2.339576999999999796e+00	5.037337985495886983e+01
2.345546999999999827e+00	5.209307171351619559e+01
2.351503999999999817e+00	5.415192004273426818e+01
2.357451999999999881e+00	5.595024532459619593e+01
2.363395999999999830e+00	5.735116703465996579e+01
2.369339000000000084e+00	5.866744054330882818e+01
2.375286000000000008e+00	5.981455389235551223e+01
2.381237000000000048e+00	6.055157230848475081e+01
2.387189999999999923e+00	6.104079577156024072e+01
2.393143999999999938e+00	6.107329439723773845e+01
2.399097999999999953e+00	6.086236836951443507e+01
2.405050999999999828e+00	6.044531861894169822e+01
2.411004000000000147e+00	5.984324417008145502e+01
2.416955999999999882e+00	5.924052753687684003e+01
2.422906999999999922e+00	5.926203203162680921e+01
2.428857999999999961e+00	5.957813225896890685e+01
2.434809000000000001e+00	6.041664371724541382e+01
2.440760000000000041e+00	6.180850075243616715e+01
2.446712000000000220e+00	6.349758424659495404e+01
2.452663999999999955e+00	6.543230078899770774e+01
2.458616999999999830e+00	6.734543976250836295e+01
2.464570999999999845e+00	6.887779542443723813e+01
2.470524999999999860e+00	6.995429580275005321e+01
2.476478000000000179e+00	7.046521825979930043e+01
2.482429999999999914e+00	7.021285808412984863e+01
2.488377999999999979e+00	6.876025074918761959e+01
2.494323000000000068e+00	6.561225000788607531e+01
2.500265999999999877e+00	6.179858996742112254e+01
2.506212000000000106e+00	5.798372740573945805e+01
2.512164999999999981e+00	5.430625148520177703e+01
2.518129000000000062e+00	5.236243952772701249e+01
2.524108000000000018e+00	5.207357037186451976e+01
2.530091999999999786e+00	5.371032863906085453e+01
2.536067000000000071e+00	5.622340100014228881e+01
2.542015999999999831e+00	5.876335503042302832e+01
2.547924000000000078e+00	6.043664815265658063e+01
2.553779000000000021e+00	6.052015246086157418e+01
2.559610000000000163e+00	5.907784093268662673e+01
2.565475000000000172e+00	5.662441922407856509e+01
2.571432000000000162e+00	5.339712331571795545e+01
2.577539999999999942e+00	5.058661138285374648e+01
2.583845999999999865e+00	4.770208604165006250e+01
2.590249000000000024e+00	4.553026223073982237e+01
2.596534000000000120e+00	4.400218303714011370e+01
2.602485000000000159e+00	4.367931558989950958e+01
2.607883000000000173e+00	4.415459128020663826e+01
2.612527000000000044e+00	4.579092171807219103e+01
2.616509000000000196e+00	4.812122269259526774e+01
2.620163999999999938e+00	5.061891993245551902e+01
2.623834000000000000e+00	5.251198630116648758e+01
2.627863000000000060e+00	5.313944682045533341e+01
2.632579999999999920e+00	5.187575493618860634e+01
2.638037000000000187e+00	4.870488613475865947e+01
2.644026000000000209e+00	4.448012104663865074e+01
2.650332000000000132e+00	3.967644967640197251e+01
2.656734000000000151e+00	3.539229171235555782e+01
2.663022999999999918e+00	3.244419899192109114e+01
2.669115000000000126e+00	3.065951830208521756e+01
2.675060999999999911e+00	2.989969671350305092e+01
2.680919999999999970e+00	2.968291998547592669e+01
2.686751000000000111e+00	2.949893776646863586e+01
2.692610999999999866e+00	2.928926106783397643e+01
2.698523999999999923e+00	2.868222453939359795e+01
2.704476000000000102e+00	2.754530498516910697e+01
2.710452000000000083e+00	2.678229431412555783e+01
2.716435999999999851e+00	2.573788154546682350e+01
2.722412999999999972e+00	2.521998569644150123e+01
2.728375999999999912e+00	2.478357172331252301e+01
2.734328000000000092e+00	2.472655717866560110e+01
2.740273999999999877e+00	2.536064214875472800e+01
2.746217000000000130e+00	2.646862817092751285e+01
2.752162000000000219e+00	2.839866957348889898e+01
2.758110999999999979e+00	3.081033457112779317e+01
2.764063000000000159e+00	3.324657150996788602e+01
2.770016000000000034e+00	3.521867734011689066e+01
2.775971000000000188e+00	3.616625059586721846e+01
2.781924000000000063e+00	3.557183793109417991e+01
2.787876999999999938e+00	3.338124113540637694e+01
2.793829000000000118e+00	2.932161492567117378e+01
2.799780999999999853e+00	2.406516751260559062e+01
2.805731999999999893e+00	1.737912699172779085e+01
2.811682999999999932e+00	9.846931207861006285e+00
2.817635000000000112e+00	1.756934488799493099e+00
2.823586999999999847e+00	-6.134283912569103769e+00
2.829539000000000026e+00	-1.287831425295782672e+01
2.835491000000000206e+00	-1.813408048234744285e+01
2.841442999999999941e+00	-2.068033390624878010e+01
2.847395000000000120e+00	-2.024671585480798086e+01
2.853346999999999856e+00	-1.722170014869859145e+01
2.859299000000000035e+00	-1.248590729820894651e+01
2.865251000000000214e+00	-6.684560733570286573e+00
2.871201999999999810e+00	-7.880104411728910963e-02
2.877153999999999989e+00	6.221328696363168653e+00
2.883106000000000169e+00	1.209472328489301418e+01
2.889057999999999904e+00	1.663811994321739718e+01
2.895010000000000083e+00	1.957407234159745002e+01
2.900961999999999819e+00	2.007948952888282790e+01
2.906913999999999998e+00	1.819486162616603053e+01
2.912866000000000177e+00	1.450966732849482277e+01
2.918817999999999913e+00	9.911408081689035754e+00
2.924770000000000092e+00	5.306307243994903722e+00
2.930721000000000132e+00	1.232070642875303879e+00
2.936672999999999867e+00	-8.798338145424006163e-01
2.942625000000000046e+00	-1.869559922309629085e+00
2.948576999999999781e+00	-1.159970966783195001e+00
2.954528999999999961e+00	6.004169055752782702e-01
2.960481000000000140e+00	3.649672959299594677e+00
2.966432999999999875e+00	7.553905362617341801e+00
2.972385000000000055e+00	1.210068423392250558e+01
2.978336999999999790e+00	1.719397350203901453e+01
2.984288999999999970e+00	2.177893756113489587e+01
2.990240000000000009e+00	2.610876760331809621e+01
2.996192000000000188e+00	2.920567404288108548e+01
3.002143999999999924e+00	3.131395584981227387e+01
3.008096000000000103e+00	3.155740761557415297e+01
3.014047999999999838e+00	2.984999955951583672e+01
3.020000000000000018e+00	2.551956394606178335e+01
