1.199999999999999956e-01	-1.665405999999999942e+00
1.249780000000000058e-01	-8.679139999999999633e-01
1.305999999999999939e-01	-2.193879999999999997e-01
1.367059999999999942e-01	2.918270000000000031e-01
1.431360000000000132e-01	6.773860000000000436e-01
1.497320000000000040e-01	9.489440000000000097e-01
1.563350000000000017e-01	1.118155999999999928e+00
1.627850000000000130e-01	1.196676999999999991e+00
1.689219999999999888e-01	1.196163000000000087e+00
1.745889999999999942e-01	1.128268000000000049e+00
1.796250000000000069e-01	1.004647000000000068e+00
1.839349999999999874e-01	8.376329999999999609e-01
1.877439999999999942e-01	6.430160000000000320e-01
1.913779999999999926e-01	4.376840000000000175e-01
1.951660000000000061e-01	2.385269999999999890e-01
1.994340000000000002e-01	6.243499999999999744e-02
2.044499999999999929e-01	-7.614799999999999347e-02
2.101250000000000062e-01	-1.768830000000000124e-01
2.162479999999999958e-01	-2.444820000000000049e-01
2.226049999999999973e-01	-2.836629999999999985e-01
2.289819999999999911e-01	-2.991440000000000210e-01
2.351930000000000132e-01	-2.948839999999999795e-01
2.412249999999999950e-01	-2.698599999999999888e-01
2.471349999999999936e-01	-2.210479999999999945e-01
2.529799999999999827e-01	-1.454179999999999917e-01
2.588170000000000193e-01	-3.994000000000000328e-02
2.646970000000000156e-01	9.664799999999999780e-02
2.706259999999999777e-01	2.524660000000000237e-01
2.765880000000000005e-01	4.097069999999999879e-01
2.825679999999999858e-01	5.505360000000000253e-01
2.885510000000000019e-01	6.571209999999999551e-01
2.945229999999999793e-01	7.130530000000000479e-01
3.004809999999999981e-01	7.140429999999999833e-01
3.064310000000000089e-01	6.619099999999999984e-01
3.123750000000000138e-01	5.585200000000000164e-01
3.183190000000000186e-01	4.057410000000000183e-01
3.242650000000000254e-01	2.070529999999999871e-01
3.302149999999999808e-01	-1.834699999999999873e-02
3.361680000000000224e-01	-2.424169999999999936e-01
3.421210000000000084e-01	-4.370120000000000116e-01
3.480759999999999965e-01	-5.739910000000000290e-01
3.540289999999999826e-01	-6.275830000000000020e-01
3.599809999999999954e-01	-5.986120000000000330e-01
3.659330000000000083e-01	-5.046059999999999990e-01
3.718839999999999923e-01	-3.633480000000000043e-01
3.778360000000000052e-01	-1.926239999999999897e-01
3.837869999999999893e-01	-9.693000000000000227e-03
3.897390000000000021e-01	1.750019999999999909e-01
3.956910000000000149e-01	3.557879999999999932e-01
4.016429999999999723e-01	5.270880000000000010e-01
4.075949999999999851e-01	6.833249999999999602e-01
4.135469999999999979e-01	8.187520000000000353e-01
4.194979999999999820e-01	9.249760000000000204e-01
4.254499999999999948e-01	9.915549999999999642e-01
4.314009999999999789e-01	1.007989999999999942e+00
4.373540000000000205e-01	9.637829999999999453e-01
4.433079999999999798e-01	8.496390000000000331e-01
4.492619999999999947e-01	6.778710000000000013e-01
4.552160000000000095e-01	4.794829999999999925e-01
4.611680000000000224e-01	2.860909999999999842e-01
4.671170000000000044e-01	1.293150000000000133e-01
4.730619999999999825e-01	3.979599999999999804e-02
4.790059999999999873e-01	2.721399999999999861e-02
4.849510000000000209e-01	8.109700000000000242e-02
4.909020000000000050e-01	1.901619999999999977e-01
4.968629999999999991e-01	3.431230000000000113e-01
5.028390000000000359e-01	5.285640000000000338e-01
5.088230000000000253e-01	7.316359999999999530e-01
5.148009999999999531e-01	9.338309999999999667e-01
5.207570000000000254e-01	1.116459000000000090e+00
5.266750000000000043e-01	1.260833000000000093e+00
5.325410000000000421e-01	1.348624999999999963e+00
5.383719999999999617e-01	1.373134000000000077e+00
5.442249999999999588e-01	1.341453000000000007e+00
5.501580000000000359e-01	1.261478000000000099e+00
5.562289999999999734e-01	1.141105000000000036e+00
5.624930000000000208e-01	9.883229999999999515e-01
5.688929999999999820e-01	8.148349999999999760e-01
5.752220000000000111e-01	6.372499999999999831e-01
5.812610000000000277e-01	4.725139999999999896e-01
5.867949999999999555e-01	3.375719999999999832e-01
5.916080000000000227e-01	2.491839999999999888e-01
5.957040000000000113e-01	2.145890000000000020e-01
5.993990000000000151e-01	2.270300000000000096e-01
6.030370000000000452e-01	2.786359999999999948e-01
6.069609999999999728e-01	3.615349999999999953e-01
6.115110000000000268e-01	4.678709999999999813e-01
6.168270000000000142e-01	5.910419999999999563e-01
6.227219999999999978e-01	7.264930000000000554e-01
6.289789999999999548e-01	8.698590000000000488e-01
6.353790000000000271e-01	1.016772999999999927e+00
6.417070000000000274e-01	1.162863999999999898e+00
6.478369999999999962e-01	1.303096000000000032e+00
6.538089999999999735e-01	1.431224999999999969e+00
6.596819999999999906e-01	1.540877000000000052e+00
6.655140000000000500e-01	1.625677999999999956e+00
6.713630000000000431e-01	1.679270999999999958e+00
6.772660000000000347e-01	1.697624999999999940e+00
6.832110000000000127e-01	1.681453000000000086e+00
6.891829999999999901e-01	1.632046000000000108e+00
6.951669999999999794e-01	1.550696999999999992e+00
7.011469999999999647e-01	1.438720999999999917e+00
7.071119999999999628e-01	1.303210999999999897e+00
7.130670000000000064e-01	1.164449999999999985e+00
7.190130000000000132e-01	1.044548000000000032e+00
7.249569999999999625e-01	9.656179999999999763e-01
7.309010000000000229e-01	9.497489999999999544e-01
7.368489999999999762e-01	1.009177999999999908e+00
7.428000000000000158e-01	1.130919000000000008e+00
7.487530000000000019e-01	1.298008000000000051e+00
7.547080000000000455e-01	1.493482999999999894e+00
7.606619999999999493e-01	1.700379000000000085e+00
7.666140000000000176e-01	1.902752999999999917e+00
7.725670000000000037e-01	2.087588000000000221e+00
7.785180000000000433e-01	2.242392000000000163e+00
7.844689999999999719e-01	2.354670000000000041e+00
7.904210000000000402e-01	2.411931000000000047e+00
7.963729999999999976e-01	2.407038000000000011e+00
8.023249999999999549e-01	2.350191999999999837e+00
8.082770000000000232e-01	2.255098999999999965e+00
8.142289999999999806e-01	2.135466999999999782e+00
8.201800000000000201e-01	2.005001000000000033e+00
8.261319999999999775e-01	1.877742000000000022e+00
8.320830000000000171e-01	1.768953999999999915e+00
8.380349999999999744e-01	1.694177000000000044e+00
8.439870000000000427e-01	1.668954999999999966e+00
8.499400000000000288e-01	1.708828999999999931e+00
8.558940000000000436e-01	1.823159999999999892e+00
8.618479999999999475e-01	1.995826000000000100e+00
8.678010000000000446e-01	2.204139000000000070e+00
8.737519999999999731e-01	2.425409000000000148e+00
8.797000000000000375e-01	2.636947999999999848e+00
8.856439999999999868e-01	2.818499999999999783e+00
8.915870000000000184e-01	2.961135000000000073e+00
8.975349999999999717e-01	3.059216000000000157e+00
9.034900000000000153e-01	3.107107000000000063e+00
9.094569999999999599e-01	3.099169999999999980e+00
9.154379999999999740e-01	3.032280000000000086e+00
9.214210000000000456e-01	2.916513000000000133e+00
9.273909999999999654e-01	2.766268000000000171e+00
9.333329999999999682e-01	2.595953000000000177e+00
9.392300000000000093e-01	2.419970000000000176e+00
9.450749999999999984e-01	2.253655999999999882e+00
9.509090000000000042e-01	2.117900999999999812e+00
9.567890000000000006e-01	2.035636999999999919e+00
9.627750000000000474e-01	2.029802999999999802e+00
9.689229999999999787e-01	2.123336999999999808e+00
9.752680000000000238e-01	2.332590000000000163e+00
9.816639999999999810e-01	2.629429000000000016e+00
9.878930000000000211e-01	2.967312999999999867e+00
9.937399999999999567e-01	3.299640999999999824e+00
9.989850000000000119e-01	3.579811999999999994e+00
1.003457999999999961e+00	3.767370000000000108e+00
1.007338000000000067e+00	3.869094000000000033e+00
1.010966000000000031e+00	3.913658999999999999e+00
1.014685999999999977e+00	3.929863999999999802e+00
1.018841000000000108e+00	3.946504000000000012e+00
1.023735000000000062e+00	3.989179000000000030e+00
1.029328999999999938e+00	4.055423000000000222e+00
1.035408000000000106e+00	4.128220999999999918e+00
1.041754000000000069e+00	4.190432000000000379e+00
1.048148999999999997e+00	4.224916999999999589e+00
1.054391999999999996e+00	4.216320999999999763e+00
1.060446000000000000e+00	4.167271999999999643e+00
1.066368999999999900e+00	4.090805999999999720e+00
1.072216999999999976e+00	4.000085000000000335e+00
1.078049000000000035e+00	3.908272000000000190e+00
1.083920999999999912e+00	3.828955999999999804e+00
1.089842999999999895e+00	3.780695999999999835e+00
1.095801999999999943e+00	3.785255999999999954e+00
1.101780999999999899e+00	3.864453000000000138e+00
1.107765000000000111e+00	4.040104999999999613e+00
1.113739999999999952e+00	4.330716999999999928e+00
1.119699999999999918e+00	4.710054000000000407e+00
1.125650000000000039e+00	5.119741999999999571e+00
1.131594999999999906e+00	5.500702000000000425e+00
1.137537999999999938e+00	5.793857000000000035e+00
1.143483999999999945e+00	5.943467000000000056e+00
1.149432999999999927e+00	5.946640999999999622e+00
1.155386000000000024e+00	5.842710000000000292e+00
1.161338999999999899e+00	5.672184999999999810e+00
1.167294000000000054e+00	5.475577999999999612e+00
1.173246999999999929e+00	5.292610999999999954e+00
1.179200000000000026e+00	5.148234000000000421e+00
1.185151999999999983e+00	5.054275999999999769e+00
1.191103000000000023e+00	5.022108000000000239e+00
1.197054000000000062e+00	5.063105000000000189e+00
1.203006000000000020e+00	5.187926000000000037e+00
1.208957999999999977e+00	5.391231000000000328e+00
1.214909999999999934e+00	5.651890999999999998e+00
1.220861999999999892e+00	5.948103999999999836e+00
1.226814000000000071e+00	6.258067999999999742e+00
1.232765000000000111e+00	6.560337999999999781e+00
1.238717000000000068e+00	6.843172000000000033e+00
1.244668000000000108e+00	7.105464999999999698e+00
1.250620000000000065e+00	7.346657999999999689e+00
1.256572000000000022e+00	7.566192000000000029e+00
1.262526000000000037e+00	7.763389000000000095e+00
1.268480000000000052e+00	7.933549000000000184e+00
1.274434000000000067e+00	8.067075000000000884e+00
1.280386000000000024e+00	8.154071000000000069e+00
1.286335999999999924e+00	8.184642999999999446e+00
1.292281999999999931e+00	8.149295999999999651e+00
1.298224999999999962e+00	8.055754999999999555e+00
1.304170000000000051e+00	7.935083999999999804e+00
1.310119999999999951e+00	7.820006000000000235e+00
1.316079999999999917e+00	7.743248000000000353e+00
1.322052999999999923e+00	7.737283999999999828e+00
1.328036999999999912e+00	7.820584000000000202e+00
1.334017000000000008e+00	7.990493999999999986e+00
1.339976000000000056e+00	8.242603000000000790e+00
1.345900000000000096e+00	8.572502999999999318e+00
1.351774000000000031e+00	8.975835000000000008e+00
1.357607000000000008e+00	9.451774000000000342e+00
1.363453000000000026e+00	1.000544999999999973e+01
1.369372000000000034e+00	1.064256100000000060e+01
1.375421999999999922e+00	1.136880700000000033e+01
1.381658999999999970e+00	1.218971799999999917e+01
1.388052000000000064e+00	1.309288300000000049e+01
1.394403000000000059e+00	1.403223000000000020e+01
1.400492999999999988e+00	1.495797999999999917e+01
1.406104999999999938e+00	1.582035199999999975e+01
1.411021999999999998e+00	1.656961099999999831e+01
1.415195999999999898e+00	1.716302800000000062e+01
1.418924000000000074e+00	1.757257299999999844e+01
1.422549999999999981e+00	1.777206500000000133e+01
1.426417000000000046e+00	1.773532399999999853e+01
1.430868000000000029e+00	1.743626099999999823e+01
1.436091000000000006e+00	1.687342200000000147e+01
1.441923000000000066e+00	1.610320099999999854e+01
1.448144000000000098e+00	1.519028800000000068e+01
1.454538000000000109e+00	1.419937400000000061e+01
1.460887000000000047e+00	1.319511999999999929e+01
1.467041999999999957e+00	1.222764600000000002e+01
1.473030999999999979e+00	1.130875799999999920e+01
1.478914000000000062e+00	1.044402200000000036e+01
1.484749000000000096e+00	9.639006999999999437e+00
1.490591999999999917e+00	8.899278999999999940e+00
1.496488000000000040e+00	8.230045999999999751e+00
1.502428000000000097e+00	7.635443000000000424e+00
1.508397999999999906e+00	7.119409000000000098e+00
1.514380999999999977e+00	6.685883999999999716e+00
1.520361999999999991e+00	6.338807000000000080e+00
1.526329999999999965e+00	6.081044999999999590e+00
1.532284999999999897e+00	5.911888000000000254e+00
1.538232999999999961e+00	5.829881000000000313e+00
1.544175999999999993e+00	5.833567000000000391e+00
1.550119999999999942e+00	5.921492999999999896e+00
1.556068000000000007e+00	6.088906999999999847e+00
1.562019000000000046e+00	6.318652000000000157e+00
1.567971999999999921e+00	6.590650000000000119e+00
1.573925999999999936e+00	6.884822999999999915e+00
1.579879999999999951e+00	7.181096000000000146e+00
1.585833000000000048e+00	7.459660000000000402e+00
1.591785000000000005e+00	7.701862000000000208e+00
1.597736999999999963e+00	7.889352999999999838e+00
1.603688000000000002e+00	8.003783999999999565e+00
1.609639000000000042e+00	8.026806000000000552e+00
1.615590999999999999e+00	7.946969000000000172e+00
1.621542999999999957e+00	7.785938999999999943e+00
1.627494999999999914e+00	7.575301999999999758e+00
1.633447000000000093e+00	7.346645999999999788e+00
1.639399000000000051e+00	7.131560000000000343e+00
1.645350000000000090e+00	6.958962999999999788e+00
1.651302000000000048e+00	6.843295000000000350e+00
1.657253000000000087e+00	6.794107000000000340e+00
1.663205000000000044e+00	6.820947000000000315e+00
1.669157999999999920e+00	6.933362999999999943e+00
1.675111999999999934e+00	7.137133999999999645e+00
1.681065999999999949e+00	7.414882999999999669e+00
1.687019000000000046e+00	7.740447999999999773e+00
1.692971000000000004e+00	8.087647000000000475e+00
1.698919000000000068e+00	8.430298999999999765e+00
1.704863000000000017e+00	8.743192999999999770e+00
1.710806999999999967e+00	9.007866999999999180e+00
1.716752999999999973e+00	9.208735000000000781e+00
1.722706999999999988e+00	9.330221999999999127e+00
1.728671999999999986e+00	9.356750999999999152e+00
1.734652000000000083e+00	9.277001999999999526e+00
1.740636000000000072e+00	9.113438000000000372e+00
1.746609000000000078e+00	8.904629999999999157e+00
1.752555000000000085e+00	8.689251000000000502e+00
1.758458000000000077e+00	8.505972999999999118e+00
1.764308999999999905e+00	8.390959000000000501e+00
1.770140999999999964e+00	8.357580000000000453e+00
1.776011999999999924e+00	8.407059999999999533e+00
1.781979999999999897e+00	8.540509000000000128e+00
1.788105000000000055e+00	8.759038000000000324e+00
1.794426999999999994e+00	9.061921999999999144e+00
1.800829000000000013e+00	9.429284000000000887e+00
1.807091999999999921e+00	9.829853999999999203e+00
1.813002000000000002e+00	1.023221400000000081e+01
1.818338000000000010e+00	1.060494199999999942e+01
1.822912000000000088e+00	1.091784600000000083e+01
1.826850000000000085e+00	1.115552899999999958e+01
1.830492000000000008e+00	1.131239799999999995e+01
1.834179999999999922e+00	1.138303699999999985e+01
1.838259000000000087e+00	1.136203000000000074e+01
1.843048000000000020e+00	1.124584800000000051e+01
1.848562000000000038e+00	1.105747900000000072e+01
1.854589999999999961e+00	1.083946899999999935e+01
1.860913000000000039e+00	1.063482199999999978e+01
1.867313999999999918e+00	1.048654100000000078e+01
1.873583999999999916e+00	1.043605200000000011e+01
1.879660000000000108e+00	1.049876100000000001e+01
1.885596000000000050e+00	1.066872399999999921e+01
1.891450999999999993e+00	1.093936700000000073e+01
1.897281999999999913e+00	1.130411600000000050e+01
1.903146999999999922e+00	1.175556899999999949e+01
1.909062999999999954e+00	1.227009499999999953e+01
1.915018000000000109e+00	1.280926900000000046e+01
1.920995999999999926e+00	1.333412200000000070e+01
1.926979999999999915e+00	1.380568799999999996e+01
1.932955999999999896e+00	1.418618799999999958e+01
1.938917999999999919e+00	1.446588999999999992e+01
1.944868999999999959e+00	1.466347599999999929e+01
1.950814000000000048e+00	1.479889400000000066e+01
1.956757999999999997e+00	1.489209100000000063e+01
1.962703000000000086e+00	1.496260700000000021e+01
1.968652000000000069e+00	1.501824000000000048e+01
1.974604000000000026e+00	1.505356800000000028e+01
1.980558000000000041e+00	1.506246200000000002e+01
1.986512000000000056e+00	1.503879500000000036e+01
1.992466000000000070e+00	1.497705999999999982e+01
1.998418000000000028e+00	1.489398300000000042e+01
2.004370000000000207e+00	1.483411399999999958e+01
2.010321999999999942e+00	1.484376299999999915e+01
2.016272999999999982e+00	1.496923899999999996e+01
2.022224000000000022e+00	1.525614999999999988e+01
2.028176000000000201e+00	1.571817700000000073e+01
2.034127999999999936e+00	1.632454299999999847e+01
2.040080000000000116e+00	1.704118599999999972e+01
2.046031999999999851e+00	1.783403799999999961e+01
2.051984000000000030e+00	1.866884900000000158e+01
2.057935000000000070e+00	1.950019599999999897e+01
2.063886999999999805e+00	2.026533900000000088e+01
2.069837999999999845e+00	2.090004899999999921e+01
2.075791000000000164e+00	2.134009800000000112e+01
2.081744000000000039e+00	2.152176199999999895e+01
2.087698000000000054e+00	2.142271799999999971e+01
2.093652000000000069e+00	2.109217699999999951e+01
2.099604999999999944e+00	2.058645299999999878e+01
2.105554999999999843e+00	1.996185900000000046e+01
2.111501000000000072e+00	1.927461100000000016e+01
2.117445000000000022e+00	1.856964400000000026e+01
2.123388999999999971e+00	1.787012800000000112e+01
2.129338000000000175e+00	1.719675600000000060e+01
2.135295999999999861e+00	1.657021999999999906e+01
2.141268000000000171e+00	1.601118999999999915e+01
2.147250999999999799e+00	1.553649599999999964e+01
2.153232000000000035e+00	1.515468500000000063e+01
2.159196000000000115e+00	1.487322499999999970e+01
2.165125000000000188e+00	1.469958500000000079e+01
2.171006000000000213e+00	1.464120300000000086e+01
2.176841000000000026e+00	1.469594400000000078e+01
2.182682999999999929e+00	1.483854000000000006e+01
2.188588999999999896e+00	1.504030000000000022e+01
2.194618000000000180e+00	1.527252999999999972e+01
2.200828000000000007e+00	1.550655300000000025e+01
2.207209999999999894e+00	1.572257899999999964e+01
2.213579000000000185e+00	1.592493100000000084e+01
2.219714999999999883e+00	1.612198300000000017e+01
2.225403000000000020e+00	1.632210699999999903e+01
2.230423000000000044e+00	1.653367799999999832e+01
2.234681000000000139e+00	1.676687700000000092e+01
2.238447999999999993e+00	1.703739799999999960e+01
2.242068000000000172e+00	1.736198399999999964e+01
2.245884000000000214e+00	1.775737799999999922e+01
2.250237999999999960e+00	1.824032300000000006e+01
2.255365999999999982e+00	1.881568199999999891e+01
2.261130000000000084e+00	1.944747500000000073e+01
2.267313000000000134e+00	2.009094899999999839e+01
2.273696000000000161e+00	2.070135000000000147e+01
2.280063999999999869e+00	2.123392300000000077e+01
2.286243999999999943e+00	2.165116599999999991e+01
2.292251999999999956e+00	2.194371999999999900e+01
2.298146000000000022e+00	2.210904999999999987e+01
2.303983000000000114e+00	2.214462199999999825e+01
2.309822000000000042e+00	2.204790099999999953e+01
2.315710999999999853e+00	2.181941499999999934e+01
2.321645999999999876e+00	2.147311499999999995e+01
2.327612999999999932e+00	2.102662400000000176e+01
2.333594999999999864e+00	2.049756400000000056e+01
2.339576999999999796e+00	1.990355900000000133e+01
2.345546999999999827e+00	1.926968700000000112e+01
2.351503999999999817e+00	1.865790799999999905e+01
2.357451999999999881e+00	1.814156900000000050e+01
2.363395999999999830e+00	1.779402199999999823e+01
2.369339000000000084e+00	1.768861800000000173e+01
2.375286000000000008e+00	1.788596899999999934e+01
2.381237000000000048e+00	1.837540999999999869e+01
2.387189999999999923e+00	1.912149399999999844e+01
2.393143999999999938e+00	2.008875000000000099e+01
2.399097999999999953e+00	2.124170700000000167e+01
2.405050999999999828e+00	2.253989899999999835e+01
2.411004000000000147e+00	2.391119499999999931e+01
2.416955999999999882e+00	2.527109199999999944e+01
2.422906999999999922e+00	2.653506000000000142e+01
2.428857999999999961e+00	2.761856699999999876e+01
2.434809000000000001e+00	2.844355600000000095e+01
2.440760000000000041e+00	2.897858799999999846e+01
2.446712000000000220e+00	2.921265199999999851e+01
2.452663999999999955e+00	2.913482300000000080e+01
2.458616999999999830e+00	2.873417500000000047e+01
2.464570999999999845e+00	2.803750600000000048e+01
2.470524999999999860e+00	2.738126099999999852e+01
2.476478000000000179e+00	2.725374599999999958e+01
2.482429999999999914e+00	2.814430899999999980e+01
2.488377999999999979e+00	3.054229899999999986e+01
2.494323000000000068e+00	3.484503000000000128e+01
2.500265999999999877e+00	4.058500500000000244e+01
2.506212000000000106e+00	4.682088999999999857e+01
2.512164999999999981e+00	5.260649699999999740e+01
2.518129000000000062e+00	5.699563899999999705e+01
2.524108000000000018e+00	5.913290899999999795e+01
2.530091999999999786e+00	5.914446999999999832e+01
2.536067000000000071e+00	5.775639499999999771e+01
2.542015999999999831e+00	5.570336100000000101e+01
2.547924000000000078e+00	5.372003999999999735e+01
2.553779000000000021e+00	5.247866799999999898e+01
2.559610000000000163e+00	5.186968000000000245e+01
2.565475000000000172e+00	5.125124199999999774e+01
2.571432000000000162e+00	4.997130599999999845e+01
2.577539999999999942e+00	4.737782599999999888e+01
2.583845999999999865e+00	4.287118900000000110e+01
2.590249000000000024e+00	3.661783700000000152e+01
2.596534000000000120e+00	2.936458599999999919e+01
2.602485000000000159e+00	2.187265500000000173e+01
2.607883000000000173e+00	1.490325900000000026e+01
2.612527000000000044e+00	9.202009999999999579e+00
2.616509000000000196e+00	5.246014999999999873e+00
2.620163999999999938e+00	3.286191999999999780e+00
2.623834000000000000e+00	3.566394999999999982e+00
2.627863000000000060e+00	6.330475999999999992e+00
2.632579999999999920e+00	1.178055900000000022e+01
2.638037000000000187e+00	1.926390699999999967e+01
2.644026000000000209e+00	2.732743100000000069e+01
2.650332000000000132e+00	3.448723199999999878e+01
2.656734000000000151e+00	3.925941000000000258e+01
2.663022999999999918e+00	4.021244599999999991e+01
2.669115000000000126e+00	3.720987300000000175e+01
2.675060999999999911e+00	3.146249399999999952e+01
2.680919999999999970e+00	2.424393799999999999e+01
2.686751000000000111e+00	1.682783900000000088e+01
2.692610999999999866e+00	1.046763499999999958e+01
2.698523999999999923e+00	5.804395999999999667e+00
2.704476000000000102e+00	2.771224000000000132e+00
2.710452000000000083e+00	1.261783000000000099e+00
2.716435999999999851e+00	1.169739000000000084e+00
2.722412999999999972e+00	2.384148999999999852e+00
2.728375999999999912e+00	4.619113999999999720e+00
2.734328000000000092e+00	7.363864999999999661e+00
2.740273999999999877e+00	1.009284000000000070e+01
2.746217000000000130e+00	1.228048199999999923e+01
2.752162000000000219e+00	1.340908400000000000e+01
2.758110999999999979e+00	1.334367699999999957e+01
2.764063000000000159e+00	1.249658600000000064e+01
2.770016000000000034e+00	1.132222400000000029e+01
2.775971000000000188e+00	1.027500500000000017e+01
2.781924000000000063e+00	9.801695000000000491e+00
2.787876999999999938e+00	9.854891999999999541e+00
2.793829000000000118e+00	9.600255000000000649e+00
2.799780999999999853e+00	8.133241999999999194e+00
2.805731999999999893e+00	4.549307999999999907e+00
2.811682999999999932e+00	-2.044595000000000162e+00
2.817635000000000112e+00	-1.151463500000000018e+01
2.823586999999999847e+00	-2.190357099999999946e+01
2.829539000000000026e+00	-3.106670199999999937e+01
2.835491000000000206e+00	-3.685932799999999787e+01
2.841442999999999941e+00	-3.714775399999999905e+01
2.847395000000000120e+00	-3.123611500000000163e+01
2.853346999999999856e+00	-2.127981399999999823e+01
2.859299000000000035e+00	-9.770205999999999946e+00
2.865251000000000214e+00	8.013529999999999820e-01
2.871201999999999810e+00	7.948971000000000231e+00
2.877153999999999989e+00	1.031523299999999921e+01
2.883106000000000169e+00	9.046302999999999983e+00
2.889057999999999904e+00	5.624902999999999764e+00
2.895010000000000083e+00	1.533754999999999979e+00
2.900961999999999819e+00	-1.745713999999999988e+00
2.906913999999999998e+00	-3.208077999999999985e+00
2.912866000000000177e+00	-3.031635000000000080e+00
2.918817999999999913e+00	-1.575588999999999906e+00
2.924770000000000092e+00	8.008570000000000411e-01
2.930721000000000132e+00	3.738548000000000204e+00
2.936672999999999867e+00	6.918637999999999622e+00
2.942625000000000046e+00	1.013485900000000051e+01
2.948576999999999781e+00	1.320044900000000077e+01
2.954528999999999961e+00	1.592864699999999978e+01
2.960481000000000140e+00	1.813271999999999906e+01
2.966432999999999875e+00	1.969531500000000079e+01
2.972385000000000055e+00	2.071718600000000166e+01
2.978336999999999790e+00	2.134183900000000023e+01
2.984288999999999970e+00	2.171277600000000163e+01
2.990240000000000009e+00	2.197350300000000090e+01
2.996192000000000188e+00	2.226752499999999912e+01
3.002143999999999924e+00	2.273834400000000144e+01
3.008096000000000103e+00	2.352946700000000035e+01
3.014047999999999838e+00	2.478439699999999846e+01
3.020000000000000018e+00	2.664663799999999938e+01
