1.199999999999999956e-01	-2.253548661068171199e+00
1.249780000000000058e-01	-1.427311186976604862e+00
1.305999999999999939e-01	-1.952758560588123693e-01
1.367059999999999942e-01	2.883683665895083736e-01
1.431360000000000132e-01	1.061542683061088121e+00
1.497320000000000040e-01	7.986016201450594210e-01
1.563350000000000017e-01	8.058553861187142120e-01
1.627850000000000130e-01	1.520653152953919784e+00
1.689219999999999888e-01	6.564165834798538768e-01
1.745889999999999942e-01	6.953082844537015195e-01
1.796250000000000069e-01	5.007525292968564301e-01
1.839349999999999874e-01	6.002258190162428342e-01
1.877439999999999942e-01	3.036659194409966900e-01
1.913779999999999926e-01	2.152503785995711072e-01
1.951660000000000061e-01	8.233232149489312368e-01
1.994340000000000002e-01	3.726737262460989575e-01
2.044499999999999929e-01	7.131252869698544439e-01
2.101250000000000062e-01	-7.570318245234747279e-02
2.162479999999999958e-01	2.153619665926143067e-02
2.226049999999999973e-01	-5.529422839520353739e-02
2.289819999999999911e-01	-6.462428017970607286e-01
2.351930000000000132e-01	-5.640292014516623542e-02
2.412249999999999950e-01	5.230845338803842282e-01
2.471349999999999936e-01	6.456774924074044630e-01
2.529799999999999827e-01	5.615215638489938765e-01
2.588170000000000193e-01	3.326311007006906295e-01
2.646970000000000156e-01	3.293179394854745534e-01
2.706259999999999777e-01	1.038364885420823613e+00
2.765880000000000005e-01	1.472832219157400813e+00
2.825679999999999858e-01	1.408949252657485163e+00
2.885510000000000019e-01	1.434664246939621135e+00
2.945229999999999793e-01	9.193570024885933112e-01
3.004809999999999981e-01	1.493517562721712988e+00
3.064310000000000089e-01	1.283601258743537255e+00
3.123750000000000138e-01	5.907912782710640354e-01
3.183190000000000186e-01	1.525772036615233196e+00
3.242650000000000254e-01	1.186393023800601521e+00
3.302149999999999808e-01	9.722103036944926835e-01
3.361680000000000224e-01	6.264179180520876855e-01
3.421210000000000084e-01	6.723380271049181900e-01
3.480759999999999965e-01	-3.815020941372279095e-01
3.540289999999999826e-01	3.526614443164243218e-01
3.599809999999999954e-01	4.639918816908886190e-02
3.659330000000000083e-01	-5.081854805825924970e-01
3.718839999999999923e-01	2.379417595675000774e-01
3.778360000000000052e-01	4.133510747991048229e-02
3.837869999999999893e-01	1.284757002160299422e-01
3.897390000000000021e-01	5.548474361376672936e-01
3.956910000000000149e-01	1.031391554617716588e+00
4.016429999999999723e-01	1.328307170389517289e+00
4.075949999999999851e-01	1.063604971156358214e+00
4.135469999999999979e-01	1.180319833844497124e+00
4.194979999999999820e-01	1.368472703526566026e+00
4.254499999999999948e-01	1.500779990474390813e+00
4.314009999999999789e-01	1.434155095033605942e+00
4.373540000000000205e-01	1.126051468973120695e+00
4.433079999999999798e-01	9.457967133327999099e-01
4.492619999999999947e-01	1.620575647069564251e-01
4.552160000000000095e-01	2.368475356119587039e-01
4.611680000000000224e-01	-9.934625484647382487e-01
4.671170000000000044e-01	-4.802004256043421182e-01
4.730619999999999825e-01	2.242792361438972204e-02
4.790059999999999873e-01	-2.288412484860440355e-01
4.849510000000000209e-01	-2.916290755046246908e-01
4.909020000000000050e-01	-1.495931341819292104e-01
4.968629999999999991e-01	2.144245105626821635e-01
5.028390000000000359e-01	1.421565114720726219e+00
5.088230000000000253e-01	1.189392642186704041e+00
5.148009999999999531e-01	1.940811866496633176e+00
5.207570000000000254e-01	9.293594207572093424e-01
5.266750000000000043e-01	2.108115291314858197e+00
5.325410000000000421e-01	2.270342691153904191e+00
5.383719999999999617e-01	1.836532651600247590e+00
5.442249999999999588e-01	1.878674460625480824e+00
5.501580000000000359e-01	1.741399067722501526e+00
5.562289999999999734e-01	2.151284002862244638e+00
5.624930000000000208e-01	1.229724276087309942e+00
5.688929999999999820e-01	1.461231320377745613e+00
5.752220000000000111e-01	1.255948175485051665e+00
5.812610000000000277e-01	1.159701544856465372e+00
5.867949999999999555e-01	3.931974201146211656e-01
5.916080000000000227e-01	5.724530420804163633e-01
5.957040000000000113e-01	6.336667306785286335e-01
5.993990000000000151e-01	7.847903666234412601e-01
6.030370000000000452e-01	8.827946029599280653e-01
6.069609999999999728e-01	6.901030938344145937e-01
6.115110000000000268e-01	7.593692667085910619e-01
6.168270000000000142e-01	1.010141653316227517e+00
6.227219999999999978e-01	5.842359779454524560e-01
6.289789999999999548e-01	1.471187767140693214e+00
6.353790000000000271e-01	1.903365401621165853e+00
6.417070000000000274e-01	1.723852744105964341e+00
6.478369999999999962e-01	2.060494781122047314e+00
6.538089999999999735e-01	2.359338707197743190e+00
6.596819999999999906e-01	2.162838867304023527e+00
6.655140000000000500e-01	1.783597180018752226e+00
6.713630000000000431e-01	2.375170322739811546e+00
6.772660000000000347e-01	2.073662842665319417e+00
6.832110000000000127e-01	1.407617877171032372e+00
6.891829999999999901e-01	1.799367648387410146e+00
6.951669999999999794e-01	2.251222257278723937e+00
7.011469999999999647e-01	7.972865784069977924e-01
7.071119999999999628e-01	1.970258183517022754e+00
7.130670000000000064e-01	7.741008612979589643e-01
7.190130000000000132e-01	1.347705044480792314e+00
7.249569999999999625e-01	1.500628231097478338e+00
7.309010000000000229e-01	1.092600095107630676e+00
7.368489999999999762e-01	1.725337596580933663e+00
7.428000000000000158e-01	1.434228286931602536e+00
7.487530000000000019e-01	1.490127409624705468e+00
7.547080000000000455e-01	1.967990749129763239e+00
7.606619999999999493e-01	2.397679693235331033e+00
7.666140000000000176e-01	2.484538996077638728e+00
7.725670000000000037e-01	2.676243974053013286e+00
7.785180000000000433e-01	2.665939890120398559e+00
7.844689999999999719e-01	2.312764743569951431e+00
7.904210000000000402e-01	2.954832268815086316e+00
7.963729999999999976e-01	2.453290951840819911e+00
8.023249999999999549e-01	2.571533322724560922e+00
8.082770000000000232e-01	2.298555684025076928e+00
8.142289999999999806e-01	2.319745776370634172e+00
8.201800000000000201e-01	2.167273461837071036e+00
8.261319999999999775e-01	1.595981823920991971e+00
8.320830000000000171e-01	1.549264137184096946e+00
8.380349999999999744e-01	2.390834135151640005e+00
8.439870000000000427e-01	1.384314264069828715e+00
8.499400000000000288e-01	1.770936536421345409e+00
8.558940000000000436e-01	2.096466342200749011e+00
8.618479999999999475e-01	1.848355189300038726e+00
8.678010000000000446e-01	2.340629007829180264e+00
8.737519999999999731e-01	2.434073564018164326e+00
8.797000000000000375e-01	2.424909799192794146e+00
8.856439999999999868e-01	2.906334333904278644e+00
8.915870000000000184e-01	3.476852991118328351e+00
8.975349999999999717e-01	3.419147337775477968e+00
9.034900000000000153e-01	3.651354202300266749e+00
9.094569999999999599e-01	3.520440871464477262e+00
9.154379999999999740e-01	4.010206491177721766e+00
9.214210000000000456e-01	3.675802348510727402e+00
9.273909999999999654e-01	3.352326448877264831e+00
9.333329999999999682e-01	3.502998952674934774e+00
9.392300000000000093e-01	2.979134923985063299e+00
9.450749999999999984e-01	3.303898991509857552e+00
9.509090000000000042e-01	3.057056736287847798e+00
9.567890000000000006e-01	3.258025987634664222e+00
9.627750000000000474e-01	2.902049904698492888e+00
9.689229999999999787e-01	2.326546331035609150e+00
9.752680000000000238e-01	3.021269609687487367e+00
9.816639999999999810e-01	3.148978697817518935e+00
9.878930000000000211e-01	3.177437506894654096e+00
9.937399999999999567e-01	3.424298893844915259e+00
9.989850000000000119e-01	3.900574105676201775e+00
1.003457999999999961e+00	4.259312150970240296e+00
1.007338000000000067e+00	4.328734150294343941e+00
1.010966000000000031e+00	4.878042269236057216e+00
1.014685999999999977e+00	4.549862536358952880e+00
1.018841000000000108e+00	5.175230436988923266e+00
1.023735000000000062e+00	4.534997188251828959e+00
1.029328999999999938e+00	3.857613408405375921e+00
1.035408000000000106e+00	4.375080781499157467e+00
1.041754000000000069e+00	4.264633752252798615e+00
1.048148999999999997e+00	4.216205073025484751e+00
1.054391999999999996e+00	4.009020858106259411e+00
1.060446000000000000e+00	4.460829358123191923e+00
1.066368999999999900e+00	3.719698029944678019e+00
1.072216999999999976e+00	3.929216246102562149e+00
1.078049000000000035e+00	4.137135782424290475e+00
1.083920999999999912e+00	4.423198674931224872e+00
1.089842999999999895e+00	4.383138152260597664e+00
1.095801999999999943e+00	4.746102546925332177e+00
1.101780999999999899e+00	5.044222098436276447e+00
1.107765000000000111e+00	4.627061323274446636e+00
1.113739999999999952e+00	5.038433064366759417e+00
1.119699999999999918e+00	5.087332962514341972e+00
1.125650000000000039e+00	5.226451498985226429e+00
1.131594999999999906e+00	6.072395148183673541e+00
1.137537999999999938e+00	5.770801950333400931e+00
1.143483999999999945e+00	6.223014352736885080e+00
1.149432999999999927e+00	6.744964948963048990e+00
1.155386000000000024e+00	6.003033102046707370e+00
1.161338999999999899e+00	5.819265197814687873e+00
1.167294000000000054e+00	6.361932419699748209e+00
1.173246999999999929e+00	6.121173773214903413e+00
1.179200000000000026e+00	6.343248069665746058e+00
1.185151999999999983e+00	6.119734193107596809e+00
1.191103000000000023e+00	5.620754272779674210e+00
1.197054000000000062e+00	6.088899258817939142e+00
1.203006000000000020e+00	6.321914799953803232e+00
1.208957999999999977e+00	6.605730517186918505e+00
1.214909999999999934e+00	7.191776178361761751e+00
1.220861999999999892e+00	7.343769554065000094e+00
1.226814000000000071e+00	7.019832029625078462e+00
1.232765000000000111e+00	6.848821258380186627e+00
1.238717000000000068e+00	8.058996533173166554e+00
1.244668000000000108e+00	8.162962237989146885e+00
1.250620000000000065e+00	8.186337943229847980e+00
1.256572000000000022e+00	8.255242698111485922e+00
1.262526000000000037e+00	8.387726492018153124e+00
1.268480000000000052e+00	8.806774505094081107e+00
1.274434000000000067e+00	8.313436074078449423e+00
1.280386000000000024e+00	8.642178507906205454e+00
1.286335999999999924e+00	8.043690097776039494e+00
1.292281999999999931e+00	8.969749455454920195e+00
1.298224999999999962e+00	8.594444817772689760e+00
1.304170000000000051e+00	8.012794025937168385e+00
1.310119999999999951e+00	8.050127322767412608e+00
1.316079999999999917e+00	8.492370472002420456e+00
1.322052999999999923e+00	8.284925787644516149e+00
1.328036999999999912e+00	8.443755075767011675e+00
1.334017000000000008e+00	8.715156701351943980e+00
1.339976000000000056e+00	8.904017002479315934e+00
1.345900000000000096e+00	8.863020555415500823e+00
1.351774000000000031e+00	9.072584638675442292e+00
1.357607000000000008e+00	9.860246298659918196e+00
1.363453000000000026e+00	1.043064336595308106e+01
1.369372000000000034e+00	1.117621933324233652e+01
1.375421999999999922e+00	1.255234341138895893e+01
1.381658999999999970e+00	1.358682178343425662e+01
1.388052000000000064e+00	1.390417666197526003e+01
1.394403000000000059e+00	1.460381488143890394e+01
1.400492999999999988e+00	1.514652547989193820e+01
1.406104999999999938e+00	1.626899785216265570e+01
1.411021999999999998e+00	1.668610936190191296e+01
1.415195999999999898e+00	1.665819873589746791e+01
1.418924000000000074e+00	1.756537632890232459e+01
1.422549999999999981e+00	1.684866018162380286e+01
1.426417000000000046e+00	1.721994900106919246e+01
1.430868000000000029e+00	1.689472299091466567e+01
1.436091000000000006e+00	1.617942651186484326e+01
1.441923000000000066e+00	1.583332146064599399e+01
1.448144000000000098e+00	1.557849129769646623e+01
1.454538000000000109e+00	1.447046000898772888e+01
1.460887000000000047e+00	1.259083963299415920e+01
1.467041999999999957e+00	1.237482405658173512e+01
1.473030999999999979e+00	1.085893401426628202e+01
1.478914000000000062e+00	1.049642286887686105e+01
1.484749000000000096e+00	9.459545481519953114e+00
1.490591999999999917e+00	8.490357530443764844e+00
1.496488000000000040e+00	8.238704836570935441e+00
1.502428000000000097e+00	7.424968897486944108e+00
1.508397999999999906e+00	6.676322640518892904e+00
1.514380999999999977e+00	7.280248240493627954e+00
1.520361999999999991e+00	5.938277827575271672e+00
1.526329999999999965e+00	5.903420302205786285e+00
1.532284999999999897e+00	5.564593260499294480e+00
1.538232999999999961e+00	5.953380805004577780e+00
1.544175999999999993e+00	6.503673114555827972e+00
1.550119999999999942e+00	6.300999693633468013e+00
1.556068000000000007e+00	6.562320776540561340e+00
1.562019000000000046e+00	7.000488616154868282e+00
1.567971999999999921e+00	7.683112519739258239e+00
1.573925999999999936e+00	7.975564863769358581e+00
1.579879999999999951e+00	7.700894440088417170e+00
1.585833000000000048e+00	8.710595098510943046e+00
1.591785000000000005e+00	8.895633335155519461e+00
1.597736999999999963e+00	8.431820521681128611e+00
1.603688000000000002e+00	7.793240378592408035e+00
1.609639000000000042e+00	8.262726163464730433e+00
1.615590999999999999e+00	8.119776426992588725e+00
1.621542999999999957e+00	7.620519957473447903e+00
1.627494999999999914e+00	7.529446065382899178e+00
1.633447000000000093e+00	7.645223558395028540e+00
1.639399000000000051e+00	6.767986889413022844e+00
1.645350000000000090e+00	7.264000294872745123e+00
1.651302000000000048e+00	7.425492609560592427e+00
1.657253000000000087e+00	7.418700113363610349e+00
1.663205000000000044e+00	7.683937019620713293e+00
1.669157999999999920e+00	7.297042167570127802e+00
1.675111999999999934e+00	8.409947301619865812e+00
1.681065999999999949e+00	8.572391668619520289e+00
1.687019000000000046e+00	8.288474787721707315e+00
1.692971000000000004e+00	9.251965214157193529e+00
1.698919000000000068e+00	9.192081255949057450e+00
1.704863000000000017e+00	9.143197226415075818e+00
1.710806999999999967e+00	9.669979497413802250e+00
1.716752999999999973e+00	9.783312604323020523e+00
1.722706999999999988e+00	1.013073530035744341e+01
1.728671999999999986e+00	9.319833795115565422e+00
1.734652000000000083e+00	9.498799151009039932e+00
1.740636000000000072e+00	8.960988003400695234e+00
1.746609000000000078e+00	8.712895803143767992e+00
1.752555000000000085e+00	8.881353017459874266e+00
1.758458000000000077e+00	8.689503491624828158e+00
1.764308999999999905e+00	8.418147916870726277e+00
1.770140999999999964e+00	8.693998088055501228e+00
1.776011999999999924e+00	8.222467215091148418e+00
1.781979999999999897e+00	8.263996144983030590e+00
1.788105000000000055e+00	8.257528009420703086e+00
1.794426999999999994e+00	8.832889720977730619e+00
1.800829000000000013e+00	8.399435633393528278e+00
1.807091999999999921e+00	8.789850010951646198e+00
1.813002000000000002e+00	9.188330975857136096e+00
1.818338000000000010e+00	9.245419535962682289e+00
1.822912000000000088e+00	9.498535274340317969e+00
1.826850000000000085e+00	9.936399380146031746e+00
1.830492000000000008e+00	9.946293282706314187e+00
1.834179999999999922e+00	9.543245705593331962e+00
1.838259000000000087e+00	9.910996310124099651e+00
1.843048000000000020e+00	9.518353230421892519e+00
1.848562000000000038e+00	1.017700896741654581e+01
1.854589999999999961e+00	1.001308821905612589e+01
1.860913000000000039e+00	9.913035906939425601e+00
1.867313999999999918e+00	9.553283417437661740e+00
1.873583999999999916e+00	9.949412086621022056e+00
1.879660000000000108e+00	1.003117618631235786e+01
1.885596000000000050e+00	9.818995108585770737e+00
1.891450999999999993e+00	1.041789341341120334e+01
1.897281999999999913e+00	1.065115603812858325e+01
1.903146999999999922e+00	1.122877833602545294e+01
1.909062999999999954e+00	1.156252155532266812e+01
1.915018000000000109e+00	1.182190587099425905e+01
1.920995999999999926e+00	1.224904037165180526e+01
1.926979999999999915e+00	1.222329243572401936e+01
1.932955999999999896e+00	1.283065409834729742e+01
1.938917999999999919e+00	1.304223490569777866e+01
1.944868999999999959e+00	1.352511697051765616e+01
1.950814000000000048e+00	1.328579928001273913e+01
1.956757999999999997e+00	1.322080498420775463e+01
1.962703000000000086e+00	1.344998338802567339e+01
1.968652000000000069e+00	1.355007215539732002e+01
1.974604000000000026e+00	1.309978293441776209e+01
1.980558000000000041e+00	1.303338622153273896e+01
1.986512000000000056e+00	1.296677742010931667e+01
1.992466000000000070e+00	1.289416265414314289e+01
1.998418000000000028e+00	1.265216866053519951e+01
2.004370000000000207e+00	1.268345328531045979e+01
2.010321999999999942e+00	1.304973275032915758e+01
2.016272999999999982e+00	1.366925960663801654e+01
2.022224000000000022e+00	1.406659007385546900e+01
2.028176000000000201e+00	1.476164495005434674e+01
2.034127999999999936e+00	1.567558674788883977e+01
2.040080000000000116e+00	1.659190400739647231e+01
2.046031999999999851e+00	1.715199152981123731e+01
2.051984000000000030e+00	1.829802488776267566e+01
2.057935000000000070e+00	1.828284415371147986e+01
2.063886999999999805e+00	1.917349819001044864e+01
2.069837999999999845e+00	1.805071993311993594e+01
2.075791000000000164e+00	1.856359568507662061e+01
2.081744000000000039e+00	1.793769726165854195e+01
2.087698000000000054e+00	1.779624300358117495e+01
2.093652000000000069e+00	1.694449832419864066e+01
2.099604999999999944e+00	1.644865492850653510e+01
2.105554999999999843e+00	1.532462341554553120e+01
2.111501000000000072e+00	1.537079299743571248e+01
2.117445000000000022e+00	1.417564833268176194e+01
2.123388999999999971e+00	1.397165123557284971e+01
2.129338000000000175e+00	1.356476179853860309e+01
2.135295999999999861e+00	1.397028992473526543e+01
2.141268000000000171e+00	1.403584120531773571e+01
2.147250999999999799e+00	1.471503874830807490e+01
2.153232000000000035e+00	1.495358027416964042e+01
2.159196000000000115e+00	1.615347713942113472e+01
2.165125000000000188e+00	1.616779463282752261e+01
2.171006000000000213e+00	1.753293119554029289e+01
2.176841000000000026e+00	1.793261042277232065e+01
2.182682999999999929e+00	1.797575345177805062e+01
2.188588999999999896e+00	1.854351398365518833e+01
2.194618000000000180e+00	1.876776759658153182e+01
2.200828000000000007e+00	1.823537887676873481e+01
2.207209999999999894e+00	1.838307036960793894e+01
2.213579000000000185e+00	1.724071202892184473e+01
2.219714999999999883e+00	1.699698454973418649e+01
2.225403000000000020e+00	1.714404119417597272e+01
2.230423000000000044e+00	1.564139428534350706e+01
2.234681000000000139e+00	1.464122565075292748e+01
2.238447999999999993e+00	1.444307658365516112e+01
2.242068000000000172e+00	1.450597587815101441e+01
2.245884000000000214e+00	1.428542227627019301e+01
2.250237999999999960e+00	1.433040248908219638e+01
2.255365999999999982e+00	1.428680114593076311e+01
2.261130000000000084e+00	1.487140756166899003e+01
2.267313000000000134e+00	1.581148764413463681e+01
2.273696000000000161e+00	1.681682858034934469e+01
2.280063999999999869e+00	1.760700609490977797e+01
2.286243999999999943e+00	1.818840439796782960e+01
2.292251999999999956e+00	1.929590595863963642e+01
2.298146000000000022e+00	2.033476043705535474e+01
2.303983000000000114e+00	2.063925903114544624e+01
2.309822000000000042e+00	2.129807282325322859e+01
2.315710999999999853e+00	2.151870144251925510e+01
2.321645999999999876e+00	2.217509797617133316e+01
2.327612999999999932e+00	2.182531645632864326e+01
2.333594999999999864e+00	2.113533444019734020e+01
2.339576999999999796e+00	2.125548773902655597e+01
2.345546999999999827e+00	2.086492877658895395e+01
2.351503999999999817e+00	2.022491031900619873e+01
2.357451999999999881e+00	2.019106125403491347e+01
2.363395999999999830e+00	1.914375737660832044e+01
2.369339000000000084e+00	1.866726937168361289e+01
2.375286000000000008e+00	1.832062195331182863e+01
2.381237000000000048e+00	1.868628379931597649e+01
2.387189999999999923e+00	1.890678606963189523e+01
2.393143999999999938e+00	1.825885804607496610e+01
2.399097999999999953e+00	1.922433516900522932e+01
2.405050999999999828e+00	2.019889927275100305e+01
2.411004000000000147e+00	2.041572937837377211e+01
2.416955999999999882e+00	2.122653327741553042e+01
2.422906999999999922e+00	2.213439534531382691e+01
2.428857999999999961e+00	2.270311178365530580e+01
2.434809000000000001e+00	2.286321873284848394e+01
2.440760000000000041e+00	2.302119170456612096e+01
2.446712000000000220e+00	2.319914496990519126e+01
2.452663999999999955e+00	2.320523295569812205e+01
2.458616999999999830e+00	2.333289658277455558e+01
2.464570999999999845e+00	2.315245310207806995e+01
2.470524999999999860e+00	2.305459873688387873e+01
2.476478000000000179e+00	2.395615438555394761e+01
2.482429999999999914e+00	2.400218784771202962e+01
2.488377999999999979e+00	2.574113565724095309e+01
2.494323000000000068e+00	2.766917822644275304e+01
2.500265999999999877e+00	3.003454835970303094e+01
2.506212000000000106e+00	3.373546521416152189e+01
2.512164999999999981e+00	3.652254268032495332e+01
2.518129000000000062e+00	3.837321749080485489e+01
2.524108000000000018e+00	3.991011346636186374e+01
2.530091999999999786e+00	4.183564033363872880e+01
2.536067000000000071e+00	4.190813210786227927e+01
2.542015999999999831e+00	4.117310102391476789e+01
2.547924000000000078e+00	4.013826645325143971e+01
2.553779000000000021e+00	3.809097109113722013e+01
2.559610000000000163e+00	3.584133151071188195e+01
2.565475000000000172e+00	3.243799404559947419e+01
2.571432000000000162e+00	2.971214066993551484e+01
2.577539999999999942e+00	2.706101048697625089e+01
2.583845999999999865e+00	2.486000146929931987e+01
2.590249000000000024e+00	2.360221647754822172e+01
2.596534000000000120e+00	2.269100659245432183e+01
2.602485000000000159e+00	2.260761481746770940e+01
2.607883000000000173e+00	2.422632345344328897e+01
2.612527000000000044e+00	2.680907668472776706e+01
2.616509000000000196e+00	3.123856418918009226e+01
2.620163999999999938e+00	3.496665111382694846e+01
2.623834000000000000e+00	3.924549158936147819e+01
2.627863000000000060e+00	4.135011630593172782e+01
2.632579999999999920e+00	4.336766375861193978e+01
2.638037000000000187e+00	4.177862047979824212e+01
2.644026000000000209e+00	4.003172393296674869e+01
2.650332000000000132e+00	3.795655158108252891e+01
2.656734000000000151e+00	3.480098440484301392e+01
2.663022999999999918e+00	3.180762011286793722e+01
2.669115000000000126e+00	2.956842771981251161e+01
2.675060999999999911e+00	2.813558743176179533e+01
2.680919999999999970e+00	2.706323982657365690e+01
2.686751000000000111e+00	2.674751045260722648e+01
2.692610999999999866e+00	2.615463960537396559e+01
2.698523999999999923e+00	2.743585843204748187e+01
2.704476000000000102e+00	2.818414207490471313e+01
2.710452000000000083e+00	2.918013983678131851e+01
2.716435999999999851e+00	2.937597871484542722e+01
2.722412999999999972e+00	3.024269760700703458e+01
2.728375999999999912e+00	2.985439207151055996e+01
2.734328000000000092e+00	2.888983641053798834e+01
2.740273999999999877e+00	2.782488193048095582e+01
2.746217000000000130e+00	2.650954949098439783e+01
2.752162000000000219e+00	2.581297675002429770e+01
2.758110999999999979e+00	2.507601189280492093e+01
2.764063000000000159e+00	2.384861686781652779e+01
2.770016000000000034e+00	2.209768087819455573e+01
2.775971000000000188e+00	1.875895826333367111e+01
2.781924000000000063e+00	1.509780181592240567e+01
2.787876999999999938e+00	8.830272990043901871e+00
2.793829000000000118e+00	3.023155778142304406e+00
2.799780999999999853e+00	-2.681665048706835641e+00
2.805731999999999893e+00	-7.383822831399832864e+00
2.811682999999999932e+00	-8.876811073535643359e+00
2.817635000000000112e+00	-8.305926043124836511e+00
2.823586999999999847e+00	-5.125252165491644973e+00
2.829539000000000026e+00	-1.878750462592962300e+00
2.835491000000000206e+00	1.933329166521116305e+00
2.841442999999999941e+00	4.772506136468376958e+00
2.847395000000000120e+00	6.052065391671415107e+00
2.853346999999999856e+00	6.032987693276822938e+00
2.859299000000000035e+00	5.096914980445697907e+00
2.865251000000000214e+00	5.516082552541216266e+00
2.871201999999999810e+00	6.379850348836417773e+00
2.877153999999999989e+00	7.087150293072379981e+00
2.883106000000000169e+00	9.669854073506288117e+00
2.889057999999999904e+00	1.201432745646218514e+01
2.895010000000000083e+00	1.421670065631922952e+01
2.900961999999999819e+00	1.589666144023143879e+01
2.906913999999999998e+00	1.661095100340508068e+01
2.912866000000000177e+00	1.731897907083236277e+01
2.918817999999999913e+00	1.677526702967502459e+01
2.924770000000000092e+00	1.624083616846405320e+01
2.930721000000000132e+00	1.459142360224911705e+01
2.936672999999999867e+00	1.249515440331383154e+01
2.942625000000000046e+00	9.698929442873046369e+00
2.948576999999999781e+00	7.043734135143255415e+00
2.954528999999999961e+00	4.595120064601821319e+00
2.960481000000000140e+00	1.419687919550735478e+00
2.966432999999999875e+00	-5.876807212411121473e-01
2.972385000000000055e+00	-3.083553492681168073e+00
2.978336999999999790e+00	-3.947876336061588720e+00
2.984288999999999970e+00	-4.078342066503422458e+00
2.990240000000000009e+00	-2.826457427244789766e+00
2.996192000000000188e+00	-5.435184406911125476e-02
3.002143999999999924e+00	4.032685080258877619e+00
3.008096000000000103e+00	1.011889761721658942e+01
3.014047999999999838e+00	1.797156325924074594e+01
3.020000000000000018e+00	2.819009636785851924e+01
