1.199999999999999956e-01	-1.577394251436027517e+00
1.249780000000000058e-01	-8.412943862958017771e-01
1.305999999999999939e-01	-5.705079513544590863e-01
1.367059999999999942e-01	1.245472950769867596e-02
1.431360000000000132e-01	5.975158362537896783e-01
1.497320000000000040e-01	7.962740897950093544e-01
1.563350000000000017e-01	1.152624262964722091e+00
1.627850000000000130e-01	1.560688803415882564e+00
1.689219999999999888e-01	1.686894475925657222e+00
1.745889999999999942e-01	1.708011890643525987e+00
1.796250000000000069e-01	1.589523753917242210e+00
1.839349999999999874e-01	1.290957645725432146e+00
1.877439999999999942e-01	9.871412720887905445e-01
1.913779999999999926e-01	8.754449325487749789e-01
1.951660000000000061e-01	5.713330214775379501e-01
1.994340000000000002e-01	3.575059585527953221e-01
2.044499999999999929e-01	3.167348963580798316e-01
2.101250000000000062e-01	1.346170682632218119e-01
2.162479999999999958e-01	1.302511847623105679e-01
2.226049999999999973e-01	3.907961160849198201e-01
2.289819999999999911e-01	3.413787662195343908e-01
2.351930000000000132e-01	4.299292239583728525e-01
2.412249999999999950e-01	4.360231318343452678e-01
2.471349999999999936e-01	4.645497573213256404e-01
2.529799999999999827e-01	3.838697203590873408e-01
2.588170000000000193e-01	6.525367191833664204e-01
2.646970000000000156e-01	1.064044451515395728e+00
2.706259999999999777e-01	1.539149541895115547e+00
2.765880000000000005e-01	1.941117572259977386e+00
2.825679999999999858e-01	2.282073091451065849e+00
2.885510000000000019e-01	2.218776844528731029e+00
2.945229999999999793e-01	2.260358830022525023e+00
3.004809999999999981e-01	2.007377048273609521e+00
3.064310000000000089e-01	1.561369994800980709e+00
3.123750000000000138e-01	1.022922688247902112e+00
3.183190000000000186e-01	8.248806417775096378e-01
3.242650000000000254e-01	8.238294089503417350e-01
3.302149999999999808e-01	5.818816062357097252e-01
3.361680000000000224e-01	9.560667095131131221e-01
3.421210000000000084e-01	1.074976127372585966e+00
3.480759999999999965e-01	1.402434898075709313e+00
3.540289999999999826e-01	1.192402551608418237e+00
3.599809999999999954e-01	1.166066804524172662e+00
3.659330000000000083e-01	9.972996051960045794e-01
3.718839999999999923e-01	7.455884714042493311e-01
3.778360000000000052e-01	6.786205872756050361e-01
3.837869999999999893e-01	4.889216777058746910e-01
3.897390000000000021e-01	9.426304853505645953e-01
3.956910000000000149e-01	1.375335359462364959e+00
4.016429999999999723e-01	1.572825014595849336e+00
4.075949999999999851e-01	2.115822352628566883e+00
4.135469999999999979e-01	2.165231279520528407e+00
4.194979999999999820e-01	2.434028820890276723e+00
4.254499999999999948e-01	2.402292344769993981e+00
4.314009999999999789e-01	2.414667977041606850e+00
4.373540000000000205e-01	2.223829992040363024e+00
4.433079999999999798e-01	1.739455636506974656e+00
4.492619999999999947e-01	1.383098357998578720e+00
4.552160000000000095e-01	9.946757344112349131e-01
4.611680000000000224e-01	4.959933140411565411e-01
4.671170000000000044e-01	2.436656541334343007e-01
4.730619999999999825e-01	3.631622888128461374e-02
4.790059999999999873e-01	4.164980467647746432e-01
4.849510000000000209e-01	5.461979461341498476e-01
4.909020000000000050e-01	1.173789026909975330e+00
4.968629999999999991e-01	1.504784063381987336e+00
5.028390000000000359e-01	1.840337953319721498e+00
5.088230000000000253e-01	2.254173402201568699e+00
5.148009999999999531e-01	2.438007117623342435e+00
5.207570000000000254e-01	2.370553513962972758e+00
5.266750000000000043e-01	2.632642077664790303e+00
5.325410000000000421e-01	2.802520238456644996e+00
5.383719999999999617e-01	3.056131876217949017e+00
5.442249999999999588e-01	3.391914504917974860e+00
5.501580000000000359e-01	3.430366275893585115e+00
5.562289999999999734e-01	3.067979568171054439e+00
5.624930000000000208e-01	2.820332882152176257e+00
5.688929999999999820e-01	2.356152103695427158e+00
5.752220000000000111e-01	1.567735281910280332e+00
5.812610000000000277e-01	8.629165999383302532e-01
5.867949999999999555e-01	4.991340607810861030e-03
5.916080000000000227e-01	-2.663694248644381535e-01
5.957040000000000113e-01	-4.474933973289775269e-01
5.993990000000000151e-01	-4.128198218344568127e-01
6.030370000000000452e-01	-4.217814889962258063e-01
6.069609999999999728e-01	2.762409662379106123e-01
6.115110000000000268e-01	5.760765775678537981e-01
6.168270000000000142e-01	9.221059655431600444e-01
6.227219999999999978e-01	1.522611657849114675e+00
6.289789999999999548e-01	2.348846534110688555e+00
6.353790000000000271e-01	2.556651197037378864e+00
6.417070000000000274e-01	2.794561301813466514e+00
6.478369999999999962e-01	3.121529467620325349e+00
6.538089999999999735e-01	2.978663573376115536e+00
6.596819999999999906e-01	2.732245258031293034e+00
6.655140000000000500e-01	2.786184623859855325e+00
6.713630000000000431e-01	2.603327371660191236e+00
6.772660000000000347e-01	2.263870265793286318e+00
6.832110000000000127e-01	2.268589818056430563e+00
6.891829999999999901e-01	2.134741016877582886e+00
6.951669999999999794e-01	1.819001744711461033e+00
7.011469999999999647e-01	1.728564448555928390e+00
7.071119999999999628e-01	1.182984740322965855e+00
7.130670000000000064e-01	1.063295332324103892e+00
7.190130000000000132e-01	1.098604501036916536e+00
7.249569999999999625e-01	1.211783343641522848e+00
7.309010000000000229e-01	1.304496783367584678e+00
7.368489999999999762e-01	1.693345882951371228e+00
7.428000000000000158e-01	2.019453094417150485e+00
7.487530000000000019e-01	2.475822821972939014e+00
7.547080000000000455e-01	2.883304351980782609e+00
7.606619999999999493e-01	3.231863424553396147e+00
7.666140000000000176e-01	3.522784493382448812e+00
7.725670000000000037e-01	3.164394139995060584e+00
7.785180000000000433e-01	3.076789043096646914e+00
7.844689999999999719e-01	2.863800830611725967e+00
7.904210000000000402e-01	2.536522591725333786e+00
7.963729999999999976e-01	2.400742632114342801e+00
8.023249999999999549e-01	2.425216847570040635e+00
8.082770000000000232e-01	2.405375122398184740e+00
8.142289999999999806e-01	2.333742392151757272e+00
8.201800000000000201e-01	2.457241804055725787e+00
8.261319999999999775e-01	2.777757213944516579e+00
8.320830000000000171e-01	3.022050115247363777e+00
8.380349999999999744e-01	3.030223505990517818e+00
8.439870000000000427e-01	3.395965795281600474e+00
8.499400000000000288e-01	3.274077095088217870e+00
8.558940000000000436e-01	2.971473063601004938e+00
8.618479999999999475e-01	2.979853726649559054e+00
8.678010000000000446e-01	2.633461872425893358e+00
8.737519999999999731e-01	2.441224307658625747e+00
8.797000000000000375e-01	2.638969857636368044e+00
8.856439999999999868e-01	3.120998536165294546e+00
8.915870000000000184e-01	3.757658461108690950e+00
8.975349999999999717e-01	4.586672657375346240e+00
9.034900000000000153e-01	4.959313912263524138e+00
9.094569999999999599e-01	5.198435899723200748e+00
9.154379999999999740e-01	4.910556019641527215e+00
9.214210000000000456e-01	4.366632513819654449e+00
9.273909999999999654e-01	3.564931175740129632e+00
9.333329999999999682e-01	2.795584450188977055e+00
9.392300000000000093e-01	2.498020267577469422e+00
9.450749999999999984e-01	2.156581769748450839e+00
9.509090000000000042e-01	2.435482668963888209e+00
9.567890000000000006e-01	2.774924732080584988e+00
9.627750000000000474e-01	3.086406996741670294e+00
9.689229999999999787e-01	3.363777504054796363e+00
9.752680000000000238e-01	3.510440650189907696e+00
9.816639999999999810e-01	3.292819937911585448e+00
9.878930000000000211e-01	3.284021850379120533e+00
9.937399999999999567e-01	3.165814715629458931e+00
9.989850000000000119e-01	3.068795408437160255e+00
1.003457999999999961e+00	3.301329682718023850e+00
1.007338000000000067e+00	3.803225526489053987e+00
1.010966000000000031e+00	4.436165335110658248e+00
1.014685999999999977e+00	4.856451549157230652e+00
1.018841000000000108e+00	5.145918198227653839e+00
1.023735000000000062e+00	5.420423712443173336e+00
1.029328999999999938e+00	5.457597456155191651e+00
1.035408000000000106e+00	5.449419377108652540e+00
1.041754000000000069e+00	5.103921219454460534e+00
1.048148999999999997e+00	4.816024059450354500e+00
1.054391999999999996e+00	4.471632422377654237e+00
1.060446000000000000e+00	4.269643094412617579e+00
1.066368999999999900e+00	3.846055436851123943e+00
1.072216999999999976e+00	3.733189920565361586e+00
1.078049000000000035e+00	3.546478661343707817e+00
1.083920999999999912e+00	3.819092570234776218e+00
1.089842999999999895e+00	4.016737328212273361e+00
1.095801999999999943e+00	4.353149137427015702e+00
1.101780999999999899e+00	4.761619971553275654e+00
1.107765000000000111e+00	4.986810841336153821e+00
1.113739999999999952e+00	4.997876535647524321e+00
1.119699999999999918e+00	4.974635711614988409e+00
1.125650000000000039e+00	4.910364633262035206e+00
1.131594999999999906e+00	4.942147582305847386e+00
1.137537999999999938e+00	5.121808468489415844e+00
1.143483999999999945e+00	5.496921609435196920e+00
1.149432999999999927e+00	6.359968374051923057e+00
1.155386000000000024e+00	6.854901571951323547e+00
1.161338999999999899e+00	7.418974659937739524e+00
1.167294000000000054e+00	7.483879689558714077e+00
1.173246999999999929e+00	7.407709255524616232e+00
1.179200000000000026e+00	6.883784103985278513e+00
1.185151999999999983e+00	6.159291916267858547e+00
1.191103000000000023e+00	5.586569734538199050e+00
1.197054000000000062e+00	5.071522868288024455e+00
1.203006000000000020e+00	4.885968115145400859e+00
1.208957999999999977e+00	5.345311237969383455e+00
1.214909999999999934e+00	5.626789568798798769e+00
1.220861999999999892e+00	6.191063452851728321e+00
1.226814000000000071e+00	6.879276636070032147e+00
1.232765000000000111e+00	6.916062786521514738e+00
1.238717000000000068e+00	7.120239817220118006e+00
1.244668000000000108e+00	7.092333760632077322e+00
1.250620000000000065e+00	6.942103653309735556e+00
1.256572000000000022e+00	6.703536014874279303e+00
1.262526000000000037e+00	7.075358047549463514e+00
1.268480000000000052e+00	7.017761046269417768e+00
1.274434000000000067e+00	7.610412054993488162e+00
1.280386000000000024e+00	7.961905470909104388e+00
1.286335999999999924e+00	8.150516228306234012e+00
1.292281999999999931e+00	8.612832720514234097e+00
1.298224999999999962e+00	8.745257257890910907e+00
1.304170000000000051e+00	8.868519539797304674e+00
1.310119999999999951e+00	8.953853667921949366e+00
1.316079999999999917e+00	8.873348750917580574e+00
1.322052999999999923e+00	8.792855605798763463e+00
1.328036999999999912e+00	8.751102883506414187e+00
1.334017000000000008e+00	8.664305387185443408e+00
1.339976000000000056e+00	9.013013870068173006e+00
1.345900000000000096e+00	8.928465240181342466e+00
1.351774000000000031e+00	9.343983551796327447e+00
1.357607000000000008e+00	1.004954266064177837e+01
1.363453000000000026e+00	1.085583921387939021e+01
1.369372000000000034e+00	1.174689968924834105e+01
1.375421999999999922e+00	1.256343453274348043e+01
1.381658999999999970e+00	1.340246849832385756e+01
1.388052000000000064e+00	1.433349600723816231e+01
1.394403000000000059e+00	1.535779485551581303e+01
1.400492999999999988e+00	1.602322847800353145e+01
1.406104999999999938e+00	1.679498661308266705e+01
1.411021999999999998e+00	1.728011372230221454e+01
1.415195999999999898e+00	1.752984130836430055e+01
1.418924000000000074e+00	1.753154828336649018e+01
1.422549999999999981e+00	1.758908540043060853e+01
1.426417000000000046e+00	1.720805985039457298e+01
1.430868000000000029e+00	1.685249439057617593e+01
1.436091000000000006e+00	1.653344092702630164e+01
1.441923000000000066e+00	1.577576783250622050e+01
1.448144000000000098e+00	1.523606844376990921e+01
1.454538000000000109e+00	1.464201426958901209e+01
1.460887000000000047e+00	1.408189295461225932e+01
1.467041999999999957e+00	1.303034008480082306e+01
1.473030999999999979e+00	1.219663173649660237e+01
1.478914000000000062e+00	1.146411173694224139e+01
1.484749000000000096e+00	1.049186921628582425e+01
1.490591999999999917e+00	9.523743910466315299e+00
1.496488000000000040e+00	8.644751807225537377e+00
1.502428000000000097e+00	7.804049054248538120e+00
1.508397999999999906e+00	6.974543311035279913e+00
1.514380999999999977e+00	6.384284033032814776e+00
1.520361999999999991e+00	5.979124575562050126e+00
1.526329999999999965e+00	6.082298942525021346e+00
1.532284999999999897e+00	6.192303364367153229e+00
1.538232999999999961e+00	6.528686472262702267e+00
1.544175999999999993e+00	6.592970664598243324e+00
1.550119999999999942e+00	6.782249138003144218e+00
1.556068000000000007e+00	6.835750614830959471e+00
1.562019000000000046e+00	6.469339337642370680e+00
1.567971999999999921e+00	6.348404496786835161e+00
1.573925999999999936e+00	6.177235897129544462e+00
1.579879999999999951e+00	6.411507847225895063e+00
1.585833000000000048e+00	6.739566636170976288e+00
1.591785000000000005e+00	6.996685831224518815e+00
1.597736999999999963e+00	7.607024671626906098e+00
1.603688000000000002e+00	7.812919368396396003e+00
1.609639000000000042e+00	8.338857184660348310e+00
1.615590999999999999e+00	8.445592309652393936e+00
1.621542999999999957e+00	8.710412340923912922e+00
1.627494999999999914e+00	8.320739496502167043e+00
1.633447000000000093e+00	8.160165892903517459e+00
1.639399000000000051e+00	7.762694009026021469e+00
1.645350000000000090e+00	7.478147072856202726e+00
1.651302000000000048e+00	7.074093186836729608e+00
1.657253000000000087e+00	6.941713692259797064e+00
1.663205000000000044e+00	6.706303265960812610e+00
1.669157999999999920e+00	6.951288886909165576e+00
1.675111999999999934e+00	7.364337108940027576e+00
1.681065999999999949e+00	7.978839691744613383e+00
1.687019000000000046e+00	8.560667681765444570e+00
1.692971000000000004e+00	9.534713997920455597e+00
1.698919000000000068e+00	9.676975799630969988e+00
1.704863000000000017e+00	9.914435713076377610e+00
1.710806999999999967e+00	9.771271779950248870e+00
1.716752999999999973e+00	9.590284836158804893e+00
1.722706999999999988e+00	9.288224291083562179e+00
1.728671999999999986e+00	9.195494858865393084e+00
1.734652000000000083e+00	8.938612692900344214e+00
1.740636000000000072e+00	8.945216830768062621e+00
1.746609000000000078e+00	8.872083126649833673e+00
1.752555000000000085e+00	9.037045367840418564e+00
1.758458000000000077e+00	9.443964581812972270e+00
1.764308999999999905e+00	9.532019923863142452e+00
1.770140999999999964e+00	9.918359651463935833e+00
1.776011999999999924e+00	9.774059213772716248e+00
1.781979999999999897e+00	1.017205302492373065e+01
1.788105000000000055e+00	1.019912895055033708e+01
1.794426999999999994e+00	9.929518461453573863e+00
1.800829000000000013e+00	1.001471296575928172e+01
1.807091999999999921e+00	9.947443964752300971e+00
1.813002000000000002e+00	9.848846814218418899e+00
1.818338000000000010e+00	9.832450471270750114e+00
1.822912000000000088e+00	9.510326722113321196e+00
1.826850000000000085e+00	9.674972088983324170e+00
1.830492000000000008e+00	9.480385453860710854e+00
1.834179999999999922e+00	9.289518563687838792e+00
1.838259000000000087e+00	9.302387832653337796e+00
1.843048000000000020e+00	8.947701980509604525e+00
1.848562000000000038e+00	8.720227800990542733e+00
1.854589999999999961e+00	8.636297837462722171e+00
1.860913000000000039e+00	8.713438599756189618e+00
1.867313999999999918e+00	8.937659616293245790e+00
1.873583999999999916e+00	9.231710434786858599e+00
1.879660000000000108e+00	9.771026892625492621e+00
1.885596000000000050e+00	1.064282570479585921e+01
1.891450999999999993e+00	1.123011300917462307e+01
1.897281999999999913e+00	1.208286494457019522e+01
1.903146999999999922e+00	1.241891064256363642e+01
1.909062999999999954e+00	1.309240261691750895e+01
1.915018000000000109e+00	1.295811020801960822e+01
1.920995999999999926e+00	1.315761530208086327e+01
1.926979999999999915e+00	1.331997965377588677e+01
1.932955999999999896e+00	1.352988276896626374e+01
1.938917999999999919e+00	1.350632697191644027e+01
1.944868999999999959e+00	1.376069455545019693e+01
1.950814000000000048e+00	1.372953616458551451e+01
1.956757999999999997e+00	1.337915974050656231e+01
1.962703000000000086e+00	1.361535288102137109e+01
1.968652000000000069e+00	1.327422435473880569e+01
1.974604000000000026e+00	1.290896541712998236e+01
1.980558000000000041e+00	1.292267525264574601e+01
1.986512000000000056e+00	1.280002609143792469e+01
1.992466000000000070e+00	1.272346242191779986e+01
1.998418000000000028e+00	1.271134864535802222e+01
2.004370000000000207e+00	1.319180966245723319e+01
2.010321999999999942e+00	1.363844705045405625e+01
2.016272999999999982e+00	1.405668773986707265e+01
2.022224000000000022e+00	1.476584293610590493e+01
2.028176000000000201e+00	1.567740849022651517e+01
2.034127999999999936e+00	1.672121550393575973e+01
2.040080000000000116e+00	1.760169326779086063e+01
2.046031999999999851e+00	1.846256603685403874e+01
2.051984000000000030e+00	1.924770659573187004e+01
2.057935000000000070e+00	1.953510088686945778e+01
2.063886999999999805e+00	1.984527893505331519e+01
2.069837999999999845e+00	2.016983418559074792e+01
2.075791000000000164e+00	1.996006078363422276e+01
2.081744000000000039e+00	1.931124231555459403e+01
2.087698000000000054e+00	1.841742043876284285e+01
2.093652000000000069e+00	1.757645693112732133e+01
2.099604999999999944e+00	1.635121562044706067e+01
2.105554999999999843e+00	1.578198993514577175e+01
2.111501000000000072e+00	1.467700620576636794e+01
2.117445000000000022e+00	1.399410277084713705e+01
2.123388999999999971e+00	1.339656937756263488e+01
2.129338000000000175e+00	1.321604642447715605e+01
2.135295999999999861e+00	1.303824301976596090e+01
2.141268000000000171e+00	1.361073293622897395e+01
2.147250999999999799e+00	1.399199249254596644e+01
2.153232000000000035e+00	1.455000211912217090e+01
2.159196000000000115e+00	1.517926889290733072e+01
2.165125000000000188e+00	1.606605860886740089e+01
2.171006000000000213e+00	1.682242508638713474e+01
2.176841000000000026e+00	1.746645608567120433e+01
2.182682999999999929e+00	1.830193238399381883e+01
2.188588999999999896e+00	1.888424586055372956e+01
2.194618000000000180e+00	1.896655739088375370e+01
2.200828000000000007e+00	1.923696709000039462e+01
2.207209999999999894e+00	1.898290360811542499e+01
2.213579000000000185e+00	1.831284103319382339e+01
2.219714999999999883e+00	1.734665341449125719e+01
2.225403000000000020e+00	1.650431501946436086e+01
2.230423000000000044e+00	1.598812721160423855e+01
2.234681000000000139e+00	1.546619008730685429e+01
2.238447999999999993e+00	1.515076269686293386e+01
2.242068000000000172e+00	1.488814385754989900e+01
2.245884000000000214e+00	1.481905124588235267e+01
2.250237999999999960e+00	1.476480357574559399e+01
2.255365999999999982e+00	1.506265777758845559e+01
2.261130000000000084e+00	1.563898620785921167e+01
2.267313000000000134e+00	1.643116008753368718e+01
2.273696000000000161e+00	1.724325580562128124e+01
2.280063999999999869e+00	1.836041174809466270e+01
2.286243999999999943e+00	1.945803794998830227e+01
2.292251999999999956e+00	2.058884759945724596e+01
2.298146000000000022e+00	2.150556646880944811e+01
2.303983000000000114e+00	2.256699361142954174e+01
2.309822000000000042e+00	2.316326583032276787e+01
2.315710999999999853e+00	2.319150921200028392e+01
2.321645999999999876e+00	2.327236640381282839e+01
2.327612999999999932e+00	2.288711075448247101e+01
2.333594999999999864e+00	2.241279945099000415e+01
2.339576999999999796e+00	2.203380819164749482e+01
2.345546999999999827e+00	2.145267291683978428e+01
2.351503999999999817e+00	2.127498038018049442e+01
2.357451999999999881e+00	2.063844966109057921e+01
2.363395999999999830e+00	2.031984976056952519e+01
2.369339000000000084e+00	2.005485314576978695e+01
2.375286000000000008e+00	1.980413126104187072e+01
2.381237000000000048e+00	1.984074671387397615e+01
2.387189999999999923e+00	1.956278403506766139e+01
2.393143999999999938e+00	1.981407626926267085e+01
2.399097999999999953e+00	1.981676760961354589e+01
2.405050999999999828e+00	2.009111318083469300e+01
2.411004000000000147e+00	2.051995076518621985e+01
2.416955999999999882e+00	2.097169526483540380e+01
2.422906999999999922e+00	2.145212147719731277e+01
2.428857999999999961e+00	2.165528136684400806e+01
2.434809000000000001e+00	2.209005093198909364e+01
2.440760000000000041e+00	2.226196898008080183e+01
2.446712000000000220e+00	2.239864914980049448e+01
2.452663999999999955e+00	2.226419833078816168e+01
2.458616999999999830e+00	2.201664513392715250e+01
2.464570999999999845e+00	2.156215293729827920e+01
2.470524999999999860e+00	2.129590302977052474e+01
2.476478000000000179e+00	2.114019989360844676e+01
2.482429999999999914e+00	2.172637389404491515e+01
2.488377999999999979e+00	2.265645242806604642e+01
2.494323000000000068e+00	2.444370935858007599e+01
2.500265999999999877e+00	2.730227964436444665e+01
2.506212000000000106e+00	3.039088461698034394e+01
2.512164999999999981e+00	3.334169744368317367e+01
2.518129000000000062e+00	3.565956274576474527e+01
2.524108000000000018e+00	3.766299497276695263e+01
2.530091999999999786e+00	3.876654445010649397e+01
2.536067000000000071e+00	3.876567793882980340e+01
2.542015999999999831e+00	3.825798919581618662e+01
2.547924000000000078e+00	3.663478467187454868e+01
2.553779000000000021e+00	3.447946818892545906e+01
2.559610000000000163e+00	3.169936962867055286e+01
2.565475000000000172e+00	2.857227751014697148e+01
2.571432000000000162e+00	2.489260966353800697e+01
2.577539999999999942e+00	2.162290646675787187e+01
2.583845999999999865e+00	1.863461837709516544e+01
2.590249000000000024e+00	1.616977060512795461e+01
2.596534000000000120e+00	1.450742783147777182e+01
2.602485000000000159e+00	1.380082506929884190e+01
2.607883000000000173e+00	1.437226033629151267e+01
2.612527000000000044e+00	1.642231871082742245e+01
2.616509000000000196e+00	1.926992192622459044e+01
2.620163999999999938e+00	2.328551874715121528e+01
2.623834000000000000e+00	2.686385025409727945e+01
2.627863000000000060e+00	2.969036847356941422e+01
2.632579999999999920e+00	3.121993722001898774e+01
2.638037000000000187e+00	3.143022469181737222e+01
2.644026000000000209e+00	3.058812124252215625e+01
2.650332000000000132e+00	2.847449041193562280e+01
2.656734000000000151e+00	2.617394214598717284e+01
2.663022999999999918e+00	2.356037382553448012e+01
2.669115000000000126e+00	2.096162656487482678e+01
2.675060999999999911e+00	1.834816655184915390e+01
2.680919999999999970e+00	1.607376185852383443e+01
2.686751000000000111e+00	1.421837242016082747e+01
2.692610999999999866e+00	1.260577909924375994e+01
2.698523999999999923e+00	1.155716745717024985e+01
2.704476000000000102e+00	1.095276666724776327e+01
2.710452000000000083e+00	1.094843576474659308e+01
2.716435999999999851e+00	1.112272261192799760e+01
2.722412999999999972e+00	1.165386653340675238e+01
2.728375999999999912e+00	1.254954110857073779e+01
2.734328000000000092e+00	1.331536799066746468e+01
2.740273999999999877e+00	1.425468011583169847e+01
2.746217000000000130e+00	1.509672207996634974e+01
2.752162000000000219e+00	1.569119444922627871e+01
2.758110999999999979e+00	1.613265200597689741e+01
2.764063000000000159e+00	1.635807386241021533e+01
2.770016000000000034e+00	1.646766780709469913e+01
2.775971000000000188e+00	1.648232776010960166e+01
2.781924000000000063e+00	1.696212732053088601e+01
2.787876999999999938e+00	1.700837843048321574e+01
2.793829000000000118e+00	1.613566484126549838e+01
2.799780999999999853e+00	1.321622233278839076e+01
2.805731999999999893e+00	7.911347529749716223e+00
2.811682999999999932e+00	-9.362480602648759476e-01
2.817635000000000112e+00	-1.289805308186351063e+01
2.823586999999999847e+00	-2.601612982802826934e+01
2.829539000000000026e+00	-3.750018069230605988e+01
2.835491000000000206e+00	-4.526496757059244658e+01
2.841442999999999941e+00	-4.674667556029029925e+01
2.847395000000000120e+00	-4.084541722441071698e+01
2.853346999999999856e+00	-3.023159461855816232e+01
2.859299000000000035e+00	-1.701957274140422172e+01
2.865251000000000214e+00	-3.773746503504880945e+00
2.871201999999999810e+00	6.622245192486214904e+00
2.877153999999999989e+00	1.328565843987467154e+01
2.883106000000000169e+00	1.659818592125852277e+01
2.889057999999999904e+00	1.740275664384758159e+01
2.895010000000000083e+00	1.680586083832197630e+01
2.900961999999999819e+00	1.586682418256772031e+01
2.906913999999999998e+00	1.502212918508086403e+01
2.912866000000000177e+00	1.448004338188612650e+01
2.918817999999999913e+00	1.404215164817196460e+01
2.924770000000000092e+00	1.317285689215263922e+01
2.930721000000000132e+00	1.182406201188689110e+01
2.936672999999999867e+00	1.024109292922656778e+01
2.942625000000000046e+00	8.049719143406212751e+00
2.948576999999999781e+00	6.085496369920749160e+00
2.954528999999999961e+00	4.122928546898253721e+00
2.960481000000000140e+00	3.333477688600291700e+00
2.966432999999999875e+00	3.119515911630401650e+00
2.972385000000000055e+00	3.571571820374284112e+00
2.978336999999999790e+00	4.815438691076002087e+00
2.984288999999999970e+00	6.940527393926840816e+00
2.990240000000000009e+00	9.603706127046514496e+00
2.996192000000000188e+00	1.300435773885165602e+01
3.002143999999999924e+00	1.681856287688190932e+01
3.008096000000000103e+00	2.115380278714155438e+01
3.014047999999999838e+00	2.599630917598656055e+01
3.020000000000000018e+00	3.116070265918290971e+01
