1.199999999999999956e-01	7.452330115491744289e-01
1.249780000000000058e-01	1.191611193189629159e+00
1.305999999999999939e-01	1.360884579657245519e+00
1.367059999999999942e-01	1.343351015874870491e+00
1.431360000000000132e-01	1.902274814477050491e+00
1.497320000000000040e-01	2.296255206625588130e+00
1.563350000000000017e-01	2.695644179221225567e+00
1.627850000000000130e-01	2.708130065590079738e+00
1.689219999999999888e-01	2.969034143949199844e+00
1.745889999999999942e-01	2.880437705092208311e+00
1.796250000000000069e-01	2.592533475395062403e+00
1.839349999999999874e-01	2.798861732346853870e+00
1.877439999999999942e-01	2.336629375483108451e+00
1.913779999999999926e-01	2.510261857075202663e+00
1.951660000000000061e-01	2.198481650627038153e+00
1.994340000000000002e-01	1.700646892979717162e+00
2.044499999999999929e-01	1.058350983484415142e+00
2.101250000000000062e-01	1.862085326047451694e+00
2.162479999999999958e-01	1.190057738351012251e+00
2.226049999999999973e-01	1.581787784851436118e+00
2.289819999999999911e-01	1.792363767520566586e+00
2.351930000000000132e-01	1.763389809243470108e+00
2.412249999999999950e-01	2.334787136460237278e+00
2.471349999999999936e-01	2.526815899973192447e+00
2.529799999999999827e-01	2.225758121073662998e+00
2.588170000000000193e-01	2.633831310570082795e+00
2.646970000000000156e-01	2.548018558367999287e+00
2.706259999999999777e-01	2.722085595297291327e+00
2.765880000000000005e-01	2.443057005432573980e+00
2.825679999999999858e-01	2.429146125366097753e+00
2.885510000000000019e-01	2.265073840510625658e+00
2.945229999999999793e-01	2.336758839928703146e+00
3.004809999999999981e-01	2.503846572122727654e+00
3.064310000000000089e-01	2.580020772832695819e+00
3.123750000000000138e-01	2.887379492464023922e+00
3.183190000000000186e-01	2.776908270251173594e+00
3.242650000000000254e-01	2.883491463684119793e+00
3.302149999999999808e-01	2.867663514485308873e+00
3.361680000000000224e-01	3.255577946809540713e+00
3.421210000000000084e-01	2.631463534592940245e+00
3.480759999999999965e-01	2.719489946959363635e+00
3.540289999999999826e-01	2.650646263608376074e+00
3.599809999999999954e-01	2.665669849570348582e+00
3.659330000000000083e-01	2.162689670518884277e+00
3.718839999999999923e-01	2.615186996683634302e+00
3.778360000000000052e-01	2.395985420595404758e+00
3.837869999999999893e-01	2.423138955582229581e+00
3.897390000000000021e-01	2.815508334288046033e+00
3.956910000000000149e-01	2.755883390438355729e+00
4.016429999999999723e-01	3.031826260242036053e+00
4.075949999999999851e-01	3.387461473086233354e+00
4.135469999999999979e-01	3.463582836645424212e+00
4.194979999999999820e-01	3.739068615904468373e+00
4.254499999999999948e-01	3.542379669644273754e+00
4.314009999999999789e-01	3.324074785507115770e+00
4.373540000000000205e-01	3.768141208456631475e+00
4.433079999999999798e-01	3.719618740749759844e+00
4.492619999999999947e-01	3.690858931570830670e+00
4.552160000000000095e-01	3.818980738848847700e+00
4.611680000000000224e-01	3.576243399660072875e+00
4.671170000000000044e-01	3.317866071263753991e+00
4.730619999999999825e-01	3.443514411547834886e+00
4.790059999999999873e-01	3.237156212496240748e+00
4.849510000000000209e-01	3.290353362449415897e+00
4.909020000000000050e-01	3.348623323577172073e+00
4.968629999999999991e-01	2.958482430427844090e+00
5.028390000000000359e-01	3.276650012423900638e+00
5.088230000000000253e-01	2.818428361692527417e+00
5.148009999999999531e-01	3.319089295150104757e+00
5.207570000000000254e-01	3.115200854409208020e+00
5.266750000000000043e-01	3.151624134853070025e+00
5.325410000000000421e-01	3.241120580533520368e+00
5.383719999999999617e-01	3.540380556141297763e+00
5.442249999999999588e-01	3.567821627931376138e+00
5.501580000000000359e-01	3.739725431733829542e+00
5.562289999999999734e-01	3.980955944694480220e+00
5.624930000000000208e-01	3.876527508335296357e+00
5.688929999999999820e-01	4.458964285417325257e+00
5.752220000000000111e-01	4.222450106421944405e+00
5.812610000000000277e-01	4.029137193051388621e+00
5.867949999999999555e-01	4.090591024680054311e+00
5.916080000000000227e-01	4.321509024682838707e+00
5.957040000000000113e-01	4.069374526472943288e+00
5.993990000000000151e-01	4.260177529223495796e+00
6.030370000000000452e-01	4.225953191062721714e+00
6.069609999999999728e-01	4.410642684472070307e+00
6.115110000000000268e-01	4.413852475431497169e+00
6.168270000000000142e-01	4.638248176885884533e+00
6.227219999999999978e-01	4.297202938404068639e+00
6.289789999999999548e-01	4.700211763717031310e+00
6.353790000000000271e-01	4.689500775923361786e+00
6.417070000000000274e-01	4.428607956751508645e+00
6.478369999999999962e-01	4.239659776990480466e+00
6.538089999999999735e-01	4.366237521200940996e+00
6.596819999999999906e-01	4.074373646099631152e+00
6.655140000000000500e-01	4.058097232195393644e+00
6.713630000000000431e-01	4.152872364719256915e+00
6.772660000000000347e-01	4.523209887099161719e+00
6.832110000000000127e-01	5.140881653983608857e+00
6.891829999999999901e-01	4.938698184846737504e+00
6.951669999999999794e-01	5.248662303452319655e+00
7.011469999999999647e-01	5.461469914436525741e+00
7.071119999999999628e-01	5.220701435435923798e+00
7.130670000000000064e-01	4.789729524867906818e+00
7.190130000000000132e-01	5.482377992328731686e+00
7.249569999999999625e-01	4.932645938032798050e+00
7.309010000000000229e-01	4.655075894160313865e+00
7.368489999999999762e-01	4.339054078530361735e+00
7.428000000000000158e-01	3.972324720359886374e+00
7.487530000000000019e-01	4.343291046777682851e+00
7.547080000000000455e-01	4.352418315832066398e+00
7.606619999999999493e-01	4.749709889788516826e+00
7.666140000000000176e-01	4.727083384903674634e+00
7.725670000000000037e-01	4.520973557330834502e+00
7.785180000000000433e-01	4.772623549551102684e+00
7.844689999999999719e-01	5.113915912769303240e+00
7.904210000000000402e-01	5.453012660514635179e+00
7.963729999999999976e-01	5.365290384743598651e+00
8.023249999999999549e-01	5.576780316958648953e+00
8.082770000000000232e-01	5.635618817226978550e+00
8.142289999999999806e-01	5.865680629683906133e+00
8.201800000000000201e-01	5.763928976849689079e+00
8.261319999999999775e-01	5.407384480862792664e+00
8.320830000000000171e-01	5.889798888196964732e+00
8.380349999999999744e-01	5.804241384479359667e+00
8.439870000000000427e-01	5.240649304986570556e+00
8.499400000000000288e-01	5.466048961995960020e+00
8.558940000000000436e-01	5.810432766852207997e+00
8.618479999999999475e-01	5.933977857895997410e+00
8.678010000000000446e-01	6.079831293027686989e+00
8.737519999999999731e-01	6.178516169731808283e+00
8.797000000000000375e-01	6.106074918098389759e+00
8.856439999999999868e-01	6.301815717718096899e+00
8.915870000000000184e-01	6.377568138640910433e+00
8.975349999999999717e-01	6.277742196915457207e+00
9.034900000000000153e-01	6.246428238020294899e+00
9.094569999999999599e-01	5.655661249320599993e+00
9.154379999999999740e-01	6.418284128441029246e+00
9.214210000000000456e-01	6.009296805194985325e+00
9.273909999999999654e-01	6.806715952852743001e+00
9.333329999999999682e-01	6.821115441374336896e+00
9.392300000000000093e-01	6.858835930650483803e+00
9.450749999999999984e-01	7.503977452804046600e+00
9.509090000000000042e-01	7.352267913187389148e+00
9.567890000000000006e-01	7.571161115680838272e+00
9.627750000000000474e-01	7.526701139385310491e+00
9.689229999999999787e-01	7.531934487267555767e+00
9.752680000000000238e-01	7.407623383272045281e+00
9.816639999999999810e-01	7.094632826107944545e+00
9.878930000000000211e-01	7.537874330211931984e+00
9.937399999999999567e-01	7.133894454473768576e+00
9.989850000000000119e-01	7.052319860814076691e+00
1.003457999999999961e+00	7.940653088003085891e+00
1.007338000000000067e+00	7.897245126145988614e+00
1.010966000000000031e+00	7.855002341241349662e+00
1.014685999999999977e+00	7.909243039451702373e+00
1.018841000000000108e+00	8.069508367308992902e+00
1.023735000000000062e+00	7.791503604109508707e+00
1.029328999999999938e+00	8.095330140739216418e+00
1.035408000000000106e+00	8.161598584114868160e+00
1.041754000000000069e+00	7.930030266037170428e+00
1.048148999999999997e+00	7.704177361692853054e+00
1.054391999999999996e+00	7.761328389176497033e+00
1.060446000000000000e+00	7.782864167891712093e+00
1.066368999999999900e+00	8.338588673972358478e+00
1.072216999999999976e+00	8.526848641030731812e+00
1.078049000000000035e+00	8.463997905923779541e+00
1.083920999999999912e+00	8.606670207882483936e+00
1.089842999999999895e+00	8.983121549895102476e+00
1.095801999999999943e+00	9.097906869712712563e+00
1.101780999999999899e+00	9.359083987043286257e+00
1.107765000000000111e+00	9.369598235501156225e+00
1.113739999999999952e+00	9.480598036339669576e+00
1.119699999999999918e+00	9.709310046293275320e+00
1.125650000000000039e+00	9.521820644878383533e+00
1.131594999999999906e+00	8.962006007823621445e+00
1.137537999999999938e+00	8.850921136161222336e+00
1.143483999999999945e+00	8.946119470652268646e+00
1.149432999999999927e+00	9.359212261339630246e+00
1.155386000000000024e+00	9.245730394330131219e+00
1.161338999999999899e+00	9.802768186098672842e+00
1.167294000000000054e+00	9.869288052244144183e+00
1.173246999999999929e+00	1.004946346563777659e+01
1.179200000000000026e+00	1.043105561609422516e+01
1.185151999999999983e+00	9.942050644437946616e+00
1.191103000000000023e+00	1.026037406041293565e+01
1.197054000000000062e+00	1.059540720857112461e+01
1.203006000000000020e+00	1.062180870470061755e+01
1.208957999999999977e+00	1.047599614838983051e+01
1.214909999999999934e+00	1.108499533140513726e+01
1.220861999999999892e+00	1.180760827493605092e+01
1.226814000000000071e+00	1.208619934706727328e+01
1.232765000000000111e+00	1.225175271805196253e+01
1.238717000000000068e+00	1.280417684200450346e+01
1.244668000000000108e+00	1.351179534027559903e+01
1.250620000000000065e+00	1.442582147579954466e+01
1.256572000000000022e+00	1.551832621036184179e+01
1.262526000000000037e+00	1.566846984277304422e+01
1.268480000000000052e+00	1.563564138261430081e+01
1.274434000000000067e+00	1.622570984598207744e+01
1.280386000000000024e+00	1.669733871259501612e+01
1.286335999999999924e+00	1.643151703158020283e+01
1.292281999999999931e+00	1.617433894740414502e+01
1.298224999999999962e+00	1.597233160442883992e+01
1.304170000000000051e+00	1.652089388948481385e+01
1.310119999999999951e+00	1.691460192472614921e+01
1.316079999999999917e+00	1.643779762133603128e+01
1.322052999999999923e+00	1.660777231344311744e+01
1.328036999999999912e+00	1.659908569394618638e+01
1.334017000000000008e+00	1.668137260125488197e+01
1.339976000000000056e+00	1.742880661644926832e+01
1.345900000000000096e+00	1.835021917182227824e+01
1.351774000000000031e+00	1.906970983019607502e+01
1.357607000000000008e+00	2.063649005305259010e+01
1.363453000000000026e+00	2.154835662584944345e+01
1.369372000000000034e+00	2.314096510549985908e+01
1.375421999999999922e+00	2.409825145878935260e+01
1.381658999999999970e+00	2.397971848030263331e+01
1.388052000000000064e+00	2.377356900296804199e+01
1.394403000000000059e+00	2.390400803983975564e+01
1.400492999999999988e+00	2.531247308717759381e+01
1.406104999999999938e+00	2.954758323631763517e+01
1.411021999999999998e+00	3.764449389320483164e+01
1.415195999999999898e+00	5.012750758805889717e+01
1.418924000000000074e+00	6.330903089655802063e+01
1.422549999999999981e+00	7.572201505181772063e+01
1.426417000000000046e+00	8.510047965002252113e+01
1.430868000000000029e+00	8.781990089109726227e+01
1.436091000000000006e+00	8.288336419138312294e+01
1.441923000000000066e+00	7.291364217444093754e+01
1.448144000000000098e+00	5.982208451719438358e+01
1.454538000000000109e+00	4.645602980920141079e+01
1.460887000000000047e+00	3.573822022476270632e+01
1.467041999999999957e+00	2.909381991951309843e+01
1.473030999999999979e+00	2.589407659191001798e+01
1.478914000000000062e+00	2.453295162604760193e+01
1.484749000000000096e+00	2.506950356549793213e+01
1.490591999999999917e+00	2.434225384299941908e+01
1.496488000000000040e+00	2.416072969209921339e+01
1.502428000000000097e+00	2.292247921767625840e+01
1.508397999999999906e+00	2.126547458573144667e+01
1.514380999999999977e+00	1.974221553867142376e+01
1.520361999999999991e+00	1.859899751191844075e+01
1.526329999999999965e+00	1.768107727657219996e+01
1.532284999999999897e+00	1.673582562921815153e+01
1.538232999999999961e+00	1.675846066645872412e+01
1.544175999999999993e+00	1.626277115662361084e+01
1.550119999999999942e+00	1.611989019575300475e+01
1.556068000000000007e+00	1.596879401067132243e+01
1.562019000000000046e+00	1.571011299738973221e+01
1.567971999999999921e+00	1.527212173562157105e+01
1.573925999999999936e+00	1.485542205184503395e+01
1.579879999999999951e+00	1.486589821246924004e+01
1.585833000000000048e+00	1.494904318283496636e+01
1.591785000000000005e+00	1.495895728458507357e+01
1.597736999999999963e+00	1.502846233560527267e+01
1.603688000000000002e+00	1.562433133352470627e+01
1.609639000000000042e+00	1.567082453629185146e+01
1.615590999999999999e+00	1.582181744086005004e+01
1.621542999999999957e+00	1.611115116938858094e+01
1.627494999999999914e+00	1.685208240551360603e+01
1.633447000000000093e+00	1.749934439350490578e+01
1.639399000000000051e+00	1.752155832491447285e+01
1.645350000000000090e+00	1.765590584844270339e+01
1.651302000000000048e+00	1.783015421990761951e+01
1.657253000000000087e+00	1.783743148021649816e+01
1.663205000000000044e+00	1.745458506072712268e+01
1.669157999999999920e+00	1.693636252180982638e+01
1.675111999999999934e+00	1.723019709840065161e+01
1.681065999999999949e+00	1.704217013082067211e+01
1.687019000000000046e+00	1.749708045751754781e+01
1.692971000000000004e+00	1.679614111199583348e+01
1.698919000000000068e+00	1.694666571884356188e+01
1.704863000000000017e+00	1.707077040646120736e+01
1.710806999999999967e+00	1.716825077575645508e+01
1.716752999999999973e+00	1.655277131910522925e+01
1.722706999999999988e+00	1.665001706360709477e+01
1.728671999999999986e+00	1.681151810137815161e+01
1.734652000000000083e+00	1.669237766474900653e+01
1.740636000000000072e+00	1.744674648650748949e+01
1.746609000000000078e+00	1.802823738533961162e+01
1.752555000000000085e+00	1.779604840581741598e+01
1.758458000000000077e+00	1.820914906589791116e+01
1.764308999999999905e+00	1.859390391229111117e+01
1.770140999999999964e+00	1.913810833924507548e+01
1.776011999999999924e+00	1.879503785682946670e+01
1.781979999999999897e+00	1.917480289802404059e+01
1.788105000000000055e+00	1.956511583403903742e+01
1.794426999999999994e+00	1.949150766621865216e+01
1.800829000000000013e+00	2.002341799154573465e+01
1.807091999999999921e+00	2.025801358362661375e+01
1.813002000000000002e+00	2.051947304315921272e+01
1.818338000000000010e+00	2.087368007342757181e+01
1.822912000000000088e+00	2.144718326060454316e+01
1.826850000000000085e+00	2.151026259621432857e+01
1.830492000000000008e+00	2.175696155775665019e+01
1.834179999999999922e+00	2.214409945790652401e+01
1.838259000000000087e+00	2.155172694385644760e+01
1.843048000000000020e+00	2.242718467892276379e+01
1.848562000000000038e+00	2.243929909206749684e+01
1.854589999999999961e+00	2.285375795038570246e+01
1.860913000000000039e+00	2.319182762569121792e+01
1.867313999999999918e+00	2.292496278587630698e+01
1.873583999999999916e+00	2.335563003697119910e+01
1.879660000000000108e+00	2.343773740936879335e+01
1.885596000000000050e+00	2.335914829239338530e+01
1.891450999999999993e+00	2.340362915133158594e+01
1.897281999999999913e+00	2.360689000486031475e+01
1.903146999999999922e+00	2.393238782787766539e+01
1.909062999999999954e+00	2.427964095013794932e+01
1.915018000000000109e+00	2.468904905916509307e+01
1.920995999999999926e+00	2.543401118761804369e+01
1.926979999999999915e+00	2.564954665080637142e+01
1.932955999999999896e+00	2.612107240380315432e+01
1.938917999999999919e+00	2.624530683902959183e+01
1.944868999999999959e+00	2.674160281892173785e+01
1.950814000000000048e+00	2.745365405009472326e+01
1.956757999999999997e+00	2.775035876242105459e+01
1.962703000000000086e+00	2.767130360326571648e+01
1.968652000000000069e+00	2.864839692849885466e+01
1.974604000000000026e+00	2.919703606760107917e+01
1.980558000000000041e+00	2.947301350350069882e+01
1.986512000000000056e+00	3.003998323459163444e+01
1.992466000000000070e+00	3.098762443669732392e+01
1.998418000000000028e+00	3.150488752120850222e+01
2.004370000000000207e+00	3.215585392872225157e+01
2.010321999999999942e+00	3.286861034330983244e+01
2.016272999999999982e+00	3.403743491450565983e+01
2.022224000000000022e+00	3.535032438886774742e+01
2.028176000000000201e+00	3.648970848937607769e+01
2.034127999999999936e+00	3.814119505768605478e+01
2.040080000000000116e+00	4.038087114922353749e+01
2.046031999999999851e+00	4.261022370281725813e+01
2.051984000000000030e+00	4.438979560232211696e+01
2.057935000000000070e+00	4.677445985905764303e+01
2.063886999999999805e+00	4.899250239759692960e+01
2.069837999999999845e+00	5.072826630850092755e+01
2.075791000000000164e+00	5.181276876218532124e+01
2.081744000000000039e+00	5.231345955691286775e+01
2.087698000000000054e+00	5.176009959885536205e+01
2.093652000000000069e+00	5.053692135026086873e+01
2.099604999999999944e+00	4.986642998818058459e+01
2.105554999999999843e+00	4.767644086301854855e+01
2.111501000000000072e+00	4.659522497569982846e+01
2.117445000000000022e+00	4.501080039882218387e+01
2.123388999999999971e+00	4.466233015680774798e+01
2.129338000000000175e+00	4.422551069189073303e+01
2.135295999999999861e+00	4.384380378318361693e+01
2.141268000000000171e+00	4.345147517714318752e+01
2.147250999999999799e+00	4.274933063221973839e+01
2.153232000000000035e+00	4.283399268253214132e+01
2.159196000000000115e+00	4.300851266950561325e+01
2.165125000000000188e+00	4.244262971244945248e+01
2.171006000000000213e+00	4.303202249410361446e+01
2.176841000000000026e+00	4.300261121174489176e+01
2.182682999999999929e+00	4.332871504418299224e+01
2.188588999999999896e+00	4.352304247981246021e+01
2.194618000000000180e+00	4.383562139800699242e+01
2.200828000000000007e+00	4.422313203858147546e+01
2.207209999999999894e+00	4.413355355858125506e+01
2.213579000000000185e+00	4.447468319336714870e+01
2.219714999999999883e+00	4.400725553968968740e+01
2.225403000000000020e+00	4.397298474998425633e+01
2.230423000000000044e+00	4.355849836605233349e+01
2.234681000000000139e+00	4.304438491463484695e+01
2.238447999999999993e+00	4.241259399639919536e+01
2.242068000000000172e+00	4.159009084984523241e+01
2.245884000000000214e+00	4.105139729949381433e+01
2.250237999999999960e+00	4.039200801466574120e+01
2.255365999999999982e+00	4.006149126770926472e+01
2.261130000000000084e+00	3.980451747317512456e+01
2.267313000000000134e+00	3.952034575289880536e+01
2.273696000000000161e+00	3.944416906225183084e+01
2.280063999999999869e+00	3.914559095317174098e+01
2.286243999999999943e+00	3.968651790039306348e+01
2.292251999999999956e+00	3.976425090511751392e+01
2.298146000000000022e+00	3.957123880902036461e+01
2.303983000000000114e+00	4.046608117085833101e+01
2.309822000000000042e+00	4.116384971555152816e+01
2.315710999999999853e+00	4.215223904812796007e+01
2.321645999999999876e+00	4.413827585993917069e+01
2.327612999999999932e+00	4.613376126566066660e+01
2.333594999999999864e+00	4.772521828691427714e+01
2.339576999999999796e+00	4.953996878414584870e+01
2.345546999999999827e+00	5.145897823943110438e+01
2.351503999999999817e+00	5.326545630925021158e+01
2.357451999999999881e+00	5.448001128852647668e+01
2.363395999999999830e+00	5.627514210887386525e+01
2.369339000000000084e+00	5.742782282419603490e+01
2.375286000000000008e+00	5.804011919110427442e+01
2.381237000000000048e+00	5.924673579915778987e+01
2.387189999999999923e+00	5.993127396448259248e+01
2.393143999999999938e+00	5.964152904505620256e+01
2.399097999999999953e+00	5.958808419258426170e+01
2.405050999999999828e+00	5.934322454765109711e+01
2.411004000000000147e+00	5.869591853793673408e+01
2.416955999999999882e+00	5.770100003027941682e+01
2.422906999999999922e+00	5.716636754214266603e+01
2.428857999999999961e+00	5.725362170600973855e+01
2.434809000000000001e+00	5.778163094600532190e+01
2.440760000000000041e+00	5.909858921562913281e+01
2.446712000000000220e+00	6.002945410480245414e+01
2.452663999999999955e+00	6.194911668287333129e+01
2.458616999999999830e+00	6.319200089456859359e+01
2.464570999999999845e+00	6.554066573691262931e+01
2.470524999999999860e+00	6.678875119124624860e+01
2.476478000000000179e+00	6.725663311976516923e+01
2.482429999999999914e+00	6.720971809008729281e+01
2.488377999999999979e+00	6.622184938818621447e+01
2.494323000000000068e+00	6.369383443694651703e+01
2.500265999999999877e+00	5.945028821507522565e+01
2.506212000000000106e+00	5.577507500701160126e+01
2.512164999999999981e+00	5.199989421878913021e+01
2.518129000000000062e+00	5.010596055199292920e+01
2.524108000000000018e+00	4.967628824917120056e+01
2.530091999999999786e+00	5.164747834035748042e+01
2.536067000000000071e+00	5.383595987290350848e+01
2.542015999999999831e+00	5.697092851809794922e+01
2.547924000000000078e+00	5.848010865774267586e+01
2.553779000000000021e+00	5.877219318324994646e+01
2.559610000000000163e+00	5.687518212688614483e+01
2.565475000000000172e+00	5.406455910193198378e+01
2.571432000000000162e+00	5.040977678975597343e+01
2.577539999999999942e+00	4.701993348916535354e+01
2.583845999999999865e+00	4.385565450013582023e+01
2.590249000000000024e+00	4.126970471515184613e+01
2.596534000000000120e+00	3.964663766645687559e+01
2.602485000000000159e+00	3.877984393224642190e+01
2.607883000000000173e+00	3.922483494641993929e+01
2.612527000000000044e+00	4.140208650049611094e+01
2.616509000000000196e+00	4.380491217865673548e+01
2.620163999999999938e+00	4.697278601865773595e+01
2.623834000000000000e+00	4.902779803420535387e+01
2.627863000000000060e+00	5.034617939881420057e+01
2.632579999999999920e+00	4.902949273140499997e+01
2.638037000000000187e+00	4.641294169068442699e+01
2.644026000000000209e+00	4.161163531028295637e+01
2.650332000000000132e+00	3.732918069025518548e+01
2.656734000000000151e+00	3.210814514652476248e+01
2.663022999999999918e+00	2.841066795854948523e+01
2.669115000000000126e+00	2.530595533368173022e+01
2.675060999999999911e+00	2.335222214638696059e+01
2.680919999999999970e+00	2.148266487745681985e+01
2.686751000000000111e+00	1.996774705534486927e+01
2.692610999999999866e+00	1.753369696486590357e+01
2.698523999999999923e+00	1.497716749951221615e+01
2.704476000000000102e+00	1.200378117306758519e+01
2.710452000000000083e+00	9.326598866975864155e+00
2.716435999999999851e+00	6.950089261942705932e+00
2.722412999999999972e+00	4.892178955192595602e+00
2.728375999999999912e+00	3.518306627120824537e+00
2.734328000000000092e+00	2.866640005676957426e+00
2.740273999999999877e+00	3.861843784606632468e+00
2.746217000000000130e+00	5.758479496642081585e+00
2.752162000000000219e+00	9.170882589717436417e+00
2.758110999999999979e+00	1.355230882210074483e+01
2.764063000000000159e+00	1.833261065082392349e+01
2.770016000000000034e+00	2.257151330220639807e+01
2.775971000000000188e+00	2.574129274371704668e+01
2.781924000000000063e+00	2.696065406703488421e+01
2.787876999999999938e+00	2.617036759872079088e+01
2.793829000000000118e+00	2.358541422076700655e+01
2.799780999999999853e+00	2.062134341940318905e+01
2.805731999999999893e+00	1.772587977429433437e+01
2.811682999999999932e+00	1.501070947364802954e+01
2.817635000000000112e+00	1.354657397782749939e+01
2.823586999999999847e+00	1.282528850301175360e+01
2.829539000000000026e+00	1.183359539766073532e+01
2.835491000000000206e+00	1.020835859301694448e+01
2.841442999999999941e+00	6.710169672859269241e+00
2.847395000000000120e+00	1.394405792530766020e+00
2.853346999999999856e+00	-4.073519645388253174e+00
2.859299000000000035e+00	-8.161023474382709253e+00
2.865251000000000214e+00	-1.046411277785703398e+01
2.871201999999999810e+00	-8.309778963938498464e+00
2.877153999999999989e+00	-2.713862480748820083e+00
2.883106000000000169e+00	5.301408531329111717e+00
2.889057999999999904e+00	1.443529114403191649e+01
2.895010000000000083e+00	2.274333961435100093e+01
2.900961999999999819e+00	2.716733765000565270e+01
2.906913999999999998e+00	2.754804189199571240e+01
2.912866000000000177e+00	2.463048399361825602e+01
2.918817999999999913e+00	1.976213505725384323e+01
2.924770000000000092e+00	1.366839724617548946e+01
2.930721000000000132e+00	8.941457879243591478e+00
2.936672999999999867e+00	4.227821305490620851e+00
2.942625000000000046e+00	1.851017606354333545e+00
2.948576999999999781e+00	2.425601366074298382e-01
2.954528999999999961e+00	5.176223529442279814e-01
2.960481000000000140e+00	8.216324941768000656e-01
2.966432999999999875e+00	1.421395294404660836e+00
2.972385000000000055e+00	3.457382835754080563e+00
2.978336999999999790e+00	5.558880501956205755e+00
2.984288999999999970e+00	6.859783901703289111e+00
2.990240000000000009e+00	8.717162149754010159e+00
2.996192000000000188e+00	9.039917534346784578e+00
3.002143999999999924e+00	8.627315417891722404e+00
3.008096000000000103e+00	7.309827228763309925e+00
3.014047999999999838e+00	4.524424566066569398e+00
3.020000000000000018e+00	-7.206725610639691526e-02
