1.199999999999999956e-01	-1.265758842482127555e+00
1.249780000000000058e-01	-4.555410976947062429e-01
1.305999999999999939e-01	2.787485936303865097e-01
1.367059999999999942e-01	9.729271194688289270e-01
1.431360000000000132e-01	1.277063321636277449e+00
1.497320000000000040e-01	1.598000805249486511e+00
1.563350000000000017e-01	1.572014383924198899e+00
1.627850000000000130e-01	1.549530698857871425e+00
1.689219999999999888e-01	1.521546086088030769e+00
1.745889999999999942e-01	1.372047733525329605e+00
1.796250000000000069e-01	1.069147079287219970e+00
1.839349999999999874e-01	1.167708926282356785e+00
1.877439999999999942e-01	8.213534962993855881e-01
1.913779999999999926e-01	5.057590935830433843e-01
1.951660000000000061e-01	2.880448153980356696e-01
1.994340000000000002e-01	3.742700516007504419e-01
2.044499999999999929e-01	3.064311875127077034e-01
2.101250000000000062e-01	2.197393231397542224e-01
2.162479999999999958e-01	-1.276897900160386956e-01
2.226049999999999973e-01	5.241236556658207535e-02
2.289819999999999911e-01	-2.195449507647946330e-01
2.351930000000000132e-01	1.623691740638656955e-01
2.412249999999999950e-01	1.189156732070084238e-01
2.471349999999999936e-01	6.967866953521270612e-02
2.529799999999999827e-01	2.148587406673187206e-01
2.588170000000000193e-01	5.097975841645556727e-01
2.646970000000000156e-01	6.519999033355035056e-01
2.706259999999999777e-01	7.795911373839213843e-01
2.765880000000000005e-01	7.970172502605979981e-01
2.825679999999999858e-01	8.662203032929325364e-01
2.885510000000000019e-01	9.328518216219057191e-01
2.945229999999999793e-01	1.090546955340258917e+00
3.004809999999999981e-01	1.023199494436823009e+00
3.064310000000000089e-01	9.486624402364877140e-01
3.123750000000000138e-01	7.660592502679482996e-01
3.183190000000000186e-01	6.237837745605228079e-01
3.242650000000000254e-01	4.844826258506674255e-01
3.302149999999999808e-01	1.878459717617189384e-01
3.361680000000000224e-01	1.010320148812188512e-01
3.421210000000000084e-01	-9.734919831771579601e-02
3.480759999999999965e-01	-2.125084960902133557e-01
3.540289999999999826e-01	-2.167596506901920961e-01
3.599809999999999954e-01	-1.490098017799236230e-01
3.659330000000000083e-01	7.318330071121456615e-02
3.718839999999999923e-01	-1.413343242759601548e-02
3.778360000000000052e-01	9.858474420012380834e-02
3.837869999999999893e-01	2.807045156068906921e-01
3.897390000000000021e-01	4.475538385350236181e-01
3.956910000000000149e-01	7.212682942840481504e-01
4.016429999999999723e-01	8.583398826421015926e-01
4.075949999999999851e-01	9.060703502558938860e-01
4.135469999999999979e-01	1.114228882330401849e+00
4.194979999999999820e-01	1.113260559813638473e+00
4.254499999999999948e-01	9.822789062996015730e-01
4.314009999999999789e-01	9.665886061821785669e-01
4.373540000000000205e-01	7.728982122521564913e-01
4.433079999999999798e-01	7.039615919264894384e-01
4.492619999999999947e-01	6.363052324466831333e-01
4.552160000000000095e-01	2.667732413042651074e-01
4.611680000000000224e-01	7.044526711465659563e-03
4.671170000000000044e-01	2.191837003677973295e-01
4.730619999999999825e-01	-1.817785752965319634e-01
4.790059999999999873e-01	7.054740951958712869e-02
4.849510000000000209e-01	1.659268878573710027e-01
4.909020000000000050e-01	2.592240915211617147e-01
4.968629999999999991e-01	2.927054783258643544e-01
5.028390000000000359e-01	6.778102491501711846e-01
5.088230000000000253e-01	7.811550763481365234e-01
5.148009999999999531e-01	1.062846549279668373e+00
5.207570000000000254e-01	1.262322468132254238e+00
5.266750000000000043e-01	1.312414121345317097e+00
5.325410000000000421e-01	1.459107335531606209e+00
5.383719999999999617e-01	1.316040792583301311e+00
5.442249999999999588e-01	1.465148466048259435e+00
5.501580000000000359e-01	1.449576948110924191e+00
5.562289999999999734e-01	1.354395912074973340e+00
5.624930000000000208e-01	1.212308953648288945e+00
5.688929999999999820e-01	1.185890865795830917e+00
5.752220000000000111e-01	1.027320721280829963e+00
5.812610000000000277e-01	1.068355621530902244e+00
5.867949999999999555e-01	6.666289192970331623e-01
5.916080000000000227e-01	7.204337546436063722e-01
5.957040000000000113e-01	7.464868076968504962e-01
5.993990000000000151e-01	7.434467410382635810e-01
6.030370000000000452e-01	7.229724314258200168e-01
6.069609999999999728e-01	6.945337140764069606e-01
6.115110000000000268e-01	7.581351225352206402e-01
6.168270000000000142e-01	9.400580526107569224e-01
6.227219999999999978e-01	1.206388127876388383e+00
6.289789999999999548e-01	1.349315668645345800e+00
6.353790000000000271e-01	1.550835335571210338e+00
6.417070000000000274e-01	1.581155956768147020e+00
6.478369999999999962e-01	1.739009072157555291e+00
6.538089999999999735e-01	1.710424568229823805e+00
6.596819999999999906e-01	1.678303782006542955e+00
6.655140000000000500e-01	2.057852793061999641e+00
6.713630000000000431e-01	1.733169162903497762e+00
6.772660000000000347e-01	1.745291237324214650e+00
6.832110000000000127e-01	1.631389752429201145e+00
6.891829999999999901e-01	1.545929855510147943e+00
6.951669999999999794e-01	1.533231770361469515e+00
7.011469999999999647e-01	1.150874083693997019e+00
7.071119999999999628e-01	1.084361974859795907e+00
7.130670000000000064e-01	1.134743710902788028e+00
7.190130000000000132e-01	9.811799216168302085e-01
7.249569999999999625e-01	9.432895600852410078e-01
7.309010000000000229e-01	9.782444281850144474e-01
7.368489999999999762e-01	1.487801745257357977e+00
7.428000000000000158e-01	1.479096647511587870e+00
7.487530000000000019e-01	1.713378701469761234e+00
7.547080000000000455e-01	2.079749428136433931e+00
7.606619999999999493e-01	2.094297614666163820e+00
7.666140000000000176e-01	2.395920314292663278e+00
7.725670000000000037e-01	2.531249053148637795e+00
7.785180000000000433e-01	2.266849409700745888e+00
7.844689999999999719e-01	2.317086657781911363e+00
7.904210000000000402e-01	2.158996583776812361e+00
7.963729999999999976e-01	2.317039215923608175e+00
8.023249999999999549e-01	2.133690179354539307e+00
8.082770000000000232e-01	1.915374732759016707e+00
8.142289999999999806e-01	1.989779113011417300e+00
8.201800000000000201e-01	1.809491355880624930e+00
8.261319999999999775e-01	1.603275398262667961e+00
8.320830000000000171e-01	1.661818892149276694e+00
8.380349999999999744e-01	1.531529956503934198e+00
8.439870000000000427e-01	1.578505740132396751e+00
8.499400000000000288e-01	1.740232970347537433e+00
8.558940000000000436e-01	1.971266516584028183e+00
8.618479999999999475e-01	1.862483576806743812e+00
8.678010000000000446e-01	2.105548624560315663e+00
8.737519999999999731e-01	2.173963093409235547e+00
8.797000000000000375e-01	2.502711978424224881e+00
8.856439999999999868e-01	2.730080508246342852e+00
8.915870000000000184e-01	3.012769119203178469e+00
8.975349999999999717e-01	3.243241340880936630e+00
9.034900000000000153e-01	3.321377379119564210e+00
9.094569999999999599e-01	3.438424750994410140e+00
9.154379999999999740e-01	3.448794081688647317e+00
9.214210000000000456e-01	3.491931177446591761e+00
9.273909999999999654e-01	3.250565926985129472e+00
9.333329999999999682e-01	3.076770979981987786e+00
9.392300000000000093e-01	3.172035061606286455e+00
9.450749999999999984e-01	3.028330730002594784e+00
9.509090000000000042e-01	2.699279822869531831e+00
9.567890000000000006e-01	2.569510678345070076e+00
9.627750000000000474e-01	2.582228046013609113e+00
9.689229999999999787e-01	2.539140001070717911e+00
9.752680000000000238e-01	2.636289246452435453e+00
9.816639999999999810e-01	2.936466301343657825e+00
9.878930000000000211e-01	3.047128866924092350e+00
9.937399999999999567e-01	3.134795021031315354e+00
9.989850000000000119e-01	3.508056233584253558e+00
1.003457999999999961e+00	3.577042422183287051e+00
1.007338000000000067e+00	4.155219639011827226e+00
1.010966000000000031e+00	4.296467272018321459e+00
1.014685999999999977e+00	4.390306370660643331e+00
1.018841000000000108e+00	4.513994197769901184e+00
1.023735000000000062e+00	4.719245337219026837e+00
1.029328999999999938e+00	4.554655957782490106e+00
1.035408000000000106e+00	4.472480470739051306e+00
1.041754000000000069e+00	4.281223857918217135e+00
1.048148999999999997e+00	3.879923195952385662e+00
1.054391999999999996e+00	3.836456543325290180e+00
1.060446000000000000e+00	3.911825478893088626e+00
1.066368999999999900e+00	3.489290621709350226e+00
1.072216999999999976e+00	3.625769787403036570e+00
1.078049000000000035e+00	3.708537232323509514e+00
1.083920999999999912e+00	3.820634436594016581e+00
1.089842999999999895e+00	4.174350982345308658e+00
1.095801999999999943e+00	4.227759879460897707e+00
1.101780999999999899e+00	4.469777037229245131e+00
1.107765000000000111e+00	4.994199321064608732e+00
1.113739999999999952e+00	5.190818110391554718e+00
1.119699999999999918e+00	5.625381705307248126e+00
1.125650000000000039e+00	5.562237780947532961e+00
1.131594999999999906e+00	5.743977338902418239e+00
1.137537999999999938e+00	6.003925127576038356e+00
1.143483999999999945e+00	5.992992727403893660e+00
1.149432999999999927e+00	6.358525023427409550e+00
1.155386000000000024e+00	5.962401874472391228e+00
1.161338999999999899e+00	5.794553304907807956e+00
1.167294000000000054e+00	5.908803127818942791e+00
1.173246999999999929e+00	5.663597590283734995e+00
1.179200000000000026e+00	5.618238869024225757e+00
1.185151999999999983e+00	5.523437245629822634e+00
1.191103000000000023e+00	5.250442404530600626e+00
1.197054000000000062e+00	5.342077035399872109e+00
1.203006000000000020e+00	5.578923743783644085e+00
1.208957999999999977e+00	5.545986605183501617e+00
1.214909999999999934e+00	5.788933999481618464e+00
1.220861999999999892e+00	6.250330371865066681e+00
1.226814000000000071e+00	6.485345837518226020e+00
1.232765000000000111e+00	7.042550996293951648e+00
1.238717000000000068e+00	7.552473080471547640e+00
1.244668000000000108e+00	7.801125161042993028e+00
1.250620000000000065e+00	8.008907492896895519e+00
1.256572000000000022e+00	8.199048041795462538e+00
1.262526000000000037e+00	8.278968192726740227e+00
1.268480000000000052e+00	8.603415158537771390e+00
1.274434000000000067e+00	8.638374351329186851e+00
1.280386000000000024e+00	8.465554382057222327e+00
1.286335999999999924e+00	8.759665014277068451e+00
1.292281999999999931e+00	8.504391740819343681e+00
1.298224999999999962e+00	8.478497638358568622e+00
1.304170000000000051e+00	8.134159028756561938e+00
1.310119999999999951e+00	8.329857855018190094e+00
1.316079999999999917e+00	8.153132911999890098e+00
1.322052999999999923e+00	8.071961603297889809e+00
1.328036999999999912e+00	8.328137256745185013e+00
1.334017000000000008e+00	8.561030996529641612e+00
1.339976000000000056e+00	8.772118440290752162e+00
1.345900000000000096e+00	9.128194056384195676e+00
1.351774000000000031e+00	9.693088667529018210e+00
1.357607000000000008e+00	1.003734867568414302e+01
1.363453000000000026e+00	1.069495813307799459e+01
1.369372000000000034e+00	1.126139322968531786e+01
1.375421999999999922e+00	1.180175463885092491e+01
1.381658999999999970e+00	1.256155896853335641e+01
1.388052000000000064e+00	1.317761777558417613e+01
1.394403000000000059e+00	1.424036382548688273e+01
1.400492999999999988e+00	1.484034253173340723e+01
1.406104999999999938e+00	1.553762285768463514e+01
1.411021999999999998e+00	1.608427115344701264e+01
1.415195999999999898e+00	1.653053093328158596e+01
1.418924000000000074e+00	1.670014330432924865e+01
1.422549999999999981e+00	1.704725833817431990e+01
1.426417000000000046e+00	1.694908272750421929e+01
1.430868000000000029e+00	1.654238187582089026e+01
1.436091000000000006e+00	1.602090880044205790e+01
1.441923000000000066e+00	1.526170228494450321e+01
1.448144000000000098e+00	1.446673764171760368e+01
1.454538000000000109e+00	1.363268088296793579e+01
1.460887000000000047e+00	1.268640457670039901e+01
1.467041999999999957e+00	1.155037507369620364e+01
1.473030999999999979e+00	1.084862368110527520e+01
1.478914000000000062e+00	9.785150329308576644e+00
1.484749000000000096e+00	9.088202028978081159e+00
1.490591999999999917e+00	8.366659576980081781e+00
1.496488000000000040e+00	7.694646730280973124e+00
1.502428000000000097e+00	7.324062026984142548e+00
1.508397999999999906e+00	6.852908862348863650e+00
1.514380999999999977e+00	6.580181662212920557e+00
1.520361999999999991e+00	6.677018022684495513e+00
1.526329999999999965e+00	6.418883482003713503e+00
1.532284999999999897e+00	6.227242498200635801e+00
1.538232999999999961e+00	6.485204012019676334e+00
1.544175999999999993e+00	6.474889422395854410e+00
1.550119999999999942e+00	6.659867558918575625e+00
1.556068000000000007e+00	6.939615381449345755e+00
1.562019000000000046e+00	7.353384909794381308e+00
1.567971999999999921e+00	7.615159316426220570e+00
1.573925999999999936e+00	7.893167129064222465e+00
1.579879999999999951e+00	8.038881956691323438e+00
1.585833000000000048e+00	8.154337034463797096e+00
1.591785000000000005e+00	8.347237912620144584e+00
1.597736999999999963e+00	8.220455695043471067e+00
1.603688000000000002e+00	8.239266381026453701e+00
1.609639000000000042e+00	8.164977248785236341e+00
1.615590999999999999e+00	8.132726787339402463e+00
1.621542999999999957e+00	8.010378343344310537e+00
1.627494999999999914e+00	7.852867369429364253e+00
1.633447000000000093e+00	7.760124526358381125e+00
1.639399000000000051e+00	7.493810345473838730e+00
1.645350000000000090e+00	7.665214572806989146e+00
1.651302000000000048e+00	7.757929032959826721e+00
1.657253000000000087e+00	7.700816705504096582e+00
1.663205000000000044e+00	7.712851435451288928e+00
1.669157999999999920e+00	7.870496370562447552e+00
1.675111999999999934e+00	8.026704694575190757e+00
1.681065999999999949e+00	8.156186110327404037e+00
1.687019000000000046e+00	8.630171502039265974e+00
1.692971000000000004e+00	8.846731108937333943e+00
1.698919000000000068e+00	9.168682059634168269e+00
1.704863000000000017e+00	9.091637239020277761e+00
1.710806999999999967e+00	9.389235481424382357e+00
1.716752999999999973e+00	9.470010367338735691e+00
1.722706999999999988e+00	9.251576959649000287e+00
1.728671999999999986e+00	9.115089995628727237e+00
1.734652000000000083e+00	9.248984569232472808e+00
1.740636000000000072e+00	9.064679905939957649e+00
1.746609000000000078e+00	8.944183379425517444e+00
1.752555000000000085e+00	8.730986554793512155e+00
1.758458000000000077e+00	8.608721253081181857e+00
1.764308999999999905e+00	8.363636341197244306e+00
1.770140999999999964e+00	8.219904987028302301e+00
1.776011999999999924e+00	8.271484690191938327e+00
1.781979999999999897e+00	8.175178012381030257e+00
1.788105000000000055e+00	8.300553133631311198e+00
1.794426999999999994e+00	8.735375751828824420e+00
1.800829000000000013e+00	8.969925586800339801e+00
1.807091999999999921e+00	9.264534287147855096e+00
1.813002000000000002e+00	9.449908551840914939e+00
1.818338000000000010e+00	9.741315182969861652e+00
1.822912000000000088e+00	1.006539602934685185e+01
1.826850000000000085e+00	1.041008479594589708e+01
1.830492000000000008e+00	1.034866401263433922e+01
1.834179999999999922e+00	1.039216563356139034e+01
1.838259000000000087e+00	1.058169445160801381e+01
1.843048000000000020e+00	1.049725533519693244e+01
1.848562000000000038e+00	1.062545760715731369e+01
1.854589999999999961e+00	1.047891058897704220e+01
1.860913000000000039e+00	1.050860525654418254e+01
1.867313999999999918e+00	1.061732037634950032e+01
1.873583999999999916e+00	1.031648605346154213e+01
1.879660000000000108e+00	1.063462758965911625e+01
1.885596000000000050e+00	1.057691694424299378e+01
1.891450999999999993e+00	1.066598131338886546e+01
1.897281999999999913e+00	1.117099136597267517e+01
1.903146999999999922e+00	1.142626120116891641e+01
1.909062999999999954e+00	1.162569928454422374e+01
1.915018000000000109e+00	1.199157098603368610e+01
1.920995999999999926e+00	1.227499060109036044e+01
1.926979999999999915e+00	1.266045036161168724e+01
1.932955999999999896e+00	1.311702751981917103e+01
1.938917999999999919e+00	1.307443928649809628e+01
1.944868999999999959e+00	1.323025744204828946e+01
1.950814000000000048e+00	1.329828216482273362e+01
1.956757999999999997e+00	1.330678852795495892e+01
1.962703000000000086e+00	1.315527029425556726e+01
1.968652000000000069e+00	1.338173886621815356e+01
1.974604000000000026e+00	1.310424827796093439e+01
1.980558000000000041e+00	1.299423871516172113e+01
1.986512000000000056e+00	1.294356994282886042e+01
1.992466000000000070e+00	1.287401990588152678e+01
1.998418000000000028e+00	1.308256917875306158e+01
2.004370000000000207e+00	1.309257643638247970e+01
2.010321999999999942e+00	1.351480050025087465e+01
2.016272999999999982e+00	1.408099801490252290e+01
2.022224000000000022e+00	1.484520340433862273e+01
2.028176000000000201e+00	1.568922038308824440e+01
2.034127999999999936e+00	1.642039025061065161e+01
2.040080000000000116e+00	1.740563722605523367e+01
2.046031999999999851e+00	1.785863209968458776e+01
2.051984000000000030e+00	1.844385280174687480e+01
2.057935000000000070e+00	1.901615755369819638e+01
2.063886999999999805e+00	1.938132133487076914e+01
2.069837999999999845e+00	1.935242700325326126e+01
2.075791000000000164e+00	1.914520197487149389e+01
2.081744000000000039e+00	1.856004936271268591e+01
2.087698000000000054e+00	1.800285710855539989e+01
2.093652000000000069e+00	1.711580513003471893e+01
2.099604999999999944e+00	1.648348136518745122e+01
2.105554999999999843e+00	1.582672228206698684e+01
2.111501000000000072e+00	1.538019693998455217e+01
2.117445000000000022e+00	1.482446065797142332e+01
2.123388999999999971e+00	1.479252599864950568e+01
2.129338000000000175e+00	1.473600397656845473e+01
2.135295999999999861e+00	1.507766050144459768e+01
2.141268000000000171e+00	1.511158692942866821e+01
2.147250999999999799e+00	1.571758161640038054e+01
2.153232000000000035e+00	1.599680381840093446e+01
2.159196000000000115e+00	1.647676018171641132e+01
2.165125000000000188e+00	1.697674842836995879e+01
2.171006000000000213e+00	1.755501196592442525e+01
2.176841000000000026e+00	1.778083433274290925e+01
2.182682999999999929e+00	1.834611175942058736e+01
2.188588999999999896e+00	1.831855411328671579e+01
2.194618000000000180e+00	1.852992337808131040e+01
2.200828000000000007e+00	1.806748152145312858e+01
2.207209999999999894e+00	1.798400291772563975e+01
2.213579000000000185e+00	1.760836894121805329e+01
2.219714999999999883e+00	1.714742253008648376e+01
2.225403000000000020e+00	1.654732796859329014e+01
2.230423000000000044e+00	1.600636169144891596e+01
2.234681000000000139e+00	1.557874739718603152e+01
2.238447999999999993e+00	1.523157758472643408e+01
2.242068000000000172e+00	1.500510739568114182e+01
2.245884000000000214e+00	1.488362720450536969e+01
2.250237999999999960e+00	1.512936162139689600e+01
2.255365999999999982e+00	1.518655809183443850e+01
2.261130000000000084e+00	1.568503051409406268e+01
2.267313000000000134e+00	1.607723265743307905e+01
2.273696000000000161e+00	1.701987359127362964e+01
2.280063999999999869e+00	1.779616029530175325e+01
2.286243999999999943e+00	1.842435212751291118e+01
2.292251999999999956e+00	1.948359516444514838e+01
2.298146000000000022e+00	2.049430130406547335e+01
2.303983000000000114e+00	2.105927012688782796e+01
2.309822000000000042e+00	2.177713551802941083e+01
2.315710999999999853e+00	2.198901803251378340e+01
2.321645999999999876e+00	2.201730124841406067e+01
2.327612999999999932e+00	2.218436469618449536e+01
2.333594999999999864e+00	2.212330825841725357e+01
2.339576999999999796e+00	2.186340836687804412e+01
2.345546999999999827e+00	2.125384306173642557e+01
2.351503999999999817e+00	2.060980484585552830e+01
2.357451999999999881e+00	2.009572929171438460e+01
2.363395999999999830e+00	1.939958440493250791e+01
2.369339000000000084e+00	1.884260466843325688e+01
2.375286000000000008e+00	1.837291317080838837e+01
2.381237000000000048e+00	1.815626102261350994e+01
2.387189999999999923e+00	1.789677264078290975e+01
2.393143999999999938e+00	1.780917647814953497e+01
2.399097999999999953e+00	1.796993525701926231e+01
2.405050999999999828e+00	1.840085197441654685e+01
2.411004000000000147e+00	1.883355666847748466e+01
2.416955999999999882e+00	1.973795961879973504e+01
2.422906999999999922e+00	2.024173722208974624e+01
2.428857999999999961e+00	2.096315537983622690e+01
2.434809000000000001e+00	2.144249590762885305e+01
2.440760000000000041e+00	2.193738897689411260e+01
2.446712000000000220e+00	2.240032335926356666e+01
2.452663999999999955e+00	2.228296579532797850e+01
2.458616999999999830e+00	2.238134000843259841e+01
2.464570999999999845e+00	2.232835179396474246e+01
2.470524999999999860e+00	2.235940603078674727e+01
2.476478000000000179e+00	2.255136722135188521e+01
2.482429999999999914e+00	2.322324512480903635e+01
2.488377999999999979e+00	2.397815426000327577e+01
2.494323000000000068e+00	2.560830575944538268e+01
2.500265999999999877e+00	2.784949751263818385e+01
2.506212000000000106e+00	3.049930510525530991e+01
2.512164999999999981e+00	3.281535921340611139e+01
2.518129000000000062e+00	3.494132034481912541e+01
2.524108000000000018e+00	3.668282181960595523e+01
2.530091999999999786e+00	3.780891305874954611e+01
2.536067000000000071e+00	3.845371579049437827e+01
2.542015999999999831e+00	3.843689185568860722e+01
2.547924000000000078e+00	3.774760504320523324e+01
2.553779000000000021e+00	3.651625412712221674e+01
2.559610000000000163e+00	3.471519668700507566e+01
2.565475000000000172e+00	3.284679524285792240e+01
2.571432000000000162e+00	3.118026441307700480e+01
2.577539999999999942e+00	2.938661187403248221e+01
2.583845999999999865e+00	2.793411516905989345e+01
2.590249000000000024e+00	2.735368634426830781e+01
2.596534000000000120e+00	2.741445549171697849e+01
2.602485000000000159e+00	2.830211655700204432e+01
2.607883000000000173e+00	2.986897565172457192e+01
2.612527000000000044e+00	3.277391731739263747e+01
2.616509000000000196e+00	3.631403683669191196e+01
2.620163999999999938e+00	4.002096863618199762e+01
2.623834000000000000e+00	4.297391330630266992e+01
2.627863000000000060e+00	4.480937351148001113e+01
2.632579999999999920e+00	4.502993090011821664e+01
2.638037000000000187e+00	4.323858643370438415e+01
2.644026000000000209e+00	4.024453631547805799e+01
2.650332000000000132e+00	3.665131812402266576e+01
2.656734000000000151e+00	3.292066997934445993e+01
2.663022999999999918e+00	2.947049421033419492e+01
2.669115000000000126e+00	2.697488361522074740e+01
2.675060999999999911e+00	2.521358517865391846e+01
2.680919999999999970e+00	2.363884154921398206e+01
2.686751000000000111e+00	2.297238509429899267e+01
2.692610999999999866e+00	2.283218417848108217e+01
2.698523999999999923e+00	2.267218762933564236e+01
2.704476000000000102e+00	2.242523379043667120e+01
2.710452000000000083e+00	2.206853343797386202e+01
2.716435999999999851e+00	2.039533698176683529e+01
2.722412999999999972e+00	1.757458361781367984e+01
2.728375999999999912e+00	1.322924147924918437e+01
2.734328000000000092e+00	8.413933648704100321e+00
2.740273999999999877e+00	3.539418002926616680e+00
2.746217000000000130e+00	-6.603477689582232246e-01
2.752162000000000219e+00	-3.391131881696707762e+00
2.758110999999999979e+00	-4.622353537041552052e+00
2.764063000000000159e+00	-4.733449506994694467e+00
2.770016000000000034e+00	-3.968116083639277480e+00
2.775971000000000188e+00	-3.099958580184661194e+00
2.781924000000000063e+00	-2.124099342438890314e+00
2.787876999999999938e+00	-1.164557801132247938e+00
2.793829000000000118e+00	-1.052315104924499645e+00
2.799780999999999853e+00	-1.876763526055763853e-01
2.805731999999999893e+00	7.170439026877808431e-01
2.811682999999999932e+00	2.107688814778793773e+00
2.817635000000000112e+00	4.166435275770761670e+00
2.823586999999999847e+00	6.653424933717904999e+00
2.829539000000000026e+00	9.369016394916492629e+00
2.835491000000000206e+00	1.195335953958199049e+01
2.841442999999999941e+00	1.368832632416941308e+01
2.847395000000000120e+00	1.503648201070969392e+01
2.853346999999999856e+00	1.581980914378777747e+01
2.859299000000000035e+00	1.643140011328100059e+01
2.865251000000000214e+00	1.666356583532092017e+01
2.871201999999999810e+00	1.678962481457678635e+01
2.877153999999999989e+00	1.673988724919860260e+01
2.883106000000000169e+00	1.650924648611029610e+01
2.889057999999999904e+00	1.617997863437905792e+01
2.895010000000000083e+00	1.521048110430510292e+01
2.900961999999999819e+00	1.400084388215113762e+01
2.906913999999999998e+00	1.219954279230817562e+01
2.912866000000000177e+00	1.041680783448804881e+01
2.918817999999999913e+00	8.473481113028164202e+00
2.924770000000000092e+00	6.487799582453943614e+00
2.930721000000000132e+00	4.515578770095097560e+00
2.936672999999999867e+00	2.966866233060319047e+00
2.942625000000000046e+00	1.847979386262656121e+00
2.948576999999999781e+00	8.343071323364841252e-01
2.954528999999999961e+00	6.738273236357379403e-01
2.960481000000000140e+00	5.377127093737714691e-01
2.966432999999999875e+00	1.077047467351285981e+00
2.972385000000000055e+00	2.112584626933237342e+00
2.978336999999999790e+00	3.686702568046456019e+00
2.984288999999999970e+00	5.585325312574032530e+00
2.990240000000000009e+00	8.385997087111457304e+00
2.996192000000000188e+00	1.165799159091240789e+01
3.002143999999999924e+00	1.542743438238428411e+01
3.008096000000000103e+00	1.996537537968011833e+01
3.014047999999999838e+00	2.510629707053458404e+01
3.020000000000000018e+00	3.092277839640655657e+01
