1.199999999999999956e-01	-1.787613328489053410e+00
1.249780000000000058e-01	-3.473913739166430426e-01
1.305999999999999939e-01	9.675514175110259130e-01
1.367059999999999942e-01	1.536373599699081050e+00
1.431360000000000132e-01	1.938151830792063990e+00
1.497320000000000040e-01	2.033303044257600778e+00
1.563350000000000017e-01	2.090751377262980437e+00
1.627850000000000130e-01	1.864986229307279642e+00
1.689219999999999888e-01	1.664559542052352237e+00
1.745889999999999942e-01	1.594014613698763627e+00
1.796250000000000069e-01	1.446101977571338626e+00
1.839349999999999874e-01	1.364682520306766733e+00
1.877439999999999942e-01	1.074280075277588509e+00
1.913779999999999926e-01	1.102429021592780112e+00
1.951660000000000061e-01	1.408961841301671569e+00
1.994340000000000002e-01	9.832939691745705701e-01
2.044499999999999929e-01	8.691438687863546342e-01
2.101250000000000062e-01	6.282522825601706273e-01
2.162479999999999958e-01	2.163631340686824889e-01
2.226049999999999973e-01	-1.961242643137663111e-01
2.289819999999999911e-01	-2.508660161452253012e-01
2.351930000000000132e-01	-3.456612892148238636e-01
2.412249999999999950e-01	-2.342009049289680012e-01
2.471349999999999936e-01	-2.448728894586671423e-01
2.529799999999999827e-01	-1.624030259367844342e-01
2.588170000000000193e-01	2.170795672556272149e-01
2.646970000000000156e-01	2.155103072623013871e-01
2.706259999999999777e-01	4.701384251368214695e-01
2.765880000000000005e-01	8.920690052436792694e-01
2.825679999999999858e-01	1.123806790181166138e+00
2.885510000000000019e-01	1.170098658898782729e+00
2.945229999999999793e-01	1.227365151787208397e+00
3.004809999999999981e-01	1.064339101426587275e+00
3.064310000000000089e-01	9.794571953868210779e-01
3.123750000000000138e-01	8.524270749602114172e-01
3.183190000000000186e-01	5.929842929123529949e-01
3.242650000000000254e-01	2.537081364036913866e-01
3.302149999999999808e-01	1.208083515987276313e-01
3.361680000000000224e-01	-4.203690339213703164e-02
3.421210000000000084e-01	1.131879877162788040e-01
3.480759999999999965e-01	-1.400724237361439251e-01
3.540289999999999826e-01	1.102376091703169414e-02
3.599809999999999954e-01	-2.177500324438308432e-02
3.659330000000000083e-01	-1.753645213039492501e-02
3.718839999999999923e-01	-3.149870510373968535e-02
3.778360000000000052e-01	2.427313885509872482e-01
3.837869999999999893e-01	3.119762833070436336e-01
3.897390000000000021e-01	7.163411715900969146e-01
3.956910000000000149e-01	1.089685889046879907e+00
4.016429999999999723e-01	1.105088036920471639e+00
4.075949999999999851e-01	1.180493390737904047e+00
4.135469999999999979e-01	1.432312535363761352e+00
4.194979999999999820e-01	1.423426771234344024e+00
4.254499999999999948e-01	1.101315173712089202e+00
4.314009999999999789e-01	8.540969401073278400e-01
4.373540000000000205e-01	7.421055333897553785e-01
4.433079999999999798e-01	4.074616588162142672e-01
4.492619999999999947e-01	3.257496411389305679e-01
4.552160000000000095e-01	1.807333888423306723e-01
4.611680000000000224e-01	3.016837959955085413e-01
4.671170000000000044e-01	3.380756441122170219e-01
4.730619999999999825e-01	4.140159627620316196e-01
4.790059999999999873e-01	5.571602831821904633e-01
4.849510000000000209e-01	9.656939165489314414e-01
4.909020000000000050e-01	1.161112532092929861e+00
4.968629999999999991e-01	1.007188068225221667e+00
5.028390000000000359e-01	1.218682993882904464e+00
5.088230000000000253e-01	1.132233246183275588e+00
5.148009999999999531e-01	1.036946237246019864e+00
5.207570000000000254e-01	8.905693024581938788e-01
5.266750000000000043e-01	9.007165228881707231e-01
5.325410000000000421e-01	9.831145075261217281e-01
5.383719999999999617e-01	9.576237852571073406e-01
5.442249999999999588e-01	1.022208138248223541e+00
5.501580000000000359e-01	1.208495655849066042e+00
5.562289999999999734e-01	1.256398985645172273e+00
5.624930000000000208e-01	1.371821116775386207e+00
5.688929999999999820e-01	1.407979176847879099e+00
5.752220000000000111e-01	1.371048799138664176e+00
5.812610000000000277e-01	1.085304476598649481e+00
5.867949999999999555e-01	8.133886356818347263e-01
5.916080000000000227e-01	5.481562127552438435e-01
5.957040000000000113e-01	6.859765618570058399e-01
5.993990000000000151e-01	6.174280941420720037e-01
6.030370000000000452e-01	7.074602291642246854e-01
6.069609999999999728e-01	8.589177612461109668e-01
6.115110000000000268e-01	7.551110495254019783e-01
6.168270000000000142e-01	8.864484085854908990e-01
6.227219999999999978e-01	1.172932717646714584e+00
6.289789999999999548e-01	1.379069281066583885e+00
6.353790000000000271e-01	1.517690081810501690e+00
6.417070000000000274e-01	1.637484870403796755e+00
6.478369999999999962e-01	1.915219429383496319e+00
6.538089999999999735e-01	1.898221461664231446e+00
6.596819999999999906e-01	2.326602159998912178e+00
6.655140000000000500e-01	2.318831902984334725e+00
6.713630000000000431e-01	2.131836130147276354e+00
6.772660000000000347e-01	2.259090943859922707e+00
6.832110000000000127e-01	2.090425213119751824e+00
6.891829999999999901e-01	1.799156065626326351e+00
6.951669999999999794e-01	1.584006517924020141e+00
7.011469999999999647e-01	1.489973090018481106e+00
7.071119999999999628e-01	1.598048833362280208e+00
7.130670000000000064e-01	1.632150831919044975e+00
7.190130000000000132e-01	1.918516153801433699e+00
7.249569999999999625e-01	2.121802126230433849e+00
7.309010000000000229e-01	2.499061670670698287e+00
7.368489999999999762e-01	2.380913867742458834e+00
7.428000000000000158e-01	2.572445491391169181e+00
7.487530000000000019e-01	2.591653546483522419e+00
7.547080000000000455e-01	2.685198996031076035e+00
7.606619999999999493e-01	2.647018422618044209e+00
7.666140000000000176e-01	2.793055839465964141e+00
7.725670000000000037e-01	2.843833493827631731e+00
7.785180000000000433e-01	2.949665214726650220e+00
7.844689999999999719e-01	2.703037368081639524e+00
7.904210000000000402e-01	2.819152986698155061e+00
7.963729999999999976e-01	2.870346520162037951e+00
8.023249999999999549e-01	2.697455294035462359e+00
8.082770000000000232e-01	2.707484424072337692e+00
8.142289999999999806e-01	2.513669979976443258e+00
8.201800000000000201e-01	2.239526730107993302e+00
8.261319999999999775e-01	2.160636385547186400e+00
8.320830000000000171e-01	2.011007299136295945e+00
8.380349999999999744e-01	2.138261712206226406e+00
8.439870000000000427e-01	1.991106260740394429e+00
8.499400000000000288e-01	1.856204318024126110e+00
8.558940000000000436e-01	2.110638894908640317e+00
8.618479999999999475e-01	2.149149954823482478e+00
8.678010000000000446e-01	2.128870957372840600e+00
8.737519999999999731e-01	2.425198618503941805e+00
8.797000000000000375e-01	2.487184760260315208e+00
8.856439999999999868e-01	2.795052305191701336e+00
8.915870000000000184e-01	2.830200363383384321e+00
8.975349999999999717e-01	3.352317375165421165e+00
9.034900000000000153e-01	3.439812635997408830e+00
9.094569999999999599e-01	3.770779977540958505e+00
9.154379999999999740e-01	3.524948897460147279e+00
9.214210000000000456e-01	3.787955787104895666e+00
9.273909999999999654e-01	3.683853867274846650e+00
9.333329999999999682e-01	3.505162368218954327e+00
9.392300000000000093e-01	3.492509006747614109e+00
9.450749999999999984e-01	3.138484296299466347e+00
9.509090000000000042e-01	3.355336955357062667e+00
9.567890000000000006e-01	2.963358937428118178e+00
9.627750000000000474e-01	2.849052618725013364e+00
9.689229999999999787e-01	2.750891366263831905e+00
9.752680000000000238e-01	2.994836763704094018e+00
9.816639999999999810e-01	2.696210145184294138e+00
9.878930000000000211e-01	2.943551973688171230e+00
9.937399999999999567e-01	3.141650401277866322e+00
9.989850000000000119e-01	3.257757580552320675e+00
1.003457999999999961e+00	3.523681440144836419e+00
1.007338000000000067e+00	3.960616070224142415e+00
1.010966000000000031e+00	4.236767609096089515e+00
1.014685999999999977e+00	4.615215795950424749e+00
1.018841000000000108e+00	4.877214075856334929e+00
1.023735000000000062e+00	4.823163895024290326e+00
1.029328999999999938e+00	4.940132690848454189e+00
1.035408000000000106e+00	4.813011888939881189e+00
1.041754000000000069e+00	4.782728929838552467e+00
1.048148999999999997e+00	4.726972264719934813e+00
1.054391999999999996e+00	4.380118809110382649e+00
1.060446000000000000e+00	4.677578488058292905e+00
1.066368999999999900e+00	4.485407056630618783e+00
1.072216999999999976e+00	4.570340507148294762e+00
1.078049000000000035e+00	4.452712363908447379e+00
1.083920999999999912e+00	4.600930260918151937e+00
1.089842999999999895e+00	4.803903047016888195e+00
1.095801999999999943e+00	4.941718709002675958e+00
1.101780999999999899e+00	5.352675401445231351e+00
1.107765000000000111e+00	5.385702707081750695e+00
1.113739999999999952e+00	5.478468741412558352e+00
1.119699999999999918e+00	5.721532347759176851e+00
1.125650000000000039e+00	5.771824510003953357e+00
1.131594999999999906e+00	5.918914839546776108e+00
1.137537999999999938e+00	6.044034594138468108e+00
1.143483999999999945e+00	6.069721661905520094e+00
1.149432999999999927e+00	6.185340236558350746e+00
1.155386000000000024e+00	6.561323698027779372e+00
1.161338999999999899e+00	6.446779038105303172e+00
1.167294000000000054e+00	6.526340957716100455e+00
1.173246999999999929e+00	6.514475911446680811e+00
1.179200000000000026e+00	6.535179650522485062e+00
1.185151999999999983e+00	6.727995561505664135e+00
1.191103000000000023e+00	6.869537259066569312e+00
1.197054000000000062e+00	6.765700030655432684e+00
1.203006000000000020e+00	6.699880087007417551e+00
1.208957999999999977e+00	6.889743868590400666e+00
1.214909999999999934e+00	6.861714517637838462e+00
1.220861999999999892e+00	6.802349499347968731e+00
1.226814000000000071e+00	6.898073341944700232e+00
1.232765000000000111e+00	7.056855763832020401e+00
1.238717000000000068e+00	7.090163951943768694e+00
1.244668000000000108e+00	7.171553357291503339e+00
1.250620000000000065e+00	7.174692544175956144e+00
1.256572000000000022e+00	7.606585624998371209e+00
1.262526000000000037e+00	7.892370316341230208e+00
1.268480000000000052e+00	8.164643909783897868e+00
1.274434000000000067e+00	8.544412560524930811e+00
1.280386000000000024e+00	8.875663347957679861e+00
1.286335999999999924e+00	8.965210000051330397e+00
1.292281999999999931e+00	9.041215651681927312e+00
1.298224999999999962e+00	8.638183998028711841e+00
1.304170000000000051e+00	8.506023081398790708e+00
1.310119999999999951e+00	8.118922782136699823e+00
1.316079999999999917e+00	7.605883892700360249e+00
1.322052999999999923e+00	7.414127628807218429e+00
1.328036999999999912e+00	7.481263519180976651e+00
1.334017000000000008e+00	7.319803499982620032e+00
1.339976000000000056e+00	7.521485557037949299e+00
1.345900000000000096e+00	7.869154813369042323e+00
1.351774000000000031e+00	8.259729015995963763e+00
1.357607000000000008e+00	9.152203332615437503e+00
1.363453000000000026e+00	9.699154256693983456e+00
1.369372000000000034e+00	1.044118252711767880e+01
1.375421999999999922e+00	1.116141092340956931e+01
1.381658999999999970e+00	1.194452575637017766e+01
1.388052000000000064e+00	1.274078935400327595e+01
1.394403000000000059e+00	1.373383687916625817e+01
1.400492999999999988e+00	1.431529286020750646e+01
1.406104999999999938e+00	1.530527848308086014e+01
1.411021999999999998e+00	1.580908767496749157e+01
1.415195999999999898e+00	1.646257320233983634e+01
1.418924000000000074e+00	1.695219766655276317e+01
1.422549999999999981e+00	1.736733838117199014e+01
1.426417000000000046e+00	1.728927564945042405e+01
1.430868000000000029e+00	1.727989076598400686e+01
1.436091000000000006e+00	1.687211612271131855e+01
1.441923000000000066e+00	1.621134770655151058e+01
1.448144000000000098e+00	1.529516505454036235e+01
1.454538000000000109e+00	1.449226631424462397e+01
1.460887000000000047e+00	1.317386756970002182e+01
1.467041999999999957e+00	1.264316224204696759e+01
1.473030999999999979e+00	1.167653335694179617e+01
1.478914000000000062e+00	1.089274108160497967e+01
1.484749000000000096e+00	1.003676365254528946e+01
1.490591999999999917e+00	9.531607416560827772e+00
1.496488000000000040e+00	9.020389031147340475e+00
1.502428000000000097e+00	8.464741591226559336e+00
1.508397999999999906e+00	7.944335575522549320e+00
1.514380999999999977e+00	7.635206387574353215e+00
1.520361999999999991e+00	7.256794513682701897e+00
1.526329999999999965e+00	7.049563906044596706e+00
1.532284999999999897e+00	7.120294470129807429e+00
1.538232999999999961e+00	6.990525356293336934e+00
1.544175999999999993e+00	7.154509345202876069e+00
1.550119999999999942e+00	7.035557052928402832e+00
1.556068000000000007e+00	7.482010933635772965e+00
1.562019000000000046e+00	7.734345859976849091e+00
1.567971999999999921e+00	8.113112690383349701e+00
1.573925999999999936e+00	8.486402646883444589e+00
1.579879999999999951e+00	8.623975738885672371e+00
1.585833000000000048e+00	8.912748279728027967e+00
1.591785000000000005e+00	9.110038769756382493e+00
1.597736999999999963e+00	9.035422831842494062e+00
1.603688000000000002e+00	9.085705848161637732e+00
1.609639000000000042e+00	8.752053871075732516e+00
1.615590999999999999e+00	9.076268432030941469e+00
1.621542999999999957e+00	8.923708395229708046e+00
1.627494999999999914e+00	8.892475112268733994e+00
1.633447000000000093e+00	8.772719363797206071e+00
1.639399000000000051e+00	8.830764270412208461e+00
1.645350000000000090e+00	8.922371834199775975e+00
1.651302000000000048e+00	8.806242104946715443e+00
1.657253000000000087e+00	8.615479550662827890e+00
1.663205000000000044e+00	8.833071905406086444e+00
1.669157999999999920e+00	8.777593181660131805e+00
1.675111999999999934e+00	8.897492025723025222e+00
1.681065999999999949e+00	8.815851274744485266e+00
1.687019000000000046e+00	8.838610552920373564e+00
1.692971000000000004e+00	9.099013910344130096e+00
1.698919000000000068e+00	9.203158749204551015e+00
1.704863000000000017e+00	9.075653262580871683e+00
1.710806999999999967e+00	8.948645081035925486e+00
1.716752999999999973e+00	8.976496340576582966e+00
1.722706999999999988e+00	8.917404470692222418e+00
1.728671999999999986e+00	8.693226761931422075e+00
1.734652000000000083e+00	8.551072798501099470e+00
1.740636000000000072e+00	8.529372841918952730e+00
1.746609000000000078e+00	8.321426092763489990e+00
1.752555000000000085e+00	8.145768249649691484e+00
1.758458000000000077e+00	8.166026901292500639e+00
1.764308999999999905e+00	8.130655902395222512e+00
1.770140999999999964e+00	8.295817655782686373e+00
1.776011999999999924e+00	8.343354946206090972e+00
1.781979999999999897e+00	8.430532546204210220e+00
1.788105000000000055e+00	8.664167507083169184e+00
1.794426999999999994e+00	9.052452911127844004e+00
1.800829000000000013e+00	9.055423643125214639e+00
1.807091999999999921e+00	9.298244735121464544e+00
1.813002000000000002e+00	9.367801472057337264e+00
1.818338000000000010e+00	9.772139427225084773e+00
1.822912000000000088e+00	9.922038530345208329e+00
1.826850000000000085e+00	1.052944296987956108e+01
1.830492000000000008e+00	1.097772892929956967e+01
1.834179999999999922e+00	1.123240507223591855e+01
1.838259000000000087e+00	1.137962469363554519e+01
1.843048000000000020e+00	1.157543645909180263e+01
1.848562000000000038e+00	1.167961350871951254e+01
1.854589999999999961e+00	1.141818498939636228e+01
1.860913000000000039e+00	1.135329337366848002e+01
1.867313999999999918e+00	1.126502779059503112e+01
1.873583999999999916e+00	1.158712488844427568e+01
1.879660000000000108e+00	1.176286883186217125e+01
1.885596000000000050e+00	1.215084679764649422e+01
1.891450999999999993e+00	1.257212886806638963e+01
1.897281999999999913e+00	1.276529632615129017e+01
1.903146999999999922e+00	1.305898764007574542e+01
1.909062999999999954e+00	1.333674023893828320e+01
1.915018000000000109e+00	1.354000921098663746e+01
1.920995999999999926e+00	1.337554346560896334e+01
1.926979999999999915e+00	1.325857639210764205e+01
1.932955999999999896e+00	1.316886110929271858e+01
1.938917999999999919e+00	1.307297856599942243e+01
1.944868999999999959e+00	1.256537141221285125e+01
1.950814000000000048e+00	1.231055198168294851e+01
1.956757999999999997e+00	1.198844851575674753e+01
1.962703000000000086e+00	1.180187654126506658e+01
1.968652000000000069e+00	1.163722311408662158e+01
1.974604000000000026e+00	1.163745786236767721e+01
1.980558000000000041e+00	1.161956959576538395e+01
1.986512000000000056e+00	1.171369169153975953e+01
1.992466000000000070e+00	1.196590871994233751e+01
1.998418000000000028e+00	1.228245202594319707e+01
2.004370000000000207e+00	1.289987239053545132e+01
2.010321999999999942e+00	1.354849102058603094e+01
2.016272999999999982e+00	1.418518501266312981e+01
2.022224000000000022e+00	1.527634862161681362e+01
2.028176000000000201e+00	1.627210857884515249e+01
2.034127999999999936e+00	1.754088683895877310e+01
2.040080000000000116e+00	1.879918741068970078e+01
2.046031999999999851e+00	1.935961501072032931e+01
2.051984000000000030e+00	2.023531018682785643e+01
2.057935000000000070e+00	2.061005471022175328e+01
2.063886999999999805e+00	2.080143103992404008e+01
2.069837999999999845e+00	2.083558022849838309e+01
2.075791000000000164e+00	2.052284201795880136e+01
2.081744000000000039e+00	2.010653800445371076e+01
2.087698000000000054e+00	1.961459120903047548e+01
2.093652000000000069e+00	1.884654441431111493e+01
2.099604999999999944e+00	1.820186118713692736e+01
2.105554999999999843e+00	1.734344177944180743e+01
2.111501000000000072e+00	1.645075418252872268e+01
2.117445000000000022e+00	1.568208210968119865e+01
2.123388999999999971e+00	1.496588918303231353e+01
2.129338000000000175e+00	1.435251225201275282e+01
2.135295999999999861e+00	1.407391689287707770e+01
2.141268000000000171e+00	1.385089892810749745e+01
2.147250999999999799e+00	1.403373692856968624e+01
2.153232000000000035e+00	1.439294729272699414e+01
2.159196000000000115e+00	1.493875194591070965e+01
2.165125000000000188e+00	1.545720958644486842e+01
2.171006000000000213e+00	1.606812881241574331e+01
2.176841000000000026e+00	1.633347469982449951e+01
2.182682999999999929e+00	1.690534470080202922e+01
2.188588999999999896e+00	1.720258235380350342e+01
2.194618000000000180e+00	1.729343586592984749e+01
2.200828000000000007e+00	1.741403563407997268e+01
2.207209999999999894e+00	1.713735736431576484e+01
2.213579000000000185e+00	1.726377320421257977e+01
2.219714999999999883e+00	1.680757483981289724e+01
2.225403000000000020e+00	1.641063147844078429e+01
2.230423000000000044e+00	1.633021213834634366e+01
2.234681000000000139e+00	1.600257127650271372e+01
2.238447999999999993e+00	1.592570239468645532e+01
2.242068000000000172e+00	1.571463919334458481e+01
2.245884000000000214e+00	1.568475369638338890e+01
2.250237999999999960e+00	1.638090302817902355e+01
2.255365999999999982e+00	1.699134668067139131e+01
2.261130000000000084e+00	1.768364233004250607e+01
2.267313000000000134e+00	1.876313174119633942e+01
2.273696000000000161e+00	1.980280686371088095e+01
2.280063999999999869e+00	2.075723532982351216e+01
2.286243999999999943e+00	2.152621737796157930e+01
2.292251999999999956e+00	2.190106136673783510e+01
2.298146000000000022e+00	2.203438032697173199e+01
2.303983000000000114e+00	2.220260317068285261e+01
2.309822000000000042e+00	2.227595709463068019e+01
2.315710999999999853e+00	2.215332259568894813e+01
2.321645999999999876e+00	2.183960573131293259e+01
2.327612999999999932e+00	2.123845362308610518e+01
2.333594999999999864e+00	2.077065992178365406e+01
2.339576999999999796e+00	2.015073118663053009e+01
2.345546999999999827e+00	1.943888026444938788e+01
2.351503999999999817e+00	1.884981028999809638e+01
2.357451999999999881e+00	1.812585218408658960e+01
2.363395999999999830e+00	1.779521292344467653e+01
2.369339000000000084e+00	1.783722016549393885e+01
2.375286000000000008e+00	1.771127228443827306e+01
2.381237000000000048e+00	1.843637385408209539e+01
2.387189999999999923e+00	1.902682336767793103e+01
2.393143999999999938e+00	1.984523390524727304e+01
2.399097999999999953e+00	2.094533572554781387e+01
2.405050999999999828e+00	2.211338999349868573e+01
2.411004000000000147e+00	2.314377532065696386e+01
2.416955999999999882e+00	2.472333515348929822e+01
2.422906999999999922e+00	2.572602168937338263e+01
2.428857999999999961e+00	2.645378627797207116e+01
2.434809000000000001e+00	2.711962583192305942e+01
2.440760000000000041e+00	2.725782378728202815e+01
2.446712000000000220e+00	2.694795241570143318e+01
2.452663999999999955e+00	2.680317888342404942e+01
2.458616999999999830e+00	2.590052014420554016e+01
2.464570999999999845e+00	2.484021586589722830e+01
2.470524999999999860e+00	2.367787013545047614e+01
2.476478000000000179e+00	2.238525875388320685e+01
2.482429999999999914e+00	2.102425061782907179e+01
2.488377999999999979e+00	2.009503291597969010e+01
2.494323000000000068e+00	1.940393870098083795e+01
2.500265999999999877e+00	1.909177509002682172e+01
2.506212000000000106e+00	1.951365511621542126e+01
2.512164999999999981e+00	2.017780977063796044e+01
2.518129000000000062e+00	2.105118356156863513e+01
2.524108000000000018e+00	2.252082510327800335e+01
2.530091999999999786e+00	2.389270558350383311e+01
2.536067000000000071e+00	2.569012625971733144e+01
2.542015999999999831e+00	2.723312114126274608e+01
2.547924000000000078e+00	2.816559672479227316e+01
2.553779000000000021e+00	2.830203454902872906e+01
2.559610000000000163e+00	2.817459504022441763e+01
2.565475000000000172e+00	2.776930988014361645e+01
2.571432000000000162e+00	2.678247483441027654e+01
2.577539999999999942e+00	2.613209762186282248e+01
2.583845999999999865e+00	2.608971217434007528e+01
2.590249000000000024e+00	2.602219767813872409e+01
2.596534000000000120e+00	2.677865108177741149e+01
2.602485000000000159e+00	2.890721952111540816e+01
2.607883000000000173e+00	3.187397377349644145e+01
2.612527000000000044e+00	3.609393206414560495e+01
2.616509000000000196e+00	4.101678024821862323e+01
2.620163999999999938e+00	4.610859993700009341e+01
2.623834000000000000e+00	5.070510969407698809e+01
2.627863000000000060e+00	5.359334694631552765e+01
2.632579999999999920e+00	5.443803016212764589e+01
2.638037000000000187e+00	5.244474324911695362e+01
2.644026000000000209e+00	4.923407951375406810e+01
2.650332000000000132e+00	4.492937850854018222e+01
2.656734000000000151e+00	3.980620297680584940e+01
2.663022999999999918e+00	3.508081794140525744e+01
2.669115000000000126e+00	3.093220796729156419e+01
2.675060999999999911e+00	2.743625642338544424e+01
2.680919999999999970e+00	2.466434287885504517e+01
2.686751000000000111e+00	2.249925862969728385e+01
2.692610999999999866e+00	2.117047085540199092e+01
2.698523999999999923e+00	2.036780755088102879e+01
2.704476000000000102e+00	1.952181592993293791e+01
2.710452000000000083e+00	1.797874594415021576e+01
2.716435999999999851e+00	1.494536238533258832e+01
2.722412999999999972e+00	1.039215733888648963e+01
2.728375999999999912e+00	3.789471179777065935e+00
2.734328000000000092e+00	-3.849445308324858761e+00
2.740273999999999877e+00	-1.166892928298853249e+01
2.746217000000000130e+00	-1.863921192331578069e+01
2.752162000000000219e+00	-2.436092029835458561e+01
2.758110999999999979e+00	-2.782052351485648245e+01
2.764063000000000159e+00	-2.935149343714254044e+01
2.770016000000000034e+00	-2.928043492020350769e+01
2.775971000000000188e+00	-2.769454301180574518e+01
2.781924000000000063e+00	-2.475215947596633725e+01
2.787876999999999938e+00	-2.066054019039611944e+01
2.793829000000000118e+00	-1.580656380387270765e+01
2.799780999999999853e+00	-1.047013748413384171e+01
2.805731999999999893e+00	-5.102440110707303411e+00
2.811682999999999932e+00	1.595106683272334291e-01
2.817635000000000112e+00	4.766923663235045794e+00
2.823586999999999847e+00	8.436110420390887654e+00
2.829539000000000026e+00	1.117201617800200175e+01
2.835491000000000206e+00	1.264610729373618447e+01
2.841442999999999941e+00	1.247010040376834361e+01
2.847395000000000120e+00	1.066566696486098209e+01
2.853346999999999856e+00	7.967061966847689192e+00
2.859299000000000035e+00	5.281883382050735598e+00
2.865251000000000214e+00	3.075700743604295795e+00
2.871201999999999810e+00	2.022669298124676995e+00
2.877153999999999989e+00	3.077782381688418667e+00
2.883106000000000169e+00	4.939861694958892713e+00
2.889057999999999904e+00	7.503512921829297966e+00
2.895010000000000083e+00	9.720036887517020219e+00
2.900961999999999819e+00	1.104784349250138931e+01
2.906913999999999998e+00	1.110335733165769945e+01
2.912866000000000177e+00	1.011692303963303630e+01
2.918817999999999913e+00	8.376337579480711781e+00
2.924770000000000092e+00	6.715935509341478316e+00
2.930721000000000132e+00	4.872095218161985208e+00
2.936672999999999867e+00	3.687793236451016643e+00
2.942625000000000046e+00	2.836999139309207330e+00
2.948576999999999781e+00	2.336585904577855199e+00
2.954528999999999961e+00	2.368841288287482527e+00
2.960481000000000140e+00	2.452346579597742160e+00
2.966432999999999875e+00	2.874655453295019925e+00
2.972385000000000055e+00	3.797865081402347798e+00
2.978336999999999790e+00	4.551009006614459729e+00
2.984288999999999970e+00	5.602843143245035407e+00
2.990240000000000009e+00	6.493491364876281757e+00
2.996192000000000188e+00	7.452933039276498306e+00
3.002143999999999924e+00	8.339258419265354050e+00
3.008096000000000103e+00	9.228870997426755096e+00
3.014047999999999838e+00	9.705085069584031388e+00
3.020000000000000018e+00	1.026261695448726918e+01
