1.199999999999999956e-01	1.718897736177595892e+00
1.249780000000000058e-01	2.113452072563431372e+00
1.305999999999999939e-01	2.461545293378051280e+00
1.367059999999999942e-01	2.257288160102324248e+00
1.431360000000000132e-01	2.084424375476522151e+00
1.497320000000000040e-01	1.827036810141352552e+00
1.563350000000000017e-01	1.449566845007905336e+00
1.627850000000000130e-01	1.002163812210083771e+00
1.689219999999999888e-01	9.566252898834954888e-01
1.745889999999999942e-01	7.272931763529442151e-01
1.796250000000000069e-01	1.062512933753499755e+00
1.839349999999999874e-01	1.580907441406982361e+00
1.877439999999999942e-01	2.194350976475609283e+00
1.913779999999999926e-01	3.245029681476733430e+00
1.951660000000000061e-01	3.773915221974917689e+00
1.994340000000000002e-01	3.839429399168060808e+00
2.044499999999999929e-01	3.870586972200194875e+00
2.101250000000000062e-01	3.110163021107006820e+00
2.162479999999999958e-01	2.805437560000518360e+00
2.226049999999999973e-01	2.268361670121320284e+00
2.289819999999999911e-01	1.743615867007731968e+00
2.351930000000000132e-01	1.623999114137850253e+00
2.412249999999999950e-01	2.073091170861075305e+00
2.471349999999999936e-01	2.295436550510045137e+00
2.529799999999999827e-01	2.586293058993251570e+00
2.588170000000000193e-01	3.226476226807617476e+00
2.646970000000000156e-01	3.322531310899965451e+00
2.706259999999999777e-01	3.396302370857053443e+00
2.765880000000000005e-01	3.133330106264911485e+00
2.825679999999999858e-01	3.371041270276314616e+00
2.885510000000000019e-01	3.033302865927116621e+00
2.945229999999999793e-01	3.191551098865905267e+00
3.004809999999999981e-01	3.497756837266658980e+00
3.064310000000000089e-01	3.523237059933267190e+00
3.123750000000000138e-01	3.622355908204506481e+00
3.183190000000000186e-01	4.015326569749287700e+00
3.242650000000000254e-01	4.457414813538713716e+00
3.302149999999999808e-01	4.720177592343286932e+00
3.361680000000000224e-01	5.162930938025351857e+00
3.421210000000000084e-01	5.233124269279593399e+00
3.480759999999999965e-01	5.014544411351188558e+00
3.540289999999999826e-01	4.695662175212203415e+00
3.599809999999999954e-01	4.402067238536547578e+00
3.659330000000000083e-01	3.817735707074582763e+00
3.718839999999999923e-01	3.245691031827166562e+00
3.778360000000000052e-01	3.053031562927293496e+00
3.837869999999999893e-01	2.871630431931717187e+00
3.897390000000000021e-01	2.743816989967538422e+00
3.956910000000000149e-01	2.738828493286569188e+00
4.016429999999999723e-01	2.907057269224286866e+00
4.075949999999999851e-01	2.829535719625793089e+00
4.135469999999999979e-01	2.771682496879912527e+00
4.194979999999999820e-01	2.914311788136719539e+00
4.254499999999999948e-01	2.860433583570213045e+00
4.314009999999999789e-01	2.807874777266442745e+00
4.373540000000000205e-01	2.578338891295947288e+00
4.433079999999999798e-01	2.810993202794782597e+00
4.492619999999999947e-01	2.975352205924966409e+00
4.552160000000000095e-01	2.953895812501011964e+00
4.611680000000000224e-01	3.316163344303429739e+00
4.671170000000000044e-01	3.299567554903479749e+00
4.730619999999999825e-01	3.419727367060195089e+00
4.790059999999999873e-01	3.379473340381314195e+00
4.849510000000000209e-01	2.891123609036787556e+00
4.909020000000000050e-01	3.225726919415804694e+00
4.968629999999999991e-01	3.018507114610208042e+00
5.028390000000000359e-01	3.455457448620435024e+00
5.088230000000000253e-01	3.758178641308731471e+00
5.148009999999999531e-01	4.283331522602233932e+00
5.207570000000000254e-01	5.043403397504610197e+00
5.266750000000000043e-01	5.686009430245293039e+00
5.325410000000000421e-01	6.118791897121649725e+00
5.383719999999999617e-01	6.378532804201329398e+00
5.442249999999999588e-01	6.561985049659640801e+00
5.501580000000000359e-01	6.584268082036170533e+00
5.562289999999999734e-01	6.330127277057224333e+00
5.624930000000000208e-01	6.166034085401486564e+00
5.688929999999999820e-01	5.646214642047736376e+00
5.752220000000000111e-01	5.169873713359343093e+00
5.812610000000000277e-01	4.510473298130976083e+00
5.867949999999999555e-01	4.382144185939676362e+00
5.916080000000000227e-01	3.844143807186787942e+00
5.957040000000000113e-01	3.834399287854638239e+00
5.993990000000000151e-01	3.730166330872409119e+00
6.030370000000000452e-01	4.030214571684428648e+00
6.069609999999999728e-01	4.044915584063693004e+00
6.115110000000000268e-01	4.042721832987019148e+00
6.168270000000000142e-01	4.080689497297774082e+00
6.227219999999999978e-01	4.152533402396357154e+00
6.289789999999999548e-01	4.252124770263008280e+00
6.353790000000000271e-01	4.311919441923473428e+00
6.417070000000000274e-01	4.257144827975501755e+00
6.478369999999999962e-01	4.426705531596907051e+00
6.538089999999999735e-01	4.655367260489077452e+00
6.596819999999999906e-01	4.705524746109182033e+00
6.655140000000000500e-01	4.785434931561243665e+00
6.713630000000000431e-01	4.760847467958413404e+00
6.772660000000000347e-01	5.074126743136162077e+00
6.832110000000000127e-01	4.890646023576129764e+00
6.891829999999999901e-01	5.020013001351097515e+00
6.951669999999999794e-01	5.012336518003335684e+00
7.011469999999999647e-01	5.046644732831801150e+00
7.071119999999999628e-01	5.271952339061019011e+00
7.130670000000000064e-01	5.435804097293935655e+00
7.190130000000000132e-01	5.286603291220997036e+00
7.249569999999999625e-01	5.676388263014459312e+00
7.309010000000000229e-01	5.689794618097596235e+00
7.368489999999999762e-01	6.096444589121834845e+00
7.428000000000000158e-01	6.555016284256917736e+00
7.487530000000000019e-01	6.652975571263634258e+00
7.547080000000000455e-01	6.778988424556761316e+00
7.606619999999999493e-01	6.557531913665465062e+00
7.666140000000000176e-01	6.652758310857458390e+00
7.725670000000000037e-01	6.526096546233543627e+00
7.785180000000000433e-01	6.173638184775054327e+00
7.844689999999999719e-01	6.013202500056204158e+00
7.904210000000000402e-01	5.906847909500181792e+00
7.963729999999999976e-01	6.127447676405840760e+00
8.023249999999999549e-01	6.960383993300192529e+00
8.082770000000000232e-01	7.144710765194288271e+00
8.142289999999999806e-01	7.695494035257107512e+00
8.201800000000000201e-01	7.788888733995817049e+00
8.261319999999999775e-01	7.769087637700616611e+00
8.320830000000000171e-01	7.470475697987543739e+00
8.380349999999999744e-01	6.869456424666456229e+00
8.439870000000000427e-01	6.432498681434903887e+00
8.499400000000000288e-01	6.057439419207978126e+00
8.558940000000000436e-01	5.793498910965703352e+00
8.618479999999999475e-01	5.800751284449167322e+00
8.678010000000000446e-01	6.111497952183737148e+00
8.737519999999999731e-01	6.297084710716786660e+00
8.797000000000000375e-01	6.725267390738836504e+00
8.856439999999999868e-01	7.166269026874002357e+00
8.915870000000000184e-01	7.855047658648152797e+00
8.975349999999999717e-01	8.102237860680297388e+00
9.034900000000000153e-01	8.698299080265067929e+00
9.094569999999999599e-01	9.097158463407632567e+00
9.154379999999999740e-01	8.935491464183199284e+00
9.214210000000000456e-01	8.791966643199653930e+00
9.273909999999999654e-01	8.731219186393655463e+00
9.333329999999999682e-01	8.412499431331861288e+00
9.392300000000000093e-01	8.128814900339730087e+00
9.450749999999999984e-01	8.283260398656311807e+00
9.509090000000000042e-01	8.231315746422628976e+00
9.567890000000000006e-01	8.207146435086089653e+00
9.627750000000000474e-01	8.299396550183844923e+00
9.689229999999999787e-01	8.303316437988407017e+00
9.752680000000000238e-01	8.267316991918148616e+00
9.816639999999999810e-01	8.016854500205683465e+00
9.878930000000000211e-01	7.771339727686900289e+00
9.937399999999999567e-01	7.474499817104846677e+00
9.989850000000000119e-01	7.583351030798072934e+00
1.003457999999999961e+00	7.674396847823996559e+00
1.007338000000000067e+00	7.730599696338486204e+00
1.010966000000000031e+00	7.891497790217043118e+00
1.014685999999999977e+00	8.281813594475440965e+00
1.018841000000000108e+00	8.417041443474483131e+00
1.023735000000000062e+00	8.458161571765916875e+00
1.029328999999999938e+00	8.512714147061700487e+00
1.035408000000000106e+00	8.630021831422268974e+00
1.041754000000000069e+00	8.721778067876810425e+00
1.048148999999999997e+00	8.761989658791268454e+00
1.054391999999999996e+00	8.683664714987656907e+00
1.060446000000000000e+00	8.693753948283378108e+00
1.066368999999999900e+00	8.488716955702257039e+00
1.072216999999999976e+00	8.597123973938440855e+00
1.078049000000000035e+00	8.829331547912168787e+00
1.083920999999999912e+00	8.818200941252902325e+00
1.089842999999999895e+00	9.415978653315834279e+00
1.095801999999999943e+00	9.713918182624912134e+00
1.101780999999999899e+00	1.032253622903697377e+01
1.107765000000000111e+00	1.071470719616434408e+01
1.113739999999999952e+00	1.086644706294943674e+01
1.119699999999999918e+00	1.115107876692990452e+01
1.125650000000000039e+00	1.137502018745738219e+01
1.131594999999999906e+00	1.151550470185314978e+01
1.137537999999999938e+00	1.145963908032754119e+01
1.143483999999999945e+00	1.174569548108318884e+01
1.149432999999999927e+00	1.163498218421325525e+01
1.155386000000000024e+00	1.155110285317819319e+01
1.161338999999999899e+00	1.134477819070438898e+01
1.167294000000000054e+00	1.129493792175484401e+01
1.173246999999999929e+00	1.135462543483006748e+01
1.179200000000000026e+00	1.113686548366827012e+01
1.185151999999999983e+00	1.110657163750152066e+01
1.191103000000000023e+00	1.139306080374897867e+01
1.197054000000000062e+00	1.160533487007233333e+01
1.203006000000000020e+00	1.211421757076796801e+01
1.208957999999999977e+00	1.263866266818458151e+01
1.214909999999999934e+00	1.324577281729836997e+01
1.220861999999999892e+00	1.380116426432272903e+01
1.226814000000000071e+00	1.427712299445700062e+01
1.232765000000000111e+00	1.485860137726900021e+01
1.238717000000000068e+00	1.509269003313969471e+01
1.244668000000000108e+00	1.563847474171301677e+01
1.250620000000000065e+00	1.573993851125986687e+01
1.256572000000000022e+00	1.616389510114861494e+01
1.262526000000000037e+00	1.617620369434117933e+01
1.268480000000000052e+00	1.623156312210303298e+01
1.274434000000000067e+00	1.635974054969172897e+01
1.280386000000000024e+00	1.650621635510311336e+01
1.286335999999999924e+00	1.645571156553809899e+01
1.292281999999999931e+00	1.637674577757233862e+01
1.298224999999999962e+00	1.682745019571711609e+01
1.304170000000000051e+00	1.669181941054848650e+01
1.310119999999999951e+00	1.690285010472737071e+01
1.316079999999999917e+00	1.687004806435113480e+01
1.322052999999999923e+00	1.714789454040137784e+01
1.328036999999999912e+00	1.708509264536111161e+01
1.334017000000000008e+00	1.753493704622290039e+01
1.339976000000000056e+00	1.810135156633782216e+01
1.345900000000000096e+00	1.889607338898790445e+01
1.351774000000000031e+00	2.045516713039010881e+01
1.357607000000000008e+00	2.209198965924358404e+01
1.363453000000000026e+00	2.409651306097080692e+01
1.369372000000000034e+00	2.567218377327291989e+01
1.375421999999999922e+00	2.693409176440903607e+01
1.381658999999999970e+00	2.690071423368216941e+01
1.388052000000000064e+00	2.615742833840414860e+01
1.394403000000000059e+00	2.547063664026183361e+01
1.400492999999999988e+00	2.678493327263418777e+01
1.406104999999999938e+00	3.039789489240859410e+01
1.411021999999999998e+00	3.836660454706252921e+01
1.415195999999999898e+00	5.054901275876463274e+01
1.418924000000000074e+00	6.410187440040742501e+01
1.422549999999999981e+00	7.695991986963201725e+01
1.426417000000000046e+00	8.585574512308389217e+01
1.430868000000000029e+00	8.871316035615568296e+01
1.436091000000000006e+00	8.401332781214767920e+01
1.441923000000000066e+00	7.399092013901578468e+01
1.448144000000000098e+00	6.116459850531937548e+01
1.454538000000000109e+00	4.788026659519935180e+01
1.460887000000000047e+00	3.697864083765139043e+01
1.467041999999999957e+00	2.970085464254194463e+01
1.473030999999999979e+00	2.572403501170736817e+01
1.478914000000000062e+00	2.425221791371955860e+01
1.484749000000000096e+00	2.376718733320549148e+01
1.490591999999999917e+00	2.380001358201946005e+01
1.496488000000000040e+00	2.338994123632124200e+01
1.502428000000000097e+00	2.276111962537987310e+01
1.508397999999999906e+00	2.180642853777356294e+01
1.514380999999999977e+00	2.067491303473630282e+01
1.520361999999999991e+00	1.996565814181261089e+01
1.526329999999999965e+00	1.916141920001244969e+01
1.532284999999999897e+00	1.857834165468883825e+01
1.538232999999999961e+00	1.791561806289622893e+01
1.544175999999999993e+00	1.781177821438442166e+01
1.550119999999999942e+00	1.740142565136460817e+01
1.556068000000000007e+00	1.705689729384512887e+01
1.562019000000000046e+00	1.650844965093898509e+01
1.567971999999999921e+00	1.625255326645504539e+01
1.573925999999999936e+00	1.591987467551693847e+01
1.579879999999999951e+00	1.544532430945529278e+01
1.585833000000000048e+00	1.520564064947281402e+01
1.591785000000000005e+00	1.485521256391777811e+01
1.597736999999999963e+00	1.477591441479813383e+01
1.603688000000000002e+00	1.483585928841667467e+01
1.609639000000000042e+00	1.498202331961916833e+01
1.615590999999999999e+00	1.526022569184907240e+01
1.621542999999999957e+00	1.600406519455420096e+01
1.627494999999999914e+00	1.631778406296373518e+01
1.633447000000000093e+00	1.690202888150690796e+01
1.639399000000000051e+00	1.727282758682211394e+01
1.645350000000000090e+00	1.752120832223467062e+01
1.651302000000000048e+00	1.737536960363737748e+01
1.657253000000000087e+00	1.751906367219788407e+01
1.663205000000000044e+00	1.713934823830618370e+01
1.669157999999999920e+00	1.726411619463498681e+01
1.675111999999999934e+00	1.760837901920832493e+01
1.681065999999999949e+00	1.789813011847919455e+01
1.687019000000000046e+00	1.813194252767988601e+01
1.692971000000000004e+00	1.820374569853628444e+01
1.698919000000000068e+00	1.837072880512067030e+01
1.704863000000000017e+00	1.832333554853810398e+01
1.710806999999999967e+00	1.824384321151783084e+01
1.716752999999999973e+00	1.831017779785272737e+01
1.722706999999999988e+00	1.796252895562365737e+01
1.728671999999999986e+00	1.783192985472095060e+01
1.734652000000000083e+00	1.763756559261240042e+01
1.740636000000000072e+00	1.749920200618791100e+01
1.746609000000000078e+00	1.756630403081333114e+01
1.752555000000000085e+00	1.735344628559065683e+01
1.758458000000000077e+00	1.765324430619097740e+01
1.764308999999999905e+00	1.783176285250997140e+01
1.770140999999999964e+00	1.858256237162534674e+01
1.776011999999999924e+00	1.917873840820916342e+01
1.781979999999999897e+00	1.989908048553426667e+01
1.788105000000000055e+00	2.039199960570080705e+01
1.794426999999999994e+00	2.085848078415159179e+01
1.800829000000000013e+00	2.151608202438368522e+01
1.807091999999999921e+00	2.158808565885769326e+01
1.813002000000000002e+00	2.181921390531858407e+01
1.818338000000000010e+00	2.208520215423759936e+01
1.822912000000000088e+00	2.205637518703026245e+01
1.826850000000000085e+00	2.225401433216899605e+01
1.830492000000000008e+00	2.241947045796215932e+01
1.834179999999999922e+00	2.255069375305593127e+01
1.838259000000000087e+00	2.281407299739939631e+01
1.843048000000000020e+00	2.301294516090880649e+01
1.848562000000000038e+00	2.351430042937869658e+01
1.854589999999999961e+00	2.378960554611770917e+01
1.860913000000000039e+00	2.401148846374220014e+01
1.867313999999999918e+00	2.437844612139560496e+01
1.873583999999999916e+00	2.428269249723913248e+01
1.879660000000000108e+00	2.425720737399398885e+01
1.885596000000000050e+00	2.419915812947637335e+01
1.891450999999999993e+00	2.410384170116413216e+01
1.897281999999999913e+00	2.429093091982992902e+01
1.903146999999999922e+00	2.446519609684872876e+01
1.909062999999999954e+00	2.499809592416526982e+01
1.915018000000000109e+00	2.549134140335496213e+01
1.920995999999999926e+00	2.609259812720905103e+01
1.926979999999999915e+00	2.654519042550868591e+01
1.932955999999999896e+00	2.715653524876075764e+01
1.938917999999999919e+00	2.736789052350611584e+01
1.944868999999999959e+00	2.805139230994423372e+01
1.950814000000000048e+00	2.832643101077522374e+01
1.956757999999999997e+00	2.858470199087627250e+01
1.962703000000000086e+00	2.928962451758834007e+01
1.968652000000000069e+00	2.963294137432643538e+01
1.974604000000000026e+00	3.016836705886983339e+01
1.980558000000000041e+00	3.084015751929782923e+01
1.986512000000000056e+00	3.124214364207026406e+01
1.992466000000000070e+00	3.164136919783532775e+01
1.998418000000000028e+00	3.173934778959173642e+01
2.004370000000000207e+00	3.222206019631185114e+01
2.010321999999999942e+00	3.261852143995788111e+01
2.016272999999999982e+00	3.378054100998244280e+01
2.022224000000000022e+00	3.488553079267262547e+01
2.028176000000000201e+00	3.703271653665009211e+01
2.034127999999999936e+00	3.927960582024959990e+01
2.040080000000000116e+00	4.196490734679533574e+01
2.046031999999999851e+00	4.469301353125555920e+01
2.051984000000000030e+00	4.724311739981543923e+01
2.057935000000000070e+00	4.948696118542569877e+01
2.063886999999999805e+00	5.164114317603019089e+01
2.069837999999999845e+00	5.317748265535821872e+01
2.075791000000000164e+00	5.419258871812746037e+01
2.081744000000000039e+00	5.431678976603429732e+01
2.087698000000000054e+00	5.427815433360301256e+01
2.093652000000000069e+00	5.309791800500111236e+01
2.099604999999999944e+00	5.204448474477072750e+01
2.105554999999999843e+00	5.041909210006804898e+01
2.111501000000000072e+00	4.869221153986882200e+01
2.117445000000000022e+00	4.707823590158076854e+01
2.123388999999999971e+00	4.535283007284892420e+01
2.129338000000000175e+00	4.417557747965442871e+01
2.135295999999999861e+00	4.309888080359772289e+01
2.141268000000000171e+00	4.259828769941894677e+01
2.147250999999999799e+00	4.276951295221085303e+01
2.153232000000000035e+00	4.321487487632584390e+01
2.159196000000000115e+00	4.384907263969707714e+01
2.165125000000000188e+00	4.466119861979090899e+01
2.171006000000000213e+00	4.511982037414894364e+01
2.176841000000000026e+00	4.561849027319201610e+01
2.182682999999999929e+00	4.579587684937899894e+01
2.188588999999999896e+00	4.597899750248976147e+01
2.194618000000000180e+00	4.611333925667130984e+01
2.200828000000000007e+00	4.636214437625636720e+01
2.207209999999999894e+00	4.674445801321886762e+01
2.213579000000000185e+00	4.710438603984589889e+01
2.219714999999999883e+00	4.735751161912651241e+01
2.225403000000000020e+00	4.725788089851698714e+01
2.230423000000000044e+00	4.667214812833559279e+01
2.234681000000000139e+00	4.573670016986086040e+01
2.238447999999999993e+00	4.444217176844415462e+01
2.242068000000000172e+00	4.313721485761772811e+01
2.245884000000000214e+00	4.170506819725936509e+01
2.250237999999999960e+00	4.024051231422783559e+01
2.255365999999999982e+00	3.926471252861300343e+01
2.261130000000000084e+00	3.861928588747981905e+01
2.267313000000000134e+00	3.810384793504042023e+01
2.273696000000000161e+00	3.785937737480478660e+01
2.280063999999999869e+00	3.775990931707662668e+01
2.286243999999999943e+00	3.777468648101227444e+01
2.292251999999999956e+00	3.822751365885013541e+01
2.298146000000000022e+00	3.873605853458226989e+01
2.303983000000000114e+00	3.968027425785580675e+01
2.309822000000000042e+00	4.048405611317837582e+01
2.315710999999999853e+00	4.207628661295201766e+01
2.321645999999999876e+00	4.384793188269629383e+01
2.327612999999999932e+00	4.587979100115383346e+01
2.333594999999999864e+00	4.776697397189153094e+01
2.339576999999999796e+00	5.010891473385883899e+01
2.345546999999999827e+00	5.212580553553360119e+01
2.351503999999999817e+00	5.426737835535204368e+01
2.357451999999999881e+00	5.613865155640063165e+01
2.363395999999999830e+00	5.801460665776875203e+01
2.369339000000000084e+00	5.909783814338507568e+01
2.375286000000000008e+00	6.039632358590028360e+01
2.381237000000000048e+00	6.081617610742527091e+01
2.387189999999999923e+00	6.118165323114130416e+01
2.393143999999999938e+00	6.102807543079104846e+01
2.399097999999999953e+00	6.055932971141197640e+01
2.405050999999999828e+00	6.021384572591232143e+01
2.411004000000000147e+00	5.949225908071015567e+01
2.416955999999999882e+00	5.952762554549305207e+01
2.422906999999999922e+00	5.938849293875143331e+01
2.428857999999999961e+00	5.982301813584388128e+01
2.434809000000000001e+00	6.087995665583885341e+01
2.440760000000000041e+00	6.252842224711199037e+01
2.446712000000000220e+00	6.408109551452479025e+01
2.452663999999999955e+00	6.619532958015665258e+01
2.458616999999999830e+00	6.807427717035463388e+01
2.464570999999999845e+00	6.945280696627783357e+01
2.470524999999999860e+00	7.082203363586583578e+01
2.476478000000000179e+00	7.115218316944539367e+01
2.482429999999999914e+00	7.085481043418772629e+01
2.488377999999999979e+00	6.948265994873234774e+01
2.494323000000000068e+00	6.652261619503184420e+01
2.500265999999999877e+00	6.321198549345064066e+01
2.506212000000000106e+00	5.950674350642727006e+01
2.512164999999999981e+00	5.608912570504794814e+01
2.518129000000000062e+00	5.425161601346191986e+01
2.524108000000000018e+00	5.435653062306329275e+01
2.530091999999999786e+00	5.570395488967472630e+01
2.536067000000000071e+00	5.827254502679998893e+01
2.542015999999999831e+00	6.042258280111461488e+01
2.547924000000000078e+00	6.224249600890234291e+01
2.553779000000000021e+00	6.217414610754887860e+01
2.559610000000000163e+00	6.048054694317568902e+01
2.565475000000000172e+00	5.820393095184776655e+01
2.571432000000000162e+00	5.457705323709883771e+01
2.577539999999999942e+00	5.127888388540704767e+01
2.583845999999999865e+00	4.825746212050659523e+01
2.590249000000000024e+00	4.570440813550725778e+01
2.596534000000000120e+00	4.379523295430315954e+01
2.602485000000000159e+00	4.318866583666399350e+01
2.607883000000000173e+00	4.356793560569581558e+01
2.612527000000000044e+00	4.525465710218760762e+01
2.616509000000000196e+00	4.800352971686633197e+01
2.620163999999999938e+00	5.067792595033057523e+01
2.623834000000000000e+00	5.309235973330966374e+01
2.627863000000000060e+00	5.380672591260920967e+01
2.632579999999999920e+00	5.271188540023118918e+01
2.638037000000000187e+00	4.945319139228338656e+01
2.644026000000000209e+00	4.482708246097624283e+01
2.650332000000000132e+00	4.011198369246088902e+01
2.656734000000000151e+00	3.567065276159440401e+01
2.663022999999999918e+00	3.265618543453418710e+01
2.669115000000000126e+00	3.083102836273143410e+01
2.675060999999999911e+00	3.046016762302710390e+01
2.680919999999999970e+00	3.024924682554074451e+01
2.686751000000000111e+00	3.054533414836947003e+01
2.692610999999999866e+00	3.070366353322243924e+01
2.698523999999999923e+00	3.007228255957583585e+01
2.704476000000000102e+00	2.938053317877211157e+01
2.710452000000000083e+00	2.832679839702076308e+01
2.716435999999999851e+00	2.733912798880730222e+01
2.722412999999999972e+00	2.656110385461605006e+01
2.728375999999999912e+00	2.588311780793526395e+01
2.734328000000000092e+00	2.542623475740664674e+01
2.740273999999999877e+00	2.575891714062013804e+01
2.746217000000000130e+00	2.651166778536748936e+01
2.752162000000000219e+00	2.843916508037866464e+01
2.758110999999999979e+00	3.066331783673118139e+01
2.764063000000000159e+00	3.311802646078029966e+01
2.770016000000000034e+00	3.520153071491146335e+01
2.775971000000000188e+00	3.656288485894640417e+01
2.781924000000000063e+00	3.607941598340313050e+01
2.787876999999999938e+00	3.395483029933183872e+01
2.793829000000000118e+00	3.022955187477021965e+01
2.799780999999999853e+00	2.485794937919260050e+01
2.805731999999999893e+00	1.852590897045304885e+01
2.811682999999999932e+00	1.091731210342953773e+01
2.817635000000000112e+00	2.647955282740334759e+00
2.823586999999999847e+00	-5.769853968543678491e+00
2.829539000000000026e+00	-1.280824042968814247e+01
2.835491000000000206e+00	-1.828307010466208382e+01
2.841442999999999941e+00	-2.074470303853103204e+01
2.847395000000000120e+00	-2.020228828524416542e+01
2.853346999999999856e+00	-1.711399470376881027e+01
2.859299000000000035e+00	-1.205875239345525607e+01
2.865251000000000214e+00	-5.888191460901158081e+00
2.871201999999999810e+00	7.828599005229353036e-01
2.877153999999999989e+00	7.568120438875650002e+00
2.883106000000000169e+00	1.352294463199291030e+01
2.889057999999999904e+00	1.830773374038549051e+01
2.895010000000000083e+00	2.122244292899411988e+01
2.900961999999999819e+00	2.191549460516265313e+01
2.906913999999999998e+00	1.976027446770580553e+01
2.912866000000000177e+00	1.568445088623223960e+01
2.918817999999999913e+00	1.085517202152269078e+01
2.924770000000000092e+00	5.849220906810897347e+00
2.930721000000000132e+00	1.837134499262111254e+00
2.936672999999999867e+00	-8.015824287841564200e-01
2.942625000000000046e+00	-1.759732144409379639e+00
2.948576999999999781e+00	-1.439334383626032166e+00
2.954528999999999961e+00	5.236540348839441306e-01
2.960481000000000140e+00	3.387999245313443097e+00
2.966432999999999875e+00	7.413207774220228252e+00
2.972385000000000055e+00	1.222487941557024982e+01
2.978336999999999790e+00	1.713373945349724892e+01
2.984288999999999970e+00	2.203261368974462542e+01
2.990240000000000009e+00	2.624539474624777924e+01
2.996192000000000188e+00	2.967492572949296559e+01
3.002143999999999924e+00	3.168852322118815223e+01
3.008096000000000103e+00	3.169422336028982912e+01
3.014047999999999838e+00	2.922851980335243738e+01
3.020000000000000018e+00	2.479138354940931777e+01
