1.199999999999999956e-01	-1.643806000000000100e+00
1.249780000000000058e-01	-8.979230000000000267e-01
1.305999999999999939e-01	-2.917739999999999778e-01
1.367059999999999942e-01	1.860279999999999989e-01
1.431360000000000132e-01	5.468650000000000455e-01
1.497320000000000040e-01	8.021209999999999729e-01
1.563350000000000017e-01	9.631809999999999539e-01
1.627850000000000130e-01	1.041428999999999938e+00
1.689219999999999888e-01	1.048248999999999986e+00
1.745889999999999942e-01	9.950250000000000483e-01
1.796250000000000069e-01	8.931409999999999627e-01
1.839349999999999874e-01	7.539000000000000146e-01
1.877439999999999942e-01	5.881889999999999619e-01
1.913779999999999926e-01	4.067640000000000144e-01
1.951660000000000061e-01	2.203779999999999906e-01
1.994340000000000002e-01	3.978799999999999698e-02
2.044499999999999929e-01	-1.247619999999999979e-01
2.101250000000000062e-01	-2.659739999999999882e-01
2.162479999999999958e-01	-3.776059999999999972e-01
2.226049999999999973e-01	-4.534170000000000145e-01
2.289819999999999911e-01	-4.871639999999999859e-01
2.351930000000000132e-01	-4.738350000000000062e-01
2.412249999999999950e-01	-4.164619999999999989e-01
2.471349999999999936e-01	-3.213110000000000133e-01
2.529799999999999827e-01	-1.946569999999999967e-01
2.588170000000000193e-01	-4.277399999999999952e-02
2.646970000000000156e-01	1.271220000000000128e-01
2.706259999999999777e-01	3.008199999999999763e-01
2.765880000000000005e-01	4.609559999999999769e-01
2.825679999999999858e-01	5.901480000000000059e-01
2.885510000000000019e-01	6.710169999999999746e-01
2.945229999999999793e-01	6.883240000000000469e-01
3.004809999999999981e-01	6.450010000000000465e-01
3.064310000000000089e-01	5.531479999999999730e-01
3.123750000000000138e-01	4.249319999999999764e-01
3.183190000000000186e-01	2.725199999999999845e-01
3.242650000000000254e-01	1.082140000000000046e-01
3.302149999999999808e-01	-5.439399999999999791e-02
3.361680000000000224e-01	-2.009819999999999940e-01
3.421210000000000084e-01	-3.172209999999999752e-01
3.480759999999999965e-01	-3.887809999999999877e-01
3.540289999999999826e-01	-4.025059999999999749e-01
3.599809999999999954e-01	-3.583720000000000239e-01
3.659330000000000083e-01	-2.646060000000000079e-01
3.718839999999999923e-01	-1.295610000000000095e-01
3.778360000000000052e-01	3.840899999999999870e-02
3.837869999999999893e-01	2.305139999999999967e-01
3.897390000000000021e-01	4.322659999999999836e-01
3.956910000000000149e-01	6.251970000000000027e-01
4.016429999999999723e-01	7.907579999999999609e-01
4.075949999999999851e-01	9.103980000000000405e-01
4.135469999999999979e-01	9.665909999999999780e-01
4.194979999999999820e-01	9.574099999999999833e-01
4.254499999999999948e-01	8.930569999999999897e-01
4.314009999999999789e-01	7.840580000000000327e-01
4.373540000000000205e-01	6.409340000000000037e-01
4.433079999999999798e-01	4.743879999999999764e-01
4.492619999999999947e-01	2.982920000000000016e-01
4.552160000000000095e-01	1.292659999999999920e-01
4.611680000000000224e-01	-1.598099999999999868e-02
4.671170000000000044e-01	-1.207400000000000001e-01
4.730619999999999825e-01	-1.688560000000000061e-01
4.790059999999999873e-01	-1.560670000000000113e-01
4.849510000000000209e-01	-8.954399999999999860e-02
4.909020000000000050e-01	2.307999999999999982e-02
4.968629999999999991e-01	1.741729999999999945e-01
5.028390000000000359e-01	3.559189999999999854e-01
5.088230000000000253e-01	5.557499999999999662e-01
5.148009999999999531e-01	7.560200000000000253e-01
5.207570000000000254e-01	9.388360000000000039e-01
5.266750000000000043e-01	1.086305999999999994e+00
5.325410000000000421e-01	1.180887999999999938e+00
5.383719999999999617e-01	1.216279000000000110e+00
5.442249999999999588e-01	1.199513999999999969e+00
5.501580000000000359e-01	1.138406000000000029e+00
5.562289999999999734e-01	1.040766000000000080e+00
5.624930000000000208e-01	9.144780000000000131e-01
5.688929999999999820e-01	7.702710000000000390e-01
5.752220000000000111e-01	6.226359999999999673e-01
5.812610000000000277e-01	4.863190000000000013e-01
5.867949999999999555e-01	3.760660000000000114e-01
5.916080000000000227e-01	3.064890000000000114e-01
5.957040000000000113e-01	2.850770000000000248e-01
5.993990000000000151e-01	3.088620000000000254e-01
6.030370000000000452e-01	3.740379999999999816e-01
6.069609999999999728e-01	4.768020000000000036e-01
6.115110000000000268e-01	6.132999999999999563e-01
6.168270000000000142e-01	7.761649999999999938e-01
6.227219999999999978e-01	9.522829999999999906e-01
6.289789999999999548e-01	1.128007999999999900e+00
6.353790000000000271e-01	1.289697000000000093e+00
6.417070000000000274e-01	1.423747000000000096e+00
6.478369999999999962e-01	1.520909999999999984e+00
6.538089999999999735e-01	1.579876000000000058e+00
6.596819999999999906e-01	1.600181999999999993e+00
6.655140000000000500e-01	1.581363999999999992e+00
6.713630000000000431e-01	1.522988000000000008e+00
6.772660000000000347e-01	1.428952999999999918e+00
6.832110000000000127e-01	1.311987999999999932e+00
6.891829999999999901e-01	1.185902000000000012e+00
6.951669999999999794e-01	1.064500000000000002e+00
7.011469999999999647e-01	9.615759999999999863e-01
7.071119999999999628e-01	8.878030000000000088e-01
7.130670000000000064e-01	8.467280000000000362e-01
7.190130000000000132e-01	8.409090000000000176e-01
7.249569999999999625e-01	8.729040000000000132e-01
7.309010000000000229e-01	9.452639999999999931e-01
7.368489999999999762e-01	1.056980999999999948e+00
7.428000000000000158e-01	1.197940999999999923e+00
7.487530000000000019e-01	1.356594000000000078e+00
7.547080000000000455e-01	1.521387999999999963e+00
7.606619999999999493e-01	1.680773999999999990e+00
7.666140000000000176e-01	1.824210000000000109e+00
7.725670000000000037e-01	1.944050999999999974e+00
7.785180000000000433e-01	2.033167999999999864e+00
7.844689999999999719e-01	2.084433000000000202e+00
7.904210000000000402e-01	2.090720999999999830e+00
7.963729999999999976e-01	2.048881000000000174e+00
8.023249999999999549e-01	1.968636999999999970e+00
8.082770000000000232e-01	1.862317999999999918e+00
8.142289999999999806e-01	1.742251999999999912e+00
8.201800000000000201e-01	1.620767000000000069e+00
8.261319999999999775e-01	1.509835000000000038e+00
8.320830000000000171e-01	1.420133000000000090e+00
8.380349999999999744e-01	1.362041999999999975e+00
8.439870000000000427e-01	1.345942999999999889e+00
8.499400000000000288e-01	1.382214999999999971e+00
8.558940000000000436e-01	1.477756999999999987e+00
8.618479999999999475e-01	1.625107999999999997e+00
8.678010000000000446e-01	1.813107000000000024e+00
8.737519999999999731e-01	2.030593999999999788e+00
8.797000000000000375e-01	2.266405999999999921e+00
8.856439999999999868e-01	2.508414000000000144e+00
8.915870000000000184e-01	2.739967000000000041e+00
8.975349999999999717e-01	2.943102000000000107e+00
9.034900000000000153e-01	3.099855999999999945e+00
9.094569999999999599e-01	3.192267000000000188e+00
9.154379999999999740e-01	3.206827000000000094e+00
9.214210000000000456e-01	3.153486000000000011e+00
9.273909999999999654e-01	3.049875000000000114e+00
9.333329999999999682e-01	2.913632999999999917e+00
9.392300000000000093e-01	2.762396999999999991e+00
9.450749999999999984e-01	2.613379000000000119e+00
9.509090000000000042e-01	2.481253000000000153e+00
9.567890000000000006e-01	2.379760999999999793e+00
9.627750000000000474e-01	2.322639999999999816e+00
9.689229999999999787e-01	2.323628999999999944e+00
9.752680000000000238e-01	2.393981999999999832e+00
9.816639999999999810e-01	2.528153000000000095e+00
9.878930000000000211e-01	2.713648000000000060e+00
9.937399999999999567e-01	2.937949999999999839e+00
9.989850000000000119e-01	3.188541999999999987e+00
1.003457999999999961e+00	3.452468000000000092e+00
1.007338000000000067e+00	3.713400000000000034e+00
1.010966000000000031e+00	3.953450000000000131e+00
1.014685999999999977e+00	4.154717999999999911e+00
1.018841000000000108e+00	4.299306999999999768e+00
1.023735000000000062e+00	4.371584999999999610e+00
1.029328999999999938e+00	4.375834000000000223e+00
1.035408000000000106e+00	4.326654000000000444e+00
1.041754000000000069e+00	4.238737000000000421e+00
1.048148999999999997e+00	4.126771999999999885e+00
1.054391999999999996e+00	4.005486000000000324e+00
1.060446000000000000e+00	3.889987999999999779e+00
1.066368999999999900e+00	3.795605000000000118e+00
1.072216999999999976e+00	3.737668000000000212e+00
1.078049000000000035e+00	3.731504999999999850e+00
1.083920999999999912e+00	3.791155999999999970e+00
1.089842999999999895e+00	3.915642000000000067e+00
1.095801999999999943e+00	4.094295999999999935e+00
1.101780999999999899e+00	4.316290000000000404e+00
1.107765000000000111e+00	4.570794000000000246e+00
1.113739999999999952e+00	4.846646999999999927e+00
1.119699999999999918e+00	5.128176999999999985e+00
1.125650000000000039e+00	5.396474999999999689e+00
1.131594999999999906e+00	5.632559999999999789e+00
1.137537999999999938e+00	5.817450000000000010e+00
1.143483999999999945e+00	5.933285999999999838e+00
1.149432999999999927e+00	5.979943999999999704e+00
1.155386000000000024e+00	5.971473999999999727e+00
1.161338999999999899e+00	5.922321000000000168e+00
1.167294000000000054e+00	5.846930000000000405e+00
1.173246999999999929e+00	5.759764999999999802e+00
1.179200000000000026e+00	5.675634999999999764e+00
1.185151999999999983e+00	5.609657999999999589e+00
1.191103000000000023e+00	5.576964000000000254e+00
1.197054000000000062e+00	5.592680999999999791e+00
1.203006000000000020e+00	5.671376000000000417e+00
1.208957999999999977e+00	5.815006999999999593e+00
1.214909999999999934e+00	6.013086000000000375e+00
1.220861999999999892e+00	6.254597999999999658e+00
1.226814000000000071e+00	6.528525000000000134e+00
1.232765000000000111e+00	6.823694999999999844e+00
1.238717000000000068e+00	7.124595000000000233e+00
1.244668000000000108e+00	7.410957999999999934e+00
1.250620000000000065e+00	7.662274000000000029e+00
1.256572000000000022e+00	7.858032999999999824e+00
1.262526000000000037e+00	7.978178999999999910e+00
1.268480000000000052e+00	8.018012000000000583e+00
1.274434000000000067e+00	7.991552999999999685e+00
1.280386000000000024e+00	7.913955999999999769e+00
1.286335999999999924e+00	7.800372999999999557e+00
1.292281999999999931e+00	7.665994000000000419e+00
1.298224999999999962e+00	7.527463000000000015e+00
1.304170000000000051e+00	7.403397000000000006e+00
1.310119999999999951e+00	7.312555999999999834e+00
1.316079999999999917e+00	7.273698000000000441e+00
1.322052999999999923e+00	7.305438999999999794e+00
1.328036999999999912e+00	7.418351000000000361e+00
1.334017000000000008e+00	7.610871999999999638e+00
1.339976000000000056e+00	7.880434000000000161e+00
1.345900000000000096e+00	8.224468999999999141e+00
1.351774000000000031e+00	8.640413999999999817e+00
1.357607000000000008e+00	9.126049999999999329e+00
1.363453000000000026e+00	9.679735000000000866e+00
1.369372000000000034e+00	1.029988600000000076e+01
1.375421999999999922e+00	1.098491600000000012e+01
1.381658999999999970e+00	1.173314200000000085e+01
1.388052000000000064e+00	1.253230100000000036e+01
1.394403000000000059e+00	1.335028900000000007e+01
1.400492999999999988e+00	1.415281200000000084e+01
1.406104999999999938e+00	1.490557899999999947e+01
1.411021999999999998e+00	1.557431200000000082e+01
1.415195999999999898e+00	1.612698500000000124e+01
1.418924000000000074e+00	1.653629499999999908e+01
1.422549999999999981e+00	1.677553599999999889e+01
1.426417000000000046e+00	1.681800000000000139e+01
1.430868000000000029e+00	1.663705300000000165e+01
1.436091000000000006e+00	1.622622799999999899e+01
1.441923000000000066e+00	1.562641200000000019e+01
1.448144000000000098e+00	1.488528400000000040e+01
1.454538000000000109e+00	1.405052000000000056e+01
1.460887000000000047e+00	1.316978600000000021e+01
1.467041999999999957e+00	1.228349900000000083e+01
1.473030999999999979e+00	1.141298399999999980e+01
1.478914000000000062e+00	1.057646100000000011e+01
1.484749000000000096e+00	9.792147999999999186e+00
1.490591999999999917e+00	9.078260000000000218e+00
1.496488000000000040e+00	8.449082999999999899e+00
1.502428000000000097e+00	7.907262000000000235e+00
1.508397999999999906e+00	7.453295999999999921e+00
1.514380999999999977e+00	7.087685999999999709e+00
1.520361999999999991e+00	6.810929999999999929e+00
1.526329999999999965e+00	6.622530000000000250e+00
1.532284999999999897e+00	6.518658000000000285e+00
1.538232999999999961e+00	6.494792000000000343e+00
1.544175999999999993e+00	6.546410999999999980e+00
1.550119999999999942e+00	6.668993000000000393e+00
1.556068000000000007e+00	6.855662999999999840e+00
1.562019000000000046e+00	7.090684000000000431e+00
1.567971999999999921e+00	7.356234999999999857e+00
1.573925999999999936e+00	7.634492999999999974e+00
1.579879999999999951e+00	7.907637000000000249e+00
1.585833000000000048e+00	8.159553999999999974e+00
1.591785000000000005e+00	8.381382999999999583e+00
1.597736999999999963e+00	8.566195999999999700e+00
1.603688000000000002e+00	8.707060999999999495e+00
1.609639000000000042e+00	8.797046999999999173e+00
1.615590999999999999e+00	8.832055999999999685e+00
1.621542999999999957e+00	8.821593999999999269e+00
1.627494999999999914e+00	8.779237000000000180e+00
1.633447000000000093e+00	8.718564999999999898e+00
1.639399000000000051e+00	8.653157999999999461e+00
1.645350000000000090e+00	8.595411999999999608e+00
1.651302000000000048e+00	8.551303000000000765e+00
1.657253000000000087e+00	8.524639000000000522e+00
1.663205000000000044e+00	8.519230000000000302e+00
1.669157999999999920e+00	8.538880999999999943e+00
1.675111999999999934e+00	8.585691999999999879e+00
1.681065999999999949e+00	8.651261999999999119e+00
1.687019000000000046e+00	8.723205999999999349e+00
1.692971000000000004e+00	8.789132000000000389e+00
1.698919000000000068e+00	8.836646000000000001e+00
1.704863000000000017e+00	8.854729000000000738e+00
1.710806999999999967e+00	8.841943999999999804e+00
1.716752999999999973e+00	8.800933999999999813e+00
1.722706999999999988e+00	8.734355000000000757e+00
1.728671999999999986e+00	8.644866000000000383e+00
1.734652000000000083e+00	8.535887000000000668e+00
1.740636000000000072e+00	8.416890999999999678e+00
1.746609000000000078e+00	8.300238999999999479e+00
1.752555000000000085e+00	8.198309999999999320e+00
1.758458000000000077e+00	8.123483000000000231e+00
1.764308999999999905e+00	8.087320999999999316e+00
1.770140999999999964e+00	8.093972000000000833e+00
1.776011999999999924e+00	8.143637000000000015e+00
1.781979999999999897e+00	8.236477999999999966e+00
1.788105000000000055e+00	8.372657000000000238e+00
1.794426999999999994e+00	8.551657999999999760e+00
1.800829000000000013e+00	8.765891999999999129e+00
1.807091999999999921e+00	9.003565000000000040e+00
1.813002000000000002e+00	9.252824000000000382e+00
1.818338000000000010e+00	9.501818000000000097e+00
1.822912000000000088e+00	9.739191999999999183e+00
1.826850000000000085e+00	9.959555999999999187e+00
1.830492000000000008e+00	1.016147999999999918e+01
1.834179999999999922e+00	1.034360099999999960e+01
1.838259000000000087e+00	1.050455799999999940e+01
1.843048000000000020e+00	1.064349200000000017e+01
1.848562000000000038e+00	1.076660200000000067e+01
1.854589999999999961e+00	1.088529300000000077e+01
1.860913000000000039e+00	1.101109199999999966e+01
1.867313999999999918e+00	1.115552500000000080e+01
1.873583999999999916e+00	1.132940900000000006e+01
1.879660000000000108e+00	1.153185000000000038e+01
1.885596000000000050e+00	1.175234900000000060e+01
1.891450999999999993e+00	1.198012100000000046e+01
1.897281999999999913e+00	1.220438299999999998e+01
1.903146999999999922e+00	1.241423099999999913e+01
1.909062999999999954e+00	1.259643699999999988e+01
1.915018000000000109e+00	1.273565400000000025e+01
1.920995999999999926e+00	1.281645299999999921e+01
1.926979999999999915e+00	1.282341000000000086e+01
1.932955999999999896e+00	1.274191599999999980e+01
1.938917999999999919e+00	1.257663100000000078e+01
1.944868999999999959e+00	1.235173900000000025e+01
1.950814000000000048e+00	1.209229299999999974e+01
1.956757999999999997e+00	1.182334600000000080e+01
1.962703000000000086e+00	1.156994000000000078e+01
1.968652000000000069e+00	1.135679299999999969e+01
1.974604000000000026e+00	1.120825999999999922e+01
1.980558000000000041e+00	1.114867500000000078e+01
1.986512000000000056e+00	1.120237299999999969e+01
1.992466000000000070e+00	1.139344499999999982e+01
1.998418000000000028e+00	1.173724099999999915e+01
2.004370000000000207e+00	1.223817099999999947e+01
2.010321999999999942e+00	1.289995399999999925e+01
2.016272999999999982e+00	1.372630900000000054e+01
2.022224000000000022e+00	1.472016900000000028e+01
2.028176000000000201e+00	1.584854999999999947e+01
2.034127999999999936e+00	1.702847099999999969e+01
2.040080000000000116e+00	1.817324800000000096e+01
2.046031999999999851e+00	1.919619799999999898e+01
2.051984000000000030e+00	2.001118100000000055e+01
2.057935000000000070e+00	2.056477100000000036e+01
2.063886999999999805e+00	2.085424499999999881e+01
2.069837999999999845e+00	2.088124099999999927e+01
2.075791000000000164e+00	2.064739799999999903e+01
2.081744000000000039e+00	2.015468999999999866e+01
2.087698000000000054e+00	1.943269400000000147e+01
2.093652000000000069e+00	1.855867299999999886e+01
2.099604999999999944e+00	1.761462900000000076e+01
2.105554999999999843e+00	1.668255800000000022e+01
2.111501000000000072e+00	1.584424399999999977e+01
2.117445000000000022e+00	1.515580800000000039e+01
2.123388999999999971e+00	1.462388499999999958e+01
2.129338000000000175e+00	1.424946699999999922e+01
2.135295999999999861e+00	1.403355200000000025e+01
2.141268000000000171e+00	1.397707600000000028e+01
2.147250999999999799e+00	1.407074899999999928e+01
2.153232000000000035e+00	1.428321799999999975e+01
2.159196000000000115e+00	1.458025800000000061e+01
2.165125000000000188e+00	1.492764500000000005e+01
2.171006000000000213e+00	1.529116499999999945e+01
2.176841000000000026e+00	1.564000000000000057e+01
2.182682999999999929e+00	1.595153600000000083e+01
2.188588999999999896e+00	1.620437400000000139e+01
2.194618000000000180e+00	1.637711600000000089e+01
2.200828000000000007e+00	1.644838299999999975e+01
2.207209999999999894e+00	1.640980899999999920e+01
2.213579000000000185e+00	1.628832699999999889e+01
2.219714999999999883e+00	1.611680000000000135e+01
2.225403000000000020e+00	1.592808899999999994e+01
2.230423000000000044e+00	1.575505599999999973e+01
2.234681000000000139e+00	1.562938699999999947e+01
2.238447999999999993e+00	1.557918599999999998e+01
2.242068000000000172e+00	1.563187399999999982e+01
2.245884000000000214e+00	1.581487300000000040e+01
2.250237999999999960e+00	1.615560400000000030e+01
2.255365999999999982e+00	1.666774900000000059e+01
2.261130000000000084e+00	1.731774000000000058e+01
2.267313000000000134e+00	1.806185899999999833e+01
2.273696000000000161e+00	1.885639000000000109e+01
2.280063999999999869e+00	1.965761600000000087e+01
2.286243999999999943e+00	2.042042400000000058e+01
2.292251999999999956e+00	2.109428300000000078e+01
2.298146000000000022e+00	2.162734800000000135e+01
2.303983000000000114e+00	2.196777399999999858e+01
2.309822000000000042e+00	2.206371599999999944e+01
2.315710999999999853e+00	2.188042099999999834e+01
2.321645999999999876e+00	2.145801300000000111e+01
2.327612999999999932e+00	2.085711399999999927e+01
2.333594999999999864e+00	2.013834900000000161e+01
2.339576999999999796e+00	1.936234100000000069e+01
2.345546999999999827e+00	1.858918900000000107e+01
2.351503999999999817e+00	1.787640000000000029e+01
2.357451999999999881e+00	1.728068199999999877e+01
2.363395999999999830e+00	1.685873899999999992e+01
2.369339000000000084e+00	1.666727900000000062e+01
2.375286000000000008e+00	1.675398200000000060e+01
2.381237000000000048e+00	1.711602399999999946e+01
2.387189999999999923e+00	1.773302100000000081e+01
2.393143999999999938e+00	1.858457500000000095e+01
2.399097999999999953e+00	1.965028399999999920e+01
2.405050999999999828e+00	2.090074999999999861e+01
2.411004000000000147e+00	2.224951799999999835e+01
2.416955999999999882e+00	2.358784500000000151e+01
2.422906999999999922e+00	2.480693600000000032e+01
2.428857999999999961e+00	2.579799600000000126e+01
2.434809000000000001e+00	2.646227599999999924e+01
2.440760000000000041e+00	2.677337999999999951e+01
2.446712000000000220e+00	2.673661299999999841e+01
2.452663999999999955e+00	2.635741300000000109e+01
2.458616999999999830e+00	2.564122100000000160e+01
2.464570999999999845e+00	2.460352599999999867e+01
2.470524999999999860e+00	2.334233199999999897e+01
2.476478000000000179e+00	2.199610500000000002e+01
2.482429999999999914e+00	2.070358999999999838e+01
2.488377999999999979e+00	1.960353299999999876e+01
2.494323000000000068e+00	1.882745200000000096e+01
2.500265999999999877e+00	1.843894399999999933e+01
2.506212000000000106e+00	1.846439499999999967e+01
2.512164999999999981e+00	1.892980999999999980e+01
2.518129000000000062e+00	1.986119300000000010e+01
2.524108000000000018e+00	2.126927500000000038e+01
2.530091999999999786e+00	2.299966600000000128e+01
2.536067000000000071e+00	2.479705200000000076e+01
2.542015999999999831e+00	2.640467399999999998e+01
2.547924000000000078e+00	2.756577300000000008e+01
2.553779000000000021e+00	2.804600500000000096e+01
2.559610000000000163e+00	2.789164999999999850e+01
2.565475000000000172e+00	2.734005399999999852e+01
2.571432000000000162e+00	2.663222599999999929e+01
2.577539999999999942e+00	2.600917400000000157e+01
2.583845999999999865e+00	2.570965500000000148e+01
2.590249000000000024e+00	2.593948200000000170e+01
2.596534000000000120e+00	2.687951100000000082e+01
2.602485000000000159e+00	2.870998200000000011e+01
2.607883000000000173e+00	3.161113200000000134e+01
2.612527000000000044e+00	3.573413800000000151e+01
2.616509000000000196e+00	4.073017999999999716e+01
2.620163999999999938e+00	4.582923799999999659e+01
2.623834000000000000e+00	5.024813400000000030e+01
2.627863000000000060e+00	5.320369199999999665e+01
2.632579999999999920e+00	5.394624100000000055e+01
2.638037000000000187e+00	5.241258100000000297e+01
2.644026000000000209e+00	4.918220399999999870e+01
2.650332000000000132e+00	4.485934400000000011e+01
2.656734000000000151e+00	4.004823700000000031e+01
2.663022999999999918e+00	3.534336700000000064e+01
2.669115000000000126e+00	3.109814799999999835e+01
2.675060999999999911e+00	2.741520600000000130e+01
2.680919999999999970e+00	2.438547099999999901e+01
2.686751000000000111e+00	2.209987200000000129e+01
2.692610999999999866e+00	2.063882800000000017e+01
2.698523999999999923e+00	1.976393900000000059e+01
2.704476000000000102e+00	1.886821700000000135e+01
2.710452000000000083e+00	1.732414599999999893e+01
2.716435999999999851e+00	1.450420699999999918e+01
2.722412999999999972e+00	9.797380000000000422e+00
2.728375999999999912e+00	3.219015999999999877e+00
2.734328000000000092e+00	-4.410466999999999693e+00
2.740273999999999877e+00	-1.221770099999999992e+01
2.746217000000000130e+00	-1.932931699999999964e+01
2.752162000000000219e+00	-2.488031499999999951e+01
2.758110999999999979e+00	-2.841337400000000102e+01
2.764063000000000159e+00	-3.005413700000000077e+01
2.770016000000000034e+00	-2.997308100000000053e+01
2.775971000000000188e+00	-2.834068299999999851e+01
2.781924000000000063e+00	-2.532846999999999937e+01
2.787876999999999938e+00	-2.117583700000000135e+01
2.793829000000000118e+00	-1.623025700000000171e+01
2.799780999999999853e+00	-1.084884699999999924e+01
2.805731999999999893e+00	-5.388720000000000176e+00
2.811682999999999932e+00	-2.065879999999999939e-01
2.817635000000000112e+00	4.376972999999999558e+00
2.823586999999999847e+00	8.105548000000000641e+00
2.829539000000000026e+00	1.072931799999999924e+01
2.835491000000000206e+00	1.199846600000000052e+01
2.841442999999999941e+00	1.166553900000000077e+01
2.847395000000000120e+00	9.792156000000000304e+00
2.853346999999999856e+00	7.052833999999999826e+00
2.859299000000000035e+00	4.194308000000000369e+00
2.865251000000000214e+00	1.963308000000000053e+00
2.871201999999999810e+00	1.104605000000000059e+00
2.877153999999999989e+00	1.957014999999999949e+00
2.883106000000000169e+00	3.958737000000000172e+00
2.889057999999999904e+00	6.426898999999999695e+00
2.895010000000000083e+00	8.678629000000000815e+00
2.900961999999999819e+00	1.003180900000000086e+01
2.906913999999999998e+00	1.008120899999999942e+01
2.912866000000000177e+00	9.110179000000000471e+00
2.918817999999999913e+00	7.507302000000000142e+00
2.924770000000000092e+00	5.661158999999999608e+00
2.930721000000000132e+00	3.960208000000000172e+00
2.936672999999999867e+00	2.694885999999999893e+00
2.942625000000000046e+00	1.881826999999999916e+00
2.948576999999999781e+00	1.490234000000000059e+00
2.954528999999999961e+00	1.489303999999999961e+00
2.960481000000000140e+00	1.848235000000000072e+00
2.966432999999999875e+00	2.526091000000000086e+00
2.972385000000000055e+00	3.450091000000000019e+00
2.978336999999999790e+00	4.541210999999999665e+00
2.984288999999999970e+00	5.720429000000000208e+00
2.990240000000000009e+00	6.908718999999999610e+00
2.996192000000000188e+00	8.027058999999999500e+00
3.002143999999999924e+00	8.996425000000000338e+00
3.008096000000000103e+00	9.737792999999999921e+00
3.014047999999999838e+00	1.017214000000000063e+01
3.020000000000000018e+00	1.022044299999999950e+01
