1.199999999999999956e-01	9.907359999999999500e-01
1.249780000000000058e-01	1.436306000000000083e+00
1.305999999999999939e-01	1.817309999999999981e+00
1.367059999999999942e-01	2.135178999999999938e+00
1.431360000000000132e-01	2.391347000000000111e+00
1.497320000000000040e-01	2.587244999999999795e+00
1.563350000000000017e-01	2.724305999999999894e+00
1.627850000000000130e-01	2.803961999999999843e+00
1.689219999999999888e-01	2.827646000000000104e+00
1.745889999999999942e-01	2.796788999999999970e+00
1.796250000000000069e-01	2.712825000000000042e+00
1.839349999999999874e-01	2.579063999999999801e+00
1.877439999999999942e-01	2.408396000000000203e+00
1.913779999999999926e-01	2.216760999999999981e+00
1.951660000000000061e-01	2.020096999999999809e+00
1.994340000000000002e-01	1.834346000000000032e+00
2.044499999999999929e-01	1.677694000000000019e+00
2.101250000000000062e-01	1.581302999999999903e+00
2.162479999999999958e-01	1.580977999999999994e+00
2.226049999999999973e-01	1.712531000000000025e+00
2.289819999999999911e-01	2.011773999999999951e+00
2.351930000000000132e-01	2.501735000000000042e+00
2.412249999999999950e-01	3.121809999999999974e+00
2.471349999999999936e-01	3.777762000000000064e+00
2.529799999999999827e-01	4.375263000000000346e+00
2.588170000000000193e-01	4.819983999999999824e+00
2.646970000000000156e-01	5.028421999999999947e+00
2.706259999999999777e-01	4.997602999999999795e+00
2.765880000000000005e-01	4.760848000000000191e+00
2.825679999999999858e-01	4.351655000000000051e+00
2.885510000000000019e-01	3.803522000000000070e+00
2.945229999999999793e-01	3.154866000000000170e+00
3.004809999999999981e-01	2.485857999999999901e+00
3.064310000000000089e-01	1.897720999999999991e+00
3.123750000000000138e-01	1.491843999999999948e+00
3.183190000000000186e-01	1.369610999999999912e+00
3.242650000000000254e-01	1.616849999999999898e+00
3.302149999999999808e-01	2.168045999999999918e+00
3.361680000000000224e-01	2.872450999999999866e+00
3.421210000000000084e-01	3.578364999999999796e+00
3.480759999999999965e-01	4.134085999999999927e+00
3.540289999999999826e-01	4.400610999999999606e+00
3.599809999999999954e-01	4.381270999999999916e+00
3.659330000000000083e-01	4.168772999999999840e+00
3.718839999999999923e-01	3.857209999999999805e+00
3.778360000000000052e-01	3.540674000000000099e+00
3.837869999999999893e-01	3.307691999999999855e+00
3.897390000000000021e-01	3.174440000000000150e+00
3.956910000000000149e-01	3.106492999999999949e+00
4.016429999999999723e-01	3.068388999999999811e+00
4.075949999999999851e-01	3.024665999999999855e+00
4.135469999999999979e-01	2.942403999999999797e+00
4.194979999999999820e-01	2.827347000000000055e+00
4.254499999999999948e-01	2.715323000000000153e+00
4.314009999999999789e-01	2.642949000000000215e+00
4.373540000000000205e-01	2.646844000000000197e+00
4.433079999999999798e-01	2.761068999999999996e+00
4.492619999999999947e-01	2.973762999999999934e+00
4.552160000000000095e-01	3.233347000000000193e+00
4.611680000000000224e-01	3.486930000000000085e+00
4.671170000000000044e-01	3.681621999999999950e+00
4.730619999999999825e-01	3.766687000000000118e+00
4.790059999999999873e-01	3.737565000000000026e+00
4.849510000000000209e-01	3.634078999999999837e+00
4.909020000000000050e-01	3.497851999999999961e+00
4.968629999999999991e-01	3.370502000000000109e+00
5.028390000000000359e-01	3.292771000000000114e+00
5.088230000000000253e-01	3.282513999999999932e+00
5.148009999999999531e-01	3.333152000000000115e+00
5.207570000000000254e-01	3.436907999999999852e+00
5.266750000000000043e-01	3.586006999999999945e+00
5.325410000000000421e-01	3.772577000000000069e+00
5.383719999999999617e-01	3.985583999999999794e+00
5.442249999999999588e-01	4.210245999999999711e+00
5.501580000000000359e-01	4.431561000000000305e+00
5.562289999999999734e-01	4.634528999999999677e+00
5.624930000000000208e-01	4.804306000000000409e+00
5.688929999999999820e-01	4.932394999999999641e+00
5.752220000000000111e-01	5.018673999999999857e+00
5.812610000000000277e-01	5.063593000000000011e+00
5.867949999999999555e-01	5.067605000000000359e+00
5.916080000000000227e-01	5.031387999999999749e+00
5.957040000000000113e-01	4.967467000000000077e+00
5.993990000000000151e-01	4.905768000000000129e+00
6.030370000000000452e-01	4.877607000000000248e+00
6.069609999999999728e-01	4.914297999999999611e+00
6.115110000000000268e-01	5.046580999999999761e+00
6.168270000000000142e-01	5.265062999999999604e+00
6.227219999999999978e-01	5.494684000000000346e+00
6.289789999999999548e-01	5.654310999999999865e+00
6.353790000000000271e-01	5.662809000000000204e+00
6.417070000000000274e-01	5.439650000000000318e+00
6.478369999999999962e-01	4.963286000000000087e+00
6.538089999999999735e-01	4.319819999999999993e+00
6.596819999999999906e-01	3.606809000000000154e+00
6.655140000000000500e-01	2.921810999999999936e+00
6.713630000000000431e-01	2.362173999999999996e+00
6.772660000000000347e-01	1.994580999999999937e+00
6.832110000000000127e-01	1.823188999999999949e+00
6.891829999999999901e-01	1.844538999999999929e+00
6.951669999999999794e-01	2.055169999999999941e+00
7.011469999999999647e-01	2.451534999999999798e+00
7.071119999999999628e-01	3.009341000000000044e+00
7.130670000000000064e-01	3.656946000000000030e+00
7.190130000000000132e-01	4.316133999999999915e+00
7.249569999999999625e-01	4.908688999999999858e+00
7.309010000000000229e-01	5.356465000000000032e+00
7.368489999999999762e-01	5.611811000000000327e+00
7.428000000000000158e-01	5.705129000000000339e+00
7.487530000000000019e-01	5.679134000000000349e+00
7.547080000000000455e-01	5.576539000000000357e+00
7.606619999999999493e-01	5.440055000000000085e+00
7.666140000000000176e-01	5.308818999999999733e+00
7.725670000000000037e-01	5.211687999999999654e+00
7.785180000000000433e-01	5.175683000000000256e+00
7.844689999999999719e-01	5.227820999999999607e+00
7.904210000000000402e-01	5.395120000000000360e+00
7.963729999999999976e-01	5.686308000000000362e+00
8.023249999999999549e-01	6.050892000000000159e+00
8.082770000000000232e-01	6.426410999999999873e+00
8.142289999999999806e-01	6.750404999999999767e+00
8.201800000000000201e-01	6.960410999999999682e+00
8.261319999999999775e-01	7.015048000000000172e+00
8.320830000000000171e-01	6.949925000000000352e+00
8.380349999999999744e-01	6.818224999999999980e+00
8.439870000000000427e-01	6.673131999999999842e+00
8.499400000000000288e-01	6.567830999999999975e+00
8.558940000000000436e-01	6.541077999999999726e+00
8.618479999999999475e-01	6.572154000000000273e+00
8.678010000000000446e-01	6.625008000000000230e+00
8.737519999999999731e-01	6.663592999999999655e+00
8.797000000000000375e-01	6.651860000000000106e+00
8.856439999999999868e-01	6.567218999999999696e+00
8.915870000000000184e-01	6.449742999999999782e+00
8.975349999999999717e-01	6.357724000000000153e+00
9.034900000000000153e-01	6.349454999999999849e+00
9.094569999999999599e-01	6.483232000000000106e+00
9.154379999999999740e-01	6.798550999999999789e+00
9.214210000000000456e-01	7.236022000000000176e+00
9.273909999999999654e-01	7.703848999999999947e+00
9.333329999999999682e-01	8.110217999999999705e+00
9.392300000000000093e-01	8.363312999999999775e+00
9.450749999999999984e-01	8.391365000000000407e+00
9.509090000000000042e-01	8.241972000000000520e+00
9.567890000000000006e-01	8.006729999999999237e+00
9.627750000000000474e-01	7.777307000000000414e+00
9.689229999999999787e-01	7.645367000000000246e+00
9.752680000000000238e-01	7.687426000000000315e+00
9.816639999999999810e-01	7.877655999999999992e+00
9.878930000000000211e-01	8.147873999999999839e+00
9.937399999999999567e-01	8.429762999999999451e+00
9.989850000000000119e-01	8.655006000000000199e+00
1.003457999999999961e+00	8.763669000000000153e+00
1.007338000000000067e+00	8.760256999999999294e+00
1.010966000000000031e+00	8.679152000000000200e+00
1.014685999999999977e+00	8.554895999999999390e+00
1.018841000000000108e+00	8.422036000000000300e+00
1.023735000000000062e+00	8.313174000000000063e+00
1.029328999999999938e+00	8.243876000000000204e+00
1.035408000000000106e+00	8.220871000000000706e+00
1.041754000000000069e+00	8.250816999999999624e+00
1.048148999999999997e+00	8.340367999999999782e+00
1.054391999999999996e+00	8.493467000000000766e+00
1.060446000000000000e+00	8.686705999999999150e+00
1.066368999999999900e+00	8.880852000000000857e+00
1.072216999999999976e+00	9.036476999999999649e+00
1.078049000000000035e+00	9.114153999999999201e+00
1.083920999999999912e+00	9.079587000000000074e+00
1.089842999999999895e+00	8.958123000000000502e+00
1.095801999999999943e+00	8.813594999999999402e+00
1.101780999999999899e+00	8.710473000000000354e+00
1.107765000000000111e+00	8.713228000000000861e+00
1.113739999999999952e+00	8.880855999999999639e+00
1.119699999999999918e+00	9.198339000000000709e+00
1.125650000000000039e+00	9.597500000000000142e+00
1.131594999999999906e+00	1.000899800000000006e+01
1.137537999999999938e+00	1.036349099999999979e+01
1.143483999999999945e+00	1.059554400000000030e+01
1.149432999999999927e+00	1.070157500000000006e+01
1.155386000000000024e+00	1.072741599999999984e+01
1.161338999999999899e+00	1.072028099999999995e+01
1.167294000000000054e+00	1.072738299999999967e+01
1.173246999999999929e+00	1.079414300000000004e+01
1.179200000000000026e+00	1.093238400000000077e+01
1.185151999999999983e+00	1.112409000000000070e+01
1.191103000000000023e+00	1.135020699999999927e+01
1.197054000000000062e+00	1.159168099999999946e+01
1.203006000000000020e+00	1.182999500000000026e+01
1.208957999999999977e+00	1.205862699999999954e+01
1.214909999999999934e+00	1.228290100000000074e+01
1.220861999999999892e+00	1.250864100000000079e+01
1.226814000000000071e+00	1.274167199999999944e+01
1.232765000000000111e+00	1.298790400000000034e+01
1.238717000000000068e+00	1.325557700000000061e+01
1.244668000000000108e+00	1.355548300000000062e+01
1.250620000000000065e+00	1.389854599999999962e+01
1.256572000000000022e+00	1.429568800000000017e+01
1.262526000000000037e+00	1.475692699999999924e+01
1.268480000000000052e+00	1.526165499999999930e+01
1.274434000000000067e+00	1.575192799999999949e+01
1.280386000000000024e+00	1.616754200000000097e+01
1.286335999999999924e+00	1.644829299999999961e+01
1.292281999999999931e+00	1.653554899999999961e+01
1.298224999999999962e+00	1.643811000000000178e+01
1.304170000000000051e+00	1.625617899999999949e+01
1.310119999999999951e+00	1.609647000000000006e+01
1.316079999999999917e+00	1.606569500000000161e+01
1.322052999999999923e+00	1.626934999999999931e+01
1.328036999999999912e+00	1.674497500000000016e+01
1.334017000000000008e+00	1.742757999999999896e+01
1.339976000000000056e+00	1.824367399999999861e+01
1.345900000000000096e+00	1.911976500000000101e+01
1.351774000000000031e+00	1.998269200000000012e+01
1.357607000000000008e+00	2.078415400000000091e+01
1.363453000000000026e+00	2.151764700000000019e+01
1.369372000000000034e+00	2.218067500000000081e+01
1.375421999999999922e+00	2.277073899999999895e+01
1.381658999999999970e+00	2.328702499999999986e+01
1.388052000000000064e+00	2.390902600000000078e+01
1.394403000000000059e+00	2.515451200000000043e+01
1.400492999999999988e+00	2.757850600000000085e+01
1.406104999999999938e+00	3.173603200000000157e+01
1.411021999999999998e+00	3.817815300000000178e+01
1.415195999999999898e+00	4.681295300000000026e+01
1.418924000000000074e+00	5.620019400000000331e+01
1.422549999999999981e+00	6.472985500000000059e+01
1.426417000000000046e+00	7.079192000000000462e+01
1.430868000000000029e+00	7.277952999999999406e+01
1.436091000000000006e+00	6.994147100000000705e+01
1.441923000000000066e+00	6.353580000000000183e+01
1.448144000000000098e+00	5.510868700000000331e+01
1.454538000000000109e+00	4.620630200000000087e+01
1.460887000000000047e+00	3.837385499999999894e+01
1.467041999999999957e+00	3.265517400000000237e+01
1.473030999999999979e+00	2.877298700000000053e+01
1.478914000000000062e+00	2.623499100000000084e+01
1.484749000000000096e+00	2.454888000000000048e+01
1.490591999999999917e+00	2.322244699999999895e+01
1.496488000000000040e+00	2.188755000000000095e+01
1.502428000000000097e+00	2.054361199999999954e+01
1.508397999999999906e+00	1.925779999999999959e+01
1.514380999999999977e+00	1.809728399999999837e+01
1.520361999999999991e+00	1.712922800000000123e+01
1.526329999999999965e+00	1.639625399999999900e+01
1.532284999999999897e+00	1.585908300000000004e+01
1.538232999999999961e+00	1.546137000000000050e+01
1.544175999999999993e+00	1.514677200000000035e+01
1.550119999999999942e+00	1.485894399999999926e+01
1.556068000000000007e+00	1.456210699999999925e+01
1.562019000000000046e+00	1.429790200000000056e+01
1.567971999999999921e+00	1.412618999999999936e+01
1.573925999999999936e+00	1.410683099999999968e+01
1.579879999999999951e+00	1.429968399999999917e+01
1.585833000000000048e+00	1.473677400000000048e+01
1.591785000000000005e+00	1.533182599999999951e+01
1.597736999999999963e+00	1.596714399999999934e+01
1.603688000000000002e+00	1.652502899999999997e+01
1.609639000000000042e+00	1.688778599999999841e+01
1.615590999999999999e+00	1.696615800000000007e+01
1.621542999999999957e+00	1.680738900000000058e+01
1.627494999999999914e+00	1.649962299999999971e+01
1.633447000000000093e+00	1.613101199999999835e+01
1.639399000000000051e+00	1.578970900000000022e+01
1.645350000000000090e+00	1.555119900000000044e+01
1.651302000000000048e+00	1.542224599999999946e+01
1.657253000000000087e+00	1.538641900000000007e+01
1.663205000000000044e+00	1.542726599999999948e+01
1.669157999999999920e+00	1.552833700000000050e+01
1.675111999999999934e+00	1.567416799999999988e+01
1.681065999999999949e+00	1.585533999999999999e+01
1.687019000000000046e+00	1.606473300000000037e+01
1.692971000000000004e+00	1.629523000000000010e+01
1.698919000000000068e+00	1.653971599999999853e+01
1.704863000000000017e+00	1.679097600000000057e+01
1.710806999999999967e+00	1.704111800000000088e+01
1.716752999999999973e+00	1.728196399999999855e+01
1.722706999999999988e+00	1.750533300000000025e+01
1.728671999999999986e+00	1.770304300000000097e+01
1.734652000000000083e+00	1.786822899999999947e+01
1.740636000000000072e+00	1.800447799999999887e+01
1.746609000000000078e+00	1.812035699999999849e+01
1.752555000000000085e+00	1.822446599999999961e+01
1.758458000000000077e+00	1.832540499999999994e+01
1.764308999999999905e+00	1.843220300000000123e+01
1.770140999999999964e+00	1.855779700000000076e+01
1.776011999999999924e+00	1.871720600000000090e+01
1.781979999999999897e+00	1.892546700000000115e+01
1.788105000000000055e+00	1.919761899999999955e+01
1.794426999999999994e+00	1.954524400000000028e+01
1.800829000000000013e+00	1.994385199999999969e+01
1.807091999999999921e+00	2.034750100000000117e+01
1.813002000000000002e+00	2.070996299999999835e+01
1.818338000000000010e+00	2.098501200000000111e+01
1.822912000000000088e+00	2.113193000000000055e+01
1.826850000000000085e+00	2.117644599999999855e+01
1.830492000000000008e+00	2.118832899999999952e+01
1.834179999999999922e+00	2.123813699999999827e+01
1.838259000000000087e+00	2.139642800000000022e+01
1.843048000000000020e+00	2.172844100000000012e+01
1.848562000000000038e+00	2.222472899999999996e+01
1.854589999999999961e+00	2.282074300000000022e+01
1.860913000000000039e+00	2.345064999999999955e+01
1.867313999999999918e+00	2.404861700000000013e+01
1.873583999999999916e+00	2.455124599999999901e+01
1.879660000000000108e+00	2.493529499999999999e+01
1.885596000000000050e+00	2.521046899999999980e+01
1.891450999999999993e+00	2.538744799999999913e+01
1.897281999999999913e+00	2.547691000000000017e+01
1.903146999999999922e+00	2.548979800000000040e+01
1.909062999999999954e+00	2.544219199999999859e+01
1.915018000000000109e+00	2.535485900000000115e+01
1.920995999999999926e+00	2.524874000000000152e+01
1.926979999999999915e+00	2.514477400000000173e+01
1.932955999999999896e+00	2.506375900000000101e+01
1.938917999999999919e+00	2.502318500000000157e+01
1.944868999999999959e+00	2.503718699999999941e+01
1.950814000000000048e+00	2.511975299999999933e+01
1.956757999999999997e+00	2.528486900000000048e+01
1.962703000000000086e+00	2.554618599999999873e+01
1.968652000000000069e+00	2.590773899999999941e+01
1.974604000000000026e+00	2.636272999999999911e+01
1.980558000000000041e+00	2.690378300000000067e+01
1.986512000000000056e+00	2.752352300000000085e+01
1.992466000000000070e+00	2.821458399999999855e+01
1.998418000000000028e+00	2.896995000000000076e+01
2.004370000000000207e+00	2.978303899999999871e+01
2.010321999999999942e+00	3.064729799999999926e+01
2.016272999999999982e+00	3.155617300000000114e+01
2.022224000000000022e+00	3.250419600000000031e+01
2.028176000000000201e+00	3.353535200000000316e+01
2.034127999999999936e+00	3.476248300000000313e+01
2.040080000000000116e+00	3.630352700000000254e+01
2.046031999999999851e+00	3.827642199999999661e+01
2.051984000000000030e+00	4.079608799999999746e+01
2.057935000000000070e+00	4.379637100000000061e+01
2.063886999999999805e+00	4.693045200000000250e+01
2.069837999999999845e+00	4.982737000000000194e+01
2.075791000000000164e+00	5.211616399999999771e+01
2.081744000000000039e+00	5.342842799999999670e+01
2.087698000000000054e+00	5.360532200000000103e+01
2.093652000000000069e+00	5.285008400000000250e+01
2.099604999999999944e+00	5.140189800000000275e+01
2.105554999999999843e+00	4.949994999999999834e+01
2.111501000000000072e+00	4.738301200000000080e+01
2.117445000000000022e+00	4.524121000000000237e+01
2.123388999999999971e+00	4.317084400000000244e+01
2.129338000000000175e+00	4.125752200000000158e+01
2.135295999999999861e+00	3.958685400000000243e+01
2.141268000000000171e+00	3.824420099999999678e+01
2.147250999999999799e+00	3.726950599999999980e+01
2.153232000000000035e+00	3.660475300000000232e+01
2.159196000000000115e+00	3.617918499999999682e+01
2.165125000000000188e+00	3.592203899999999805e+01
2.171006000000000213e+00	3.576263399999999848e+01
2.176841000000000026e+00	3.565449799999999669e+01
2.182682999999999929e+00	3.560967000000000127e+01
2.188588999999999896e+00	3.564884800000000098e+01
2.194618000000000180e+00	3.579273100000000341e+01
2.200828000000000007e+00	3.606198899999999696e+01
2.207209999999999894e+00	3.645891799999999705e+01
2.213579000000000185e+00	3.693596699999999800e+01
2.219714999999999883e+00	3.743721699999999686e+01
2.225403000000000020e+00	3.790674599999999828e+01
2.230423000000000044e+00	3.828864200000000295e+01
2.234681000000000139e+00	3.854257299999999731e+01
2.238447999999999993e+00	3.867574400000000168e+01
2.242068000000000172e+00	3.870439799999999764e+01
2.245884000000000214e+00	3.864477800000000229e+01
2.250237999999999960e+00	3.851312599999999975e+01
2.255365999999999982e+00	3.833252900000000096e+01
2.261130000000000084e+00	3.814960500000000110e+01
2.267313000000000134e+00	3.801603000000000065e+01
2.273696000000000161e+00	3.798347700000000060e+01
2.280063999999999869e+00	3.810361999999999938e+01
2.286243999999999943e+00	3.840525900000000092e+01
2.292251999999999956e+00	3.882843100000000192e+01
2.298146000000000022e+00	3.929164300000000054e+01
2.303983000000000114e+00	3.971340200000000209e+01
2.309822000000000042e+00	4.001221600000000223e+01
2.315710999999999853e+00	4.012532499999999658e+01
2.321645999999999876e+00	4.007204399999999822e+01
2.327612999999999932e+00	3.989415499999999781e+01
2.333594999999999864e+00	3.963344000000000023e+01
2.339576999999999796e+00	3.933168100000000322e+01
2.345546999999999827e+00	3.902149099999999748e+01
2.351503999999999817e+00	3.869010399999999805e+01
2.357451999999999881e+00	3.831074499999999716e+01
2.363395999999999830e+00	3.785663199999999762e+01
2.369339000000000084e+00	3.730098600000000175e+01
2.375286000000000008e+00	3.663365100000000041e+01
2.381237000000000048e+00	3.593748399999999776e+01
2.387189999999999923e+00	3.532768399999999787e+01
2.393143999999999938e+00	3.491947900000000260e+01
2.399097999999999953e+00	3.482809799999999711e+01
2.405050999999999828e+00	3.514579100000000267e+01
2.411004000000000147e+00	3.581912499999999966e+01
2.416955999999999882e+00	3.673775299999999788e+01
2.422906999999999922e+00	3.779119599999999934e+01
2.428857999999999961e+00	3.886897600000000352e+01
2.434809000000000001e+00	3.987915499999999724e+01
2.440760000000000041e+00	4.086334200000000294e+01
2.446712000000000220e+00	4.192165399999999664e+01
2.452663999999999955e+00	4.315446000000000026e+01
2.458616999999999830e+00	4.466212500000000318e+01
2.464570999999999845e+00	4.653464000000000311e+01
2.470524999999999860e+00	4.877680200000000355e+01
2.476478000000000179e+00	5.135163000000000011e+01
2.482429999999999914e+00	5.422185699999999997e+01
2.488377999999999979e+00	5.735021400000000114e+01
2.494323000000000068e+00	6.068259100000000217e+01
2.500265999999999877e+00	6.400661200000000406e+01
2.506212000000000106e+00	6.702318599999999549e+01
2.512164999999999981e+00	6.943233299999999986e+01
2.518129000000000062e+00	7.093407399999999541e+01
2.524108000000000018e+00	7.125221299999999758e+01
2.530091999999999786e+00	7.036768999999999608e+01
2.536067000000000071e+00	6.841860599999999692e+01
2.542015999999999831e+00	6.554531400000000474e+01
2.547924000000000078e+00	6.188816500000000076e+01
2.553779000000000021e+00	5.759117700000000184e+01
2.559610000000000163e+00	5.284424800000000033e+01
2.565475000000000172e+00	4.786851599999999962e+01
2.571432000000000162e+00	4.288571499999999759e+01
2.577539999999999942e+00	3.811758300000000332e+01
2.583845999999999865e+00	3.377631000000000228e+01
2.590249000000000024e+00	2.993466199999999944e+01
2.596534000000000120e+00	2.655977000000000032e+01
2.602485000000000159e+00	2.361614799999999903e+01
2.607883000000000173e+00	2.106830400000000125e+01
2.612527000000000044e+00	1.887981200000000115e+01
2.616509000000000196e+00	1.699807300000000154e+01
2.620163999999999938e+00	1.535686500000000088e+01
2.623834000000000000e+00	1.388954400000000078e+01
2.627863000000000060e+00	1.252946299999999979e+01
2.632579999999999920e+00	1.121069800000000072e+01
2.638037000000000187e+00	9.882118999999999431e+00
2.644026000000000209e+00	8.506444999999999368e+00
2.650332000000000132e+00	7.046929000000000443e+00
2.656734000000000151e+00	5.466823999999999906e+00
2.663022999999999918e+00	3.734396999999999966e+00
2.669115000000000126e+00	1.941853999999999969e+00
2.675060999999999911e+00	3.103460000000000107e-01
2.680919999999999970e+00	-9.329659999999999620e-01
2.686751000000000111e+00	-1.560920000000000085e+00
2.692610999999999866e+00	-1.352279000000000009e+00
2.698523999999999923e+00	-2.654719999999999858e-01
2.704476000000000102e+00	1.533352000000000048e+00
2.710452000000000083e+00	3.866477999999999859e+00
2.716435999999999851e+00	6.556187000000000431e+00
2.722412999999999972e+00	9.425081000000000486e+00
2.728375999999999912e+00	1.230790200000000034e+01
2.734328000000000092e+00	1.505498700000000056e+01
2.740273999999999877e+00	1.751770099999999886e+01
2.746217000000000130e+00	1.954741100000000031e+01
2.752162000000000219e+00	2.099757500000000121e+01
2.758110999999999979e+00	2.182363499999999945e+01
2.764063000000000159e+00	2.212687199999999876e+01
2.770016000000000034e+00	2.201978099999999827e+01
2.775971000000000188e+00	2.161485599999999963e+01
2.781924000000000063e+00	2.102369900000000058e+01
2.787876999999999938e+00	2.030024799999999985e+01
2.793829000000000118e+00	1.940661300000000011e+01
2.799780999999999853e+00	1.829671099999999839e+01
2.805731999999999893e+00	1.692445899999999881e+01
2.811682999999999932e+00	1.524310799999999944e+01
2.817635000000000112e+00	1.314631400000000028e+01
2.823586999999999847e+00	1.042191900000000082e+01
2.829539000000000026e+00	6.846883000000000052e+00
2.835491000000000206e+00	2.198169000000000040e+00
2.841442999999999941e+00	-3.744016999999999928e+00
2.847395000000000120e+00	-1.077534200000000020e+01
2.853346999999999856e+00	-1.785042599999999879e+01
2.859299000000000035e+00	-2.382479100000000116e+01
2.865251000000000214e+00	-2.755395800000000150e+01
2.871201999999999810e+00	-2.789665400000000162e+01
2.877153999999999989e+00	-2.437368499999999827e+01
2.883106000000000169e+00	-1.797471200000000024e+01
2.889057999999999904e+00	-9.886853999999999587e+00
2.895010000000000083e+00	-1.297231000000000023e+00
2.900961999999999819e+00	6.607934000000000196e+00
2.906913999999999998e+00	1.297233199999999975e+01
2.912866000000000177e+00	1.776008200000000059e+01
2.918817999999999913e+00	2.106068899999999999e+01
2.924770000000000092e+00	2.296365700000000132e+01
2.930721000000000132e+00	2.355858999999999881e+01
2.936672999999999867e+00	2.301242600000000138e+01
2.942625000000000046e+00	2.170813000000000059e+01
2.948576999999999781e+00	2.006609299999999863e+01
2.954528999999999961e+00	1.850670399999999916e+01
2.960481000000000140e+00	1.745028299999999888e+01
2.966432999999999875e+00	1.714474200000000081e+01
2.972385000000000055e+00	1.729600800000000049e+01
2.978336999999999790e+00	1.750377699999999948e+01
2.984288999999999970e+00	1.736774499999999932e+01
2.990240000000000009e+00	1.648760800000000160e+01
2.996192000000000188e+00	1.446306300000000000e+01
3.002143999999999924e+00	1.089380500000000040e+01
3.008096000000000103e+00	5.379529999999999923e+00
3.014047999999999838e+00	-2.480065000000000186e+00
3.020000000000000018e+00	-1.308528500000000072e+01
