1.199999999999999956e-01	-3.905489999999999795e-01
1.249780000000000058e-01	-3.186410000000000076e-01
1.305999999999999939e-01	-1.197700000000000015e-01
1.367059999999999942e-01	1.758319999999999883e-01
1.431360000000000132e-01	5.379340000000000233e-01
1.497320000000000040e-01	9.363019999999999676e-01
1.563350000000000017e-01	1.340705999999999953e+00
1.627850000000000130e-01	1.720911999999999997e+00
1.689219999999999888e-01	2.046689000000000203e+00
1.745889999999999942e-01	2.287805000000000089e+00
1.796250000000000069e-01	2.414026999999999923e+00
1.839349999999999874e-01	2.401685000000000070e+00
1.877439999999999942e-01	2.260593000000000075e+00
1.913779999999999926e-01	2.011213000000000140e+00
1.951660000000000061e-01	1.674012000000000056e+00
1.994340000000000002e-01	1.269457999999999975e+00
2.044499999999999929e-01	8.216339999999999755e-01
2.101250000000000062e-01	3.754950000000000232e-01
2.162479999999999958e-01	-1.652999999999999955e-02
2.226049999999999973e-01	-3.020039999999999947e-01
2.289819999999999911e-01	-4.284899999999999820e-01
2.351930000000000132e-01	-3.539880000000000249e-01
2.412249999999999950e-01	-1.047880000000000061e-01
2.471349999999999936e-01	2.653590000000000115e-01
2.529799999999999827e-01	7.026250000000000551e-01
2.588170000000000193e-01	1.153184999999999905e+00
2.646970000000000156e-01	1.564996000000000054e+00
2.706259999999999777e-01	1.899292999999999898e+00
2.765880000000000005e-01	2.123292999999999875e+00
2.825679999999999858e-01	2.204242999999999952e+00
2.885510000000000019e-01	2.109391000000000016e+00
2.945229999999999793e-01	1.814597000000000016e+00
3.004809999999999981e-01	1.368835000000000024e+00
3.064310000000000089e-01	8.579499999999999904e-01
3.123750000000000138e-01	3.680660000000000043e-01
3.183190000000000186e-01	-1.469099999999999920e-02
3.242650000000000254e-01	-2.136740000000000028e-01
3.302149999999999808e-01	-2.444240000000000024e-01
3.361680000000000224e-01	-1.743999999999999995e-01
3.421210000000000084e-01	-7.164299999999999835e-02
3.480759999999999965e-01	-4.193999999999999811e-03
3.540289999999999826e-01	-3.316000000000000197e-02
3.599809999999999954e-01	-1.419499999999999929e-01
3.659330000000000083e-01	-2.651780000000000248e-01
3.718839999999999923e-01	-3.367020000000000013e-01
3.778360000000000052e-01	-2.903819999999999735e-01
3.837869999999999893e-01	-6.636100000000000332e-02
3.897390000000000021e-01	3.134890000000000176e-01
3.956910000000000149e-01	7.701470000000000260e-01
4.016429999999999723e-01	1.223414000000000001e+00
4.075949999999999851e-01	1.593096999999999985e+00
4.135469999999999979e-01	1.803204000000000029e+00
4.194979999999999820e-01	1.841690000000000049e+00
4.254499999999999948e-01	1.746264000000000038e+00
4.314009999999999789e-01	1.555943000000000076e+00
4.373540000000000205e-01	1.309744999999999937e+00
4.433079999999999798e-01	1.046078000000000063e+00
4.492619999999999947e-01	7.923839999999999772e-01
4.552160000000000095e-01	5.666229999999999878e-01
4.611680000000000224e-01	3.864409999999999790e-01
4.671170000000000044e-01	2.694849999999999746e-01
4.730619999999999825e-01	2.326779999999999959e-01
4.790059999999999873e-01	2.774340000000000139e-01
4.849510000000000209e-01	3.902559999999999918e-01
4.909020000000000050e-01	5.570460000000000411e-01
4.968629999999999991e-01	7.637059999999999960e-01
5.028390000000000359e-01	9.959069999999999867e-01
5.088230000000000253e-01	1.233359000000000094e+00
5.148009999999999531e-01	1.449400000000000022e+00
5.207570000000000254e-01	1.617059000000000024e+00
5.266750000000000043e-01	1.709365000000000023e+00
5.325410000000000421e-01	1.700342000000000020e+00
5.383719999999999617e-01	1.595857999999999999e+00
5.442249999999999588e-01	1.439588000000000090e+00
5.501580000000000359e-01	1.277403000000000066e+00
5.562289999999999734e-01	1.155173999999999923e+00
5.624930000000000208e-01	1.117885999999999935e+00
5.688929999999999820e-01	1.174790999999999919e+00
5.752220000000000111e-01	1.287979999999999903e+00
5.812610000000000277e-01	1.416312999999999933e+00
5.867949999999999555e-01	1.518653000000000031e+00
5.916080000000000227e-01	1.554310999999999998e+00
5.957040000000000113e-01	1.506084999999999896e+00
5.993990000000000151e-01	1.391272000000000064e+00
6.030370000000000452e-01	1.229921000000000042e+00
6.069609999999999728e-01	1.042083000000000093e+00
6.115110000000000268e-01	8.477919999999999900e-01
6.168270000000000142e-01	6.659920000000000284e-01
6.227219999999999978e-01	5.138409999999999922e-01
6.289789999999999548e-01	4.083300000000000263e-01
6.353790000000000271e-01	3.664510000000000267e-01
6.417070000000000274e-01	4.050279999999999991e-01
6.478369999999999962e-01	5.242820000000000258e-01
6.538089999999999735e-01	6.941319999999999713e-01
6.596819999999999906e-01	8.812780000000000058e-01
6.655140000000000500e-01	1.052416000000000018e+00
6.713630000000000431e-01	1.174345999999999890e+00
6.772660000000000347e-01	1.228787000000000074e+00
6.832110000000000127e-01	1.227881999999999918e+00
6.891829999999999901e-01	1.187480000000000091e+00
6.951669999999999794e-01	1.123429999999999929e+00
7.011469999999999647e-01	1.051574999999999926e+00
7.071119999999999628e-01	9.864209999999999923e-01
7.130670000000000064e-01	9.394249999999999545e-01
7.190130000000000132e-01	9.216170000000000195e-01
7.249569999999999625e-01	9.440319999999999823e-01
7.309010000000000229e-01	1.017679999999999918e+00
7.368489999999999762e-01	1.145205999999999946e+00
7.428000000000000158e-01	1.307828999999999908e+00
7.487530000000000019e-01	1.483392000000000044e+00
7.547080000000000455e-01	1.649734999999999951e+00
7.606619999999999493e-01	1.784704999999999986e+00
7.666140000000000176e-01	1.872057000000000082e+00
7.725670000000000037e-01	1.912533000000000039e+00
7.785180000000000433e-01	1.909912999999999972e+00
7.844689999999999719e-01	1.867976999999999999e+00
7.904210000000000402e-01	1.790507000000000071e+00
7.963729999999999976e-01	1.684225000000000083e+00
8.023249999999999549e-01	1.565387000000000084e+00
8.082770000000000232e-01	1.452172999999999936e+00
8.142289999999999806e-01	1.362765000000000004e+00
8.201800000000000201e-01	1.315342999999999929e+00
8.261319999999999775e-01	1.322535000000000016e+00
8.320830000000000171e-01	1.376676999999999929e+00
8.380349999999999744e-01	1.465473000000000026e+00
8.439870000000000427e-01	1.576630999999999894e+00
8.499400000000000288e-01	1.697854999999999892e+00
8.558940000000000436e-01	1.822543999999999942e+00
8.618479999999999475e-01	1.967573000000000016e+00
8.678010000000000446e-01	2.155863999999999780e+00
8.737519999999999731e-01	2.410340999999999845e+00
8.797000000000000375e-01	2.753927000000000014e+00
8.856439999999999868e-01	3.194017000000000106e+00
8.915870000000000184e-01	3.665722000000000147e+00
8.975349999999999717e-01	4.083130999999999844e+00
9.034900000000000153e-01	4.360333999999999932e+00
9.094569999999999599e-01	4.411417000000000144e+00
9.154379999999999740e-01	4.177253000000000327e+00
9.214210000000000456e-01	3.739632999999999985e+00
9.273909999999999654e-01	3.226519999999999833e+00
9.333329999999999682e-01	2.765909999999999869e+00
9.392300000000000093e-01	2.485793000000000141e+00
9.450749999999999984e-01	2.489336999999999911e+00
9.509090000000000042e-01	2.731875000000000053e+00
9.567890000000000006e-01	3.114243000000000094e+00
9.627750000000000474e-01	3.537193999999999949e+00
9.689229999999999787e-01	3.901480999999999977e+00
9.752680000000000238e-01	4.122925000000000395e+00
9.816639999999999810e-01	4.219146000000000285e+00
9.878930000000000211e-01	4.249888999999999584e+00
9.937399999999999567e-01	4.275034999999999918e+00
9.989850000000000119e-01	4.354464000000000112e+00
1.003457999999999961e+00	4.538028999999999868e+00
1.007338000000000067e+00	4.798536999999999608e+00
1.010966000000000031e+00	5.073068000000000133e+00
1.014685999999999977e+00	5.298506999999999856e+00
1.018841000000000108e+00	5.411739999999999995e+00
1.023735000000000062e+00	5.358211999999999975e+00
1.029328999999999938e+00	5.158517999999999937e+00
1.035408000000000106e+00	4.872213000000000349e+00
1.041754000000000069e+00	4.559182999999999986e+00
1.048148999999999997e+00	4.279313000000000144e+00
1.054391999999999996e+00	4.088379999999999903e+00
1.060446000000000000e+00	4.000780999999999921e+00
1.066368999999999900e+00	4.006961000000000439e+00
1.072216999999999976e+00	4.097070999999999685e+00
1.078049000000000035e+00	4.261264999999999858e+00
1.083920999999999912e+00	4.489190999999999931e+00
1.089842999999999895e+00	4.764632999999999896e+00
1.095801999999999943e+00	5.067592000000000318e+00
1.101780999999999899e+00	5.378004999999999924e+00
1.107765000000000111e+00	5.675809000000000104e+00
1.113739999999999952e+00	5.941531000000000340e+00
1.119699999999999918e+00	6.163649000000000377e+00
1.125650000000000039e+00	6.336350999999999623e+00
1.131594999999999906e+00	6.453952000000000133e+00
1.137537999999999938e+00	6.510766000000000275e+00
1.143483999999999945e+00	6.502006999999999870e+00
1.149432999999999927e+00	6.437122999999999706e+00
1.155386000000000024e+00	6.336936999999999820e+00
1.161338999999999899e+00	6.222589000000000148e+00
1.167294000000000054e+00	6.115218999999999738e+00
1.173246999999999929e+00	6.035535000000000316e+00
1.179200000000000026e+00	5.996126000000000289e+00
1.185151999999999983e+00	6.002373999999999654e+00
1.191103000000000023e+00	6.059410999999999881e+00
1.197054000000000062e+00	6.172368999999999772e+00
1.203006000000000020e+00	6.346174999999999677e+00
1.208957999999999977e+00	6.581209000000000309e+00
1.214909999999999934e+00	6.873359999999999914e+00
1.220861999999999892e+00	7.218327000000000382e+00
1.226814000000000071e+00	7.611809000000000047e+00
1.232765000000000111e+00	8.048610999999999294e+00
1.238717000000000068e+00	8.499166999999999916e+00
1.244668000000000108e+00	8.907180999999999571e+00
1.250620000000000065e+00	9.214992000000000516e+00
1.256572000000000022e+00	9.364938999999999680e+00
1.262526000000000037e+00	9.301453000000000415e+00
1.268480000000000052e+00	9.039721999999999369e+00
1.274434000000000067e+00	8.681176999999999921e+00
1.280386000000000024e+00	8.332480000000000331e+00
1.286335999999999924e+00	8.100289000000000073e+00
1.292281999999999931e+00	8.089180999999999955e+00
1.298224999999999962e+00	8.314434999999999576e+00
1.304170000000000051e+00	8.670282000000000266e+00
1.310119999999999951e+00	9.042334000000000316e+00
1.316079999999999917e+00	9.316202999999999790e+00
1.322052999999999923e+00	9.379162000000000887e+00
1.328036999999999912e+00	9.211273000000000266e+00
1.334017000000000008e+00	8.932593000000000671e+00
1.339976000000000056e+00	8.674782999999999689e+00
1.345900000000000096e+00	8.569509000000000043e+00
1.351774000000000031e+00	8.747419999999999973e+00
1.357607000000000008e+00	9.262603999999999616e+00
1.363453000000000026e+00	1.004043300000000016e+01
1.369372000000000034e+00	1.099393899999999924e+01
1.375421999999999922e+00	1.203615800000000036e+01
1.381658999999999970e+00	1.308030399999999993e+01
1.388052000000000064e+00	1.405917600000000078e+01
1.394403000000000059e+00	1.494230600000000031e+01
1.400492999999999988e+00	1.570327200000000012e+01
1.406104999999999938e+00	1.631565399999999855e+01
1.411021999999999998e+00	1.675311299999999903e+01
1.415195999999999898e+00	1.700312100000000015e+01
1.418924000000000074e+00	1.708210000000000051e+01
1.422549999999999981e+00	1.701011700000000104e+01
1.426417000000000046e+00	1.680724100000000121e+01
1.430868000000000029e+00	1.649352599999999924e+01
1.436091000000000006e+00	1.608556899999999956e+01
1.441923000000000066e+00	1.559184499999999929e+01
1.448144000000000098e+00	1.501966299999999954e+01
1.454538000000000109e+00	1.437633300000000069e+01
1.460887000000000047e+00	1.366916699999999985e+01
1.467041999999999957e+00	1.290614300000000014e+01
1.473030999999999979e+00	1.209700100000000056e+01
1.478914000000000062e+00	1.125176800000000021e+01
1.484749000000000096e+00	1.038046800000000047e+01
1.490591999999999917e+00	9.493137000000000825e+00
1.496488000000000040e+00	8.610053000000000623e+00
1.502428000000000097e+00	7.781844999999999679e+00
1.508397999999999906e+00	7.064739999999999576e+00
1.514380999999999977e+00	6.514960000000000306e+00
1.520361999999999991e+00	6.188724999999999810e+00
1.526329999999999965e+00	6.116882999999999626e+00
1.532284999999999897e+00	6.245606000000000435e+00
1.538232999999999961e+00	6.503422999999999732e+00
1.544175999999999993e+00	6.818862000000000201e+00
1.550119999999999942e+00	7.120453999999999617e+00
1.556068000000000007e+00	7.353273999999999866e+00
1.562019000000000046e+00	7.524697999999999887e+00
1.567971999999999921e+00	7.656756999999999813e+00
1.573925999999999936e+00	7.771485000000000198e+00
1.579879999999999951e+00	7.890914999999999679e+00
1.585833000000000048e+00	8.029711000000000709e+00
1.591785000000000005e+00	8.171219000000000676e+00
1.597736999999999963e+00	8.290468999999999866e+00
1.603688000000000002e+00	8.362486999999999782e+00
1.609639000000000042e+00	8.362303000000000708e+00
1.615590999999999999e+00	8.273450000000000415e+00
1.621542999999999957e+00	8.120276999999999745e+00
1.627494999999999914e+00	7.939365999999999701e+00
1.633447000000000093e+00	7.767300999999999789e+00
1.639399000000000051e+00	7.640662999999999982e+00
1.645350000000000090e+00	7.590576000000000434e+00
1.651302000000000048e+00	7.618536999999999892e+00
1.657253000000000087e+00	7.716041999999999845e+00
1.663205000000000044e+00	7.874579999999999913e+00
1.669157999999999920e+00	8.085641000000000744e+00
1.675111999999999934e+00	8.339256999999999920e+00
1.681065999999999949e+00	8.616521000000000541e+00
1.687019000000000046e+00	8.895134000000000540e+00
1.692971000000000004e+00	9.152787999999999258e+00
1.698919000000000068e+00	9.367174999999999585e+00
1.704863000000000017e+00	9.518591000000000690e+00
1.710806999999999967e+00	9.605467000000000866e+00
1.716752999999999973e+00	9.633960000000000079e+00
1.722706999999999988e+00	9.610253999999999408e+00
1.728671999999999986e+00	9.540533999999999182e+00
1.734652000000000083e+00	9.430908999999999764e+00
1.740636000000000072e+00	9.286868000000000123e+00
1.746609000000000078e+00	9.113607999999999265e+00
1.752555000000000085e+00	8.916325000000000500e+00
1.758458000000000077e+00	8.700212999999999752e+00
1.764308999999999905e+00	8.472364000000000672e+00
1.770140999999999964e+00	8.257085999999999260e+00
1.776011999999999924e+00	8.087866999999999251e+00
1.781979999999999897e+00	7.998279000000000138e+00
1.788105000000000055e+00	8.021893999999999636e+00
1.794426999999999994e+00	8.187260999999999456e+00
1.800829000000000013e+00	8.470508000000000592e+00
1.807091999999999921e+00	8.816584999999999894e+00
1.813002000000000002e+00	9.170028000000000290e+00
1.818338000000000010e+00	9.475374000000000407e+00
1.822912000000000088e+00	9.681376000000000204e+00
1.826850000000000085e+00	9.787658000000000413e+00
1.830492000000000008e+00	9.827559000000000822e+00
1.834179999999999922e+00	9.835019000000000844e+00
1.838259000000000087e+00	9.843980999999999426e+00
1.843048000000000020e+00	9.886423999999999879e+00
1.848562000000000038e+00	9.966772999999999882e+00
1.854589999999999961e+00	1.006912400000000041e+01
1.860913000000000039e+00	1.017709900000000012e+01
1.867313999999999918e+00	1.027431900000000020e+01
1.873583999999999916e+00	1.034579399999999971e+01
1.879660000000000108e+00	1.039942600000000006e+01
1.885596000000000050e+00	1.046189500000000017e+01
1.891450999999999993e+00	1.056043900000000058e+01
1.897281999999999913e+00	1.072229500000000080e+01
1.903146999999999922e+00	1.097322300000000084e+01
1.909062999999999954e+00	1.131007199999999990e+01
1.915018000000000109e+00	1.170332600000000056e+01
1.920995999999999926e+00	1.212250399999999928e+01
1.926979999999999915e+00	1.253712400000000038e+01
1.932955999999999896e+00	1.291701499999999925e+01
1.938917999999999919e+00	1.323926900000000018e+01
1.944868999999999959e+00	1.348834100000000014e+01
1.950814000000000048e+00	1.364901599999999959e+01
1.956757999999999997e+00	1.370607500000000023e+01
1.962703000000000086e+00	1.364519400000000005e+01
1.968652000000000069e+00	1.347769500000000065e+01
1.974604000000000026e+00	1.324377800000000072e+01
1.980558000000000041e+00	1.298518499999999953e+01
1.986512000000000056e+00	1.274365700000000068e+01
1.992466000000000070e+00	1.256080200000000069e+01
1.998418000000000028e+00	1.247349499999999978e+01
2.004370000000000207e+00	1.251267999999999958e+01
2.010321999999999942e+00	1.270893099999999976e+01
2.016272999999999982e+00	1.309281799999999940e+01
2.022224000000000022e+00	1.369383999999999979e+01
2.028176000000000201e+00	1.449247300000000038e+01
2.034127999999999936e+00	1.540094500000000011e+01
2.040080000000000116e+00	1.632643200000000050e+01
2.046031999999999851e+00	1.717611099999999880e+01
2.051984000000000030e+00	1.785788799999999910e+01
2.057935000000000070e+00	1.832353799999999922e+01
2.063886999999999805e+00	1.859282699999999977e+01
2.069837999999999845e+00	1.869136900000000168e+01
2.075791000000000164e+00	1.864477799999999874e+01
2.081744000000000039e+00	1.847861500000000134e+01
2.087698000000000054e+00	1.821385400000000132e+01
2.093652000000000069e+00	1.786355199999999854e+01
2.099604999999999944e+00	1.743997999999999848e+01
2.105554999999999843e+00	1.695540700000000101e+01
2.111501000000000072e+00	1.642225900000000038e+01
2.117445000000000022e+00	1.587135899999999999e+01
2.123388999999999971e+00	1.536900499999999958e+01
2.129338000000000175e+00	1.498553899999999928e+01
2.135295999999999861e+00	1.479130299999999920e+01
2.141268000000000171e+00	1.485636399999999924e+01
2.147250999999999799e+00	1.520051899999999989e+01
2.153232000000000035e+00	1.573515199999999936e+01
2.159196000000000115e+00	1.635753800000000169e+01
2.165125000000000188e+00	1.696495200000000025e+01
2.171006000000000213e+00	1.745478699999999961e+01
2.176841000000000026e+00	1.776144100000000137e+01
2.182682999999999929e+00	1.790872699999999895e+01
2.188588999999999896e+00	1.793369699999999867e+01
2.194618000000000180e+00	1.787340199999999868e+01
2.200828000000000007e+00	1.776486900000000091e+01
2.207209999999999894e+00	1.762938000000000116e+01
2.213579000000000185e+00	1.744549800000000062e+01
2.219714999999999883e+00	1.718461599999999834e+01
2.225403000000000020e+00	1.681812499999999844e+01
2.230423000000000044e+00	1.631743300000000119e+01
2.234681000000000139e+00	1.568430500000000016e+01
2.238447999999999993e+00	1.501313700000000040e+01
2.242068000000000172e+00	1.441593600000000031e+01
2.245884000000000214e+00	1.400470400000000026e+01
2.250237999999999960e+00	1.389144199999999962e+01
2.255365999999999982e+00	1.414917499999999961e+01
2.261130000000000084e+00	1.471688699999999983e+01
2.267313000000000134e+00	1.550477099999999986e+01
2.273696000000000161e+00	1.642301799999999901e+01
2.280063999999999869e+00	1.738182199999999966e+01
2.286243999999999943e+00	1.830347599999999986e+01
2.292251999999999956e+00	1.915724099999999908e+01
2.298146000000000022e+00	1.992376399999999848e+01
2.303983000000000114e+00	2.058369599999999977e+01
2.309822000000000042e+00	2.111768500000000159e+01
2.315710999999999853e+00	2.150567399999999907e+01
2.321645999999999876e+00	2.172449800000000053e+01
2.327612999999999932e+00	2.175014799999999937e+01
2.333594999999999864e+00	2.155861200000000011e+01
2.339576999999999796e+00	2.112587900000000118e+01
2.345546999999999827e+00	2.044763199999999870e+01
2.351503999999999817e+00	1.961701700000000059e+01
2.357451999999999881e+00	1.875726600000000133e+01
2.363395999999999830e+00	1.799162400000000162e+01
2.369339000000000084e+00	1.744333200000000161e+01
2.375286000000000008e+00	1.721490000000000009e+01
2.381237000000000048e+00	1.729281399999999991e+01
2.387189999999999923e+00	1.762322599999999895e+01
2.393143999999999938e+00	1.815224800000000016e+01
2.399097999999999953e+00	1.882599000000000089e+01
2.405050999999999828e+00	1.959050099999999972e+01
2.411004000000000147e+00	2.039143199999999823e+01
2.416955999999999882e+00	2.117427400000000048e+01
2.422906999999999922e+00	2.188452200000000047e+01
2.428857999999999961e+00	2.246766900000000078e+01
2.434809000000000001e+00	2.287744899999999859e+01
2.440760000000000041e+00	2.312694000000000116e+01
2.446712000000000220e+00	2.325522399999999834e+01
2.452663999999999955e+00	2.330149300000000068e+01
2.458616999999999830e+00	2.330493900000000096e+01
2.464570999999999845e+00	2.331271299999999869e+01
2.470524999999999860e+00	2.343730400000000103e+01
2.476478000000000179e+00	2.382324300000000150e+01
2.482429999999999914e+00	2.461528200000000055e+01
2.488377999999999979e+00	2.595817100000000011e+01
2.494323000000000068e+00	2.796972500000000039e+01
2.500265999999999877e+00	3.051463800000000148e+01
2.506212000000000106e+00	3.331891399999999948e+01
2.512164999999999981e+00	3.610714099999999860e+01
2.518129000000000062e+00	3.860390300000000252e+01
2.524108000000000018e+00	4.054540800000000189e+01
2.530091999999999786e+00	4.179351599999999678e+01
2.536067000000000071e+00	4.228688199999999853e+01
2.542015999999999831e+00	4.196526599999999974e+01
2.547924000000000078e+00	4.076842400000000310e+01
2.553779000000000021e+00	3.865478999999999843e+01
2.559610000000000163e+00	3.581662599999999941e+01
2.565475000000000172e+00	3.260539299999999940e+01
2.571432000000000162e+00	2.937560399999999916e+01
2.577539999999999942e+00	2.648177599999999998e+01
2.583845999999999865e+00	2.426861999999999853e+01
2.590249000000000024e+00	2.293763600000000125e+01
2.596534000000000120e+00	2.258182700000000054e+01
2.602485000000000159e+00	2.329150200000000126e+01
2.607883000000000173e+00	2.515696799999999911e+01
2.612527000000000044e+00	2.824567800000000162e+01
2.616509000000000196e+00	3.223180800000000090e+01
2.620163999999999938e+00	3.645823800000000148e+01
2.623834000000000000e+00	4.025750000000000028e+01
2.627863000000000060e+00	4.296212500000000034e+01
2.632579999999999920e+00	4.393352099999999893e+01
2.638037000000000187e+00	4.312469099999999855e+01
2.644026000000000209e+00	4.104250499999999846e+01
2.650332000000000132e+00	3.821515600000000035e+01
2.656734000000000151e+00	3.517083900000000085e+01
2.663022999999999918e+00	3.242754500000000206e+01
2.669115000000000126e+00	3.025104500000000129e+01
2.675060999999999911e+00	2.864471999999999952e+01
2.680919999999999970e+00	2.759971399999999875e+01
2.686751000000000111e+00	2.710717100000000102e+01
2.692610999999999866e+00	2.715534200000000098e+01
2.698523999999999923e+00	2.764479700000000051e+01
2.704476000000000102e+00	2.837473400000000012e+01
2.710452000000000083e+00	2.913870400000000060e+01
2.716435999999999851e+00	2.973025700000000171e+01
2.722412999999999972e+00	2.994656799999999919e+01
2.728375999999999912e+00	2.972240499999999841e+01
2.734328000000000092e+00	2.916938299999999984e+01
2.740273999999999877e+00	2.841074599999999961e+01
2.746217000000000130e+00	2.756974100000000050e+01
2.752162000000000219e+00	2.676567100000000110e+01
2.758110999999999979e+00	2.592565499999999901e+01
2.764063000000000159e+00	2.470200399999999874e+01
2.770016000000000034e+00	2.272589500000000129e+01
2.775971000000000188e+00	1.962850500000000054e+01
2.781924000000000063e+00	1.504855300000000007e+01
2.787876999999999938e+00	9.112104999999999677e+00
2.793829000000000118e+00	2.721299000000000134e+00
2.799780999999999853e+00	-3.152489999999999792e+00
2.805731999999999893e+00	-7.537886999999999560e+00
2.811682999999999932e+00	-9.470788000000000650e+00
2.817635000000000112e+00	-8.636497000000000313e+00
2.823586999999999847e+00	-5.873460999999999821e+00
2.829539000000000026e+00	-2.138679999999999914e+00
2.835491000000000206e+00	1.610848999999999975e+00
2.841442999999999941e+00	4.421659000000000006e+00
2.847395000000000120e+00	5.801739000000000424e+00
2.853346999999999856e+00	6.174161999999999928e+00
2.859299000000000035e+00	6.069818999999999853e+00
2.865251000000000214e+00	6.019601999999999897e+00
2.871201999999999810e+00	6.553217000000000070e+00
2.877153999999999989e+00	7.955206000000000444e+00
2.883106000000000169e+00	9.966208999999999207e+00
2.889057999999999904e+00	1.225374500000000033e+01
2.895010000000000083e+00	1.448533699999999946e+01
2.900961999999999819e+00	1.632872400000000113e+01
2.906913999999999998e+00	1.753153899999999865e+01
2.912866000000000177e+00	1.804010900000000106e+01
2.918817999999999913e+00	1.783112500000000011e+01
2.924770000000000092e+00	1.688127700000000075e+01
2.930721000000000132e+00	1.516733800000000087e+01
2.936672999999999867e+00	1.273162400000000005e+01
2.942625000000000046e+00	9.799519000000000091e+00
2.948576999999999781e+00	6.628128000000000242e+00
2.954528999999999961e+00	3.474555000000000060e+00
2.960481000000000140e+00	5.958959999999999813e-01
2.966432999999999875e+00	-1.769225999999999965e+00
2.972385000000000055e+00	-3.440256000000000203e+00
2.978336999999999790e+00	-4.248024000000000022e+00
2.984288999999999970e+00	-4.023355999999999710e+00
2.990240000000000009e+00	-2.597081999999999891e+00
2.996192000000000188e+00	1.999710000000000099e-01
3.002143999999999924e+00	4.536973999999999840e+00
3.008096000000000103e+00	1.058309900000000070e+01
3.014047999999999838e+00	1.850751700000000000e+01
3.020000000000000018e+00	2.847940099999999930e+01
