1.199999999999999956e-01	-1.191809521948621553e+00
1.249780000000000058e-01	-4.780482853532068699e-01
1.305999999999999939e-01	7.013552205784692184e-01
1.367059999999999942e-01	7.940431728049095472e-01
1.431360000000000132e-01	7.661873672988919193e-01
1.497320000000000040e-01	1.474770323806321892e+00
1.563350000000000017e-01	1.818763449398996368e+00
1.627850000000000130e-01	1.852485954831398995e+00
1.689219999999999888e-01	2.218540081648896045e+00
1.745889999999999942e-01	1.986905869944307623e+00
1.796250000000000069e-01	1.843656284677640311e+00
1.839349999999999874e-01	1.711943959979847829e+00
1.877439999999999942e-01	1.652788800535487823e+00
1.913779999999999926e-01	8.213152475311483736e-01
1.951660000000000061e-01	8.730243017912464598e-01
1.994340000000000002e-01	-7.823791477701248775e-02
2.044499999999999929e-01	4.524286684906393408e-01
2.101250000000000062e-01	1.242991038113123448e-01
2.162479999999999958e-01	5.857409312721043038e-02
2.226049999999999973e-01	9.699992893311168429e-02
2.289819999999999911e-01	-5.328345781952429361e-01
2.351930000000000132e-01	1.416468797100549348e-02
2.412249999999999950e-01	1.052586225666425901e-01
2.471349999999999936e-01	-3.521663646972097994e-01
2.529799999999999827e-01	2.196381223380533543e-01
2.588170000000000193e-01	8.292817315297710268e-01
2.646970000000000156e-01	7.573759901321407417e-01
2.706259999999999777e-01	4.730120317072358804e-01
2.765880000000000005e-01	1.245981887853642833e+00
2.825679999999999858e-01	1.150839824096730801e+00
2.885510000000000019e-01	1.323710631808549643e+00
2.945229999999999793e-01	1.417851021839720893e+00
3.004809999999999981e-01	9.525142738932843578e-01
3.064310000000000089e-01	1.700139210352495933e+00
3.123750000000000138e-01	1.450916352361922845e+00
3.183190000000000186e-01	1.598946348495450254e+00
3.242650000000000254e-01	1.399615500988316441e+00
3.302149999999999808e-01	1.292816991048159281e+00
3.361680000000000224e-01	7.561469016388928654e-01
3.421210000000000084e-01	8.457689475107394994e-01
3.480759999999999965e-01	7.951470811596893506e-01
3.540289999999999826e-01	3.962907888004565393e-01
3.599809999999999954e-01	2.869340354825581363e-01
3.659330000000000083e-01	2.740982404632108516e-01
3.718839999999999923e-01	3.008065818475988973e-01
3.778360000000000052e-01	-3.728597604986744196e-01
3.837869999999999893e-01	2.342599176074875444e-01
3.897390000000000021e-01	6.467556101179269268e-01
3.956910000000000149e-01	1.147760126180655593e+00
4.016429999999999723e-01	1.016851629474813556e+00
4.075949999999999851e-01	8.261438700601371199e-01
4.135469999999999979e-01	1.718591368285042442e+00
4.194979999999999820e-01	1.540260419358743249e+00
4.254499999999999948e-01	1.442155188429274482e+00
4.314009999999999789e-01	1.699729692169210660e+00
4.373540000000000205e-01	1.444562386377144847e+00
4.433079999999999798e-01	2.766657152216325799e-01
4.492619999999999947e-01	2.159047241286414787e-01
4.552160000000000095e-01	7.065416058764829588e-01
4.611680000000000224e-01	8.034775082163405635e-01
4.671170000000000044e-01	3.000370119064733609e-01
4.730619999999999825e-01	4.562420876650436496e-01
4.790059999999999873e-01	1.211254454392309693e-01
4.849510000000000209e-01	6.874469439445283214e-01
4.909020000000000050e-01	3.649750983897211976e-01
4.968629999999999991e-01	4.512957167712032813e-01
5.028390000000000359e-01	1.364983686303709920e+00
5.088230000000000253e-01	1.371608353893297050e+00
5.148009999999999531e-01	1.420124131290479763e+00
5.207570000000000254e-01	1.858945839283604462e+00
5.266750000000000043e-01	1.626599665110397774e+00
5.325410000000000421e-01	1.226024739093081406e+00
5.383719999999999617e-01	2.070565617753874044e+00
5.442249999999999588e-01	2.429247705277242986e+00
5.501580000000000359e-01	2.279725202064625034e+00
5.562289999999999734e-01	2.046471654901683479e+00
5.624930000000000208e-01	1.726216846171963359e+00
5.688929999999999820e-01	9.563517586951706395e-01
5.752220000000000111e-01	7.988766757070985269e-01
5.812610000000000277e-01	9.115734552173162530e-01
5.867949999999999555e-01	9.337403317366175237e-01
5.916080000000000227e-01	2.991519798063981272e-01
5.957040000000000113e-01	9.455145573036778384e-01
5.993990000000000151e-01	5.696484214657568934e-01
6.030370000000000452e-01	9.883874764036959526e-01
6.069609999999999728e-01	1.366872461739366829e+00
6.115110000000000268e-01	1.854589699195564156e+00
6.168270000000000142e-01	1.150759332634335719e+00
6.227219999999999978e-01	1.332050839216735394e+00
6.289789999999999548e-01	1.520578696836838661e+00
6.353790000000000271e-01	1.925220027247045440e+00
6.417070000000000274e-01	1.762683293384133210e+00
6.478369999999999962e-01	1.872049696193787138e+00
6.538089999999999735e-01	1.523778252586398985e+00
6.596819999999999906e-01	2.061191175019392752e+00
6.655140000000000500e-01	1.647187283030091320e+00
6.713630000000000431e-01	1.763658904475990052e+00
6.772660000000000347e-01	2.185418515867572520e+00
6.832110000000000127e-01	1.403002889079409288e+00
6.891829999999999901e-01	1.498293979668659626e+00
6.951669999999999794e-01	1.322871092311471930e+00
7.011469999999999647e-01	1.792296702821052357e+00
7.071119999999999628e-01	1.627642301854371976e+00
7.130670000000000064e-01	1.299612800308752147e+00
7.190130000000000132e-01	1.407092575928146072e+00
7.249569999999999625e-01	1.620354073674149964e+00
7.309010000000000229e-01	1.420303868996606989e+00
7.368489999999999762e-01	1.937164932187955602e+00
7.428000000000000158e-01	1.811877141182057782e+00
7.487530000000000019e-01	2.034545019475812122e+00
7.547080000000000455e-01	2.074581801691640415e+00
7.606619999999999493e-01	2.495060338793203325e+00
7.666140000000000176e-01	2.665758756197689205e+00
7.725670000000000037e-01	2.378565827811466971e+00
7.785180000000000433e-01	2.723264152720312303e+00
7.844689999999999719e-01	2.140418900660700174e+00
7.904210000000000402e-01	2.749520392059570106e+00
7.963729999999999976e-01	1.999536460204237365e+00
8.023249999999999549e-01	1.941063723298575239e+00
8.082770000000000232e-01	1.499516195611502845e+00
8.142289999999999806e-01	1.662366733589447865e+00
8.201800000000000201e-01	1.886849020798959442e+00
8.261319999999999775e-01	1.278887488416971641e+00
8.320830000000000171e-01	2.251676901991101154e+00
8.380349999999999744e-01	1.818852527403191033e+00
8.439870000000000427e-01	2.201657749292632804e+00
8.499400000000000288e-01	1.344271210362330216e+00
8.558940000000000436e-01	2.006739501651154889e+00
8.618479999999999475e-01	2.222859292575217083e+00
8.678010000000000446e-01	1.871437386436336059e+00
8.737519999999999731e-01	2.735384840631100545e+00
8.797000000000000375e-01	2.664362056793576183e+00
8.856439999999999868e-01	3.057068548612661640e+00
8.915870000000000184e-01	3.223549110683978203e+00
8.975349999999999717e-01	3.158771915694895682e+00
9.034900000000000153e-01	3.181693854579547676e+00
9.094569999999999599e-01	3.573574688779718844e+00
9.154379999999999740e-01	3.583519422468027571e+00
9.214210000000000456e-01	3.631873074760674225e+00
9.273909999999999654e-01	3.262890314003912273e+00
9.333329999999999682e-01	2.606451785943613153e+00
9.392300000000000093e-01	3.529750377434226039e+00
9.450749999999999984e-01	3.194766945915319400e+00
9.509090000000000042e-01	2.770247345265887340e+00
9.567890000000000006e-01	3.286420163183817689e+00
9.627750000000000474e-01	2.996562937246661562e+00
9.689229999999999787e-01	2.996632035156777008e+00
9.752680000000000238e-01	2.784120526030128051e+00
9.816639999999999810e-01	2.935415245830958586e+00
9.878930000000000211e-01	2.969270440774916420e+00
9.937399999999999567e-01	3.203789062085072636e+00
9.989850000000000119e-01	3.551611473035756639e+00
1.003457999999999961e+00	3.709880503328855106e+00
1.007338000000000067e+00	3.965867745276720147e+00
1.010966000000000031e+00	4.611278656279863775e+00
1.014685999999999977e+00	4.180109540588809125e+00
1.018841000000000108e+00	5.434804126383265377e+00
1.023735000000000062e+00	4.869847228505735259e+00
1.029328999999999938e+00	4.716174386782012284e+00
1.035408000000000106e+00	4.892091373676255905e+00
1.041754000000000069e+00	4.886450651754717711e+00
1.048148999999999997e+00	4.314228800432825750e+00
1.054391999999999996e+00	3.777308680284165110e+00
1.060446000000000000e+00	3.756552273378548357e+00
1.066368999999999900e+00	3.473980568060768270e+00
1.072216999999999976e+00	3.436060337300737011e+00
1.078049000000000035e+00	4.088207269590932391e+00
1.083920999999999912e+00	3.480280122429344924e+00
1.089842999999999895e+00	4.107922747681622688e+00
1.095801999999999943e+00	4.917121816555615865e+00
1.101780999999999899e+00	5.408191454649268870e+00
1.107765000000000111e+00	5.376641246690193832e+00
1.113739999999999952e+00	6.068703746035300384e+00
1.119699999999999918e+00	6.288042774363574061e+00
1.125650000000000039e+00	6.236541472854932877e+00
1.131594999999999906e+00	6.439230075122575059e+00
1.137537999999999938e+00	6.864094976314083496e+00
1.143483999999999945e+00	5.723561000472233040e+00
1.149432999999999927e+00	6.376764618134317608e+00
1.155386000000000024e+00	5.892598473829065320e+00
1.161338999999999899e+00	6.018027677335350489e+00
1.167294000000000054e+00	5.726451616215676665e+00
1.173246999999999929e+00	6.271890040833238977e+00
1.179200000000000026e+00	5.763135779438680828e+00
1.185151999999999983e+00	6.221017917712150513e+00
1.191103000000000023e+00	5.959884540280791398e+00
1.197054000000000062e+00	6.149132262815678374e+00
1.203006000000000020e+00	5.866438673628153744e+00
1.208957999999999977e+00	6.333044785555325795e+00
1.214909999999999934e+00	6.099098481891431334e+00
1.220861999999999892e+00	6.831881679332182600e+00
1.226814000000000071e+00	6.494534659677239752e+00
1.232765000000000111e+00	7.201997421240420749e+00
1.238717000000000068e+00	7.828723409479836803e+00
1.244668000000000108e+00	8.179436204897442053e+00
1.250620000000000065e+00	9.136098749249605078e+00
1.256572000000000022e+00	9.885498717536252755e+00
1.262526000000000037e+00	9.235864671580426233e+00
1.268480000000000052e+00	9.559157851968436148e+00
1.274434000000000067e+00	9.821561233557552839e+00
1.280386000000000024e+00	8.978037091057904817e+00
1.286335999999999924e+00	9.005729081732471997e+00
1.292281999999999931e+00	8.334616570943628844e+00
1.298224999999999962e+00	8.251286036795685064e+00
1.304170000000000051e+00	8.746794816444166898e+00
1.310119999999999951e+00	8.173626558400687969e+00
1.316079999999999917e+00	8.638741133618179191e+00
1.322052999999999923e+00	8.629109145567003480e+00
1.328036999999999912e+00	8.620751028392321658e+00
1.334017000000000008e+00	8.968120780851325691e+00
1.339976000000000056e+00	9.205771948347148737e+00
1.345900000000000096e+00	9.610309140244291726e+00
1.351774000000000031e+00	9.643243153056085148e+00
1.357607000000000008e+00	1.032752112997786931e+01
1.363453000000000026e+00	1.091535001794297877e+01
1.369372000000000034e+00	1.169958786425789832e+01
1.375421999999999922e+00	1.269097699098993637e+01
1.381658999999999970e+00	1.316104474790691015e+01
1.388052000000000064e+00	1.385451776666265111e+01
1.394403000000000059e+00	1.483125024142359649e+01
1.400492999999999988e+00	1.534915302302494666e+01
1.406104999999999938e+00	1.616552172252960773e+01
1.411021999999999998e+00	1.659405745171477875e+01
1.415195999999999898e+00	1.700624488997186745e+01
1.418924000000000074e+00	1.733262916492330774e+01
1.422549999999999981e+00	1.706944141660562764e+01
1.426417000000000046e+00	1.784907136647343862e+01
1.430868000000000029e+00	1.675467061779472289e+01
1.436091000000000006e+00	1.628158464184027920e+01
1.441923000000000066e+00	1.588831138451053349e+01
1.448144000000000098e+00	1.506893952184460161e+01
1.454538000000000109e+00	1.432695367525140639e+01
1.460887000000000047e+00	1.260425225425085749e+01
1.467041999999999957e+00	1.163972538513005084e+01
1.473030999999999979e+00	1.145595994659117522e+01
1.478914000000000062e+00	1.001496096389857904e+01
1.484749000000000096e+00	9.396502059720093669e+00
1.490591999999999917e+00	9.284676425880237005e+00
1.496488000000000040e+00	8.354388498925755968e+00
1.502428000000000097e+00	8.029333758011011568e+00
1.508397999999999906e+00	7.609578212857496027e+00
1.514380999999999977e+00	7.571007255051632967e+00
1.520361999999999991e+00	6.630467379398997885e+00
1.526329999999999965e+00	7.531043504550154033e+00
1.532284999999999897e+00	6.880462095391977506e+00
1.538232999999999961e+00	6.583780661064937867e+00
1.544175999999999993e+00	7.267981945951216716e+00
1.550119999999999942e+00	6.727401984242346700e+00
1.556068000000000007e+00	7.682766986513883012e+00
1.562019000000000046e+00	7.674287991316717239e+00
1.567971999999999921e+00	7.984101905612375205e+00
1.573925999999999936e+00	7.788905845110038584e+00
1.579879999999999951e+00	8.349171073107903851e+00
1.585833000000000048e+00	8.094533802098455411e+00
1.591785000000000005e+00	8.597045155629485791e+00
1.597736999999999963e+00	8.981646447712972048e+00
1.603688000000000002e+00	8.706003752181743494e+00
1.609639000000000042e+00	8.346242302992873618e+00
1.615590999999999999e+00	8.583193916181304672e+00
1.621542999999999957e+00	7.927912312861391975e+00
1.627494999999999914e+00	7.756279658425101253e+00
1.633447000000000093e+00	7.920434718693924125e+00
1.639399000000000051e+00	7.933876974757976264e+00
1.645350000000000090e+00	7.675419601280112580e+00
1.651302000000000048e+00	7.862207438735745235e+00
1.657253000000000087e+00	7.784872517821489701e+00
1.663205000000000044e+00	8.131714058899587982e+00
1.669157999999999920e+00	8.023606071438933895e+00
1.675111999999999934e+00	8.178798378829540638e+00
1.681065999999999949e+00	8.446645315053782355e+00
1.687019000000000046e+00	8.085156635685914139e+00
1.692971000000000004e+00	8.671965100456693776e+00
1.698919000000000068e+00	9.327845302855152454e+00
1.704863000000000017e+00	9.050457121141727512e+00
1.710806999999999967e+00	9.173681960523117240e+00
1.716752999999999973e+00	9.701342502069282503e+00
1.722706999999999988e+00	9.418875281062907945e+00
1.728671999999999986e+00	9.547285485258090176e+00
1.734652000000000083e+00	9.202237566521715095e+00
1.740636000000000072e+00	8.880067603805656518e+00
1.746609000000000078e+00	9.020301330561117936e+00
1.752555000000000085e+00	9.251680558638557983e+00
1.758458000000000077e+00	9.015251187751587736e+00
1.764308999999999905e+00	9.349085729345700813e+00
1.770140999999999964e+00	8.589347231114842884e+00
1.776011999999999924e+00	8.738995726929495333e+00
1.781979999999999897e+00	8.354048519654098115e+00
1.788105000000000055e+00	9.158971633014051150e+00
1.794426999999999994e+00	8.322787302205698623e+00
1.800829000000000013e+00	8.884097486146673717e+00
1.807091999999999921e+00	9.537762549892617514e+00
1.813002000000000002e+00	9.942176571419206965e+00
1.818338000000000010e+00	1.050882344354053899e+01
1.822912000000000088e+00	1.048347336613711711e+01
1.826850000000000085e+00	1.015045192124077289e+01
1.830492000000000008e+00	1.090832684861991098e+01
1.834179999999999922e+00	1.106115473945312111e+01
1.838259000000000087e+00	1.109549909787640054e+01
1.843048000000000020e+00	1.104813884607556318e+01
1.848562000000000038e+00	1.082480433263899222e+01
1.854589999999999961e+00	1.078523393482859838e+01
1.860913000000000039e+00	1.065433254011653474e+01
1.867313999999999918e+00	1.099842803292750304e+01
1.873583999999999916e+00	1.064681467588744468e+01
1.879660000000000108e+00	1.053792027691262767e+01
1.885596000000000050e+00	1.116747350864732979e+01
1.891450999999999993e+00	1.137933254246653370e+01
1.897281999999999913e+00	1.140918193529754276e+01
1.903146999999999922e+00	1.183391169759874728e+01
1.909062999999999954e+00	1.243555443784809533e+01
1.915018000000000109e+00	1.211412209340175927e+01
1.920995999999999926e+00	1.267000592519702273e+01
1.926979999999999915e+00	1.328672540968347704e+01
1.932955999999999896e+00	1.305222624751502636e+01
1.938917999999999919e+00	1.335119969017930863e+01
1.944868999999999959e+00	1.357868950584179757e+01
1.950814000000000048e+00	1.385789084810169491e+01
1.956757999999999997e+00	1.369352832852013080e+01
1.962703000000000086e+00	1.377272605873059064e+01
1.968652000000000069e+00	1.358232853288054720e+01
1.974604000000000026e+00	1.281970418100947029e+01
1.980558000000000041e+00	1.293716480969404969e+01
1.986512000000000056e+00	1.328661083323172321e+01
1.992466000000000070e+00	1.294457730146847751e+01
1.998418000000000028e+00	1.329357554936116692e+01
2.004370000000000207e+00	1.331054309109051026e+01
2.010321999999999942e+00	1.344295814283569790e+01
2.016272999999999982e+00	1.467510964273715857e+01
2.022224000000000022e+00	1.474332314200140104e+01
2.028176000000000201e+00	1.592737030832188516e+01
2.034127999999999936e+00	1.635164757029340521e+01
2.040080000000000116e+00	1.766874694589812123e+01
2.046031999999999851e+00	1.836202972629435592e+01
2.051984000000000030e+00	1.921977352307455078e+01
2.057935000000000070e+00	1.924515829341928352e+01
2.063886999999999805e+00	1.971048232005040290e+01
2.069837999999999845e+00	1.947845194513921996e+01
2.075791000000000164e+00	2.027117664849150103e+01
2.081744000000000039e+00	1.929622010193878623e+01
2.087698000000000054e+00	1.892017060263057360e+01
2.093652000000000069e+00	1.789065619995955103e+01
2.099604999999999944e+00	1.725820766715321142e+01
2.105554999999999843e+00	1.624252386828126404e+01
2.111501000000000072e+00	1.555945657005189453e+01
2.117445000000000022e+00	1.552395758320754382e+01
2.123388999999999971e+00	1.445982339732213262e+01
2.129338000000000175e+00	1.487764412064716169e+01
2.135295999999999861e+00	1.478146002035524376e+01
2.141268000000000171e+00	1.485790057022465760e+01
2.147250999999999799e+00	1.510119922240770585e+01
2.153232000000000035e+00	1.634846928787884579e+01
2.159196000000000115e+00	1.567547916730155322e+01
2.165125000000000188e+00	1.710820026689895457e+01
2.171006000000000213e+00	1.726189764899016410e+01
2.176841000000000026e+00	1.817111626834990901e+01
2.182682999999999929e+00	1.869699890510228002e+01
2.188588999999999896e+00	1.843870187370166391e+01
2.194618000000000180e+00	1.924732307204560300e+01
2.200828000000000007e+00	1.890084156884470801e+01
2.207209999999999894e+00	1.791678816348548864e+01
2.213579000000000185e+00	1.824936846069315166e+01
2.219714999999999883e+00	1.749871681263812917e+01
2.225403000000000020e+00	1.679551368340425554e+01
2.230423000000000044e+00	1.629634804955930605e+01
2.234681000000000139e+00	1.630597306406251334e+01
2.238447999999999993e+00	1.541655520030326088e+01
2.242068000000000172e+00	1.503551141409947789e+01
2.245884000000000214e+00	1.461635595187774861e+01
2.250237999999999960e+00	1.431005774513808149e+01
2.255365999999999982e+00	1.496750977284565209e+01
2.261130000000000084e+00	1.531823749113768152e+01
2.267313000000000134e+00	1.574829646112475423e+01
2.273696000000000161e+00	1.687477661393603157e+01
2.280063999999999869e+00	1.773936696880792141e+01
2.286243999999999943e+00	1.852472385752923145e+01
2.292251999999999956e+00	1.978249396247618463e+01
2.298146000000000022e+00	2.053326914823928817e+01
2.303983000000000114e+00	2.177589647650293969e+01
2.309822000000000042e+00	2.214689273776872014e+01
2.315710999999999853e+00	2.241976790919650497e+01
2.321645999999999876e+00	2.241006633875910126e+01
2.327612999999999932e+00	2.273661182375583678e+01
2.333594999999999864e+00	2.231164087101887716e+01
2.339576999999999796e+00	2.148644755366192882e+01
2.345546999999999827e+00	2.113550004601860977e+01
2.351503999999999817e+00	2.103550189208995747e+01
2.357451999999999881e+00	2.010626233801524521e+01
2.363395999999999830e+00	1.997386215644042551e+01
2.369339000000000084e+00	1.880360222649013835e+01
2.375286000000000008e+00	1.783055725119395163e+01
2.381237000000000048e+00	1.806375336723785097e+01
2.387189999999999923e+00	1.831982347791623056e+01
2.393143999999999938e+00	1.810242162691962164e+01
2.399097999999999953e+00	1.849565084997542286e+01
2.405050999999999828e+00	1.886280780020043579e+01
2.411004000000000147e+00	1.912744329333550652e+01
2.416955999999999882e+00	2.003569160331139187e+01
2.422906999999999922e+00	2.053670823088358333e+01
2.428857999999999961e+00	2.136668618765119376e+01
2.434809000000000001e+00	2.207877525645866967e+01
2.440760000000000041e+00	2.232578015837798091e+01
2.446712000000000220e+00	2.260723441716500304e+01
2.452663999999999955e+00	2.322337910657891413e+01
2.458616999999999830e+00	2.277775334440962496e+01
2.464570999999999845e+00	2.249101139959493523e+01
2.470524999999999860e+00	2.343087026074404022e+01
2.476478000000000179e+00	2.307162624382640459e+01
2.482429999999999914e+00	2.346694781085538040e+01
2.488377999999999979e+00	2.448806635142517152e+01
2.494323000000000068e+00	2.623448002739889873e+01
2.500265999999999877e+00	2.844059835325420948e+01
2.506212000000000106e+00	3.041148341147678380e+01
2.512164999999999981e+00	3.309991568157595765e+01
2.518129000000000062e+00	3.496385086012773513e+01
2.524108000000000018e+00	3.679752095762860620e+01
2.530091999999999786e+00	3.806241600717381601e+01
2.536067000000000071e+00	3.873315817795795368e+01
2.542015999999999831e+00	3.839729577553848827e+01
2.547924000000000078e+00	3.775296975471529493e+01
2.553779000000000021e+00	3.738511277835452518e+01
2.559610000000000163e+00	3.561700028555713260e+01
2.565475000000000172e+00	3.419971426840422168e+01
2.571432000000000162e+00	3.183554947805340163e+01
2.577539999999999942e+00	3.009233020762435729e+01
2.583845999999999865e+00	2.911284843206539819e+01
2.590249000000000024e+00	2.842977280212677726e+01
2.596534000000000120e+00	2.791371705898722766e+01
2.602485000000000159e+00	2.932792041801059213e+01
2.607883000000000173e+00	3.094745969033058586e+01
2.612527000000000044e+00	3.356488621821659990e+01
2.616509000000000196e+00	3.673891543276712923e+01
2.620163999999999938e+00	4.006618555077690758e+01
2.623834000000000000e+00	4.333966946683416666e+01
2.627863000000000060e+00	4.532756485166001426e+01
2.632579999999999920e+00	4.562701949309822425e+01
2.638037000000000187e+00	4.327968991992337067e+01
2.644026000000000209e+00	4.090387615394031684e+01
2.650332000000000132e+00	3.680315980477555371e+01
2.656734000000000151e+00	3.331496134695368738e+01
2.663022999999999918e+00	2.992163143510282808e+01
2.669115000000000126e+00	2.703276130315373749e+01
2.675060999999999911e+00	2.488800250528787217e+01
2.680919999999999970e+00	2.401416296073961831e+01
2.686751000000000111e+00	2.254794236301631472e+01
2.692610999999999866e+00	2.270623781429584653e+01
2.698523999999999923e+00	2.285680676330393624e+01
2.704476000000000102e+00	2.274713889148555879e+01
2.710452000000000083e+00	2.248019074795990591e+01
2.716435999999999851e+00	2.043862521306686730e+01
2.722412999999999972e+00	1.810402163426547517e+01
2.728375999999999912e+00	1.374839522374112555e+01
2.734328000000000092e+00	9.213025201102134076e+00
2.740273999999999877e+00	4.214254102832710736e+00
2.746217000000000130e+00	1.665109555922393847e-01
2.752162000000000219e+00	-2.487420121922279570e+00
2.758110999999999979e+00	-4.236462781767196262e+00
2.764063000000000159e+00	-3.980420362437205206e+00
2.770016000000000034e+00	-3.410195469381946509e+00
2.775971000000000188e+00	-2.597349113046306002e+00
2.781924000000000063e+00	-1.490455471491525241e+00
2.787876999999999938e+00	-7.563032471771065079e-01
2.793829000000000118e+00	-7.513836288425491672e-01
2.799780999999999853e+00	-4.212847164140985368e-01
2.805731999999999893e+00	8.162349946079923146e-01
2.811682999999999932e+00	2.334797824377646158e+00
2.817635000000000112e+00	3.889643597387348439e+00
2.823586999999999847e+00	6.874161506699350888e+00
2.829539000000000026e+00	8.917566872782728638e+00
2.835491000000000206e+00	1.199911050050349459e+01
2.841442999999999941e+00	1.363807767447919339e+01
2.847395000000000120e+00	1.536410210090215145e+01
2.853346999999999856e+00	1.701981232189090321e+01
2.859299000000000035e+00	1.700637292582721471e+01
2.865251000000000214e+00	1.714788762765276431e+01
2.871201999999999810e+00	1.765648386382849822e+01
2.877153999999999989e+00	1.771491340393954061e+01
2.883106000000000169e+00	1.732047694936747106e+01
2.889057999999999904e+00	1.619169463693015132e+01
2.895010000000000083e+00	1.518369958945199727e+01
2.900961999999999819e+00	1.446423535506668756e+01
2.906913999999999998e+00	1.330098886908805689e+01
2.912866000000000177e+00	1.082315498010131094e+01
2.918817999999999913e+00	8.761384383955030941e+00
2.924770000000000092e+00	6.074643593817918408e+00
2.930721000000000132e+00	4.738013982379621680e+00
2.936672999999999867e+00	3.415252544210019003e+00
2.942625000000000046e+00	1.812126517816826876e+00
2.948576999999999781e+00	1.633991725606841250e+00
2.954528999999999961e+00	5.866831222603019480e-01
2.960481000000000140e+00	1.284938377505843388e+00
2.966432999999999875e+00	1.443277309992340385e+00
2.972385000000000055e+00	2.415990543752777331e+00
2.978336999999999790e+00	3.785369354474952264e+00
2.984288999999999970e+00	5.647466229397593018e+00
2.990240000000000009e+00	8.876886926463349425e+00
2.996192000000000188e+00	1.205163361305349490e+01
3.002143999999999924e+00	1.607845181443013871e+01
3.008096000000000103e+00	2.049276017993803833e+01
3.014047999999999838e+00	2.576672698523724847e+01
3.020000000000000018e+00	3.233983685117671314e+01
