1.199999999999999956e-01	-1.942901846716932113e+00
1.249780000000000058e-01	-1.674435561576124609e+00
1.305999999999999939e-01	-1.426051543968093638e+00
1.367059999999999942e-01	-9.913921989665168688e-01
1.431360000000000132e-01	-3.034571705460481494e-01
1.497320000000000040e-01	9.313038898921965902e-02
1.563350000000000017e-01	6.761977993135229736e-01
1.627850000000000130e-01	1.301813995474108587e+00
1.689219999999999888e-01	1.451416202840102754e+00
1.745889999999999942e-01	1.734465522957989947e+00
1.796250000000000069e-01	1.906282128052940505e+00
1.839349999999999874e-01	1.612721648595066837e+00
1.877439999999999942e-01	1.669677214783144459e+00
1.913779999999999926e-01	1.363317011227127340e+00
1.951660000000000061e-01	1.097710583555283836e+00
1.994340000000000002e-01	7.794764598282510892e-01
2.044499999999999929e-01	6.850476191555566752e-01
2.101250000000000062e-01	5.405788157011168771e-01
2.162479999999999958e-01	6.325714017123100774e-01
2.226049999999999973e-01	5.851139869228864088e-01
2.289819999999999911e-01	3.154599423644141587e-01
2.351930000000000132e-01	3.632811925698015698e-01
2.412249999999999950e-01	4.577711508905497884e-02
2.471349999999999936e-01	-4.506426504403680117e-02
2.529799999999999827e-01	-3.749822653176945741e-02
2.588170000000000193e-01	-8.994199972780225760e-03
2.646970000000000156e-01	2.808091521059179474e-01
2.706259999999999777e-01	6.095901501069187489e-01
2.765880000000000005e-01	1.105050244821216499e+00
2.825679999999999858e-01	1.621767390138024290e+00
2.885510000000000019e-01	2.078955460419092738e+00
2.945229999999999793e-01	2.231162488504120134e+00
3.004809999999999981e-01	2.234305643147436182e+00
3.064310000000000089e-01	2.168588570527010706e+00
3.123750000000000138e-01	1.859841329418187916e+00
3.183190000000000186e-01	1.568332873702354302e+00
3.242650000000000254e-01	1.050480356880905797e+00
3.302149999999999808e-01	3.723477095757332100e-01
3.361680000000000224e-01	-5.132032302725136885e-02
3.421210000000000084e-01	-4.424089587205614071e-01
3.480759999999999965e-01	-9.456880045674489477e-01
3.540289999999999826e-01	-9.086942724554056827e-01
3.599809999999999954e-01	-9.350722154937485264e-01
3.659330000000000083e-01	-4.380839307875666888e-01
3.718839999999999923e-01	-2.216850322439634924e-01
3.778360000000000052e-01	1.734643548730682716e-01
3.837869999999999893e-01	1.069944973505200014e+00
3.897390000000000021e-01	1.193865462545522504e+00
3.956910000000000149e-01	1.567028206718945382e+00
4.016429999999999723e-01	1.872595240522373139e+00
4.075949999999999851e-01	2.066485706613786277e+00
4.135469999999999979e-01	2.022635780182639564e+00
4.194979999999999820e-01	1.304140362652314922e+00
4.254499999999999948e-01	1.067114501023514128e+00
4.314009999999999789e-01	6.452038464174488785e-01
4.373540000000000205e-01	4.771161370274294988e-01
4.433079999999999798e-01	3.392919079742684474e-01
4.492619999999999947e-01	1.657117972895305602e-01
4.552160000000000095e-01	5.253247651860879497e-01
4.611680000000000224e-01	6.409851091324842987e-01
4.671170000000000044e-01	9.896469478748064486e-01
4.730619999999999825e-01	1.053065189317203387e+00
4.790059999999999873e-01	1.352080066036413397e+00
4.849510000000000209e-01	1.233509203984678670e+00
4.909020000000000050e-01	1.165192368760828101e+00
4.968629999999999991e-01	1.126893270787532320e+00
5.028390000000000359e-01	1.247997114638926819e+00
5.088230000000000253e-01	1.581546306131718094e+00
5.148009999999999531e-01	1.775548593603802461e+00
5.207570000000000254e-01	1.840095730590851852e+00
5.266750000000000043e-01	1.990533667123380646e+00
5.325410000000000421e-01	1.726506999450424962e+00
5.383719999999999617e-01	1.548635585594342556e+00
5.442249999999999588e-01	1.214844280922679376e+00
5.501580000000000359e-01	8.702066846937408506e-01
5.562289999999999734e-01	7.962440956879903720e-01
5.624930000000000208e-01	4.616226397013851734e-01
5.688929999999999820e-01	6.621520378579818233e-01
5.752220000000000111e-01	1.005273539856338827e+00
5.812610000000000277e-01	1.165903883333172741e+00
5.867949999999999555e-01	1.384502894283828667e+00
5.916080000000000227e-01	1.860682902804639438e+00
5.957040000000000113e-01	2.023685988831403382e+00
5.993990000000000151e-01	1.964670053274649941e+00
6.030370000000000452e-01	1.679651938899428210e+00
6.069609999999999728e-01	1.804564132879435068e+00
6.115110000000000268e-01	1.438838583901964174e+00
6.168270000000000142e-01	1.449828139969291829e+00
6.227219999999999978e-01	1.491348822201123303e+00
6.289789999999999548e-01	1.784767846163249905e+00
6.353790000000000271e-01	1.816546953861872815e+00
6.417070000000000274e-01	1.720983780153236387e+00
6.478369999999999962e-01	1.778476383209185885e+00
6.538089999999999735e-01	1.679220158847804623e+00
6.596819999999999906e-01	1.682839515310560641e+00
6.655140000000000500e-01	1.769788815425560102e+00
6.713630000000000431e-01	1.628136832566957626e+00
6.772660000000000347e-01	1.669271021092994411e+00
6.832110000000000127e-01	1.735950088980503736e+00
6.891829999999999901e-01	1.809921313544039512e+00
6.951669999999999794e-01	1.784849115442456835e+00
7.011469999999999647e-01	1.582740988938244664e+00
7.071119999999999628e-01	1.743198352192906198e+00
7.130670000000000064e-01	1.715147660039149091e+00
7.190130000000000132e-01	1.625473294158902515e+00
7.249569999999999625e-01	1.700206678326298793e+00
7.309010000000000229e-01	1.484291972961639727e+00
7.368489999999999762e-01	1.495893709998487253e+00
7.428000000000000158e-01	1.517436916253409152e+00
7.487530000000000019e-01	1.281097780525151109e+00
7.547080000000000455e-01	1.334974241540710871e+00
7.606619999999999493e-01	1.611888163549215047e+00
7.666140000000000176e-01	1.800090506615858343e+00
7.725670000000000037e-01	1.988168530346663632e+00
7.785180000000000433e-01	2.339550724622137423e+00
7.844689999999999719e-01	2.869146814794318434e+00
7.904210000000000402e-01	2.810784875193383048e+00
7.963729999999999976e-01	3.333019243859711267e+00
8.023249999999999549e-01	3.335554445924717282e+00
8.082770000000000232e-01	3.055910522883387603e+00
8.142289999999999806e-01	3.181535949215083203e+00
8.201800000000000201e-01	2.932785131324904704e+00
8.261319999999999775e-01	2.502285777951475332e+00
8.320830000000000171e-01	1.901736313062168726e+00
8.380349999999999744e-01	1.447083400172693990e+00
8.439870000000000427e-01	1.027375058466525992e+00
8.499400000000000288e-01	1.095485220211101396e+00
8.558940000000000436e-01	1.353735756583692496e+00
8.618479999999999475e-01	1.742306183709019463e+00
8.678010000000000446e-01	2.532002803319416184e+00
8.737519999999999731e-01	2.989778740443889582e+00
8.797000000000000375e-01	3.876765766440612992e+00
8.856439999999999868e-01	4.338823611269055469e+00
8.915870000000000184e-01	4.629048358296816268e+00
8.975349999999999717e-01	4.756271055096863876e+00
9.034900000000000153e-01	4.766633850648273274e+00
9.094569999999999599e-01	4.674657607960796213e+00
9.154379999999999740e-01	4.274740320528153781e+00
9.214210000000000456e-01	4.070020931078846438e+00
9.273909999999999654e-01	3.728351062009850558e+00
9.333329999999999682e-01	3.380285489771548857e+00
9.392300000000000093e-01	3.109440068615544561e+00
9.450749999999999984e-01	3.162094409100230319e+00
9.509090000000000042e-01	3.113117671817490884e+00
9.567890000000000006e-01	3.084387800184564377e+00
9.627750000000000474e-01	3.368317894139466251e+00
9.689229999999999787e-01	3.662268435656402144e+00
9.752680000000000238e-01	3.550277839799498292e+00
9.816639999999999810e-01	3.754966507721783753e+00
9.878930000000000211e-01	3.902603456329373444e+00
9.937399999999999567e-01	4.362757051592313751e+00
9.989850000000000119e-01	4.640666279091946400e+00
1.003457999999999961e+00	4.771507372135497249e+00
1.007338000000000067e+00	5.354933004608733782e+00
1.010966000000000031e+00	5.833622507480438202e+00
1.014685999999999977e+00	6.158706160940466745e+00
1.018841000000000108e+00	6.277137157510085608e+00
1.023735000000000062e+00	6.290910782597399553e+00
1.029328999999999938e+00	6.437042048446730114e+00
1.035408000000000106e+00	5.887904912535932844e+00
1.041754000000000069e+00	5.915757797780414329e+00
1.048148999999999997e+00	5.468935466124885458e+00
1.054391999999999996e+00	5.081541053329496016e+00
1.060446000000000000e+00	4.549029706153614683e+00
1.066368999999999900e+00	4.378159923679729282e+00
1.072216999999999976e+00	4.222865613436853849e+00
1.078049000000000035e+00	4.117024595079777249e+00
1.083920999999999912e+00	4.290768026615527475e+00
1.089842999999999895e+00	4.417464700913218856e+00
1.095801999999999943e+00	4.362647591436824790e+00
1.101780999999999899e+00	4.892936635748896812e+00
1.107765000000000111e+00	5.195702319848240158e+00
1.113739999999999952e+00	5.524496610666778551e+00
1.119699999999999918e+00	5.590229638096596787e+00
1.125650000000000039e+00	5.954698229580149160e+00
1.131594999999999906e+00	6.036915440365218544e+00
1.137537999999999938e+00	6.083813676882856569e+00
1.143483999999999945e+00	5.947719367918677946e+00
1.149432999999999927e+00	5.927473025214395008e+00
1.155386000000000024e+00	5.909646795213444825e+00
1.161338999999999899e+00	6.031487196386267513e+00
1.167294000000000054e+00	6.186926580024612043e+00
1.173246999999999929e+00	6.213466726760899839e+00
1.179200000000000026e+00	6.753426177151588661e+00
1.185151999999999983e+00	7.029753273474981690e+00
1.191103000000000023e+00	7.466608977891199039e+00
1.197054000000000062e+00	7.802968423063229686e+00
1.203006000000000020e+00	8.257627392973066804e+00
1.208957999999999977e+00	8.267049993923000883e+00
1.214909999999999934e+00	8.089700462215253296e+00
1.220861999999999892e+00	7.909541130021853661e+00
1.226814000000000071e+00	7.813261253051022592e+00
1.232765000000000111e+00	7.851162644876612084e+00
1.238717000000000068e+00	7.494675797444098286e+00
1.244668000000000108e+00	7.623144344082870560e+00
1.250620000000000065e+00	7.643770997713458470e+00
1.256572000000000022e+00	7.695165744410464193e+00
1.262526000000000037e+00	8.121612388871206178e+00
1.268480000000000052e+00	8.397864315725334095e+00
1.274434000000000067e+00	8.532510994635183366e+00
1.280386000000000024e+00	8.752778949764531191e+00
1.286335999999999924e+00	9.180391090716881308e+00
1.292281999999999931e+00	8.667685726994365680e+00
1.298224999999999962e+00	8.206405475177282582e+00
1.304170000000000051e+00	7.426398137807924016e+00
1.310119999999999951e+00	6.658595781759895971e+00
1.316079999999999917e+00	6.079023847268564928e+00
1.322052999999999923e+00	6.030916285641609420e+00
1.328036999999999912e+00	5.905290219695006115e+00
1.334017000000000008e+00	6.527326643697401565e+00
1.339976000000000056e+00	7.123628604773352357e+00
1.345900000000000096e+00	7.899529543706593770e+00
1.351774000000000031e+00	8.859757211183094228e+00
1.357607000000000008e+00	9.331464434302969124e+00
1.363453000000000026e+00	9.791702580920064847e+00
1.369372000000000034e+00	1.041902028585551321e+01
1.375421999999999922e+00	1.112496529006586776e+01
1.381658999999999970e+00	1.205698992053076424e+01
1.388052000000000064e+00	1.285931490789524467e+01
1.394403000000000059e+00	1.423642954138082040e+01
1.400492999999999988e+00	1.520137988158812270e+01
1.406104999999999938e+00	1.649348995199111201e+01
1.411021999999999998e+00	1.728129299421699727e+01
1.415195999999999898e+00	1.780260506648916063e+01
1.418924000000000074e+00	1.790963239379898653e+01
1.422549999999999981e+00	1.824498658261225259e+01
1.426417000000000046e+00	1.812334360388303978e+01
1.430868000000000029e+00	1.774804192347342280e+01
1.436091000000000006e+00	1.737339216870930159e+01
1.441923000000000066e+00	1.657756486465891754e+01
1.448144000000000098e+00	1.575583717775947434e+01
1.454538000000000109e+00	1.515929636026041649e+01
1.460887000000000047e+00	1.434439297762736487e+01
1.467041999999999957e+00	1.357468074482020270e+01
1.473030999999999979e+00	1.266974103963807252e+01
1.478914000000000062e+00	1.172367209660657927e+01
1.484749000000000096e+00	1.096785293267575589e+01
1.490591999999999917e+00	1.052931699631214180e+01
1.496488000000000040e+00	9.761480876599149425e+00
1.502428000000000097e+00	8.810540485066919558e+00
1.508397999999999906e+00	8.400077897209312638e+00
1.514380999999999977e+00	7.756691972480180830e+00
1.520361999999999991e+00	7.620776058239839834e+00
1.526329999999999965e+00	7.360854317842670191e+00
1.532284999999999897e+00	7.443757698265050848e+00
1.538232999999999961e+00	7.646910802458732448e+00
1.544175999999999993e+00	7.537936600950612132e+00
1.550119999999999942e+00	7.650433096832006008e+00
1.556068000000000007e+00	7.743115022552049531e+00
1.562019000000000046e+00	7.327184446125007966e+00
1.567971999999999921e+00	7.588781140725330054e+00
1.573925999999999936e+00	7.462886675062123665e+00
1.579879999999999951e+00	7.764364448675460828e+00
1.585833000000000048e+00	7.925650083753460251e+00
1.591785000000000005e+00	8.067755208314656201e+00
1.597736999999999963e+00	8.418464374624717195e+00
1.603688000000000002e+00	8.487017973722750241e+00
1.609639000000000042e+00	8.806795789328759838e+00
1.615590999999999999e+00	8.951960349876612710e+00
1.621542999999999957e+00	9.130518840635005517e+00
1.627494999999999914e+00	9.033786058726763102e+00
1.633447000000000093e+00	9.116297791180365095e+00
1.639399000000000051e+00	8.740136121500544419e+00
1.645350000000000090e+00	8.552588943525163856e+00
1.651302000000000048e+00	8.325642011809158305e+00
1.657253000000000087e+00	8.102572608233504781e+00
1.663205000000000044e+00	7.984088591869719309e+00
1.669157999999999920e+00	7.784025872577355898e+00
1.675111999999999934e+00	8.045742689806614223e+00
1.681065999999999949e+00	8.404929870272924930e+00
1.687019000000000046e+00	8.821501993870212388e+00
1.692971000000000004e+00	9.257322883858638107e+00
1.698919000000000068e+00	9.541392116149131297e+00
1.704863000000000017e+00	9.725215728482599076e+00
1.710806999999999967e+00	9.524803663840126333e+00
1.716752999999999973e+00	9.426259101122111517e+00
1.722706999999999988e+00	9.507886177194382782e+00
1.728671999999999986e+00	9.165379820402872468e+00
1.734652000000000083e+00	8.729874609490849480e+00
1.740636000000000072e+00	8.573224882897184429e+00
1.746609000000000078e+00	8.448067943149444758e+00
1.752555000000000085e+00	8.457003839604123385e+00
1.758458000000000077e+00	8.508523955776608361e+00
1.764308999999999905e+00	8.592813449310048313e+00
1.770140999999999964e+00	8.788257822372235850e+00
1.776011999999999924e+00	8.956340656782302290e+00
1.781979999999999897e+00	9.372819119817078715e+00
1.788105000000000055e+00	9.498898503540802452e+00
1.794426999999999994e+00	9.867021119984407562e+00
1.800829000000000013e+00	1.033511705981607243e+01
1.807091999999999921e+00	1.056812621438749922e+01
1.813002000000000002e+00	1.081439690010057042e+01
1.818338000000000010e+00	1.085820626941804079e+01
1.822912000000000088e+00	1.074346552331112470e+01
1.826850000000000085e+00	1.021577468250571918e+01
1.830492000000000008e+00	1.016315728079929848e+01
1.834179999999999922e+00	9.697873684457404053e+00
1.838259000000000087e+00	9.634479881062908646e+00
1.843048000000000020e+00	9.729246660780523470e+00
1.848562000000000038e+00	1.000832716983154747e+01
1.854589999999999961e+00	1.068599429036059512e+01
1.860913000000000039e+00	1.146146366529879934e+01
1.867313999999999918e+00	1.182617517531395812e+01
1.873583999999999916e+00	1.236090023561920148e+01
1.879660000000000108e+00	1.271792521802604092e+01
1.885596000000000050e+00	1.290684099041257227e+01
1.891450999999999993e+00	1.317994736611861661e+01
1.897281999999999913e+00	1.304901929243658287e+01
1.903146999999999922e+00	1.313302437464269268e+01
1.909062999999999954e+00	1.337162996299835171e+01
1.915018000000000109e+00	1.342222047628130355e+01
1.920995999999999926e+00	1.357302345396129795e+01
1.926979999999999915e+00	1.361551688967380258e+01
1.932955999999999896e+00	1.370727197492088933e+01
1.938917999999999919e+00	1.386419561643396925e+01
1.944868999999999959e+00	1.362512781606436540e+01
1.950814000000000048e+00	1.358423827431558628e+01
1.956757999999999997e+00	1.328480190861702859e+01
1.962703000000000086e+00	1.281164582224380943e+01
1.968652000000000069e+00	1.248372032600019210e+01
1.974604000000000026e+00	1.210838346660258580e+01
1.980558000000000041e+00	1.198782649683624513e+01
1.986512000000000056e+00	1.153111601460401658e+01
1.992466000000000070e+00	1.135669073698344889e+01
1.998418000000000028e+00	1.175668630425457017e+01
2.004370000000000207e+00	1.226346591155779464e+01
2.010321999999999942e+00	1.309508039127536705e+01
2.016272999999999982e+00	1.376113442495836736e+01
2.022224000000000022e+00	1.463928918391188461e+01
2.028176000000000201e+00	1.583339801307242567e+01
2.034127999999999936e+00	1.701721390776258858e+01
2.040080000000000116e+00	1.796146391134686127e+01
2.046031999999999851e+00	1.900733728295547209e+01
2.051984000000000030e+00	1.967799340749907699e+01
2.057935000000000070e+00	2.046886969351441010e+01
2.063886999999999805e+00	2.080626382797907681e+01
2.069837999999999845e+00	2.058150530912967824e+01
2.075791000000000164e+00	2.054426022308902589e+01
2.081744000000000039e+00	1.988466605431535328e+01
2.087698000000000054e+00	1.931119437796279925e+01
2.093652000000000069e+00	1.846659148783436422e+01
2.099604999999999944e+00	1.715858360718516451e+01
2.105554999999999843e+00	1.623666488898610183e+01
2.111501000000000072e+00	1.546659634209187395e+01
2.117445000000000022e+00	1.467795292804116336e+01
2.123388999999999971e+00	1.428752516091146241e+01
2.129338000000000175e+00	1.366482912110057235e+01
2.135295999999999861e+00	1.359959566133579045e+01
2.141268000000000171e+00	1.381568149142311164e+01
2.147250999999999799e+00	1.365652503011682484e+01
2.153232000000000035e+00	1.405390838468685111e+01
2.159196000000000115e+00	1.445128264483765257e+01
2.165125000000000188e+00	1.495986911624935090e+01
2.171006000000000213e+00	1.534198352892946104e+01
2.176841000000000026e+00	1.567165431583782897e+01
2.182682999999999929e+00	1.646291938616788286e+01
2.188588999999999896e+00	1.662810708979961305e+01
2.194618000000000180e+00	1.678318202955693295e+01
2.200828000000000007e+00	1.706784053827376368e+01
2.207209999999999894e+00	1.700026468517015488e+01
2.213579000000000185e+00	1.686739025955619908e+01
2.219714999999999883e+00	1.641402725643064286e+01
2.225403000000000020e+00	1.614660124338282188e+01
2.230423000000000044e+00	1.602846481150727698e+01
2.234681000000000139e+00	1.589246125280235944e+01
2.238447999999999993e+00	1.607577128971745140e+01
2.242068000000000172e+00	1.610761486406162035e+01
2.245884000000000214e+00	1.642783956968197856e+01
2.250237999999999960e+00	1.655572704642064963e+01
2.255365999999999982e+00	1.709071162115786180e+01
2.261130000000000084e+00	1.734405360065001744e+01
2.267313000000000134e+00	1.804494815844788391e+01
2.273696000000000161e+00	1.845195212321350553e+01
2.280063999999999869e+00	1.946395594294775222e+01
2.286243999999999943e+00	1.993830182394540529e+01
2.292251999999999956e+00	2.112018608732867264e+01
2.298146000000000022e+00	2.209904936658816865e+01
2.303983000000000114e+00	2.261203158080821041e+01
2.309822000000000042e+00	2.307159249052399019e+01
2.315710999999999853e+00	2.256254174876928076e+01
2.321645999999999876e+00	2.209276514678440151e+01
2.327612999999999932e+00	2.125854677784517577e+01
2.333594999999999864e+00	2.017962070769203820e+01
2.339576999999999796e+00	1.890877410793419244e+01
2.345546999999999827e+00	1.803354923595894732e+01
2.351503999999999817e+00	1.737073921149422873e+01
2.357451999999999881e+00	1.691578468841996852e+01
2.363395999999999830e+00	1.693655955073809949e+01
2.369339000000000084e+00	1.695003742212360720e+01
2.375286000000000008e+00	1.758969340914361368e+01
2.381237000000000048e+00	1.867880278142669681e+01
2.387189999999999923e+00	1.951760905649925704e+01
2.393143999999999938e+00	2.066349561559464476e+01
2.399097999999999953e+00	2.212293074559494954e+01
2.405050999999999828e+00	2.358073246459180083e+01
2.411004000000000147e+00	2.466320338528985445e+01
2.416955999999999882e+00	2.601677427363896555e+01
2.422906999999999922e+00	2.694654304813146695e+01
2.428857999999999961e+00	2.764456561444916716e+01
2.434809000000000001e+00	2.777722918948699515e+01
2.440760000000000041e+00	2.784265010353432146e+01
2.446712000000000220e+00	2.747616994938678303e+01
2.452663999999999955e+00	2.674428638869389374e+01
2.458616999999999830e+00	2.585881887613252772e+01
2.464570999999999845e+00	2.504022494884030081e+01
2.470524999999999860e+00	2.359493571584421190e+01
2.476478000000000179e+00	2.266565262707672446e+01
2.482429999999999914e+00	2.178203938695305908e+01
2.488377999999999979e+00	2.138092573073226532e+01
2.494323000000000068e+00	2.106841740852701150e+01
2.500265999999999877e+00	2.124469473201737557e+01
2.506212000000000106e+00	2.187107596173411395e+01
2.512164999999999981e+00	2.260478196254420880e+01
2.518129000000000062e+00	2.411460702365292974e+01
2.524108000000000018e+00	2.573721785945903662e+01
2.530091999999999786e+00	2.721439429999115234e+01
2.536067000000000071e+00	2.874841384404685485e+01
2.542015999999999831e+00	2.968453385885220897e+01
2.547924000000000078e+00	2.999929788464235969e+01
2.553779000000000021e+00	2.961424242834467790e+01
2.559610000000000163e+00	2.802617364818587475e+01
2.565475000000000172e+00	2.616108131062799558e+01
2.571432000000000162e+00	2.431486318797271906e+01
2.577539999999999942e+00	2.269056486716189980e+01
2.583845999999999865e+00	2.145495485790410939e+01
2.590249000000000024e+00	2.075150416003016574e+01
2.596534000000000120e+00	2.167968324398008662e+01
2.602485000000000159e+00	2.338072243107000503e+01
2.607883000000000173e+00	2.622259979137681540e+01
2.612527000000000044e+00	3.066889690334541996e+01
2.616509000000000196e+00	3.625334309289046786e+01
2.620163999999999938e+00	4.196038025827029116e+01
2.623834000000000000e+00	4.709029041204342292e+01
2.627863000000000060e+00	5.094409859616452252e+01
2.632579999999999920e+00	5.242909065988403228e+01
2.638037000000000187e+00	5.189217264076217617e+01
2.644026000000000209e+00	4.978447291727028556e+01
2.650332000000000132e+00	4.639064992272062682e+01
2.656734000000000151e+00	4.238435614634445869e+01
2.663022999999999918e+00	3.849545219386038042e+01
2.669115000000000126e+00	3.486069957259773844e+01
2.675060999999999911e+00	3.171830857008767879e+01
2.680919999999999970e+00	2.919076287917978973e+01
2.686751000000000111e+00	2.726830641337471661e+01
2.692610999999999866e+00	2.572757822135179140e+01
2.698523999999999923e+00	2.531314704997395992e+01
2.704476000000000102e+00	2.475571105868839439e+01
2.710452000000000083e+00	2.441945844599789339e+01
2.716435999999999851e+00	2.343396129947102224e+01
2.722412999999999972e+00	2.178345559556992583e+01
2.728375999999999912e+00	1.894524485610417486e+01
2.734328000000000092e+00	1.591328695931466619e+01
2.740273999999999877e+00	1.225671673767605796e+01
2.746217000000000130e+00	8.626420817764120841e+00
2.752162000000000219e+00	5.307090264892830866e+00
2.758110999999999979e+00	2.162913154664463100e+00
2.764063000000000159e+00	-4.160294795067041029e-01
2.770016000000000034e+00	-3.173331956234342943e+00
2.775971000000000188e+00	-5.536178075926712516e+00
2.781924000000000063e+00	-8.012939421185246047e+00
2.787876999999999938e+00	-1.047056031414856392e+01
2.793829000000000118e+00	-1.255081641210393606e+01
2.799780999999999853e+00	-1.366822896259045450e+01
2.805731999999999893e+00	-1.341600071818061402e+01
2.811682999999999932e+00	-1.183870882363881805e+01
2.817635000000000112e+00	-8.465736805526068665e+00
2.823586999999999847e+00	-4.365764570201624117e+00
2.829539000000000026e+00	-5.146976737693047532e-01
2.835491000000000206e+00	2.258736398674602963e+00
2.841442999999999941e+00	2.719059155142673934e+00
2.847395000000000120e+00	7.834241833866050220e-01
2.853346999999999856e+00	-2.713342705894219886e+00
2.859299000000000035e+00	-6.280336560974584259e+00
2.865251000000000214e+00	-8.945785855760913563e+00
2.871201999999999810e+00	-9.300874574153452201e+00
2.877153999999999989e+00	-6.906227184136303876e+00
2.883106000000000169e+00	-2.494627137187412913e+00
2.889057999999999904e+00	2.689489695815017178e+00
2.895010000000000083e+00	7.938224495872677977e+00
2.900961999999999819e+00	1.236593823623186061e+01
2.906913999999999998e+00	1.463846191559227350e+01
2.912866000000000177e+00	1.587915422402654109e+01
2.918817999999999913e+00	1.549622757525115979e+01
2.924770000000000092e+00	1.466975499699229957e+01
2.930721000000000132e+00	1.292252225487500183e+01
2.936672999999999867e+00	1.113072428925245916e+01
2.942625000000000046e+00	9.471874542732157565e+00
2.948576999999999781e+00	7.221729769013884415e+00
2.954528999999999961e+00	5.196240636462406748e+00
2.960481000000000140e+00	3.216705530970547233e+00
2.966432999999999875e+00	1.102885002813660975e+00
2.972385000000000055e+00	-5.817846097108765324e-01
2.978336999999999790e+00	-1.992469150666098976e+00
2.984288999999999970e+00	-2.994670432433065077e+00
2.990240000000000009e+00	-3.252389708367841692e+00
2.996192000000000188e+00	-2.958417197426296497e+00
3.002143999999999924e+00	-1.963635028715533304e+00
3.008096000000000103e+00	-3.885040128889551969e-01
3.014047999999999838e+00	2.629360636570794441e+00
3.020000000000000018e+00	6.403204311189166553e+00
