1.199999999999999956e-01	1.025998094971094288e+00
1.249780000000000058e-01	8.277970908510170478e-01
1.305999999999999939e-01	8.683943042613658791e-01
1.367059999999999942e-01	8.581362133389347502e-01
1.431360000000000132e-01	1.554230302997165136e+00
1.497320000000000040e-01	1.887662442346820235e+00
1.563350000000000017e-01	1.881569346106990448e+00
1.627850000000000130e-01	1.815894342638225023e+00
1.689219999999999888e-01	1.944632164795561557e+00
1.745889999999999942e-01	2.533775515207595586e+00
1.796250000000000069e-01	1.560182220954769772e+00
1.839349999999999874e-01	2.221091281395659589e+00
1.877439999999999942e-01	1.326775827467597590e+00
1.913779999999999926e-01	1.130324901506365443e+00
1.951660000000000061e-01	5.670341952246440442e-01
1.994340000000000002e-01	1.410657083276846357e+00
2.044499999999999929e-01	-2.507482614490604833e-01
2.101250000000000062e-01	3.015088693338892623e-01
2.162479999999999958e-01	8.599599339096002382e-01
2.226049999999999973e-01	7.216617423432269973e-01
2.289819999999999911e-01	6.307268511520243148e-01
2.351930000000000132e-01	-1.023719149008944784e-02
2.412249999999999950e-01	1.412965297601933123e+00
2.471349999999999936e-01	1.471225236646831913e+00
2.529799999999999827e-01	1.952508104322266069e+00
2.588170000000000193e-01	1.624084843290675817e+00
2.646970000000000156e-01	1.943196147765425597e+00
2.706259999999999777e-01	1.674743726248362652e+00
2.765880000000000005e-01	1.748413704657425072e+00
2.825679999999999858e-01	2.285950494574820357e+00
2.885510000000000019e-01	1.614360066899244384e+00
2.945229999999999793e-01	2.025086943862052458e+00
3.004809999999999981e-01	2.765833625573055343e+00
3.064310000000000089e-01	1.727655747907069328e+00
3.123750000000000138e-01	1.170517110827395291e+00
3.183190000000000186e-01	1.239020242509209169e+00
3.242650000000000254e-01	6.095522856839796777e-01
3.302149999999999808e-01	9.386116874234425866e-01
3.361680000000000224e-01	-3.909924533628507115e-01
3.421210000000000084e-01	4.908872086878245944e-01
3.480759999999999965e-01	-7.349513218244835278e-02
3.540289999999999826e-01	8.712328677271480304e-02
3.599809999999999954e-01	1.015732982435915810e+00
3.659330000000000083e-01	1.651526687758106515e+00
3.718839999999999923e-01	2.702947799260619899e+00
3.778360000000000052e-01	3.293082278222794201e+00
3.837869999999999893e-01	3.295042028977665183e+00
3.897390000000000021e-01	3.508843412917407978e+00
3.956910000000000149e-01	3.264115850815540121e+00
4.016429999999999723e-01	2.805265084569780409e+00
4.075949999999999851e-01	2.646217994149646202e+00
4.135469999999999979e-01	1.872154882561191780e+00
4.194979999999999820e-01	2.301213959285510313e+00
4.254499999999999948e-01	2.008419196966043874e+00
4.314009999999999789e-01	1.542444003698666855e+00
4.373540000000000205e-01	2.031656426793323700e+00
4.433079999999999798e-01	1.214664389014870949e+00
4.492619999999999947e-01	1.530332695691232869e+00
4.552160000000000095e-01	1.378639792386883389e+00
4.611680000000000224e-01	1.672651842398556798e+00
4.671170000000000044e-01	1.907611388217681725e+00
4.730619999999999825e-01	2.078126416976384228e+00
4.790059999999999873e-01	1.730228117698179746e+00
4.849510000000000209e-01	1.587821559921594128e+00
4.909020000000000050e-01	1.614783563949445222e+00
4.968629999999999991e-01	1.621381230421993003e+00
5.028390000000000359e-01	1.576726162761741490e+00
5.088230000000000253e-01	1.821725630307229338e+00
5.148009999999999531e-01	1.871041475132087628e+00
5.207570000000000254e-01	2.571826480065146914e+00
5.266750000000000043e-01	2.219559367968150010e+00
5.325410000000000421e-01	2.313579330039458259e+00
5.383719999999999617e-01	2.312520121965997433e+00
5.442249999999999588e-01	1.827237452277571395e+00
5.501580000000000359e-01	1.472848586006060945e+00
5.562289999999999734e-01	1.423816826452577899e+00
5.624930000000000208e-01	1.305848743230948905e+00
5.688929999999999820e-01	1.010894973312953971e+00
5.752220000000000111e-01	1.705266272689826224e+00
5.812610000000000277e-01	2.213529551737065226e+00
5.867949999999999555e-01	1.425164528748271042e+00
5.916080000000000227e-01	2.192978304147020108e+00
5.957040000000000113e-01	1.826392637158372967e+00
5.993990000000000151e-01	2.259972101334909667e+00
6.030370000000000452e-01	2.365010760406279999e+00
6.069609999999999728e-01	2.411079287489466427e+00
6.115110000000000268e-01	2.104647042218416253e+00
6.168270000000000142e-01	2.648240536889003405e+00
6.227219999999999978e-01	3.264659356816959068e+00
6.289789999999999548e-01	3.366059682765446315e+00
6.353790000000000271e-01	3.792232584570402576e+00
6.417070000000000274e-01	4.495163837259759099e+00
6.478369999999999962e-01	4.025992417579339566e+00
6.538089999999999735e-01	4.051294824086905777e+00
6.596819999999999906e-01	4.038646311546010281e+00
6.655140000000000500e-01	3.617741524799847230e+00
6.713630000000000431e-01	3.648949815848192113e+00
6.772660000000000347e-01	3.003868068719326434e+00
6.832110000000000127e-01	3.415587773452875453e+00
6.891829999999999901e-01	2.771895866725805124e+00
6.951669999999999794e-01	2.172017599044311797e+00
7.011469999999999647e-01	2.428094322611084710e+00
7.071119999999999628e-01	1.879776740026994908e+00
7.130670000000000064e-01	1.252977656913792703e+00
7.190130000000000132e-01	2.090438983889664204e+00
7.249569999999999625e-01	2.192701986256345048e+00
7.309010000000000229e-01	2.356985236133100070e+00
7.368489999999999762e-01	2.158290508620698045e+00
7.428000000000000158e-01	1.959601036832569365e+00
7.487530000000000019e-01	3.594006702577698498e+00
7.547080000000000455e-01	3.097882651832664980e+00
7.606619999999999493e-01	3.583810164702965206e+00
7.666140000000000176e-01	3.452086533456025119e+00
7.725670000000000037e-01	4.233272031013018299e+00
7.785180000000000433e-01	3.247452793187595610e+00
7.844689999999999719e-01	3.345519686954950167e+00
7.904210000000000402e-01	3.035771685360529659e+00
7.963729999999999976e-01	3.490682358492882553e+00
8.023249999999999549e-01	3.010504746213988447e+00
8.082770000000000232e-01	3.725716504680406160e+00
8.142289999999999806e-01	3.531913487919907446e+00
8.201800000000000201e-01	4.057946134472913968e+00
8.261319999999999775e-01	4.030207547548948277e+00
8.320830000000000171e-01	3.775942207314812116e+00
8.380349999999999744e-01	3.118999877312509383e+00
8.439870000000000427e-01	2.990594935629040663e+00
8.499400000000000288e-01	2.914929470787869903e+00
8.558940000000000436e-01	2.442634502219609871e+00
8.618479999999999475e-01	1.804135175970810412e+00
8.678010000000000446e-01	1.650648176658159327e+00
8.737519999999999731e-01	9.828986959542673763e-01
8.797000000000000375e-01	1.689496132414822993e+00
8.856439999999999868e-01	2.374956833675584189e+00
8.915870000000000184e-01	3.428329045823297339e+00
8.975349999999999717e-01	4.113999330475972549e+00
9.034900000000000153e-01	4.636672358376607406e+00
9.094569999999999599e-01	5.199648309245769262e+00
9.154379999999999740e-01	6.011225915198861180e+00
9.214210000000000456e-01	5.420055586205555720e+00
9.273909999999999654e-01	5.081189923825561117e+00
9.333329999999999682e-01	4.630172993778183255e+00
9.392300000000000093e-01	4.131632846946795112e+00
9.450749999999999984e-01	4.011276300335633316e+00
9.509090000000000042e-01	3.325717265356392893e+00
9.567890000000000006e-01	2.984472821258081776e+00
9.627750000000000474e-01	3.388364959645397967e+00
9.689229999999999787e-01	3.574544097129141562e+00
9.752680000000000238e-01	3.622914818678918625e+00
9.816639999999999810e-01	3.361668346217129510e+00
9.878930000000000211e-01	2.866368003619632177e+00
9.937399999999999567e-01	3.566493002863282857e+00
9.989850000000000119e-01	4.497938802358355304e+00
1.003457999999999961e+00	4.436821949038885826e+00
1.007338000000000067e+00	4.616763119615495015e+00
1.010966000000000031e+00	5.378038419557676697e+00
1.014685999999999977e+00	4.705645444221088880e+00
1.018841000000000108e+00	5.732796571045332357e+00
1.023735000000000062e+00	5.608703830179894823e+00
1.029328999999999938e+00	5.549678204418924565e+00
1.035408000000000106e+00	5.653679406270969210e+00
1.041754000000000069e+00	5.848300355475450019e+00
1.048148999999999997e+00	5.759371377240444900e+00
1.054391999999999996e+00	5.476932256327589066e+00
1.060446000000000000e+00	5.546000552879448264e+00
1.066368999999999900e+00	4.412968309271145806e+00
1.072216999999999976e+00	5.186741634108853916e+00
1.078049000000000035e+00	4.875380864124807978e+00
1.083920999999999912e+00	5.443533406905586958e+00
1.089842999999999895e+00	4.981118345075945086e+00
1.095801999999999943e+00	4.686685053008701196e+00
1.101780999999999899e+00	6.157039538564856862e+00
1.107765000000000111e+00	6.434257559689151584e+00
1.113739999999999952e+00	6.823548095046967354e+00
1.119699999999999918e+00	7.228362596290294206e+00
1.125650000000000039e+00	7.472776013027968567e+00
1.131594999999999906e+00	7.922218603474478371e+00
1.137537999999999938e+00	8.390187446140217276e+00
1.143483999999999945e+00	7.925554448083507175e+00
1.149432999999999927e+00	7.867684084276799439e+00
1.155386000000000024e+00	7.301954618577313205e+00
1.161338999999999899e+00	6.466416295720521568e+00
1.167294000000000054e+00	6.752331938901886765e+00
1.173246999999999929e+00	6.405761091437453203e+00
1.179200000000000026e+00	5.922241483686460306e+00
1.185151999999999983e+00	6.335239088961598597e+00
1.191103000000000023e+00	7.229489945940318130e+00
1.197054000000000062e+00	7.245995051801012110e+00
1.203006000000000020e+00	7.527608568389487331e+00
1.208957999999999977e+00	8.158142787402097085e+00
1.214909999999999934e+00	7.962162833957933117e+00
1.220861999999999892e+00	8.125623977690663580e+00
1.226814000000000071e+00	8.750284397959168459e+00
1.232765000000000111e+00	8.175060838603295466e+00
1.238717000000000068e+00	8.675267857864822574e+00
1.244668000000000108e+00	8.895696526393527037e+00
1.250620000000000065e+00	9.290110722964286083e+00
1.256572000000000022e+00	9.276920581271156152e+00
1.262526000000000037e+00	9.287124106903892340e+00
1.268480000000000052e+00	8.610257842026937780e+00
1.274434000000000067e+00	8.723758854396066909e+00
1.280386000000000024e+00	7.640130134174091481e+00
1.286335999999999924e+00	8.140584532516625060e+00
1.292281999999999931e+00	7.200615251777718662e+00
1.298224999999999962e+00	6.909812811390441567e+00
1.304170000000000051e+00	6.504297089352947481e+00
1.310119999999999951e+00	6.456128484579920723e+00
1.316079999999999917e+00	6.640493219311322193e+00
1.322052999999999923e+00	7.580155193798912450e+00
1.328036999999999912e+00	7.426936916643842146e+00
1.334017000000000008e+00	7.721680372551888993e+00
1.339976000000000056e+00	9.489529591486279614e+00
1.345900000000000096e+00	1.008263055097011929e+01
1.351774000000000031e+00	1.060822260388467164e+01
1.357607000000000008e+00	1.065564243758127994e+01
1.363453000000000026e+00	1.140741136684439283e+01
1.369372000000000034e+00	1.177047446249000195e+01
1.375421999999999922e+00	1.186702859379840547e+01
1.381658999999999970e+00	1.246375837101722972e+01
1.388052000000000064e+00	1.351212485886297898e+01
1.394403000000000059e+00	1.367242830254235031e+01
1.400492999999999988e+00	1.513599608224594029e+01
1.406104999999999938e+00	1.618897946440756996e+01
1.411021999999999998e+00	1.627344891557616080e+01
1.415195999999999898e+00	1.612825742133549056e+01
1.418924000000000074e+00	1.607882723262225610e+01
1.422549999999999981e+00	1.669268111520756648e+01
1.426417000000000046e+00	1.645365067043288576e+01
1.430868000000000029e+00	1.601201891252913256e+01
1.436091000000000006e+00	1.589938679874506811e+01
1.441923000000000066e+00	1.606337352191147971e+01
1.448144000000000098e+00	1.561255431900604940e+01
1.454538000000000109e+00	1.461846218626595473e+01
1.460887000000000047e+00	1.416917659514176364e+01
1.467041999999999957e+00	1.247943529037843824e+01
1.473030999999999979e+00	1.142721024463779855e+01
1.478914000000000062e+00	1.065071925475765546e+01
1.484749000000000096e+00	8.989668871928003568e+00
1.490591999999999917e+00	8.475936177712554809e+00
1.496488000000000040e+00	7.765331425874930638e+00
1.502428000000000097e+00	8.298237490926725357e+00
1.508397999999999906e+00	8.102114353959915860e+00
1.514380999999999977e+00	8.231439926500573989e+00
1.520361999999999991e+00	8.002794305853123902e+00
1.526329999999999965e+00	7.980019580596219519e+00
1.532284999999999897e+00	7.463100162083989630e+00
1.538232999999999961e+00	7.074560617954010588e+00
1.544175999999999993e+00	7.133548226381647872e+00
1.550119999999999942e+00	6.758607015640687443e+00
1.556068000000000007e+00	7.723126150738859330e+00
1.562019000000000046e+00	8.925910334271987878e+00
1.567971999999999921e+00	9.613105910251599440e+00
1.573925999999999936e+00	9.368795091689674948e+00
1.579879999999999951e+00	1.013754933596616858e+01
1.585833000000000048e+00	1.068246634358871283e+01
1.591785000000000005e+00	1.041601271145927221e+01
1.597736999999999963e+00	1.088226393907371126e+01
1.603688000000000002e+00	1.023910363917491573e+01
1.609639000000000042e+00	1.035143847855576738e+01
1.615590999999999999e+00	1.043515683834594476e+01
1.621542999999999957e+00	9.456988253013619783e+00
1.627494999999999914e+00	8.492878479935924929e+00
1.633447000000000093e+00	7.805796999839455630e+00
1.639399000000000051e+00	7.800619861146387279e+00
1.645350000000000090e+00	8.753866565550335821e+00
1.651302000000000048e+00	8.745137187576013105e+00
1.657253000000000087e+00	9.751780733625466269e+00
1.663205000000000044e+00	1.014852540933304681e+01
1.669157999999999920e+00	1.091089123159717644e+01
1.675111999999999934e+00	1.104161724713130077e+01
1.681065999999999949e+00	1.105598549613861969e+01
1.687019000000000046e+00	1.174349181416147481e+01
1.692971000000000004e+00	1.129667938223471246e+01
1.698919000000000068e+00	1.018330903108589425e+01
1.704863000000000017e+00	1.056878295333754103e+01
1.710806999999999967e+00	1.072767811883485400e+01
1.716752999999999973e+00	1.043645228355743804e+01
1.722706999999999988e+00	9.517163417226024436e+00
1.728671999999999986e+00	1.004760526104167973e+01
1.734652000000000083e+00	9.951147171380613443e+00
1.740636000000000072e+00	1.017180612647063498e+01
1.746609000000000078e+00	1.059792104950115288e+01
1.752555000000000085e+00	9.765129905041513680e+00
1.758458000000000077e+00	9.784098638039552043e+00
1.764308999999999905e+00	1.024691884532602693e+01
1.770140999999999964e+00	9.862453570876963838e+00
1.776011999999999924e+00	9.860033879217409591e+00
1.781979999999999897e+00	9.965788680837803781e+00
1.788105000000000055e+00	1.002088876241357340e+01
1.794426999999999994e+00	1.007951975507025288e+01
1.800829000000000013e+00	1.081281277558715281e+01
1.807091999999999921e+00	1.186838419376997145e+01
1.813002000000000002e+00	1.187937716262297450e+01
1.818338000000000010e+00	1.276193224446593355e+01
1.822912000000000088e+00	1.243915069420978980e+01
1.826850000000000085e+00	1.248617446142971410e+01
1.830492000000000008e+00	1.237633701817969367e+01
1.834179999999999922e+00	1.126678805519679827e+01
1.838259000000000087e+00	1.127705837056617533e+01
1.843048000000000020e+00	1.071222827400422162e+01
1.848562000000000038e+00	1.136304719030477095e+01
1.854589999999999961e+00	1.121706955619885449e+01
1.860913000000000039e+00	1.229306846376388762e+01
1.867313999999999918e+00	1.176200609698548050e+01
1.873583999999999916e+00	1.216403494242399397e+01
1.879660000000000108e+00	1.262709440357094870e+01
1.885596000000000050e+00	1.289128542580493608e+01
1.891450999999999993e+00	1.358693363480960947e+01
1.897281999999999913e+00	1.412529446678656697e+01
1.903146999999999922e+00	1.489682628631621242e+01
1.909062999999999954e+00	1.456899761805764726e+01
1.915018000000000109e+00	1.542436899542873263e+01
1.920995999999999926e+00	1.555947808336067872e+01
1.926979999999999915e+00	1.518713891017730333e+01
1.932955999999999896e+00	1.458501360935842683e+01
1.938917999999999919e+00	1.427240046830512021e+01
1.944868999999999959e+00	1.339997808920277222e+01
1.950814000000000048e+00	1.307653640041388421e+01
1.956757999999999997e+00	1.235109181332246742e+01
1.962703000000000086e+00	1.239430086347431015e+01
1.968652000000000069e+00	1.263797286594431668e+01
1.974604000000000026e+00	1.244470153661419864e+01
1.980558000000000041e+00	1.327146706120156416e+01
1.986512000000000056e+00	1.328383112782446673e+01
1.992466000000000070e+00	1.282976646108433094e+01
1.998418000000000028e+00	1.441001352600262386e+01
2.004370000000000207e+00	1.466203739825063401e+01
2.010321999999999942e+00	1.468018858019468986e+01
2.016272999999999982e+00	1.584452584123153152e+01
2.022224000000000022e+00	1.629693412187670276e+01
2.028176000000000201e+00	1.780225823519759132e+01
2.034127999999999936e+00	1.871046636236261307e+01
2.040080000000000116e+00	2.029720089430117369e+01
2.046031999999999851e+00	2.092993938879338245e+01
2.051984000000000030e+00	2.153491872623464332e+01
2.057935000000000070e+00	2.187563163041803804e+01
2.063886999999999805e+00	2.289705679845009101e+01
2.069837999999999845e+00	2.278665822069235958e+01
2.075791000000000164e+00	2.266997755385648361e+01
2.081744000000000039e+00	2.189734960345324666e+01
2.087698000000000054e+00	2.040176637461806664e+01
2.093652000000000069e+00	2.013571687674185284e+01
2.099604999999999944e+00	1.921105550161851028e+01
2.105554999999999843e+00	1.856511506034103220e+01
2.111501000000000072e+00	1.690460775285278316e+01
2.117445000000000022e+00	1.604148155998270298e+01
2.123388999999999971e+00	1.506754920151481869e+01
2.129338000000000175e+00	1.425248394707457855e+01
2.135295999999999861e+00	1.446696261734245681e+01
2.141268000000000171e+00	1.366634303750845447e+01
2.147250999999999799e+00	1.334928986729389067e+01
2.153232000000000035e+00	1.394708680709876525e+01
2.159196000000000115e+00	1.464636490742970309e+01
2.165125000000000188e+00	1.556606349003401313e+01
2.171006000000000213e+00	1.598895919098552021e+01
2.176841000000000026e+00	1.672446388346697077e+01
2.182682999999999929e+00	1.638974292847020564e+01
2.188588999999999896e+00	1.707238434511149094e+01
2.194618000000000180e+00	1.747684248860699086e+01
2.200828000000000007e+00	1.744342666845648182e+01
2.207209999999999894e+00	1.724800580566793329e+01
2.213579000000000185e+00	1.655041247273114280e+01
2.219714999999999883e+00	1.628997821804056656e+01
2.225403000000000020e+00	1.606040182775343084e+01
2.230423000000000044e+00	1.587110295113635594e+01
2.234681000000000139e+00	1.571406918358904115e+01
2.238447999999999993e+00	1.616628856584501861e+01
2.242068000000000172e+00	1.643954846251439506e+01
2.245884000000000214e+00	1.707686291220015917e+01
2.250237999999999960e+00	1.802556197168685159e+01
2.255365999999999982e+00	1.797764666740692618e+01
2.261130000000000084e+00	1.863520117986536917e+01
2.267313000000000134e+00	1.914728792102339838e+01
2.273696000000000161e+00	1.984029107528931490e+01
2.280063999999999869e+00	1.938565242305908143e+01
2.286243999999999943e+00	2.032432032055416116e+01
2.292251999999999956e+00	2.038755913990540947e+01
2.298146000000000022e+00	2.145040290111459313e+01
2.303983000000000114e+00	2.157117473585097756e+01
2.309822000000000042e+00	2.118396430140573017e+01
2.315710999999999853e+00	2.172634705398188615e+01
2.321645999999999876e+00	2.146311680816291201e+01
2.327612999999999932e+00	2.124091713069265452e+01
2.333594999999999864e+00	2.122413868190941244e+01
2.339576999999999796e+00	2.074859783313709727e+01
2.345546999999999827e+00	2.001505033062804984e+01
2.351503999999999817e+00	1.984825661979136058e+01
2.357451999999999881e+00	1.854822877932979708e+01
2.363395999999999830e+00	1.803518246631251998e+01
2.369339000000000084e+00	1.719146524728608938e+01
2.375286000000000008e+00	1.770592939563023194e+01
2.381237000000000048e+00	1.899315491948827628e+01
2.387189999999999923e+00	2.000602338651789580e+01
2.393143999999999938e+00	2.098862271692180315e+01
2.399097999999999953e+00	2.156468290762493467e+01
2.405050999999999828e+00	2.342058965694416273e+01
2.411004000000000147e+00	2.486603503942988169e+01
2.416955999999999882e+00	2.597703026731926457e+01
2.422906999999999922e+00	2.728968225565518679e+01
2.428857999999999961e+00	2.763782625989559349e+01
2.434809000000000001e+00	2.817236090254419167e+01
2.440760000000000041e+00	2.790941885883805895e+01
2.446712000000000220e+00	2.795881602917090802e+01
2.452663999999999955e+00	2.836556544950184389e+01
2.458616999999999830e+00	2.748491602402425471e+01
2.464570999999999845e+00	2.704087896089215448e+01
2.470524999999999860e+00	2.570865501633201688e+01
2.476478000000000179e+00	2.432753288143130277e+01
2.482429999999999914e+00	2.248219048980391932e+01
2.488377999999999979e+00	2.148883280052330136e+01
2.494323000000000068e+00	2.083582356451954354e+01
2.500265999999999877e+00	2.025452232622748028e+01
2.506212000000000106e+00	1.999905825743681120e+01
2.512164999999999981e+00	2.096731659017077831e+01
2.518129000000000062e+00	2.144331115868386206e+01
2.524108000000000018e+00	2.251440022056193513e+01
2.530091999999999786e+00	2.490113204117868406e+01
2.536067000000000071e+00	2.641502428860534479e+01
2.542015999999999831e+00	2.853082123015886395e+01
2.547924000000000078e+00	2.982312083932437830e+01
2.553779000000000021e+00	3.012830212634535698e+01
2.559610000000000163e+00	2.952493325408257974e+01
2.565475000000000172e+00	2.876577967424917759e+01
2.571432000000000162e+00	2.778395059400011391e+01
2.577539999999999942e+00	2.714090305635231815e+01
2.583845999999999865e+00	2.665526146569595767e+01
2.590249000000000024e+00	2.795680678019060750e+01
2.596534000000000120e+00	2.834158287277140786e+01
2.602485000000000159e+00	3.064338614867812538e+01
2.607883000000000173e+00	3.309582579337015318e+01
2.612527000000000044e+00	3.771329833827806510e+01
2.616509000000000196e+00	4.219766989985978967e+01
2.620163999999999938e+00	4.683705244677855006e+01
2.623834000000000000e+00	5.021558029919170707e+01
2.627863000000000060e+00	5.314658143401069879e+01
2.632579999999999920e+00	5.422087469647164681e+01
2.638037000000000187e+00	5.292918735512606077e+01
2.644026000000000209e+00	5.035922633601412457e+01
2.650332000000000132e+00	4.718526846170713185e+01
2.656734000000000151e+00	4.206093258374905020e+01
2.663022999999999918e+00	3.782327239062117030e+01
2.669115000000000126e+00	3.353697217127326269e+01
2.675060999999999911e+00	2.834041951691308014e+01
2.680919999999999970e+00	2.511299688121916063e+01
2.686751000000000111e+00	2.206340574203861493e+01
2.692610999999999866e+00	2.148402247154724520e+01
2.698523999999999923e+00	1.991292252165448318e+01
2.704476000000000102e+00	1.923987048845602388e+01
2.710452000000000083e+00	1.832802055898185145e+01
2.716435999999999851e+00	1.562088755211771307e+01
2.722412999999999972e+00	1.156422684132944489e+01
2.728375999999999912e+00	4.464695811260662062e+00
2.734328000000000092e+00	-3.484991224860273462e+00
2.740273999999999877e+00	-1.121228163999246874e+01
2.746217000000000130e+00	-1.913556233341399704e+01
2.752162000000000219e+00	-2.443802723471998917e+01
2.758110999999999979e+00	-2.744674835415899139e+01
2.764063000000000159e+00	-2.913239899142324063e+01
2.770016000000000034e+00	-2.864401988311152181e+01
2.775971000000000188e+00	-2.678161205201693207e+01
2.781924000000000063e+00	-2.296290862039884217e+01
2.787876999999999938e+00	-1.857280467350561892e+01
2.793829000000000118e+00	-1.338041573005609486e+01
2.799780999999999853e+00	-8.217850201165925128e+00
2.805731999999999893e+00	-2.741728161276253850e+00
2.811682999999999932e+00	2.298266591932669467e+00
2.817635000000000112e+00	6.475799737009785950e+00
2.823586999999999847e+00	9.100689946341978143e+00
2.829539000000000026e+00	1.133546613622412380e+01
2.835491000000000206e+00	1.192499168308922108e+01
2.841442999999999941e+00	1.238799004434167905e+01
2.847395000000000120e+00	1.043738239889848529e+01
2.853346999999999856e+00	8.556720731417584602e+00
2.859299000000000035e+00	6.245672450842302936e+00
2.865251000000000214e+00	4.302325938870986910e+00
2.871201999999999810e+00	4.132139056542070144e+00
2.877153999999999989e+00	4.658206232338755193e+00
2.883106000000000169e+00	6.596810934609172783e+00
2.889057999999999904e+00	8.758077418547678406e+00
2.895010000000000083e+00	1.066285611402105360e+01
2.900961999999999819e+00	1.117786309815680035e+01
2.906913999999999998e+00	1.099750609242510535e+01
2.912866000000000177e+00	1.054223440605379380e+01
2.918817999999999913e+00	8.920356356954592059e+00
2.924770000000000092e+00	7.244212189345772934e+00
2.930721000000000132e+00	4.809452777207879670e+00
2.936672999999999867e+00	3.327717006795758881e+00
2.942625000000000046e+00	2.883073012156591730e+00
2.948576999999999781e+00	2.123647612092797843e+00
2.954528999999999961e+00	2.424785305915057698e+00
2.960481000000000140e+00	2.906448872854626941e+00
2.966432999999999875e+00	3.372275496282788776e+00
2.972385000000000055e+00	4.475415633778011326e+00
2.978336999999999790e+00	5.759987014953205531e+00
2.984288999999999970e+00	7.411809997223341107e+00
2.990240000000000009e+00	8.933005122965958833e+00
2.996192000000000188e+00	1.046463769343328742e+01
3.002143999999999924e+00	1.131267094357048819e+01
3.008096000000000103e+00	1.186577020711709984e+01
3.014047999999999838e+00	1.226801066607655066e+01
3.020000000000000018e+00	1.130463381482875107e+01
