1.199999999999999956e-01	-1.831332383252400664e+00
1.249780000000000058e-01	-6.598697873595650298e-01
1.305999999999999939e-01	-1.529253825738641215e-02
1.367059999999999942e-01	-3.108363446315117185e-01
1.431360000000000132e-01	5.710968554872309921e-01
1.497320000000000040e-01	5.822156635312506490e-01
1.563350000000000017e-01	1.285893554688669393e+00
1.627850000000000130e-01	1.580168707943456097e+00
1.689219999999999888e-01	1.765720632645695343e+00
1.745889999999999942e-01	1.447186144739823099e+00
1.796250000000000069e-01	1.909418435493711375e+00
1.839349999999999874e-01	1.361126621085805510e+00
1.877439999999999942e-01	1.523649995384798839e+00
1.913779999999999926e-01	1.589023466693293862e+00
1.951660000000000061e-01	3.675270498175813860e-01
1.994340000000000002e-01	-6.262144998480784208e-02
2.044499999999999929e-01	2.081459258678817759e-01
2.101250000000000062e-01	-7.848919006195151371e-02
2.162479999999999958e-01	-2.922508679758599737e-01
2.226049999999999973e-01	1.958258538995206743e-01
2.289819999999999911e-01	-3.627207493701256058e-01
2.351930000000000132e-01	2.590647591860142374e-01
2.412249999999999950e-01	5.573643123436784474e-01
2.471349999999999936e-01	-1.231249545892116326e-01
2.529799999999999827e-01	-3.871882431026511528e-01
2.588170000000000193e-01	-2.395823823857456958e-02
2.646970000000000156e-01	-1.283947557629308289e-01
2.706259999999999777e-01	1.065749686166286292e+00
2.765880000000000005e-01	5.407820185349923037e-01
2.825679999999999858e-01	1.419330454653329188e+00
2.885510000000000019e-01	8.840810779837953159e-01
2.945229999999999793e-01	1.117707756732151170e+00
3.004809999999999981e-01	1.320363670791057542e+00
3.064310000000000089e-01	1.259414562888689026e+00
3.123750000000000138e-01	9.719576688056553726e-01
3.183190000000000186e-01	3.237368081631595285e-01
3.242650000000000254e-01	5.913776446592322600e-01
3.302149999999999808e-01	7.795230367928892568e-01
3.361680000000000224e-01	1.933593006878368548e-01
3.421210000000000084e-01	-4.618274602347976487e-01
3.480759999999999965e-01	1.876556960136543939e-01
3.540289999999999826e-01	-2.342420880150837270e-01
3.599809999999999954e-01	-4.105590114330914253e-01
3.659330000000000083e-01	6.929712322507313171e-01
3.718839999999999923e-01	-1.597259674265424090e-01
3.778360000000000052e-01	4.137640343649421348e-01
3.837869999999999893e-01	3.588529318753546637e-01
3.897390000000000021e-01	1.356623770035482401e+00
3.956910000000000149e-01	1.088748861846731808e+00
4.016429999999999723e-01	5.309418651401242029e-01
4.075949999999999851e-01	6.053634056088149640e-01
4.135469999999999979e-01	1.459551547528014748e+00
4.194979999999999820e-01	1.305909697326838259e+00
4.254499999999999948e-01	1.866784220998353394e+00
4.314009999999999789e-01	1.284442993131047039e+00
4.373540000000000205e-01	1.096195054699386162e+00
4.433079999999999798e-01	1.162347139703485688e+00
4.492619999999999947e-01	3.834622502357886709e-01
4.552160000000000095e-01	6.814526246415061328e-01
4.611680000000000224e-01	3.106645984732418486e-01
4.671170000000000044e-01	4.058226745849463635e-02
4.730619999999999825e-01	1.133751781218988730e-01
4.790059999999999873e-01	-3.293940210978874017e-01
4.849510000000000209e-01	2.903568363336446190e-01
4.909020000000000050e-01	5.070061581519933469e-01
4.968629999999999991e-01	8.914639991299372346e-01
5.028390000000000359e-01	2.513882301789910345e-01
5.088230000000000253e-01	4.050033652606654933e-01
5.148009999999999531e-01	8.567482614351469294e-01
5.207570000000000254e-01	1.178942036700288742e+00
5.266750000000000043e-01	6.864570239708641664e-01
5.325410000000000421e-01	2.393283689844141193e+00
5.383719999999999617e-01	1.258996963410538905e+00
5.442249999999999588e-01	1.525574050454428399e+00
5.501580000000000359e-01	1.218458252854376589e+00
5.562289999999999734e-01	1.573147955255763675e+00
5.624930000000000208e-01	1.579436726910135258e+00
5.688929999999999820e-01	1.706022355416937586e+00
5.752220000000000111e-01	3.381567339916695669e-01
5.812610000000000277e-01	1.424187151695081921e+00
5.867949999999999555e-01	6.621370247144204857e-01
5.916080000000000227e-01	4.271514140119974101e-01
5.957040000000000113e-01	1.005813696225868803e+00
5.993990000000000151e-01	8.094771016508487405e-01
6.030370000000000452e-01	7.855792725832295709e-01
6.069609999999999728e-01	3.344681793742644849e-01
6.115110000000000268e-01	6.582392890740813574e-01
6.168270000000000142e-01	9.934817184049626881e-01
6.227219999999999978e-01	1.209492544756476828e+00
6.289789999999999548e-01	1.553784241934161869e+00
6.353790000000000271e-01	2.232426920780805180e+00
6.417070000000000274e-01	1.873443298273907098e+00
6.478369999999999962e-01	1.604148517119722506e+00
6.538089999999999735e-01	2.067928288570972661e+00
6.596819999999999906e-01	2.063253981361311329e+00
6.655140000000000500e-01	2.158993676443103027e+00
6.713630000000000431e-01	2.166204780759354964e+00
6.772660000000000347e-01	2.144227804831780659e+00
6.832110000000000127e-01	2.497721554707392322e+00
6.891829999999999901e-01	1.617145868795163199e+00
6.951669999999999794e-01	1.278185077616757148e+00
7.011469999999999647e-01	1.419141386054149745e+00
7.071119999999999628e-01	9.249317131431481487e-01
7.130670000000000064e-01	1.531309161778178662e+00
7.190130000000000132e-01	6.433235282072828909e-01
7.249569999999999625e-01	6.840301493802384281e-01
7.309010000000000229e-01	2.193459001839931588e+00
7.368489999999999762e-01	1.372464607165658990e+00
7.428000000000000158e-01	1.330778489118531249e+00
7.487530000000000019e-01	2.017109632234061145e+00
7.547080000000000455e-01	1.994132306860453951e+00
7.606619999999999493e-01	3.101351833721099016e+00
7.666140000000000176e-01	2.404678178817908574e+00
7.725670000000000037e-01	2.231543484241733655e+00
7.785180000000000433e-01	2.492504279002571543e+00
7.844689999999999719e-01	2.177682299822762513e+00
7.904210000000000402e-01	3.029806451660932431e+00
7.963729999999999976e-01	3.119764306728425751e+00
8.023249999999999549e-01	2.145693590118401328e+00
8.082770000000000232e-01	2.879730241467617358e+00
8.142289999999999806e-01	2.373011404074593322e+00
8.201800000000000201e-01	2.738383319765257617e+00
8.261319999999999775e-01	2.761389926704715059e+00
8.320830000000000171e-01	1.467419377189377983e+00
8.380349999999999744e-01	2.105397629943292159e+00
8.439870000000000427e-01	2.568586559007560055e+00
8.499400000000000288e-01	2.215923375197462963e+00
8.558940000000000436e-01	1.713413138319842544e+00
8.618479999999999475e-01	2.321508011698069307e+00
8.678010000000000446e-01	2.579710320057612805e+00
8.737519999999999731e-01	2.553858760333858946e+00
8.797000000000000375e-01	2.251624665759095034e+00
8.856439999999999868e-01	2.635702755705781275e+00
8.915870000000000184e-01	3.068243501761846570e+00
8.975349999999999717e-01	4.150414112733578520e+00
9.034900000000000153e-01	3.283417607355976653e+00
9.094569999999999599e-01	3.733190532522518534e+00
9.154379999999999740e-01	4.343899427003115044e+00
9.214210000000000456e-01	3.536234042856540416e+00
9.273909999999999654e-01	3.471094608648241930e+00
9.333329999999999682e-01	2.860101057527940860e+00
9.392300000000000093e-01	3.443496993888122581e+00
9.450749999999999984e-01	3.261854307549366006e+00
9.509090000000000042e-01	3.249753161904977983e+00
9.567890000000000006e-01	3.667272164486361063e+00
9.627750000000000474e-01	2.140435867677480619e+00
9.689229999999999787e-01	2.879613042074999907e+00
9.752680000000000238e-01	2.792566317808443888e+00
9.816639999999999810e-01	3.218073868122006687e+00
9.878930000000000211e-01	2.874568644062437173e+00
9.937399999999999567e-01	4.061511795086839349e+00
9.989850000000000119e-01	2.985379759593837168e+00
1.003457999999999961e+00	3.658385360983620771e+00
1.007338000000000067e+00	3.435016511319510801e+00
1.010966000000000031e+00	4.679555054941626935e+00
1.014685999999999977e+00	4.965123504975577973e+00
1.018841000000000108e+00	4.961224939340702633e+00
1.023735000000000062e+00	4.471066837347311029e+00
1.029328999999999938e+00	4.097252844664339477e+00
1.035408000000000106e+00	4.993841907646526579e+00
1.041754000000000069e+00	4.219066327467803745e+00
1.048148999999999997e+00	5.262373018386397483e+00
1.054391999999999996e+00	4.740364952638844720e+00
1.060446000000000000e+00	3.567080103854137541e+00
1.066368999999999900e+00	4.081535654548932968e+00
1.072216999999999976e+00	4.371051532587112654e+00
1.078049000000000035e+00	3.748453887423036424e+00
1.083920999999999912e+00	3.966657579911804454e+00
1.089842999999999895e+00	4.869125037400252154e+00
1.095801999999999943e+00	4.569119302269017524e+00
1.101780999999999899e+00	4.457099393918072749e+00
1.107765000000000111e+00	5.489298193856896546e+00
1.113739999999999952e+00	5.219562944763096013e+00
1.119699999999999918e+00	4.852763106767136847e+00
1.125650000000000039e+00	5.279081422075976526e+00
1.131594999999999906e+00	5.831309225940154661e+00
1.137537999999999938e+00	6.442195145116500044e+00
1.143483999999999945e+00	6.091374726092865011e+00
1.149432999999999927e+00	5.980712783858178838e+00
1.155386000000000024e+00	6.571783102432866563e+00
1.161338999999999899e+00	6.357946302343297162e+00
1.167294000000000054e+00	5.958862410376401186e+00
1.173246999999999929e+00	5.846051390580217166e+00
1.179200000000000026e+00	6.146580312703945559e+00
1.185151999999999983e+00	7.080680325389283603e+00
1.191103000000000023e+00	6.084903313369038891e+00
1.197054000000000062e+00	5.769068664527642554e+00
1.203006000000000020e+00	6.161626226075654245e+00
1.208957999999999977e+00	6.394954889932814801e+00
1.214909999999999934e+00	6.454528462270440414e+00
1.220861999999999892e+00	7.013154740998738923e+00
1.226814000000000071e+00	6.675297690179812449e+00
1.232765000000000111e+00	7.172683608911539110e+00
1.238717000000000068e+00	6.935483539506006601e+00
1.244668000000000108e+00	8.076555412985451099e+00
1.250620000000000065e+00	8.404934665838739605e+00
1.256572000000000022e+00	8.413306195984764813e+00
1.262526000000000037e+00	7.783757123729201588e+00
1.268480000000000052e+00	9.255078342523571422e+00
1.274434000000000067e+00	8.127681083952536412e+00
1.280386000000000024e+00	8.552442108012382249e+00
1.286335999999999924e+00	9.110725748077051378e+00
1.292281999999999931e+00	8.507136719752988796e+00
1.298224999999999962e+00	8.308201331816473356e+00
1.304170000000000051e+00	8.573747086791771110e+00
1.310119999999999951e+00	7.833911247250113341e+00
1.316079999999999917e+00	8.368820581458679797e+00
1.322052999999999923e+00	8.075717552792291087e+00
1.328036999999999912e+00	8.380370602126374635e+00
1.334017000000000008e+00	8.227379770407601711e+00
1.339976000000000056e+00	7.923595843987128795e+00
1.345900000000000096e+00	8.654414697520952160e+00
1.351774000000000031e+00	8.138714079408982727e+00
1.357607000000000008e+00	8.854114186988402579e+00
1.363453000000000026e+00	9.492893600564782375e+00
1.369372000000000034e+00	1.037200669730547631e+01
1.375421999999999922e+00	1.087537149842306761e+01
1.381658999999999970e+00	1.230522815993568031e+01
1.388052000000000064e+00	1.438203592261434238e+01
1.394403000000000059e+00	1.396524743646397759e+01
1.400492999999999988e+00	1.529809440849269997e+01
1.406104999999999938e+00	1.596209009442566540e+01
1.411021999999999998e+00	1.711577585166603654e+01
1.415195999999999898e+00	1.663027849783113865e+01
1.418924000000000074e+00	1.717353626860576554e+01
1.422549999999999981e+00	1.761003398384571383e+01
1.426417000000000046e+00	1.813246327653367018e+01
1.430868000000000029e+00	1.807463774531161604e+01
1.436091000000000006e+00	1.705033031595987936e+01
1.441923000000000066e+00	1.598784708895856177e+01
1.448144000000000098e+00	1.542946844881826074e+01
1.454538000000000109e+00	1.389220990601140393e+01
1.460887000000000047e+00	1.342069141157080736e+01
1.467041999999999957e+00	1.270542989838875769e+01
1.473030999999999979e+00	1.237330653100630506e+01
1.478914000000000062e+00	1.124553438714986342e+01
1.484749000000000096e+00	9.962739156064172263e+00
1.490591999999999917e+00	9.526262702537685811e+00
1.496488000000000040e+00	8.325612020476036435e+00
1.502428000000000097e+00	8.746081238231202093e+00
1.508397999999999906e+00	7.762002416340576971e+00
1.514380999999999977e+00	7.152586256296994627e+00
1.520361999999999991e+00	6.466759553720130782e+00
1.526329999999999965e+00	6.251937792162353347e+00
1.532284999999999897e+00	6.460812671253194139e+00
1.538232999999999961e+00	6.216633543990970345e+00
1.544175999999999993e+00	5.935734032079701628e+00
1.550119999999999942e+00	6.054703637755952883e+00
1.556068000000000007e+00	5.806996846646827137e+00
1.562019000000000046e+00	6.797138468480074636e+00
1.567971999999999921e+00	7.078644002105165534e+00
1.573925999999999936e+00	7.575811358762176262e+00
1.579879999999999951e+00	7.894045606540847082e+00
1.585833000000000048e+00	7.825394117738157185e+00
1.591785000000000005e+00	8.289475336138238504e+00
1.597736999999999963e+00	8.847794053423111649e+00
1.603688000000000002e+00	8.522239712425456304e+00
1.609639000000000042e+00	9.043040863739509660e+00
1.615590999999999999e+00	9.898535253361250952e+00
1.621542999999999957e+00	8.529758761234516484e+00
1.627494999999999914e+00	8.927918875334334814e+00
1.633447000000000093e+00	8.546278838227411967e+00
1.639399000000000051e+00	8.691218763233207412e+00
1.645350000000000090e+00	9.405537715524628695e+00
1.651302000000000048e+00	8.168995690027484713e+00
1.657253000000000087e+00	9.031510387610238055e+00
1.663205000000000044e+00	8.089198091410207070e+00
1.669157999999999920e+00	7.751037097832378819e+00
1.675111999999999934e+00	8.100065567578232262e+00
1.681065999999999949e+00	8.965264029404361068e+00
1.687019000000000046e+00	8.903160379323297846e+00
1.692971000000000004e+00	8.426162487592076644e+00
1.698919000000000068e+00	9.347824840644173960e+00
1.704863000000000017e+00	8.324496701223168316e+00
1.710806999999999967e+00	8.756046396459431946e+00
1.716752999999999973e+00	8.932344266539773869e+00
1.722706999999999988e+00	8.521185911282946890e+00
1.728671999999999986e+00	8.385069028843149752e+00
1.734652000000000083e+00	9.307226863040432008e+00
1.740636000000000072e+00	9.011288580154952044e+00
1.746609000000000078e+00	8.418133174652867368e+00
1.752555000000000085e+00	7.715849566122852110e+00
1.758458000000000077e+00	8.597923047417889819e+00
1.764308999999999905e+00	8.245907563377658178e+00
1.770140999999999964e+00	8.109699677732349343e+00
1.776011999999999924e+00	7.710044428311825904e+00
1.781979999999999897e+00	8.596971754253862841e+00
1.788105000000000055e+00	8.401062257893524787e+00
1.794426999999999994e+00	9.034140863589433579e+00
1.800829000000000013e+00	9.593507802474302792e+00
1.807091999999999921e+00	9.986922219385478527e+00
1.813002000000000002e+00	1.034784977163717024e+01
1.818338000000000010e+00	1.026722898957310015e+01
1.822912000000000088e+00	1.043638840377939125e+01
1.826850000000000085e+00	1.118089260378174643e+01
1.830492000000000008e+00	1.068648915125237586e+01
1.834179999999999922e+00	1.057252512045091208e+01
1.838259000000000087e+00	1.109393885181026640e+01
1.843048000000000020e+00	1.075780077663137213e+01
1.848562000000000038e+00	1.070207907250781609e+01
1.854589999999999961e+00	1.005590325771762572e+01
1.860913000000000039e+00	9.959242569817821078e+00
1.867313999999999918e+00	9.946432044792912208e+00
1.873583999999999916e+00	1.124165316916953294e+01
1.879660000000000108e+00	1.173313873122045514e+01
1.885596000000000050e+00	1.199716739404895449e+01
1.891450999999999993e+00	1.189251995834649733e+01
1.897281999999999913e+00	1.192551031003392303e+01
1.903146999999999922e+00	1.277026895659522765e+01
1.909062999999999954e+00	1.241807679067575876e+01
1.915018000000000109e+00	1.253268616378732503e+01
1.920995999999999926e+00	1.338896529998421059e+01
1.926979999999999915e+00	1.335540261538910123e+01
1.932955999999999896e+00	1.344254408146791491e+01
1.938917999999999919e+00	1.284409427064351661e+01
1.944868999999999959e+00	1.261847355335978627e+01
1.950814000000000048e+00	1.253352378062257522e+01
1.956757999999999997e+00	1.259880397410002928e+01
1.962703000000000086e+00	1.260230410694712511e+01
1.968652000000000069e+00	1.042447247347243078e+01
1.974604000000000026e+00	1.089625146220617147e+01
1.980558000000000041e+00	1.120756609511505175e+01
1.986512000000000056e+00	1.115219619004604290e+01
1.992466000000000070e+00	1.163396031113235729e+01
1.998418000000000028e+00	1.172901450049761074e+01
2.004370000000000207e+00	1.293546652831822463e+01
2.010321999999999942e+00	1.369117178875114327e+01
2.016272999999999982e+00	1.353593063954693676e+01
2.022224000000000022e+00	1.472516202980019528e+01
2.028176000000000201e+00	1.601011392498318386e+01
2.034127999999999936e+00	1.868769741113696270e+01
2.040080000000000116e+00	1.951901054589399465e+01
2.046031999999999851e+00	2.007352359647059004e+01
2.051984000000000030e+00	2.137839480327230035e+01
2.057935000000000070e+00	2.185462602682506983e+01
2.063886999999999805e+00	2.124616862971360121e+01
2.069837999999999845e+00	2.134427170957669517e+01
2.075791000000000164e+00	2.073538675986825552e+01
2.081744000000000039e+00	2.019140576034211776e+01
2.087698000000000054e+00	1.899613351953361118e+01
2.093652000000000069e+00	1.856412177665473351e+01
2.099604999999999944e+00	1.780635502156214045e+01
2.105554999999999843e+00	1.704208059573900513e+01
2.111501000000000072e+00	1.560626427916800907e+01
2.117445000000000022e+00	1.496014578770496861e+01
2.123388999999999971e+00	1.429518105438584641e+01
2.129338000000000175e+00	1.462395154448076084e+01
2.135295999999999861e+00	1.378962916601524213e+01
2.141268000000000171e+00	1.379287983458417521e+01
2.147250999999999799e+00	1.322646625610044957e+01
2.153232000000000035e+00	1.382953855575225788e+01
2.159196000000000115e+00	1.448211748402857424e+01
2.165125000000000188e+00	1.464127213070265832e+01
2.171006000000000213e+00	1.400389550322933196e+01
2.176841000000000026e+00	1.441899508265481167e+01
2.182682999999999929e+00	1.524301161708284980e+01
2.188588999999999896e+00	1.472589967843644843e+01
2.194618000000000180e+00	1.543003211067240343e+01
2.200828000000000007e+00	1.608643017165046629e+01
2.207209999999999894e+00	1.554868980686786983e+01
2.213579000000000185e+00	1.582159585994791229e+01
2.219714999999999883e+00	1.561390132623432692e+01
2.225403000000000020e+00	1.461886512857273246e+01
2.230423000000000044e+00	1.508448728636946257e+01
2.234681000000000139e+00	1.530153006517900494e+01
2.238447999999999993e+00	1.567339281940384588e+01
2.242068000000000172e+00	1.559535796326600021e+01
2.245884000000000214e+00	1.609406439811980150e+01
2.250237999999999960e+00	1.614389379288718729e+01
2.255365999999999982e+00	1.614126603380508840e+01
2.261130000000000084e+00	1.752910850216660776e+01
2.267313000000000134e+00	1.804888176057411542e+01
2.273696000000000161e+00	2.013345696961228981e+01
2.280063999999999869e+00	1.985287089032627961e+01
2.286243999999999943e+00	2.121271561670021910e+01
2.292251999999999956e+00	2.209881440442769218e+01
2.298146000000000022e+00	2.247546814987756036e+01
2.303983000000000114e+00	2.230978860310570155e+01
2.309822000000000042e+00	2.345761328465851392e+01
2.315710999999999853e+00	2.307348513634996223e+01
2.321645999999999876e+00	2.197135456014611776e+01
2.327612999999999932e+00	2.147928941423269933e+01
2.333594999999999864e+00	2.115630118126718884e+01
2.339576999999999796e+00	2.008120449421627640e+01
2.345546999999999827e+00	1.949274930949365014e+01
2.351503999999999817e+00	1.907572771259476241e+01
2.357451999999999881e+00	1.761264998765564371e+01
2.363395999999999830e+00	1.692821401610752829e+01
2.369339000000000084e+00	1.670328300052297976e+01
2.375286000000000008e+00	1.704656192690690730e+01
2.381237000000000048e+00	1.834839007783028819e+01
2.387189999999999923e+00	1.889524721203816426e+01
2.393143999999999938e+00	1.926082032844592362e+01
2.399097999999999953e+00	2.153850625732238555e+01
2.405050999999999828e+00	2.239694840165223155e+01
2.411004000000000147e+00	2.298110631662911274e+01
2.416955999999999882e+00	2.438523087296486125e+01
2.422906999999999922e+00	2.592160703353242823e+01
2.428857999999999961e+00	2.669872912664003906e+01
2.434809000000000001e+00	2.687894804350929334e+01
2.440760000000000041e+00	2.727227784897074869e+01
2.446712000000000220e+00	2.679006586049867877e+01
2.452663999999999955e+00	2.606146339723168026e+01
2.458616999999999830e+00	2.559403940006070854e+01
2.464570999999999845e+00	2.337578095614259510e+01
2.470524999999999860e+00	2.156261985300087147e+01
2.476478000000000179e+00	1.988758689390973444e+01
2.482429999999999914e+00	1.844247194439041948e+01
2.488377999999999979e+00	1.781285192668111250e+01
2.494323000000000068e+00	1.768190450579667683e+01
2.500265999999999877e+00	1.729708456889704848e+01
2.506212000000000106e+00	1.720971402003875994e+01
2.512164999999999981e+00	1.910368133803831370e+01
2.518129000000000062e+00	1.974998862248595088e+01
2.524108000000000018e+00	2.103613873451133287e+01
2.530091999999999786e+00	2.200822788427976207e+01
2.536067000000000071e+00	2.431101188216853615e+01
2.542015999999999831e+00	2.503421008656382085e+01
2.547924000000000078e+00	2.589069375278907614e+01
2.553779000000000021e+00	2.465460541786339022e+01
2.559610000000000163e+00	2.404144539781677992e+01
2.565475000000000172e+00	2.243256186262411944e+01
2.571432000000000162e+00	2.030011979488784490e+01
2.577539999999999942e+00	1.755009018747305660e+01
2.583845999999999865e+00	1.529502754901696804e+01
2.590249000000000024e+00	1.348744241781145803e+01
2.596534000000000120e+00	1.278272911333601947e+01
2.602485000000000159e+00	1.304590086909147928e+01
2.607883000000000173e+00	1.545261308393446420e+01
2.612527000000000044e+00	1.892785420626953652e+01
2.616509000000000196e+00	2.402090711891107944e+01
2.620163999999999938e+00	2.871849444373881965e+01
2.623834000000000000e+00	3.419349610357625124e+01
2.627863000000000060e+00	3.922536602055109256e+01
2.632579999999999920e+00	4.146247298981382556e+01
2.638037000000000187e+00	4.145421438580410722e+01
2.644026000000000209e+00	4.011461970393074239e+01
2.650332000000000132e+00	3.655293410681504440e+01
2.656734000000000151e+00	3.210987642715404178e+01
2.663022999999999918e+00	2.869021333458412926e+01
2.669115000000000126e+00	2.508424651843672493e+01
2.675060999999999911e+00	2.013451829269507343e+01
2.680919999999999970e+00	1.649857824096676850e+01
2.686751000000000111e+00	1.412373999521611800e+01
2.692610999999999866e+00	1.035547726253995648e+01
2.698523999999999923e+00	8.593731925175303488e+00
2.704476000000000102e+00	7.272584620482679618e+00
2.710452000000000083e+00	5.513894412850012472e+00
2.716435999999999851e+00	5.228344273675969767e+00
2.722412999999999972e+00	3.943847446539164636e+00
2.728375999999999912e+00	3.230124480652734498e+00
2.734328000000000092e+00	5.950287471501846115e-01
2.740273999999999877e+00	-1.121577104014835902e+00
2.746217000000000130e+00	-2.788359183713657430e+00
2.752162000000000219e+00	-5.112347261833050105e+00
2.758110999999999979e+00	-7.176702121514029642e+00
2.764063000000000159e+00	-8.701686918310775454e+00
2.770016000000000034e+00	-9.955576180681292797e+00
2.775971000000000188e+00	-9.366673395013020098e+00
2.781924000000000063e+00	-7.832015612224848766e+00
2.787876999999999938e+00	-4.846884857201854580e+00
2.793829000000000118e+00	-1.253411159997241509e+00
2.799780999999999853e+00	2.145909200279711548e+00
2.805731999999999893e+00	6.386036631832705535e-01
2.811682999999999932e+00	-4.094840682201689397e+00
2.817635000000000112e+00	-1.388746359163044453e+01
2.823586999999999847e+00	-2.506433637642913581e+01
2.829539000000000026e+00	-3.623674764636606227e+01
2.835491000000000206e+00	-4.466968787320634249e+01
2.841442999999999941e+00	-4.772288229367464396e+01
2.847395000000000120e+00	-4.578723541318098000e+01
2.853346999999999856e+00	-3.903540791255450415e+01
2.859299000000000035e+00	-2.944975775433052689e+01
2.865251000000000214e+00	-1.954343933823678370e+01
2.871201999999999810e+00	-9.208325598735461526e+00
2.877153999999999989e+00	-1.548428924681818586e+00
2.883106000000000169e+00	2.889188602158744956e+00
2.889057999999999904e+00	7.096254560324542382e+00
2.895010000000000083e+00	9.183885878413757808e+00
2.900961999999999819e+00	1.070669209091662033e+01
2.906913999999999998e+00	1.129336210649547745e+01
2.912866000000000177e+00	1.147219019091309455e+01
2.918817999999999913e+00	1.181449890342102194e+01
2.924770000000000092e+00	1.080049648249281091e+01
2.930721000000000132e+00	9.360553769930321621e+00
2.936672999999999867e+00	8.256577006940226227e+00
2.942625000000000046e+00	7.613987830962836156e+00
2.948576999999999781e+00	5.705173255945235944e+00
2.954528999999999961e+00	4.813708073005113164e+00
2.960481000000000140e+00	5.094792348090978251e+00
2.966432999999999875e+00	3.248174677997432980e+00
2.972385000000000055e+00	4.290817051743137434e+00
2.978336999999999790e+00	4.467013916415091046e+00
2.984288999999999970e+00	6.185778877867215364e+00
2.990240000000000009e+00	6.915791955327335039e+00
2.996192000000000188e+00	7.509768070885284530e+00
3.002143999999999924e+00	8.688150800143155550e+00
3.008096000000000103e+00	8.283190755916955084e+00
3.014047999999999838e+00	8.764309769112440307e+00
3.020000000000000018e+00	8.397144200867634467e+00
