1.199999999999999956e-01	1.955049679111029892e+00
1.249780000000000058e-01	9.389058990423719830e-01
1.305999999999999939e-01	1.320272700624029349e+00
1.367059999999999942e-01	1.505705465623870865e+00
1.431360000000000132e-01	2.077895242114129015e+00
1.497320000000000040e-01	2.654901383737256815e+00
1.563350000000000017e-01	3.203831748248202160e+00
1.627850000000000130e-01	3.391413361354712386e+00
1.689219999999999888e-01	4.250828582489093677e+00
1.745889999999999942e-01	4.536187268654492399e+00
1.796250000000000069e-01	4.817016426389034933e+00
1.839349999999999874e-01	4.825162255241479237e+00
1.877439999999999942e-01	4.604918523405835629e+00
1.913779999999999926e-01	4.371822696199975766e+00
1.951660000000000061e-01	4.583513860450620037e+00
1.994340000000000002e-01	3.583965698236534880e+00
2.044499999999999929e-01	3.570029952158027875e+00
2.101250000000000062e-01	3.325429580983189748e+00
2.162479999999999958e-01	2.253968353881266928e+00
2.226049999999999973e-01	2.454839769094367963e+00
2.289819999999999911e-01	2.338200446579382419e+00
2.351930000000000132e-01	2.247290688853808227e+00
2.412249999999999950e-01	2.197451799235789593e+00
2.471349999999999936e-01	2.523574348926715949e+00
2.529799999999999827e-01	2.890745967449597220e+00
2.588170000000000193e-01	3.061373002061352100e+00
2.646970000000000156e-01	3.362902530763022479e+00
2.706259999999999777e-01	3.368281065649231909e+00
2.765880000000000005e-01	3.432910541792849823e+00
2.825679999999999858e-01	3.621514279739413311e+00
2.885510000000000019e-01	3.606549951172588919e+00
2.945229999999999793e-01	3.142859840124146764e+00
3.004809999999999981e-01	3.325319750454369672e+00
3.064310000000000089e-01	2.838639901216076122e+00
3.123750000000000138e-01	2.670127289183586772e+00
3.183190000000000186e-01	2.702337755430797461e+00
3.242650000000000254e-01	3.041757308992449893e+00
3.302149999999999808e-01	2.952403533913860567e+00
3.361680000000000224e-01	2.885164403377567854e+00
3.421210000000000084e-01	2.816252003667422787e+00
3.480759999999999965e-01	3.168471166379981607e+00
3.540289999999999826e-01	3.345085443579512319e+00
3.599809999999999954e-01	3.744028432404991946e+00
3.659330000000000083e-01	3.249738552586182827e+00
3.718839999999999923e-01	4.060382456913978366e+00
3.778360000000000052e-01	4.206418169946150698e+00
3.837869999999999893e-01	4.274189194819821402e+00
3.897390000000000021e-01	4.260432791894603000e+00
3.956910000000000149e-01	4.291134866402544823e+00
4.016429999999999723e-01	3.990386802373147024e+00
4.075949999999999851e-01	3.940551310182859091e+00
4.135469999999999979e-01	3.840455237776950970e+00
4.194979999999999820e-01	3.816773962018491062e+00
4.254499999999999948e-01	4.229795364227864063e+00
4.314009999999999789e-01	4.177990220879067351e+00
4.373540000000000205e-01	4.070619143402741003e+00
4.433079999999999798e-01	4.310276403452856897e+00
4.492619999999999947e-01	3.816344443425689459e+00
4.552160000000000095e-01	3.791967335678041451e+00
4.611680000000000224e-01	3.869741434041377826e+00
4.671170000000000044e-01	3.850352711028681263e+00
4.730619999999999825e-01	3.765631258479464893e+00
4.790059999999999873e-01	3.614090697417790654e+00
4.849510000000000209e-01	3.917273686170321678e+00
4.909020000000000050e-01	4.191925649990572822e+00
4.968629999999999991e-01	4.505223815066161208e+00
5.028390000000000359e-01	4.302490977424303864e+00
5.088230000000000253e-01	4.445124480396970945e+00
5.148009999999999531e-01	4.208133261908334255e+00
5.207570000000000254e-01	4.176388368509711846e+00
5.266750000000000043e-01	4.066020322369748641e+00
5.325410000000000421e-01	3.876841288321047685e+00
5.383719999999999617e-01	3.892665327351040538e+00
5.442249999999999588e-01	3.693435983908190057e+00
5.501580000000000359e-01	3.478067150885360892e+00
5.562289999999999734e-01	3.702948084074125568e+00
5.624930000000000208e-01	4.313611735398541036e+00
5.688929999999999820e-01	3.775176608744010842e+00
5.752220000000000111e-01	4.332605876136724987e+00
5.812610000000000277e-01	4.411508514636615530e+00
5.867949999999999555e-01	4.469000802353095381e+00
5.916080000000000227e-01	4.720301283621759936e+00
5.957040000000000113e-01	4.362881851403441757e+00
5.993990000000000151e-01	4.610847163636424995e+00
6.030370000000000452e-01	4.696583675324656149e+00
6.069609999999999728e-01	4.866508888734404792e+00
6.115110000000000268e-01	5.287068623937037692e+00
6.168270000000000142e-01	5.105636414487279673e+00
6.227219999999999978e-01	5.112353880628988101e+00
6.289789999999999548e-01	4.839920558719683186e+00
6.353790000000000271e-01	4.838731005208625646e+00
6.417070000000000274e-01	5.154502329657410620e+00
6.478369999999999962e-01	5.689712600940264764e+00
6.538089999999999735e-01	5.450478991426015440e+00
6.596819999999999906e-01	5.285290261498514219e+00
6.655140000000000500e-01	5.756849145605737128e+00
6.713630000000000431e-01	5.930992756296084245e+00
6.772660000000000347e-01	5.820477262184628131e+00
6.832110000000000127e-01	6.127516406241740654e+00
6.891829999999999901e-01	6.044126408668409667e+00
6.951669999999999794e-01	5.607246011559583465e+00
7.011469999999999647e-01	5.596214324101154602e+00
7.071119999999999628e-01	5.489683757198774217e+00
7.130670000000000064e-01	5.283801152535061441e+00
7.190130000000000132e-01	4.440760646467666106e+00
7.249569999999999625e-01	5.240623938526334236e+00
7.309010000000000229e-01	4.582511177275768510e+00
7.368489999999999762e-01	5.038958608595790700e+00
7.428000000000000158e-01	5.438751568653096946e+00
7.487530000000000019e-01	5.742763892524650693e+00
7.547080000000000455e-01	5.980597995552265012e+00
7.606619999999999493e-01	6.113157014042798210e+00
7.666140000000000176e-01	6.015026137290626629e+00
7.725670000000000037e-01	5.786034067187079799e+00
7.785180000000000433e-01	5.901047724535638750e+00
7.844689999999999719e-01	5.165216176317494856e+00
7.904210000000000402e-01	5.459512555745480888e+00
7.963729999999999976e-01	5.490087130115728797e+00
8.023249999999999549e-01	5.280968524302052991e+00
8.082770000000000232e-01	5.923623441089304720e+00
8.142289999999999806e-01	5.800667444152850294e+00
8.201800000000000201e-01	6.296015644950341716e+00
8.261319999999999775e-01	6.349948920066490921e+00
8.320830000000000171e-01	6.769869081952247569e+00
8.380349999999999744e-01	6.261991337250951695e+00
8.439870000000000427e-01	6.217796237506751922e+00
8.499400000000000288e-01	6.715327097357744357e+00
8.558940000000000436e-01	6.413751791867576380e+00
8.618479999999999475e-01	6.083112931644908628e+00
8.678010000000000446e-01	5.925553953870434043e+00
8.737519999999999731e-01	6.240726472413830273e+00
8.797000000000000375e-01	6.063893973350296562e+00
8.856439999999999868e-01	5.734659437914078950e+00
8.915870000000000184e-01	6.150326089834664778e+00
8.975349999999999717e-01	6.099406541066902498e+00
9.034900000000000153e-01	6.587371578010173145e+00
9.094569999999999599e-01	7.003187001100710241e+00
9.154379999999999740e-01	7.509430841888518948e+00
9.214210000000000456e-01	7.866809917516818906e+00
9.273909999999999654e-01	8.070262924567476404e+00
9.333329999999999682e-01	8.715836980754435359e+00
9.392300000000000093e-01	8.268300402158592632e+00
9.450749999999999984e-01	8.635474499579789409e+00
9.509090000000000042e-01	8.650696122430568735e+00
9.567890000000000006e-01	7.540224596596766915e+00
9.627750000000000474e-01	7.312076702039141729e+00
9.689229999999999787e-01	6.723766278659096152e+00
9.752680000000000238e-01	6.732036662686592621e+00
9.816639999999999810e-01	6.414771866945449652e+00
9.878930000000000211e-01	6.479657282931158946e+00
9.937399999999999567e-01	6.396818267035743411e+00
9.989850000000000119e-01	6.683936601342756134e+00
1.003457999999999961e+00	6.879409782916614979e+00
1.007338000000000067e+00	7.023722591006436922e+00
1.010966000000000031e+00	7.574346897608766227e+00
1.014685999999999977e+00	8.232227640233045207e+00
1.018841000000000108e+00	8.428005826348357488e+00
1.023735000000000062e+00	8.653676475849486849e+00
1.029328999999999938e+00	8.595777276323792293e+00
1.035408000000000106e+00	8.775262607909480650e+00
1.041754000000000069e+00	8.745865943494507633e+00
1.048148999999999997e+00	8.907100607633571698e+00
1.054391999999999996e+00	9.069292911211027430e+00
1.060446000000000000e+00	9.519686480397762551e+00
1.066368999999999900e+00	9.719783556586195417e+00
1.072216999999999976e+00	1.004604352574466652e+01
1.078049000000000035e+00	1.027194453652526107e+01
1.083920999999999912e+00	1.054950851537428491e+01
1.089842999999999895e+00	1.081796500975113773e+01
1.095801999999999943e+00	1.075061850769659344e+01
1.101780999999999899e+00	1.058875121743882985e+01
1.107765000000000111e+00	1.028822341072780766e+01
1.113739999999999952e+00	9.809542858859538583e+00
1.119699999999999918e+00	9.418068186411687748e+00
1.125650000000000039e+00	9.381107670397511811e+00
1.131594999999999906e+00	9.003768175066385382e+00
1.137537999999999938e+00	8.477612871978347897e+00
1.143483999999999945e+00	9.459913519599098208e+00
1.149432999999999927e+00	9.780715678220539999e+00
1.155386000000000024e+00	1.009494153943392014e+01
1.161338999999999899e+00	1.048761835046911806e+01
1.167294000000000054e+00	1.123695751146839861e+01
1.173246999999999929e+00	1.198762008076069030e+01
1.179200000000000026e+00	1.173987890346742979e+01
1.185151999999999983e+00	1.245195582178510207e+01
1.191103000000000023e+00	1.280487036041503579e+01
1.197054000000000062e+00	1.270787283048434979e+01
1.203006000000000020e+00	1.297218954129446011e+01
1.208957999999999977e+00	1.345876621305241372e+01
1.214909999999999934e+00	1.336562061827989822e+01
1.220861999999999892e+00	1.386029058427639882e+01
1.226814000000000071e+00	1.386469293695324723e+01
1.232765000000000111e+00	1.404893109933800943e+01
1.238717000000000068e+00	1.370214328489200994e+01
1.244668000000000108e+00	1.462614244480306169e+01
1.250620000000000065e+00	1.460107649369811966e+01
1.256572000000000022e+00	1.531894379538275786e+01
1.262526000000000037e+00	1.525097350824736608e+01
1.268480000000000052e+00	1.526503218003040274e+01
1.274434000000000067e+00	1.548919740007874779e+01
1.280386000000000024e+00	1.569061219503063853e+01
1.286335999999999924e+00	1.594017813529729999e+01
1.292281999999999931e+00	1.656042554166595338e+01
1.298224999999999962e+00	1.690901475607577353e+01
1.304170000000000051e+00	1.707361680861373188e+01
1.310119999999999951e+00	1.760025468097671819e+01
1.316079999999999917e+00	1.824297784324890159e+01
1.322052999999999923e+00	1.816559627799733789e+01
1.328036999999999912e+00	1.843910070123505562e+01
1.334017000000000008e+00	1.859371256290656049e+01
1.339976000000000056e+00	1.854562505585557730e+01
1.345900000000000096e+00	1.905751140920943598e+01
1.351774000000000031e+00	1.909626712124333636e+01
1.357607000000000008e+00	1.980466667834991057e+01
1.363453000000000026e+00	2.034706869850304756e+01
1.369372000000000034e+00	2.163764484419062484e+01
1.375421999999999922e+00	2.229871306036843848e+01
1.381658999999999970e+00	2.223255854530373909e+01
1.388052000000000064e+00	2.277279261059404192e+01
1.394403000000000059e+00	2.351487860677335817e+01
1.400492999999999988e+00	2.578915786728026660e+01
1.406104999999999938e+00	2.960214600344366076e+01
1.411021999999999998e+00	3.598232651638309676e+01
1.415195999999999898e+00	4.525042982594756324e+01
1.418924000000000074e+00	5.572622072790275638e+01
1.422549999999999981e+00	6.528963566615726677e+01
1.426417000000000046e+00	7.229287905549279003e+01
1.430868000000000029e+00	7.468838096244327573e+01
1.436091000000000006e+00	7.185900692061788675e+01
1.441923000000000066e+00	6.478301761290228455e+01
1.448144000000000098e+00	5.599440868837608321e+01
1.454538000000000109e+00	4.679878825409546295e+01
1.460887000000000047e+00	3.878328554006399997e+01
1.467041999999999957e+00	3.302681409896797504e+01
1.473030999999999979e+00	2.978262258324572542e+01
1.478914000000000062e+00	2.807693934262463031e+01
1.484749000000000096e+00	2.701168736614263821e+01
1.490591999999999917e+00	2.579212268097208138e+01
1.496488000000000040e+00	2.481520488097445210e+01
1.502428000000000097e+00	2.307255319238471003e+01
1.508397999999999906e+00	2.155122169920355901e+01
1.514380999999999977e+00	2.019337215691255594e+01
1.520361999999999991e+00	1.894415726855654114e+01
1.526329999999999965e+00	1.792077733043850785e+01
1.532284999999999897e+00	1.714856849877111955e+01
1.538232999999999961e+00	1.778462502253521293e+01
1.544175999999999993e+00	1.725924726116114982e+01
1.550119999999999942e+00	1.708017958766682654e+01
1.556068000000000007e+00	1.651705471943175496e+01
1.562019000000000046e+00	1.547367613019096133e+01
1.567971999999999921e+00	1.481487291759899527e+01
1.573925999999999936e+00	1.459143518738699363e+01
1.579879999999999951e+00	1.430497725194852521e+01
1.585833000000000048e+00	1.434759163883793143e+01
1.591785000000000005e+00	1.500162892844430473e+01
1.597736999999999963e+00	1.547185767230130971e+01
1.603688000000000002e+00	1.563060606935684582e+01
1.609639000000000042e+00	1.643300376499703219e+01
1.615590999999999999e+00	1.747849309583126498e+01
1.621542999999999957e+00	1.708515422683041862e+01
1.627494999999999914e+00	1.721125041585505144e+01
1.633447000000000093e+00	1.761434166286896286e+01
1.639399000000000051e+00	1.703475098297019485e+01
1.645350000000000090e+00	1.723479956495281229e+01
1.651302000000000048e+00	1.683435697964207378e+01
1.657253000000000087e+00	1.747548221457008211e+01
1.663205000000000044e+00	1.737548288988237033e+01
1.669157999999999920e+00	1.713739624544931672e+01
1.675111999999999934e+00	1.653130492494208781e+01
1.681065999999999949e+00	1.698619989641449024e+01
1.687019000000000046e+00	1.732455765137422077e+01
1.692971000000000004e+00	1.736131748203492364e+01
1.698919000000000068e+00	1.688519530958883763e+01
1.704863000000000017e+00	1.754130616553698019e+01
1.710806999999999967e+00	1.723198805615978912e+01
1.716752999999999973e+00	1.788810792710667741e+01
1.722706999999999988e+00	1.866571067049947530e+01
1.728671999999999986e+00	1.876938530365649882e+01
1.734652000000000083e+00	1.848358923010003352e+01
1.740636000000000072e+00	1.843929366313871299e+01
1.746609000000000078e+00	1.844953150271911113e+01
1.752555000000000085e+00	1.835935620407473223e+01
1.758458000000000077e+00	1.842620186880342814e+01
1.764308999999999905e+00	1.797149297339353424e+01
1.770140999999999964e+00	1.787300262866850531e+01
1.776011999999999924e+00	1.842645754405666025e+01
1.781979999999999897e+00	1.883192904780994681e+01
1.788105000000000055e+00	1.908412501391164895e+01
1.794426999999999994e+00	1.947432537747878456e+01
1.800829000000000013e+00	2.014415858664035142e+01
1.807091999999999921e+00	2.117460362872680335e+01
1.813002000000000002e+00	2.135552127521088650e+01
1.818338000000000010e+00	2.178750910532452423e+01
1.822912000000000088e+00	2.192521640490750912e+01
1.826850000000000085e+00	2.142907921183354247e+01
1.830492000000000008e+00	2.102549993267680861e+01
1.834179999999999922e+00	2.080865838477769358e+01
1.838259000000000087e+00	2.074739143165979982e+01
1.843048000000000020e+00	2.107973008988623320e+01
1.848562000000000038e+00	2.114838125452040529e+01
1.854589999999999961e+00	2.197755724939280242e+01
1.860913000000000039e+00	2.249128748823244450e+01
1.867313999999999918e+00	2.310134910089207949e+01
1.873583999999999916e+00	2.363406360183092048e+01
1.879660000000000108e+00	2.410669133783615337e+01
1.885596000000000050e+00	2.391850631867281862e+01
1.891450999999999993e+00	2.418007884171777278e+01
1.897281999999999913e+00	2.459842850492806221e+01
1.903146999999999922e+00	2.464064196894096881e+01
1.909062999999999954e+00	2.493563288559883517e+01
1.915018000000000109e+00	2.542921834311819751e+01
1.920995999999999926e+00	2.569848542347294185e+01
1.926979999999999915e+00	2.584318639264905570e+01
1.932955999999999896e+00	2.588185694892068867e+01
1.938917999999999919e+00	2.580692059221615864e+01
1.944868999999999959e+00	2.631181276562400484e+01
1.950814000000000048e+00	2.583867471953187334e+01
1.956757999999999997e+00	2.603335959416806844e+01
1.962703000000000086e+00	2.590091335785771420e+01
1.968652000000000069e+00	2.657928537190733564e+01
1.974604000000000026e+00	2.710569390792145938e+01
1.980558000000000041e+00	2.736682415510452060e+01
1.986512000000000056e+00	2.807179476088764858e+01
1.992466000000000070e+00	2.916274457086727168e+01
1.998418000000000028e+00	2.960118423948075161e+01
2.004370000000000207e+00	3.050629621124364022e+01
2.010321999999999942e+00	3.116664477726479276e+01
2.016272999999999982e+00	3.230242342745317075e+01
2.022224000000000022e+00	3.303981428684221555e+01
2.028176000000000201e+00	3.391210768757331806e+01
2.034127999999999936e+00	3.474959262622628131e+01
2.040080000000000116e+00	3.600561720310801661e+01
2.046031999999999851e+00	3.821199265624662189e+01
2.051984000000000030e+00	4.146896225285215820e+01
2.057935000000000070e+00	4.425032293321375931e+01
2.063886999999999805e+00	4.763497280032311920e+01
2.069837999999999845e+00	5.170119080464701256e+01
2.075791000000000164e+00	5.393741598080811173e+01
2.081744000000000039e+00	5.525031887714001044e+01
2.087698000000000054e+00	5.503260332889968964e+01
2.093652000000000069e+00	5.367480376784400420e+01
2.099604999999999944e+00	5.197348338675792689e+01
2.105554999999999843e+00	4.957271000712167108e+01
2.111501000000000072e+00	4.722443397590232195e+01
2.117445000000000022e+00	4.509385707542128330e+01
2.123388999999999971e+00	4.365498585017542865e+01
2.129338000000000175e+00	4.220294154459451619e+01
2.135295999999999861e+00	4.105317201056244869e+01
2.141268000000000171e+00	4.019792972076186999e+01
2.147250999999999799e+00	3.842913559589167960e+01
2.153232000000000035e+00	3.735146218953652664e+01
2.159196000000000115e+00	3.610590195964290672e+01
2.165125000000000188e+00	3.491389888229205241e+01
2.171006000000000213e+00	3.499190285319689764e+01
2.176841000000000026e+00	3.491784607350443537e+01
2.182682999999999929e+00	3.489205485195180501e+01
2.188588999999999896e+00	3.573578757257132565e+01
2.194618000000000180e+00	3.633096032993029922e+01
2.200828000000000007e+00	3.780621090147387520e+01
2.207209999999999894e+00	3.816722387319685339e+01
2.213579000000000185e+00	3.912620094455023434e+01
2.219714999999999883e+00	3.971835893833247155e+01
2.225403000000000020e+00	4.022249780288372278e+01
2.230423000000000044e+00	4.012330063814408732e+01
2.234681000000000139e+00	4.032060835910698415e+01
2.238447999999999993e+00	3.972097439326196167e+01
2.242068000000000172e+00	4.020301819472277316e+01
2.245884000000000214e+00	3.995563760689920940e+01
2.250237999999999960e+00	3.966145516092176848e+01
2.255365999999999982e+00	3.989227054881826007e+01
2.261130000000000084e+00	3.943113795094208029e+01
2.267313000000000134e+00	3.963223385890974271e+01
2.273696000000000161e+00	3.978241668539718745e+01
2.280063999999999869e+00	3.959332037339526522e+01
2.286243999999999943e+00	3.972189681161172814e+01
2.292251999999999956e+00	3.999278751815366206e+01
2.298146000000000022e+00	3.958764970945182426e+01
2.303983000000000114e+00	3.939722441549462673e+01
2.309822000000000042e+00	3.941417272756699930e+01
2.315710999999999853e+00	3.928396153420019488e+01
2.321645999999999876e+00	3.908066941684568008e+01
2.327612999999999932e+00	3.965241089361950344e+01
2.333594999999999864e+00	3.941590085329433890e+01
2.339576999999999796e+00	3.881333857233600071e+01
2.345546999999999827e+00	3.897390001715587715e+01
2.351503999999999817e+00	3.846743715103745842e+01
2.357451999999999881e+00	3.795868995233360010e+01
2.363395999999999830e+00	3.753315953230190161e+01
2.369339000000000084e+00	3.730458783215375718e+01
2.375286000000000008e+00	3.738729752693760844e+01
2.381237000000000048e+00	3.758555982690270270e+01
2.387189999999999923e+00	3.770965192383709308e+01
2.393143999999999938e+00	3.771930817452133056e+01
2.399097999999999953e+00	3.808114198818046958e+01
2.405050999999999828e+00	3.836668901612330274e+01
2.411004000000000147e+00	3.822928764367166821e+01
2.416955999999999882e+00	3.844411015721359348e+01
2.422906999999999922e+00	3.865999474689683524e+01
2.428857999999999961e+00	3.943683208131849227e+01
2.434809000000000001e+00	4.050303402716397727e+01
2.440760000000000041e+00	4.184538609813351684e+01
2.446712000000000220e+00	4.383280605859739865e+01
2.452663999999999955e+00	4.585534587429395970e+01
2.458616999999999830e+00	4.759434637171581528e+01
2.464570999999999845e+00	5.023095005041666639e+01
2.470524999999999860e+00	5.222471029498818496e+01
2.476478000000000179e+00	5.501378868961198521e+01
2.482429999999999914e+00	5.706398256783509026e+01
2.488377999999999979e+00	5.998138729400092473e+01
2.494323000000000068e+00	6.272996576721092765e+01
2.500265999999999877e+00	6.509011685318239415e+01
2.506212000000000106e+00	6.716220341370748770e+01
2.512164999999999981e+00	6.974075632073298436e+01
2.518129000000000062e+00	7.108255646499141278e+01
2.524108000000000018e+00	7.155531257132000178e+01
2.530091999999999786e+00	7.108957156081193318e+01
2.536067000000000071e+00	6.978855714946939770e+01
2.542015999999999831e+00	6.773472337247032726e+01
2.547924000000000078e+00	6.484725351372597402e+01
2.553779000000000021e+00	6.091808224685151174e+01
2.559610000000000163e+00	5.728140645402611142e+01
2.565475000000000172e+00	5.289175960006031119e+01
2.571432000000000162e+00	4.848344399075566713e+01
2.577539999999999942e+00	4.344082311380822858e+01
2.583845999999999865e+00	3.912219212697159065e+01
2.590249000000000024e+00	3.499541332008774930e+01
2.596534000000000120e+00	3.106095141671142912e+01
2.602485000000000159e+00	2.761209104726807695e+01
2.607883000000000173e+00	2.422993242000766401e+01
2.612527000000000044e+00	2.206290538883207120e+01
2.616509000000000196e+00	2.010870094045744239e+01
2.620163999999999938e+00	1.823549494237027702e+01
2.623834000000000000e+00	1.646390983160388899e+01
2.627863000000000060e+00	1.538727796923895141e+01
2.632579999999999920e+00	1.345831035181561219e+01
2.638037000000000187e+00	1.166163234914448665e+01
2.644026000000000209e+00	9.933946863809376637e+00
2.650332000000000132e+00	7.936316561141186554e+00
2.656734000000000151e+00	6.700040639589232683e+00
2.663022999999999918e+00	5.363045806384785230e+00
2.669115000000000126e+00	5.547376391682984575e+00
2.675060999999999911e+00	5.044906851385252189e+00
2.680919999999999970e+00	6.139797552994883389e+00
2.686751000000000111e+00	7.518383874944580825e+00
2.692610999999999866e+00	1.049892444436451200e+01
2.698523999999999923e+00	1.418054435053803530e+01
2.704476000000000102e+00	1.791436827677678068e+01
2.710452000000000083e+00	2.255224587065439579e+01
2.716435999999999851e+00	2.664703222114599868e+01
2.722412999999999972e+00	3.046819705573415149e+01
2.728375999999999912e+00	3.419617353364825618e+01
2.734328000000000092e+00	3.664407229694641899e+01
2.740273999999999877e+00	3.877526716960915110e+01
2.746217000000000130e+00	3.944962206538520633e+01
2.752162000000000219e+00	3.956532125740510253e+01
2.758110999999999979e+00	3.873747202987860305e+01
2.764063000000000159e+00	3.677092775459145457e+01
2.770016000000000034e+00	3.479366171493749249e+01
2.775971000000000188e+00	3.259754625184168475e+01
2.781924000000000063e+00	3.028851441178041526e+01
2.787876999999999938e+00	2.778769260729550794e+01
2.793829000000000118e+00	2.498260913838000263e+01
2.799780999999999853e+00	2.122115410315171502e+01
2.805731999999999893e+00	1.573331927429177846e+01
2.811682999999999932e+00	8.851043730302260215e+00
2.817635000000000112e+00	-5.474260284848773139e-01
2.823586999999999847e+00	-1.004196865121541293e+01
2.829539000000000026e+00	-1.952089906861569801e+01
2.835491000000000206e+00	-2.664435907124636671e+01
2.841442999999999941e+00	-3.132959388431139303e+01
2.847395000000000120e+00	-3.239065778443500676e+01
2.853346999999999856e+00	-3.137910179724648785e+01
2.859299000000000035e+00	-2.795429921635854953e+01
2.865251000000000214e+00	-2.352213472708018571e+01
2.871201999999999810e+00	-1.913801595171152670e+01
2.877153999999999989e+00	-1.519029680018746475e+01
2.883106000000000169e+00	-1.142785251515997835e+01
2.889057999999999904e+00	-7.865606097005718667e+00
2.895010000000000083e+00	-4.301708439138959505e+00
2.900961999999999819e+00	-6.266659191434270637e-01
2.906913999999999998e+00	3.605682171349606779e+00
2.912866000000000177e+00	7.637183787009748315e+00
2.918817999999999913e+00	1.160674460488783666e+01
2.924770000000000092e+00	1.463923355544047666e+01
2.930721000000000132e+00	1.719724685838906098e+01
2.936672999999999867e+00	1.839219458956763731e+01
2.942625000000000046e+00	1.947875240611335101e+01
2.948576999999999781e+00	1.946487130710464442e+01
2.954528999999999961e+00	2.034097291636485494e+01
2.960481000000000140e+00	2.197594318119170609e+01
2.966432999999999875e+00	2.438904408506658328e+01
2.972385000000000055e+00	2.723339025680380843e+01
2.978336999999999790e+00	3.043950109115121450e+01
2.984288999999999970e+00	3.289889088863566968e+01
2.990240000000000009e+00	3.470456445450836469e+01
2.996192000000000188e+00	3.506373474687610070e+01
3.002143999999999924e+00	3.359336145293738696e+01
3.008096000000000103e+00	3.007085290337510486e+01
3.014047999999999838e+00	2.303540684561263063e+01
3.020000000000000018e+00	1.340950274385867758e+01
