1.199999999999999956e-01	-1.979832827541753160e-01
1.249780000000000058e-01	-1.104952110604384696e-02
1.305999999999999939e-01	5.837263124563413230e-01
1.367059999999999942e-01	1.491244892990268855e-01
1.431360000000000132e-01	1.469271260385841549e-01
1.497320000000000040e-01	9.501183942624726875e-01
1.563350000000000017e-01	9.632146675234212196e-01
1.627850000000000130e-01	2.079743970717569113e+00
1.689219999999999888e-01	1.406667323690429683e+00
1.745889999999999942e-01	2.255121141337927071e+00
1.796250000000000069e-01	1.885820460157243694e+00
1.839349999999999874e-01	1.720820212200850463e+00
1.877439999999999942e-01	1.630767874635616899e+00
1.913779999999999926e-01	1.819880246642390453e+00
1.951660000000000061e-01	1.639119189062369752e+00
1.994340000000000002e-01	9.937803691824893537e-01
2.044499999999999929e-01	9.863789465415556679e-01
2.101250000000000062e-01	7.193500381162764024e-01
2.162479999999999958e-01	9.209812215858378948e-02
2.226049999999999973e-01	7.192848264582579754e-01
2.289819999999999911e-01	2.850735605604004519e-01
2.351930000000000132e-01	6.832992907981301212e-01
2.412249999999999950e-01	1.103768969115104470e+00
2.471349999999999936e-01	1.812149280291187381e+00
2.529799999999999827e-01	1.046130660323420836e+00
2.588170000000000193e-01	1.946444313817212279e+00
2.646970000000000156e-01	1.712298377202152944e+00
2.706259999999999777e-01	2.145490594984913013e+00
2.765880000000000005e-01	1.787493944352315456e+00
2.825679999999999858e-01	2.038416602751212725e+00
2.885510000000000019e-01	2.425729723890585721e+00
2.945229999999999793e-01	2.731752380391953672e+00
3.004809999999999981e-01	2.504645772504766388e+00
3.064310000000000089e-01	2.645744218748626864e+00
3.123750000000000138e-01	3.361828874561799463e+00
3.183190000000000186e-01	2.933898387025965171e+00
3.242650000000000254e-01	2.362287851396231542e+00
3.302149999999999808e-01	2.585414033242057652e+00
3.361680000000000224e-01	2.243511093498817832e+00
3.421210000000000084e-01	2.239596613495320909e+00
3.480759999999999965e-01	1.160765125601291414e+00
3.540289999999999826e-01	1.512072350120631459e+00
3.599809999999999954e-01	9.585250469131231243e-01
3.659330000000000083e-01	8.550377973917581143e-01
3.718839999999999923e-01	1.807834031659964591e+00
3.778360000000000052e-01	1.613238058935428043e+00
3.837869999999999893e-01	2.109457778785073678e+00
3.897390000000000021e-01	3.326761080793026792e+00
3.956910000000000149e-01	2.678857409923534050e+00
4.016429999999999723e-01	2.625039891080706678e+00
4.075949999999999851e-01	2.661559929599899732e+00
4.135469999999999979e-01	2.906863307481398984e+00
4.194979999999999820e-01	3.201726747175404508e+00
4.254499999999999948e-01	1.832903508304844831e+00
4.314009999999999789e-01	2.124923602083752971e+00
4.373540000000000205e-01	2.313823910958809904e+00
4.433079999999999798e-01	2.573580977295834238e+00
4.492619999999999947e-01	2.331098007843236175e+00
4.552160000000000095e-01	2.048234381675686944e+00
4.611680000000000224e-01	3.145029771212204395e+00
4.671170000000000044e-01	2.072233153850730591e+00
4.730619999999999825e-01	3.215779824778720375e+00
4.790059999999999873e-01	3.097325290014870891e+00
4.849510000000000209e-01	2.389472304090771715e+00
4.909020000000000050e-01	2.669438084679245371e+00
4.968629999999999991e-01	1.994273107527441136e+00
5.028390000000000359e-01	2.514278407070046129e+00
5.088230000000000253e-01	2.221386532455241092e+00
5.148009999999999531e-01	2.474026714095838297e+00
5.207570000000000254e-01	2.274553927590231783e+00
5.266750000000000043e-01	2.830144283540812378e+00
5.325410000000000421e-01	2.797752812213230023e+00
5.383719999999999617e-01	2.332541197501075469e+00
5.442249999999999588e-01	2.803817296406222681e+00
5.501580000000000359e-01	3.440474245715188673e+00
5.562289999999999734e-01	2.899812731489064266e+00
5.624930000000000208e-01	3.766267990351761519e+00
5.688929999999999820e-01	3.515304022434865949e+00
5.752220000000000111e-01	4.119163771668340246e+00
5.812610000000000277e-01	3.342259141638587838e+00
5.867949999999999555e-01	2.893603178714231561e+00
5.916080000000000227e-01	3.132295999930398089e+00
5.957040000000000113e-01	2.847641383134105197e+00
5.993990000000000151e-01	3.582609905588120203e+00
6.030370000000000452e-01	3.045952425487416626e+00
6.069609999999999728e-01	1.626025239037188763e+00
6.115110000000000268e-01	2.809972468445282701e+00
6.168270000000000142e-01	2.698487183048320137e+00
6.227219999999999978e-01	2.423698266466774331e+00
6.289789999999999548e-01	2.402663247370037336e+00
6.353790000000000271e-01	2.069518040667389869e+00
6.417070000000000274e-01	2.886651033119799870e+00
6.478369999999999962e-01	2.895941725066562000e+00
6.538089999999999735e-01	2.731805941201484345e+00
6.596819999999999906e-01	1.669483391000923467e+00
6.655140000000000500e-01	1.625080401008662356e+00
6.713630000000000431e-01	2.091488653524979480e+00
6.772660000000000347e-01	1.638419915033518137e+00
6.832110000000000127e-01	1.206594041739513568e+00
6.891829999999999901e-01	6.846568972024188460e-01
6.951669999999999794e-01	1.180782656783726292e+00
7.011469999999999647e-01	5.522264822065461320e-01
7.071119999999999628e-01	1.543428602514655745e+00
7.130670000000000064e-01	1.484703064413881890e+00
7.190130000000000132e-01	1.439540677349385289e+00
7.249569999999999625e-01	2.274844670368926014e+00
7.309010000000000229e-01	1.684954132154227402e+00
7.368489999999999762e-01	2.086284232956775675e+00
7.428000000000000158e-01	3.002311254071658109e+00
7.487530000000000019e-01	3.304971517623177757e+00
7.547080000000000455e-01	2.020169677541999054e+00
7.606619999999999493e-01	3.130662360681501166e+00
7.666140000000000176e-01	2.703476431486830922e+00
7.725670000000000037e-01	2.224700554448021173e+00
7.785180000000000433e-01	2.929493682885215389e+00
7.844689999999999719e-01	2.489828387680358190e+00
7.904210000000000402e-01	2.614496541347151481e+00
7.963729999999999976e-01	2.132794623837596326e+00
8.023249999999999549e-01	2.301993850163150945e+00
8.082770000000000232e-01	3.062836182529173890e+00
8.142289999999999806e-01	2.586451945114192519e+00
8.201800000000000201e-01	3.105283084336373012e+00
8.261319999999999775e-01	3.776694610031620325e+00
8.320830000000000171e-01	4.001925747430797209e+00
8.380349999999999744e-01	3.778284154963867270e+00
8.439870000000000427e-01	3.902200596461494086e+00
8.499400000000000288e-01	3.704863347775978255e+00
8.558940000000000436e-01	3.563497066134605706e+00
8.618479999999999475e-01	2.997358299775954915e+00
8.678010000000000446e-01	2.751684363419289792e+00
8.737519999999999731e-01	1.794202785921380272e+00
8.797000000000000375e-01	2.482556315915562806e+00
8.856439999999999868e-01	3.319895586614629579e+00
8.915870000000000184e-01	2.891208022616215789e+00
8.975349999999999717e-01	3.788385051697497730e+00
9.034900000000000153e-01	4.237665903632562348e+00
9.094569999999999599e-01	4.120543877069601457e+00
9.154379999999999740e-01	3.753700404747204900e+00
9.214210000000000456e-01	3.614314760160080908e+00
9.273909999999999654e-01	3.379004872668001980e+00
9.333329999999999682e-01	3.045237591013739475e+00
9.392300000000000093e-01	2.410733609498382446e+00
9.450749999999999984e-01	2.665742834374445369e+00
9.509090000000000042e-01	1.946666327010114772e+00
9.567890000000000006e-01	2.226307261363968504e+00
9.627750000000000474e-01	2.779109662097126510e+00
9.689229999999999787e-01	2.156891219473769716e+00
9.752680000000000238e-01	3.292008954791791897e+00
9.816639999999999810e-01	2.781502499116366156e+00
9.878930000000000211e-01	4.210048555692819328e+00
9.937399999999999567e-01	4.374111488490352251e+00
9.989850000000000119e-01	4.043637977602240419e+00
1.003457999999999961e+00	4.106152473537059144e+00
1.007338000000000067e+00	5.491409122696278011e+00
1.010966000000000031e+00	5.239118672923953390e+00
1.014685999999999977e+00	7.160261195610075902e+00
1.018841000000000108e+00	6.121625888351827527e+00
1.023735000000000062e+00	6.495905669131516014e+00
1.029328999999999938e+00	6.551892311251358514e+00
1.035408000000000106e+00	5.963657329045988220e+00
1.041754000000000069e+00	5.839971482513314882e+00
1.048148999999999997e+00	5.285272370708196554e+00
1.054391999999999996e+00	5.287256645717858916e+00
1.060446000000000000e+00	4.984974787853641232e+00
1.066368999999999900e+00	4.627776807217183652e+00
1.072216999999999976e+00	4.546314750532993720e+00
1.078049000000000035e+00	4.439649500849119690e+00
1.083920999999999912e+00	4.603846884936303674e+00
1.089842999999999895e+00	3.711459607882978240e+00
1.095801999999999943e+00	3.251358230424585383e+00
1.101780999999999899e+00	4.256323781782189286e+00
1.107765000000000111e+00	4.468874363045213904e+00
1.113739999999999952e+00	5.716311363805487211e+00
1.119699999999999918e+00	5.865373835584253293e+00
1.125650000000000039e+00	6.135720825894733998e+00
1.131594999999999906e+00	6.366359573343959966e+00
1.137537999999999938e+00	7.002965234271769646e+00
1.143483999999999945e+00	7.483183522291016132e+00
1.149432999999999927e+00	7.693353123044411213e+00
1.155386000000000024e+00	7.448996239203053982e+00
1.161338999999999899e+00	7.640921008480170862e+00
1.167294000000000054e+00	6.521589615145819252e+00
1.173246999999999929e+00	7.321507585756640069e+00
1.179200000000000026e+00	6.587344225402715914e+00
1.185151999999999983e+00	6.577061445891882130e+00
1.191103000000000023e+00	6.289047621867444704e+00
1.197054000000000062e+00	7.443240161120072251e+00
1.203006000000000020e+00	7.060892767982330120e+00
1.208957999999999977e+00	6.387451930821682389e+00
1.214909999999999934e+00	6.517010539308754957e+00
1.220861999999999892e+00	6.368338323603839335e+00
1.226814000000000071e+00	6.343241135765859795e+00
1.232765000000000111e+00	7.461353753878565698e+00
1.238717000000000068e+00	6.688691954154827535e+00
1.244668000000000108e+00	6.673209092259774877e+00
1.250620000000000065e+00	7.676801889017255576e+00
1.256572000000000022e+00	8.027495098281939079e+00
1.262526000000000037e+00	9.216649543610847317e+00
1.268480000000000052e+00	8.675112357626211690e+00
1.274434000000000067e+00	9.833623814595647161e+00
1.280386000000000024e+00	9.313319806294000358e+00
1.286335999999999924e+00	9.796846978672661521e+00
1.292281999999999931e+00	8.802035257196425988e+00
1.298224999999999962e+00	8.573654496853778895e+00
1.304170000000000051e+00	8.121325970955529883e+00
1.310119999999999951e+00	8.056265689919817063e+00
1.316079999999999917e+00	7.839679036421027369e+00
1.322052999999999923e+00	8.651829311968016967e+00
1.328036999999999912e+00	8.597914475173604743e+00
1.334017000000000008e+00	1.009110485002370439e+01
1.339976000000000056e+00	1.015404412780746668e+01
1.345900000000000096e+00	1.007620667743666942e+01
1.351774000000000031e+00	1.046880519993917424e+01
1.357607000000000008e+00	1.107044741273805144e+01
1.363453000000000026e+00	1.055207735023998872e+01
1.369372000000000034e+00	1.069078981299887232e+01
1.375421999999999922e+00	1.096811043994356538e+01
1.381658999999999970e+00	1.080215696740994957e+01
1.388052000000000064e+00	1.203812935286632602e+01
1.394403000000000059e+00	1.343351697458778560e+01
1.400492999999999988e+00	1.538732198028375464e+01
1.406104999999999938e+00	1.574912768912617800e+01
1.411021999999999998e+00	1.756258370446110817e+01
1.415195999999999898e+00	1.824544995504775713e+01
1.418924000000000074e+00	1.921070262803999285e+01
1.422549999999999981e+00	1.941713274632044417e+01
1.426417000000000046e+00	1.974524032199010648e+01
1.430868000000000029e+00	1.989127933203301524e+01
1.436091000000000006e+00	1.872853411953851577e+01
1.441923000000000066e+00	1.778415707551317837e+01
1.448144000000000098e+00	1.678845987236979553e+01
1.454538000000000109e+00	1.539026617157723287e+01
1.460887000000000047e+00	1.398235158453678295e+01
1.467041999999999957e+00	1.310956763220795018e+01
1.473030999999999979e+00	1.385060049190854592e+01
1.478914000000000062e+00	1.227514566327805134e+01
1.484749000000000096e+00	1.089697551439261325e+01
1.490591999999999917e+00	1.148964416322951720e+01
1.496488000000000040e+00	1.095515647670451465e+01
1.502428000000000097e+00	9.351551593433976350e+00
1.508397999999999906e+00	8.786311224350802362e+00
1.514380999999999977e+00	7.998716399252970177e+00
1.520361999999999991e+00	6.633385286305213846e+00
1.526329999999999965e+00	6.619615970508450076e+00
1.532284999999999897e+00	6.119503185381326205e+00
1.538232999999999961e+00	5.512961500793307046e+00
1.544175999999999993e+00	5.298300693410903150e+00
1.550119999999999942e+00	6.230236431970296529e+00
1.556068000000000007e+00	5.464559495763020358e+00
1.562019000000000046e+00	6.544880940685772863e+00
1.567971999999999921e+00	7.154092299809478028e+00
1.573925999999999936e+00	7.856067954978140477e+00
1.579879999999999951e+00	8.912158605677531042e+00
1.585833000000000048e+00	8.939814289639668843e+00
1.591785000000000005e+00	9.014850187955044447e+00
1.597736999999999963e+00	9.721126501686701005e+00
1.603688000000000002e+00	1.025563183447844295e+01
1.609639000000000042e+00	1.101585728535514619e+01
1.615590999999999999e+00	9.970392347180206727e+00
1.621542999999999957e+00	1.046171623135571593e+01
1.627494999999999914e+00	9.596752764704447713e+00
1.633447000000000093e+00	9.542707922099891604e+00
1.639399000000000051e+00	8.221157532800399181e+00
1.645350000000000090e+00	8.279908171611529255e+00
1.651302000000000048e+00	8.029227946291584317e+00
1.657253000000000087e+00	7.916758501010384030e+00
1.663205000000000044e+00	8.229228354430386361e+00
1.669157999999999920e+00	7.648407789780721444e+00
1.675111999999999934e+00	9.551529839377053577e+00
1.681065999999999949e+00	9.676961058532270954e+00
1.687019000000000046e+00	9.866544187266358179e+00
1.692971000000000004e+00	1.041331614704412267e+01
1.698919000000000068e+00	1.071064839112215417e+01
1.704863000000000017e+00	1.101117976579043933e+01
1.710806999999999967e+00	1.011154020660120878e+01
1.716752999999999973e+00	9.558106329022431069e+00
1.722706999999999988e+00	9.888114602424304067e+00
1.728671999999999986e+00	9.178356996087952524e+00
1.734652000000000083e+00	9.425227154364726800e+00
1.740636000000000072e+00	9.708521612091997710e+00
1.746609000000000078e+00	9.364582883459238616e+00
1.752555000000000085e+00	9.079657984138266968e+00
1.758458000000000077e+00	9.542383337197930970e+00
1.764308999999999905e+00	1.107536276175644652e+01
1.770140999999999964e+00	1.085228898905355344e+01
1.776011999999999924e+00	1.059454561675155482e+01
1.781979999999999897e+00	1.128091747942908540e+01
1.788105000000000055e+00	1.171685893351551577e+01
1.794426999999999994e+00	1.139098845384309477e+01
1.800829000000000013e+00	1.079258908182838894e+01
1.807091999999999921e+00	1.119901603446484550e+01
1.813002000000000002e+00	1.162806532230799128e+01
1.818338000000000010e+00	1.210082817375968034e+01
1.822912000000000088e+00	1.184120100060265202e+01
1.826850000000000085e+00	1.141774130667533171e+01
1.830492000000000008e+00	1.254238717667348446e+01
1.834179999999999922e+00	1.222054810674525882e+01
1.838259000000000087e+00	1.261110266190883422e+01
1.843048000000000020e+00	1.307590100635434993e+01
1.848562000000000038e+00	1.215978336224408629e+01
1.854589999999999961e+00	1.163127459717045653e+01
1.860913000000000039e+00	1.101890223351646902e+01
1.867313999999999918e+00	1.069169585491900243e+01
1.873583999999999916e+00	1.001498472064598744e+01
1.879660000000000108e+00	1.036054056786116817e+01
1.885596000000000050e+00	1.027080642795521470e+01
1.891450999999999993e+00	1.085525690288882039e+01
1.897281999999999913e+00	1.112927867031091722e+01
1.903146999999999922e+00	1.066505264859416258e+01
1.909062999999999954e+00	1.244641892824141394e+01
1.915018000000000109e+00	1.402887079114083591e+01
1.920995999999999926e+00	1.438226269921257128e+01
1.926979999999999915e+00	1.459886419570529625e+01
1.932955999999999896e+00	1.603570400569606491e+01
1.938917999999999919e+00	1.589503394296295902e+01
1.944868999999999959e+00	1.637456637023170103e+01
1.950814000000000048e+00	1.582553928565365275e+01
1.956757999999999997e+00	1.543883667364839418e+01
1.962703000000000086e+00	1.631190460212578230e+01
1.968652000000000069e+00	1.593716671604231649e+01
1.974604000000000026e+00	1.658881118024732260e+01
1.980558000000000041e+00	1.576781327051650905e+01
1.986512000000000056e+00	1.714614104375562675e+01
1.992466000000000070e+00	1.754484335907849157e+01
1.998418000000000028e+00	1.688187908408375293e+01
2.004370000000000207e+00	1.737974335801337489e+01
2.010321999999999942e+00	1.708138162044208741e+01
2.016272999999999982e+00	1.801521559983550702e+01
2.022224000000000022e+00	1.761089806821620840e+01
2.028176000000000201e+00	1.811853792257080187e+01
2.034127999999999936e+00	1.809390863805234773e+01
2.040080000000000116e+00	1.865352036448630457e+01
2.046031999999999851e+00	1.844597925285660622e+01
2.051984000000000030e+00	1.980448586016641599e+01
2.057935000000000070e+00	1.983298730366240292e+01
2.063886999999999805e+00	2.124142201811526220e+01
2.069837999999999845e+00	2.214351174206157324e+01
2.075791000000000164e+00	2.245841020159109291e+01
2.081744000000000039e+00	2.219961583542282924e+01
2.087698000000000054e+00	2.221805507426534021e+01
2.093652000000000069e+00	2.249198425772816634e+01
2.099604999999999944e+00	2.151900110225391671e+01
2.105554999999999843e+00	2.083527857859059296e+01
2.111501000000000072e+00	1.963454711785123408e+01
2.117445000000000022e+00	1.829092668480036110e+01
2.123388999999999971e+00	1.856560602673599192e+01
2.129338000000000175e+00	1.744226965308110877e+01
2.135295999999999861e+00	1.731833757372897509e+01
2.141268000000000171e+00	1.677998547315547029e+01
2.147250999999999799e+00	1.640289934996647858e+01
2.153232000000000035e+00	1.583199692266315139e+01
2.159196000000000115e+00	1.545686755670740808e+01
2.165125000000000188e+00	1.533079620836074142e+01
2.171006000000000213e+00	1.647275006779860362e+01
2.176841000000000026e+00	1.584907264136456995e+01
2.182682999999999929e+00	1.663236675029529721e+01
2.188588999999999896e+00	1.660767473754813395e+01
2.194618000000000180e+00	1.683142276772646539e+01
2.200828000000000007e+00	1.722747965280791504e+01
2.207209999999999894e+00	1.761978221500169539e+01
2.213579000000000185e+00	1.722587753188944149e+01
2.219714999999999883e+00	1.826079066062459688e+01
2.225403000000000020e+00	1.887126610637149327e+01
2.230423000000000044e+00	1.832611644843909104e+01
2.234681000000000139e+00	1.811441634600442541e+01
2.238447999999999993e+00	1.889340863072811061e+01
2.242068000000000172e+00	1.819827070460965857e+01
2.245884000000000214e+00	1.925836087582094436e+01
2.250237999999999960e+00	1.938574808899624813e+01
2.255365999999999982e+00	1.968598507380357177e+01
2.261130000000000084e+00	2.044350280732743386e+01
2.267313000000000134e+00	2.171199723170645157e+01
2.273696000000000161e+00	2.222098964677766375e+01
2.280063999999999869e+00	2.205769581551439273e+01
2.286243999999999943e+00	2.353942801441188593e+01
2.292251999999999956e+00	2.301214323605202949e+01
2.298146000000000022e+00	2.349457769853174227e+01
2.303983000000000114e+00	2.396977937710994055e+01
2.309822000000000042e+00	2.337358356580463337e+01
2.315710999999999853e+00	2.280809858831645442e+01
2.321645999999999876e+00	2.280320505634626116e+01
2.327612999999999932e+00	2.115177532214277889e+01
2.333594999999999864e+00	2.121988299348132756e+01
2.339576999999999796e+00	2.044744074962173030e+01
2.345546999999999827e+00	2.007072791809086709e+01
2.351503999999999817e+00	1.938046138099620563e+01
2.357451999999999881e+00	1.903659164708294327e+01
2.363395999999999830e+00	1.902227009258200852e+01
2.369339000000000084e+00	1.869964163418644887e+01
2.375286000000000008e+00	1.907220983022120819e+01
2.381237000000000048e+00	1.977888522552093420e+01
2.387189999999999923e+00	2.048337053648075567e+01
2.393143999999999938e+00	2.198058742029891732e+01
2.399097999999999953e+00	2.195186120429518439e+01
2.405050999999999828e+00	2.400586752801346790e+01
2.411004000000000147e+00	2.393247416345424483e+01
2.416955999999999882e+00	2.613847462201740512e+01
2.422906999999999922e+00	2.812768401982742006e+01
2.428857999999999961e+00	2.884894812706930267e+01
2.434809000000000001e+00	2.950592652850390962e+01
2.440760000000000041e+00	3.021577509746238377e+01
2.446712000000000220e+00	3.007568520421321878e+01
2.452663999999999955e+00	2.955653712964381796e+01
2.458616999999999830e+00	2.868970313828668139e+01
2.464570999999999845e+00	2.816548974057921484e+01
2.470524999999999860e+00	2.767094086560843635e+01
2.476478000000000179e+00	2.668115395781189392e+01
2.482429999999999914e+00	2.788990538170970268e+01
2.488377999999999979e+00	3.034248095102134357e+01
2.494323000000000068e+00	3.388813669820633123e+01
2.500265999999999877e+00	3.981461632507922843e+01
2.506212000000000106e+00	4.681797984476271779e+01
2.512164999999999981e+00	5.328206641379675546e+01
2.518129000000000062e+00	5.736536727643902367e+01
2.524108000000000018e+00	5.991026238096969792e+01
2.530091999999999786e+00	6.107035781030074872e+01
2.536067000000000071e+00	5.910515361927304667e+01
2.542015999999999831e+00	5.635410710599026629e+01
2.547924000000000078e+00	5.553149640304021517e+01
2.553779000000000021e+00	5.380552210884194864e+01
2.559610000000000163e+00	5.259642167489661801e+01
2.565475000000000172e+00	5.232029094347351617e+01
2.571432000000000162e+00	5.091243870485359935e+01
2.577539999999999942e+00	4.843707541143567852e+01
2.583845999999999865e+00	4.373101384455995344e+01
2.590249000000000024e+00	3.684275391824710510e+01
2.596534000000000120e+00	3.069086336394275705e+01
2.602485000000000159e+00	2.296324447301477889e+01
2.607883000000000173e+00	1.523206995746187609e+01
2.612527000000000044e+00	9.551060696584972476e+00
2.616509000000000196e+00	6.670501406537374223e+00
2.620163999999999938e+00	4.927830937294905844e+00
2.623834000000000000e+00	6.021252052415266398e+00
2.627863000000000060e+00	9.039809148021374696e+00
2.632579999999999920e+00	1.388900600545266073e+01
2.638037000000000187e+00	2.137830614617170610e+01
2.644026000000000209e+00	2.977698497867381988e+01
2.650332000000000132e+00	3.473364859623568890e+01
2.656734000000000151e+00	4.111521092462010785e+01
2.663022999999999918e+00	4.099164414266142131e+01
2.669115000000000126e+00	3.762149099095781679e+01
2.675060999999999911e+00	3.269923161006163781e+01
2.680919999999999970e+00	2.508412421239567891e+01
2.686751000000000111e+00	1.789756931402368423e+01
2.692610999999999866e+00	1.193690068815628180e+01
2.698523999999999923e+00	7.117453474756680443e+00
2.704476000000000102e+00	4.031638914807894380e+00
2.710452000000000083e+00	1.929777252036195101e+00
2.716435999999999851e+00	1.975750758805176144e+00
2.722412999999999972e+00	3.631850153889692567e+00
2.728375999999999912e+00	5.387688422432145963e+00
2.734328000000000092e+00	7.960048691970197154e+00
2.740273999999999877e+00	1.088353243172082507e+01
2.746217000000000130e+00	1.306003506633824074e+01
2.752162000000000219e+00	1.419019130751413371e+01
2.758110999999999979e+00	1.393286399071669912e+01
2.764063000000000159e+00	1.427619799750340590e+01
2.770016000000000034e+00	1.259056791755055116e+01
2.775971000000000188e+00	1.093702003835728753e+01
2.781924000000000063e+00	1.155477101245555183e+01
2.787876999999999938e+00	1.156895524066869818e+01
2.793829000000000118e+00	1.076720007406083113e+01
2.799780999999999853e+00	1.033810133042887713e+01
2.805731999999999893e+00	6.108754512017861238e+00
2.811682999999999932e+00	-1.620629851443517344e+00
2.817635000000000112e+00	-1.064410536884648906e+01
2.823586999999999847e+00	-2.213808538768930134e+01
2.829539000000000026e+00	-3.235747390040888405e+01
2.835491000000000206e+00	-3.812747939913717943e+01
2.841442999999999941e+00	-3.926560786697611150e+01
2.847395000000000120e+00	-3.295254825983784031e+01
2.853346999999999856e+00	-2.230634974340717136e+01
2.859299000000000035e+00	-9.803063423374723584e+00
2.865251000000000214e+00	1.127779149031987505e+00
2.871201999999999810e+00	8.513169186271586142e+00
2.877153999999999989e+00	1.080457267549975420e+01
2.883106000000000169e+00	1.007672976321251745e+01
2.889057999999999904e+00	7.134978778886767792e+00
2.895010000000000083e+00	1.823530856292683522e+00
2.900961999999999819e+00	-1.357024084587767465e+00
2.906913999999999998e+00	-2.790787818720680047e+00
2.912866000000000177e+00	-3.489112429647438507e+00
2.918817999999999913e+00	-1.781120190552238247e+00
2.924770000000000092e+00	1.393216101625825987e-01
2.930721000000000132e+00	3.596137188503264248e+00
2.936672999999999867e+00	6.817515380419662208e+00
2.942625000000000046e+00	1.021524458649030542e+01
2.948576999999999781e+00	1.418251991743500362e+01
2.954528999999999961e+00	1.731173778156001219e+01
2.960481000000000140e+00	1.999886864693145938e+01
2.966432999999999875e+00	2.169564821529874266e+01
2.972385000000000055e+00	2.263593043722642406e+01
2.978336999999999790e+00	2.334559338408137208e+01
2.984288999999999970e+00	2.339597952666432690e+01
2.990240000000000009e+00	2.326378799512752948e+01
2.996192000000000188e+00	2.286885980852038003e+01
3.002143999999999924e+00	2.288660540729591730e+01
3.008096000000000103e+00	2.424220355071956590e+01
3.014047999999999838e+00	2.476546534124897292e+01
3.020000000000000018e+00	2.693614990944401910e+01
