1.199999999999999956e-01	-3.935890000000000222e-01
1.249780000000000058e-01	-1.837419999999999887e-01
1.305999999999999939e-01	-5.122999999999999776e-02
1.367059999999999942e-01	1.321499999999999932e-02
1.431360000000000132e-01	1.886300000000000129e-02
1.497320000000000040e-01	-2.501499999999999904e-02
1.563350000000000017e-01	-1.091509999999999980e-01
1.627850000000000130e-01	-2.242750000000000021e-01
1.689219999999999888e-01	-3.611179999999999946e-01
1.745889999999999942e-01	-5.104090000000000016e-01
1.796250000000000069e-01	-6.628789999999999960e-01
1.839349999999999874e-01	-8.103780000000000427e-01
1.877439999999999942e-01	-9.504550000000000498e-01
1.913779999999999926e-01	-1.082478000000000051e+00
1.951660000000000061e-01	-1.205813999999999941e+00
1.994340000000000002e-01	-1.319830000000000059e+00
2.044499999999999929e-01	-1.422474000000000016e+00
2.101250000000000062e-01	-1.503514999999999935e+00
2.162479999999999958e-01	-1.549790999999999919e+00
2.226049999999999973e-01	-1.548135999999999957e+00
2.289819999999999911e-01	-1.485384999999999955e+00
2.351930000000000132e-01	-1.353707999999999911e+00
2.412249999999999950e-01	-1.180193999999999965e+00
2.471349999999999936e-01	-1.005970000000000031e+00
2.529799999999999827e-01	-8.722029999999999506e-01
2.588170000000000193e-01	-8.200589999999999824e-01
2.646970000000000156e-01	-8.834170000000000078e-01
2.706259999999999777e-01	-1.041952999999999907e+00
2.765880000000000005e-01	-1.250906999999999991e+00
2.825679999999999858e-01	-1.465403000000000011e+00
2.885510000000000019e-01	-1.640563999999999911e+00
2.945229999999999793e-01	-1.736431000000000058e+00
3.004809999999999981e-01	-1.754788999999999932e+00
3.064310000000000089e-01	-1.718469999999999942e+00
3.123750000000000138e-01	-1.650470000000000104e+00
3.183190000000000186e-01	-1.573784000000000072e+00
3.242650000000000254e-01	-1.509932999999999970e+00
3.302149999999999808e-01	-1.466102999999999934e+00
3.361680000000000224e-01	-1.441410000000000080e+00
3.421210000000000084e-01	-1.434879000000000016e+00
3.480759999999999965e-01	-1.445532999999999957e+00
3.540289999999999826e-01	-1.471981999999999902e+00
3.599809999999999954e-01	-1.508162000000000003e+00
3.659330000000000083e-01	-1.545080999999999927e+00
3.718839999999999923e-01	-1.573698000000000041e+00
3.778360000000000052e-01	-1.584975000000000023e+00
3.837869999999999893e-01	-1.570775999999999950e+00
3.897390000000000021e-01	-1.534712000000000076e+00
3.956910000000000149e-01	-1.488612999999999964e+00
4.016429999999999723e-01	-1.444472999999999896e+00
4.075949999999999851e-01	-1.414290999999999965e+00
4.135469999999999979e-01	-1.409164000000000083e+00
4.194979999999999820e-01	-1.426527000000000100e+00
4.254499999999999948e-01	-1.453181999999999974e+00
4.314009999999999789e-01	-1.475651999999999964e+00
4.373540000000000205e-01	-1.480461999999999945e+00
4.433079999999999798e-01	-1.454925000000000024e+00
4.492619999999999947e-01	-1.400576000000000043e+00
4.552160000000000095e-01	-1.331242999999999954e+00
4.611680000000000224e-01	-1.261161999999999894e+00
4.671170000000000044e-01	-1.204569000000000001e+00
4.730619999999999825e-01	-1.174951000000000079e+00
4.790059999999999873e-01	-1.169772999999999952e+00
4.849510000000000209e-01	-1.171094000000000079e+00
4.909020000000000050e-01	-1.160352999999999968e+00
4.968629999999999991e-01	-1.118986000000000036e+00
5.028390000000000359e-01	-1.029327000000000103e+00
5.088230000000000253e-01	-8.969660000000000410e-01
5.148009999999999531e-01	-7.523339999999999472e-01
5.207570000000000254e-01	-6.270769999999999955e-01
5.266750000000000043e-01	-5.528380000000000516e-01
5.325410000000000421e-01	-5.603190000000000115e-01
5.383719999999999617e-01	-6.499960000000000182e-01
5.442249999999999588e-01	-7.864659999999999984e-01
5.501580000000000359e-01	-9.322430000000000438e-01
5.562289999999999734e-01	-1.049838999999999967e+00
5.624930000000000208e-01	-1.102430999999999939e+00
5.688929999999999820e-01	-1.079895999999999967e+00
5.752220000000000111e-01	-1.007360999999999951e+00
5.812610000000000277e-01	-9.123649999999999816e-01
5.867949999999999555e-01	-8.224470000000000391e-01
5.916080000000000227e-01	-7.647389999999999466e-01
5.957040000000000113e-01	-7.452069999999999528e-01
5.993990000000000151e-01	-7.387310000000000265e-01
6.030370000000000452e-01	-7.177059999999999551e-01
6.069609999999999728e-01	-6.545269999999999699e-01
6.115110000000000268e-01	-5.219730000000000203e-01
6.168270000000000142e-01	-3.195410000000000195e-01
6.227219999999999978e-01	-9.044399999999999662e-02
6.289789999999999548e-01	1.180609999999999993e-01
6.353790000000000271e-01	2.587189999999999768e-01
6.417070000000000274e-01	2.846020000000000216e-01
6.478369999999999962e-01	1.810170000000000112e-01
6.538089999999999735e-01	-7.903000000000000302e-03
6.596819999999999906e-01	-2.317659999999999998e-01
6.655140000000000500e-01	-4.401760000000000117e-01
6.713630000000000431e-01	-5.828929999999999945e-01
6.772660000000000347e-01	-6.318559999999999732e-01
6.832110000000000127e-01	-6.042279999999999873e-01
6.891829999999999901e-01	-5.226819999999999800e-01
6.951669999999999794e-01	-4.098910000000000053e-01
7.011469999999999647e-01	-2.885030000000000094e-01
7.071119999999999628e-01	-1.750919999999999976e-01
7.130670000000000064e-01	-7.236900000000000277e-02
7.190130000000000132e-01	1.887700000000000142e-02
7.249569999999999625e-01	9.785800000000000054e-02
7.309010000000000229e-01	1.637909999999999922e-01
7.368489999999999762e-01	2.174550000000000094e-01
7.428000000000000158e-01	2.636370000000000102e-01
7.487530000000000019e-01	3.077520000000000255e-01
7.547080000000000455e-01	3.552179999999999782e-01
7.606619999999999493e-01	4.114450000000000052e-01
7.666140000000000176e-01	4.767870000000000164e-01
7.725670000000000037e-01	5.370449999999999946e-01
7.785180000000000433e-01	5.754169999999999563e-01
7.844689999999999719e-01	5.751039999999999486e-01
7.904210000000000402e-01	5.193090000000000206e-01
7.963729999999999976e-01	4.016140000000000265e-01
8.023249999999999549e-01	2.492270000000000041e-01
8.082770000000000232e-01	9.614599999999999536e-02
8.142289999999999806e-01	-2.362900000000000070e-02
8.201800000000000201e-01	-7.609699999999999798e-02
8.261319999999999775e-01	-3.896100000000000257e-02
8.320830000000000171e-01	6.733899999999999608e-02
8.380349999999999744e-01	2.126029999999999864e-01
8.439870000000000427e-01	3.666340000000000154e-01
8.499400000000000288e-01	4.992329999999999823e-01
8.558940000000000436e-01	5.859649999999999581e-01
8.618479999999999475e-01	6.261600000000000499e-01
8.678010000000000446e-01	6.252699999999999925e-01
8.737519999999999731e-01	5.887459999999999916e-01
8.797000000000000375e-01	5.220420000000000060e-01
8.856439999999999868e-01	4.328890000000000238e-01
8.915870000000000184e-01	3.396390000000000242e-01
8.975349999999999717e-01	2.637309999999999932e-01
9.034900000000000153e-01	2.266039999999999999e-01
9.094569999999999599e-01	2.496960000000000013e-01
9.154379999999999740e-01	3.497689999999999966e-01
9.214210000000000456e-01	5.189719999999999889e-01
9.273909999999999654e-01	7.413920000000000510e-01
9.333329999999999682e-01	1.001111000000000084e+00
9.392300000000000093e-01	1.282208999999999932e+00
9.450749999999999984e-01	1.568891999999999953e+00
9.509090000000000042e-01	1.846106999999999942e+00
9.567890000000000006e-01	2.099075000000000024e+00
9.627750000000000474e-01	2.313015000000000043e+00
9.689229999999999787e-01	2.473148999999999820e+00
9.752680000000000238e-01	2.568896000000000068e+00
9.816639999999999810e-01	2.618028999999999940e+00
9.878930000000000211e-01	2.650061000000000000e+00
9.937399999999999567e-01	2.694538999999999795e+00
9.989850000000000119e-01	2.781010999999999900e+00
1.003457999999999961e+00	2.932077000000000044e+00
1.007338000000000067e+00	3.116944000000000159e+00
1.010966000000000031e+00	3.280062000000000033e+00
1.014685999999999977e+00	3.365747999999999962e+00
1.018841000000000108e+00	3.318315999999999821e+00
1.023735000000000062e+00	3.091776999999999997e+00
1.029328999999999938e+00	2.725242000000000164e+00
1.035408000000000106e+00	2.301946000000000048e+00
1.041754000000000069e+00	1.905496000000000079e+00
1.048148999999999997e+00	1.619499000000000022e+00
1.054391999999999996e+00	1.518680999999999948e+00
1.060446000000000000e+00	1.588286000000000087e+00
1.066368999999999900e+00	1.761770999999999976e+00
1.072216999999999976e+00	1.971961000000000075e+00
1.078049000000000035e+00	2.151679999999999815e+00
1.083920999999999912e+00	2.239647000000000165e+00
1.089842999999999895e+00	2.243100000000000094e+00
1.095801999999999943e+00	2.213483999999999785e+00
1.101780999999999899e+00	2.202979000000000021e+00
1.107765000000000111e+00	2.263764999999999805e+00
1.113739999999999952e+00	2.443760999999999850e+00
1.119699999999999918e+00	2.733274999999999899e+00
1.125650000000000039e+00	3.081242000000000036e+00
1.131594999999999906e+00	3.435686000000000018e+00
1.137537999999999938e+00	3.744632999999999878e+00
1.143483999999999945e+00	3.958746000000000098e+00
1.149432999999999927e+00	4.070394000000000290e+00
1.155386000000000024e+00	4.105275999999999925e+00
1.161338999999999899e+00	4.090016999999999570e+00
1.167294000000000054e+00	4.051247000000000043e+00
1.173246999999999929e+00	4.015115999999999907e+00
1.179200000000000026e+00	3.998885000000000023e+00
1.185151999999999983e+00	4.011912999999999840e+00
1.191103000000000023e+00	4.063283000000000200e+00
1.197054000000000062e+00	4.162080999999999698e+00
1.203006000000000020e+00	4.316607999999999556e+00
1.208957999999999977e+00	4.517540999999999585e+00
1.214909999999999934e+00	4.738167999999999935e+00
1.220861999999999892e+00	4.951037000000000354e+00
1.226814000000000071e+00	5.128697999999999979e+00
1.232765000000000111e+00	5.244519999999999627e+00
1.238717000000000068e+00	5.294302000000000064e+00
1.244668000000000108e+00	5.298437999999999981e+00
1.250620000000000065e+00	5.278577000000000297e+00
1.256572000000000022e+00	5.256370999999999682e+00
1.262526000000000037e+00	5.252912000000000248e+00
1.268480000000000052e+00	5.270490999999999815e+00
1.274434000000000067e+00	5.288476000000000177e+00
1.280386000000000024e+00	5.284847000000000072e+00
1.286335999999999924e+00	5.237582999999999878e+00
1.292281999999999931e+00	5.125328999999999802e+00
1.298224999999999962e+00	4.955244000000000426e+00
1.304170000000000051e+00	4.773137000000000185e+00
1.310119999999999951e+00	4.627569000000000266e+00
1.316079999999999917e+00	4.567101000000000077e+00
1.322052999999999923e+00	4.639568999999999832e+00
1.328036999999999912e+00	4.852203000000000266e+00
1.334017000000000008e+00	5.150972000000000328e+00
1.339976000000000056e+00	5.476766999999999719e+00
1.345900000000000096e+00	5.770477999999999774e+00
1.351774000000000031e+00	5.973500999999999728e+00
1.357607000000000008e+00	6.065571000000000268e+00
1.363453000000000026e+00	6.090868999999999645e+00
1.369372000000000034e+00	6.099757000000000318e+00
1.375421999999999922e+00	6.142596000000000167e+00
1.381658999999999970e+00	6.269491999999999621e+00
1.388052000000000064e+00	6.503204000000000207e+00
1.394403000000000059e+00	6.815195000000000114e+00
1.400492999999999988e+00	7.171274000000000370e+00
1.406104999999999938e+00	7.537251999999999619e+00
1.411021999999999998e+00	7.879012999999999600e+00
1.415195999999999898e+00	8.174232999999999194e+00
1.418924000000000074e+00	8.425319000000000003e+00
1.422549999999999981e+00	8.637793000000000276e+00
1.426417000000000046e+00	8.817175000000000651e+00
1.430868000000000029e+00	8.968965000000000742e+00
1.436091000000000006e+00	9.092556000000000083e+00
1.441923000000000066e+00	9.173004000000000602e+00
1.448144000000000098e+00	9.193310000000000315e+00
1.454538000000000109e+00	9.136475000000000790e+00
1.460887000000000047e+00	8.985523000000000593e+00
1.467041999999999957e+00	8.735730000000000217e+00
1.473030999999999979e+00	8.414654000000000522e+00
1.478914000000000062e+00	8.055110000000000881e+00
1.484749000000000096e+00	7.689911000000000385e+00
1.490591999999999917e+00	7.351867000000000374e+00
1.496488000000000040e+00	7.068226000000000120e+00
1.502428000000000097e+00	6.849770999999999610e+00
1.508397999999999906e+00	6.704246000000000372e+00
1.514380999999999977e+00	6.639396999999999771e+00
1.520361999999999991e+00	6.662969999999999615e+00
1.526329999999999965e+00	6.777968000000000437e+00
1.532284999999999897e+00	6.971580999999999584e+00
1.538232999999999961e+00	7.227704000000000129e+00
1.544175999999999993e+00	7.530230000000000423e+00
1.550119999999999942e+00	7.863052999999999848e+00
1.556068000000000007e+00	8.213172000000000139e+00
1.562019000000000046e+00	8.579276999999999376e+00
1.567971999999999921e+00	8.962808000000000774e+00
1.573925999999999936e+00	9.365204999999999558e+00
1.579879999999999951e+00	9.787910000000000110e+00
1.585833000000000048e+00	1.022844000000000086e+01
1.591785000000000005e+00	1.066765200000000036e+01
1.597736999999999963e+00	1.108197099999999935e+01
1.603688000000000002e+00	1.144782599999999917e+01
1.609639000000000042e+00	1.174164400000000086e+01
1.615590999999999999e+00	1.194773499999999977e+01
1.621542999999999957e+00	1.208823399999999992e+01
1.627494999999999914e+00	1.219660999999999973e+01
1.633447000000000093e+00	1.230633500000000069e+01
1.639399000000000051e+00	1.245088100000000075e+01
1.645350000000000090e+00	1.265778199999999920e+01
1.651302000000000048e+00	1.292235600000000062e+01
1.657253000000000087e+00	1.322904899999999984e+01
1.663205000000000044e+00	1.356229500000000066e+01
1.669157999999999920e+00	1.390653200000000034e+01
1.675111999999999934e+00	1.424827400000000033e+01
1.681065999999999949e+00	1.458680299999999974e+01
1.687019000000000046e+00	1.492624600000000079e+01
1.692971000000000004e+00	1.527074099999999923e+01
1.698919000000000068e+00	1.562442399999999942e+01
1.704863000000000017e+00	1.599131200000000064e+01
1.710806999999999967e+00	1.637457200000000057e+01
1.716752999999999973e+00	1.677701199999999915e+01
1.722706999999999988e+00	1.720143799999999956e+01
1.728671999999999986e+00	1.765065600000000146e+01
1.734652000000000083e+00	1.812715400000000088e+01
1.740636000000000072e+00	1.863089499999999887e+01
1.746609000000000078e+00	1.916063799999999873e+01
1.752555000000000085e+00	1.971513500000000008e+01
1.758458000000000077e+00	2.029313700000000154e+01
1.764308999999999905e+00	2.090172199999999947e+01
1.770140999999999964e+00	2.162357300000000038e+01
1.776011999999999924e+00	2.258166999999999902e+01
1.781979999999999897e+00	2.389937000000000111e+01
1.788105000000000055e+00	2.570003099999999918e+01
1.794426999999999994e+00	2.808111600000000152e+01
1.800829000000000013e+00	3.086993500000000168e+01
1.807091999999999921e+00	3.373311300000000301e+01
1.813002000000000002e+00	3.633514600000000172e+01
1.818338000000000010e+00	3.834053200000000317e+01
1.822912000000000088e+00	3.943688000000000216e+01
1.826850000000000085e+00	3.959058100000000024e+01
1.830492000000000008e+00	3.895279500000000183e+01
1.834179999999999922e+00	3.767799200000000326e+01
1.838259000000000087e+00	3.592063999999999879e+01
1.843048000000000020e+00	3.383523300000000233e+01
1.848562000000000038e+00	3.157659500000000108e+01
1.854589999999999961e+00	2.929979200000000006e+01
1.860913000000000039e+00	2.715990100000000140e+01
1.867313999999999918e+00	2.531199300000000108e+01
1.873583999999999916e+00	2.390317500000000095e+01
1.879660000000000108e+00	2.294906999999999897e+01
1.885596000000000050e+00	2.235743199999999931e+01
1.891450999999999993e+00	2.203282600000000002e+01
1.897281999999999913e+00	2.187981900000000124e+01
1.903146999999999922e+00	2.180464399999999969e+01
1.909062999999999954e+00	2.174619900000000072e+01
1.915018000000000109e+00	2.167316599999999838e+01
1.920995999999999926e+00	2.155531900000000078e+01
1.926979999999999915e+00	2.136242899999999878e+01
1.932955999999999896e+00	2.106503500000000173e+01
1.938917999999999919e+00	2.065168999999999855e+01
1.944868999999999959e+00	2.012920400000000143e+01
1.950814000000000048e+00	1.950519900000000106e+01
1.956757999999999997e+00	1.878729600000000133e+01
1.962703000000000086e+00	1.798384700000000080e+01
1.968652000000000069e+00	1.712415400000000076e+01
1.974604000000000026e+00	1.626111300000000170e+01
1.980558000000000041e+00	1.544887800000000055e+01
1.986512000000000056e+00	1.474160200000000032e+01
1.992466000000000070e+00	1.419242900000000063e+01
1.998418000000000028e+00	1.381832099999999919e+01
2.004370000000000207e+00	1.359095499999999923e+01
2.010321999999999942e+00	1.347914399999999979e+01
2.016272999999999982e+00	1.345170599999999972e+01
2.022224000000000022e+00	1.347776999999999958e+01
2.028176000000000201e+00	1.354085899999999931e+01
2.034127999999999936e+00	1.364452999999999960e+01
2.040080000000000116e+00	1.379382299999999972e+01
2.046031999999999851e+00	1.399377800000000072e+01
2.051984000000000030e+00	1.424906499999999987e+01
2.057935000000000070e+00	1.454206100000000035e+01
2.063886999999999805e+00	1.482059699999999935e+01
2.069837999999999845e+00	1.502952999999999939e+01
2.075791000000000164e+00	1.511371600000000015e+01
2.081744000000000039e+00	1.501849999999999952e+01
2.087698000000000054e+00	1.472898700000000005e+01
2.093652000000000069e+00	1.429898500000000006e+01
2.099604999999999944e+00	1.378912599999999955e+01
2.105554999999999843e+00	1.326003799999999977e+01
2.111501000000000072e+00	1.277225800000000078e+01
2.117445000000000022e+00	1.237522500000000036e+01
2.123388999999999971e+00	1.209698099999999954e+01
2.129338000000000175e+00	1.196312499999999979e+01
2.135295999999999861e+00	1.199926199999999987e+01
2.141268000000000171e+00	1.223086799999999918e+01
2.147250999999999799e+00	1.266093099999999971e+01
2.153232000000000035e+00	1.324392800000000037e+01
2.159196000000000115e+00	1.392802400000000063e+01
2.165125000000000188e+00	1.466138199999999969e+01
2.171006000000000213e+00	1.539219499999999918e+01
2.176841000000000026e+00	1.607751999999999981e+01
2.182682999999999929e+00	1.669582499999999925e+01
2.188588999999999896e+00	1.722875300000000109e+01
2.194618000000000180e+00	1.765794400000000053e+01
2.200828000000000007e+00	1.796505700000000161e+01
2.207209999999999894e+00	1.814328799999999831e+01
2.213579000000000185e+00	1.821712600000000037e+01
2.219714999999999883e+00	1.821631800000000112e+01
2.225403000000000020e+00	1.817060899999999890e+01
2.230423000000000044e+00	1.810974399999999918e+01
2.234681000000000139e+00	1.805883100000000141e+01
2.238447999999999993e+00	1.802883999999999887e+01
2.242068000000000172e+00	1.802805100000000138e+01
2.245884000000000214e+00	1.806474400000000102e+01
2.250237999999999960e+00	1.814720200000000006e+01
2.255365999999999982e+00	1.828615299999999877e+01
2.261130000000000084e+00	1.850074700000000050e+01
2.267313000000000134e+00	1.881194299999999942e+01
2.273696000000000161e+00	1.924069899999999933e+01
2.280063999999999869e+00	1.980797400000000152e+01
2.286243999999999943e+00	2.051184500000000099e+01
2.292251999999999956e+00	2.126160099999999886e+01
2.298146000000000022e+00	2.194499499999999870e+01
2.303983000000000114e+00	2.244978300000000004e+01
2.309822000000000042e+00	2.266371699999999834e+01
2.315710999999999853e+00	2.251268599999999864e+01
2.321645999999999876e+00	2.208963400000000021e+01
2.327612999999999932e+00	2.153324399999999983e+01
2.333594999999999864e+00	2.098219699999999932e+01
2.339576999999999796e+00	2.057517700000000005e+01
2.345546999999999827e+00	2.042903799999999848e+01
2.351503999999999817e+00	2.055262499999999903e+01
2.357451999999999881e+00	2.092143499999999889e+01
2.363395999999999830e+00	2.151095799999999869e+01
2.369339000000000084e+00	2.229667999999999850e+01
2.375286000000000008e+00	2.325710099999999869e+01
2.381237000000000048e+00	2.438757000000000019e+01
2.387189999999999923e+00	2.568929199999999824e+01
2.393143999999999938e+00	2.716347999999999985e+01
2.399097999999999953e+00	2.881134700000000137e+01
2.405050999999999828e+00	3.062922299999999964e+01
2.411004000000000147e+00	3.258250799999999714e+01
2.416955999999999882e+00	3.462451300000000032e+01
2.422906999999999922e+00	3.670852299999999957e+01
2.428857999999999961e+00	3.878782100000000099e+01
2.434809000000000001e+00	4.079503199999999907e+01
2.440760000000000041e+00	4.251398600000000272e+01
2.446712000000000220e+00	4.366331999999999880e+01
2.452663999999999955e+00	4.396139600000000058e+01
2.458616999999999830e+00	4.312657300000000049e+01
2.464570999999999845e+00	4.093638899999999836e+01
2.470524999999999860e+00	3.765415699999999788e+01
2.476478000000000179e+00	3.378141899999999964e+01
2.482429999999999914e+00	2.982135500000000050e+01
2.488377999999999979e+00	2.627714699999999937e+01
2.494323000000000068e+00	2.361016300000000001e+01
2.500265999999999877e+00	2.188886199999999960e+01
2.506212000000000106e+00	2.096642699999999948e+01
2.512164999999999981e+00	2.069383499999999998e+01
2.518129000000000062e+00	2.092206200000000038e+01
2.524108000000000018e+00	2.150245999999999924e+01
2.530091999999999786e+00	2.229040200000000027e+01
2.536067000000000071e+00	2.314372499999999988e+01
2.542015999999999831e+00	2.392030300000000054e+01
2.547924000000000078e+00	2.447800499999999957e+01
2.553779000000000021e+00	2.468203899999999962e+01
2.559610000000000163e+00	2.448944399999999888e+01
2.565475000000000172e+00	2.391978200000000143e+01
2.571432000000000162e+00	2.299381500000000145e+01
2.577539999999999942e+00	2.173230399999999918e+01
2.583845999999999865e+00	2.016152200000000150e+01
2.590249000000000024e+00	1.838823899999999867e+01
2.596534000000000120e+00	1.658021300000000053e+01
2.602485000000000159e+00	1.490671599999999941e+01
2.607883000000000173e+00	1.353701799999999977e+01
2.612527000000000044e+00	1.263457499999999989e+01
2.616509000000000196e+00	1.226278800000000047e+01
2.620163999999999938e+00	1.240076799999999935e+01
2.623834000000000000e+00	1.302499599999999980e+01
2.627863000000000060e+00	1.411195099999999947e+01
2.632579999999999920e+00	1.563194700000000026e+01
2.638037000000000187e+00	1.742899600000000149e+01
2.644026000000000209e+00	1.922885899999999992e+01
2.650332000000000132e+00	2.075274500000000089e+01
2.656734000000000151e+00	2.172186299999999903e+01
2.663022999999999918e+00	2.186872899999999831e+01
2.669115000000000126e+00	2.120538300000000120e+01
2.675060999999999911e+00	2.003466099999999983e+01
2.680919999999999970e+00	1.867295800000000128e+01
2.686751000000000111e+00	1.743667200000000150e+01
2.692610999999999866e+00	1.663408099999999834e+01
2.698523999999999923e+00	1.632722499999999854e+01
2.704476000000000102e+00	1.629347100000000026e+01
2.710452000000000083e+00	1.629432699999999912e+01
2.716435999999999851e+00	1.609130199999999888e+01
2.722412999999999972e+00	1.545084800000000058e+01
2.728375999999999912e+00	1.432709799999999944e+01
2.734328000000000092e+00	1.291541499999999942e+01
2.740273999999999877e+00	1.142702399999999940e+01
2.746217000000000130e+00	1.007315200000000033e+01
2.752162000000000219e+00	9.063342999999999705e+00
2.758110999999999979e+00	8.525168999999999997e+00
2.764063000000000159e+00	8.468989999999999796e+00
2.770016000000000034e+00	8.896148000000000167e+00
2.775971000000000188e+00	9.807987999999999928e+00
2.781924000000000063e+00	1.120449400000000040e+01
2.787876999999999938e+00	1.299790400000000012e+01
2.793829000000000118e+00	1.496072200000000052e+01
2.799780999999999853e+00	1.685298500000000033e+01
2.805731999999999893e+00	1.843472999999999828e+01
2.811682999999999932e+00	1.946713300000000046e+01
2.817635000000000112e+00	1.981312600000000046e+01
2.823586999999999847e+00	1.951632999999999996e+01
2.829539000000000026e+00	1.863893799999999956e+01
2.835491000000000206e+00	1.724314599999999942e+01
2.841442999999999941e+00	1.539184500000000000e+01
2.847395000000000120e+00	1.323902700000000010e+01
2.853346999999999856e+00	1.111933299999999925e+01
2.859299000000000035e+00	9.388688999999999396e+00
2.865251000000000214e+00	8.403022999999999243e+00
2.871201999999999810e+00	8.517039999999999722e+00
2.877153999999999989e+00	9.833477000000000245e+00
2.883106000000000169e+00	1.189605599999999974e+01
2.889057999999999904e+00	1.417334999999999923e+01
2.895010000000000083e+00	1.613393500000000103e+01
2.900961999999999819e+00	1.724686900000000023e+01
2.906913999999999998e+00	1.715860699999999994e+01
2.912866000000000177e+00	1.595677099999999982e+01
2.918817999999999913e+00	1.379640500000000003e+01
2.924770000000000092e+00	1.083255100000000049e+01
2.930721000000000132e+00	7.220337999999999923e+00
2.936672999999999867e+00	3.183161999999999825e+00
2.942625000000000046e+00	-8.648909999999999654e-01
2.948576999999999781e+00	-4.476701000000000263e+00
2.954528999999999961e+00	-7.205146000000000051e+00
2.960481000000000140e+00	-8.603177999999999770e+00
2.966432999999999875e+00	-8.396096999999999255e+00
2.972385000000000055e+00	-6.851024999999999920e+00
2.978336999999999790e+00	-4.341275999999999691e+00
2.984288999999999970e+00	-1.240169999999999995e+00
2.990240000000000009e+00	2.078978999999999910e+00
2.996192000000000188e+00	5.242852000000000068e+00
3.002143999999999924e+00	7.878134000000000192e+00
3.008096000000000103e+00	9.611506000000000327e+00
3.014047999999999838e+00	1.006965300000000063e+01
3.020000000000000018e+00	8.879258000000000095e+00
