1.199999999999999956e-01	2.177310412917833560e+00
1.249780000000000058e-01	1.315512727428676421e+00
1.305999999999999939e-01	2.381792176878850531e-01
1.367059999999999942e-01	-2.335435159636077285e-01
1.431360000000000132e-01	-8.730900402137056204e-01
1.497320000000000040e-01	-1.025151582860946764e+00
1.563350000000000017e-01	-9.331673033817760032e-01
1.627850000000000130e-01	-8.851610010694137554e-01
1.689219999999999888e-01	-8.552734811755658972e-01
1.745889999999999942e-01	-8.284111108855480854e-01
1.796250000000000069e-01	-4.700784791053650991e-01
1.839349999999999874e-01	-6.396471171265131206e-01
1.877439999999999942e-01	-9.294950484392067169e-01
1.913779999999999926e-01	-7.692352737782279792e-01
1.951660000000000061e-01	-8.350783208560985660e-01
1.994340000000000002e-01	-1.036877578579876058e+00
2.044499999999999929e-01	-9.938265548487258405e-01
2.101250000000000062e-01	-8.981171381948547250e-01
2.162479999999999958e-01	-7.030277228076078355e-01
2.226049999999999973e-01	-9.453608188818842795e-01
2.289819999999999911e-01	-9.007430520130067508e-01
2.351930000000000132e-01	-1.028136906829660191e+00
2.412249999999999950e-01	-1.277081809197857298e+00
2.471349999999999936e-01	-1.704745926143123036e+00
2.529799999999999827e-01	-1.590587508309668330e+00
2.588170000000000193e-01	-1.769368638103063995e+00
2.646970000000000156e-01	-1.975187871145096308e+00
2.706259999999999777e-01	-1.681125731878143403e+00
2.765880000000000005e-01	-1.623135284409113144e+00
2.825679999999999858e-01	-1.314565499804479343e+00
2.885510000000000019e-01	-1.237050052238565900e+00
2.945229999999999793e-01	-1.126267557263484598e+00
3.004809999999999981e-01	-1.345483192720435150e+00
3.064310000000000089e-01	-1.237618035114418369e+00
3.123750000000000138e-01	-1.353157305029818236e+00
3.183190000000000186e-01	-1.531009409660996745e+00
3.242650000000000254e-01	-1.568064886338007113e+00
3.302149999999999808e-01	-1.317805491929262107e+00
3.361680000000000224e-01	-1.179613606011818749e+00
3.421210000000000084e-01	-1.189210373592438863e+00
3.480759999999999965e-01	-9.770569026638007415e-01
3.540289999999999826e-01	-6.617076915216547617e-01
3.599809999999999954e-01	-8.746297310758476273e-01
3.659330000000000083e-01	-9.097812160155602790e-01
3.718839999999999923e-01	-9.448957725835614996e-01
3.778360000000000052e-01	-1.260699347582899144e+00
3.837869999999999893e-01	-1.236302318290590563e+00
3.897390000000000021e-01	-1.380507286952866064e+00
3.956910000000000149e-01	-1.541098157791309653e+00
4.016429999999999723e-01	-1.431661333669872027e+00
4.075949999999999851e-01	-1.491046160781431151e+00
4.135469999999999979e-01	-1.534993449320053660e+00
4.194979999999999820e-01	-1.831513507633927507e+00
4.254499999999999948e-01	-1.624669051470894132e+00
4.314009999999999789e-01	-1.790158068142635450e+00
4.373540000000000205e-01	-1.586341982463699951e+00
4.433079999999999798e-01	-1.709539418375774611e+00
4.492619999999999947e-01	-1.599570832606127535e+00
4.552160000000000095e-01	-1.489735800973750912e+00
4.611680000000000224e-01	-1.477805281542980964e+00
4.671170000000000044e-01	-1.276480469125617079e+00
4.730619999999999825e-01	-1.046702089191174245e+00
4.790059999999999873e-01	-1.018097857897121594e+00
4.849510000000000209e-01	-1.277369823997516640e+00
4.909020000000000050e-01	-1.221516313000821086e+00
4.968629999999999991e-01	-1.116244329771093780e+00
5.028390000000000359e-01	-1.375034914782178763e+00
5.088230000000000253e-01	-1.095077438329390418e+00
5.148009999999999531e-01	-9.349254076026262128e-01
5.207570000000000254e-01	-1.211182971988663093e+00
5.266750000000000043e-01	-9.019260194172431522e-01
5.325410000000000421e-01	-8.273221179354229848e-01
5.383719999999999617e-01	-9.138187779568782698e-01
5.442249999999999588e-01	-1.011264404879260281e+00
5.501580000000000359e-01	-1.103662021859632025e+00
5.562289999999999734e-01	-1.165446522048143585e+00
5.624930000000000208e-01	-1.029415334057947939e+00
5.688929999999999820e-01	-1.110064510664566573e+00
5.752220000000000111e-01	-9.590601327611839588e-01
5.812610000000000277e-01	-9.205083880955525766e-01
5.867949999999999555e-01	-7.686277693420828783e-01
5.916080000000000227e-01	-7.156615440604235934e-01
5.957040000000000113e-01	-6.009943934410555411e-01
5.993990000000000151e-01	-6.880254889353851766e-01
6.030370000000000452e-01	-6.310928585979075356e-01
6.069609999999999728e-01	-1.781718345056421127e-01
6.115110000000000268e-01	-2.200363717375658501e-01
6.168270000000000142e-01	-5.649514410693222410e-02
6.227219999999999978e-01	1.786500148751885286e-01
6.289789999999999548e-01	1.704356961139393278e-01
6.353790000000000271e-01	2.003852592437694036e-01
6.417070000000000274e-01	3.235626739444817934e-01
6.478369999999999962e-01	2.675677788147505787e-01
6.538089999999999735e-01	7.494463971595026475e-02
6.596819999999999906e-01	-1.064375164726727024e-01
6.655140000000000500e-01	-1.882235343141516748e-01
6.713630000000000431e-01	-2.916073061511307296e-01
6.772660000000000347e-01	-4.619886861074963269e-01
6.832110000000000127e-01	-2.497762811696412899e-01
6.891829999999999901e-01	-8.991376147832574883e-02
6.951669999999999794e-01	-4.585036739292404351e-02
7.011469999999999647e-01	-6.441431553574411550e-02
7.071119999999999628e-01	2.788512351545342077e-02
7.130670000000000064e-01	2.835331015011553490e-01
7.190130000000000132e-01	3.550218006993114406e-01
7.249569999999999625e-01	2.051424354045577603e-01
7.309010000000000229e-01	4.280214292863210312e-01
7.368489999999999762e-01	2.116203279176898933e-01
7.428000000000000158e-01	3.986447879951987572e-01
7.487530000000000019e-01	5.210171307131862273e-01
7.547080000000000455e-01	5.713804226266671060e-01
7.606619999999999493e-01	6.009685174592063195e-01
7.666140000000000176e-01	6.119216078247675661e-01
7.725670000000000037e-01	3.683061576021783301e-01
7.785180000000000433e-01	5.277634289020775027e-01
7.844689999999999719e-01	5.469730708900766292e-01
7.904210000000000402e-01	3.670826923166981004e-01
7.963729999999999976e-01	4.563729201945033731e-01
8.023249999999999549e-01	5.111088505919479941e-01
8.082770000000000232e-01	4.061694279958020237e-01
8.142289999999999806e-01	4.145600428203115584e-01
8.201800000000000201e-01	4.829967799836938358e-01
8.261319999999999775e-01	6.528828288385259970e-01
8.320830000000000171e-01	5.091865241626376548e-01
8.380349999999999744e-01	5.183343782907434694e-01
8.439870000000000427e-01	5.669936308689720317e-01
8.499400000000000288e-01	5.734382876460615286e-01
8.558940000000000436e-01	6.432263227642831538e-01
8.618479999999999475e-01	7.396667767368956259e-01
8.678010000000000446e-01	6.575956928306677662e-01
8.737519999999999731e-01	1.039397161702962702e+00
8.797000000000000375e-01	9.776593694966000392e-01
8.856439999999999868e-01	1.181801037121423592e+00
8.915870000000000184e-01	1.256120629486118023e+00
8.975349999999999717e-01	1.305229305586447675e+00
9.034900000000000153e-01	1.589699371683878981e+00
9.094569999999999599e-01	1.709239470690703033e+00
9.154379999999999740e-01	1.864257367190280235e+00
9.214210000000000456e-01	1.733041087571153049e+00
9.273909999999999654e-01	1.943142312868781918e+00
9.333329999999999682e-01	1.795713965143144186e+00
9.392300000000000093e-01	1.425490027293169648e+00
9.450749999999999984e-01	1.409759715468689167e+00
9.509090000000000042e-01	1.497285018055141359e+00
9.567890000000000006e-01	1.435985379955492913e+00
9.627750000000000474e-01	1.410309705266988844e+00
9.689229999999999787e-01	1.386738232020924055e+00
9.752680000000000238e-01	1.402638654793321837e+00
9.816639999999999810e-01	1.321886728901368935e+00
9.878930000000000211e-01	1.599300359350664280e+00
9.937399999999999567e-01	1.674692448650679788e+00
9.989850000000000119e-01	1.754235336026602532e+00
1.003457999999999961e+00	1.780799791206512328e+00
1.007338000000000067e+00	1.787327481746305180e+00
1.010966000000000031e+00	1.833302321836727478e+00
1.014685999999999977e+00	1.929059164983288444e+00
1.018841000000000108e+00	1.895817747374858531e+00
1.023735000000000062e+00	1.973679365136303376e+00
1.029328999999999938e+00	1.968989564635199363e+00
1.035408000000000106e+00	1.900971738934767341e+00
1.041754000000000069e+00	1.857666693726739204e+00
1.048148999999999997e+00	1.925520074735253662e+00
1.054391999999999996e+00	1.980204999588529802e+00
1.060446000000000000e+00	1.963706801060727036e+00
1.066368999999999900e+00	2.011882698863653118e+00
1.072216999999999976e+00	2.046979970367739377e+00
1.078049000000000035e+00	2.128399420738540826e+00
1.083920999999999912e+00	1.962418514566355965e+00
1.089842999999999895e+00	2.514503898752788125e+00
1.095801999999999943e+00	2.396306030939820531e+00
1.101780999999999899e+00	2.590478241063342235e+00
1.107765000000000111e+00	2.609839517740565995e+00
1.113739999999999952e+00	2.628467601498424511e+00
1.119699999999999918e+00	2.924226925388424103e+00
1.125650000000000039e+00	2.942104022192792101e+00
1.131594999999999906e+00	2.894838279002986958e+00
1.137537999999999938e+00	3.109218676082096788e+00
1.143483999999999945e+00	3.261961025577217121e+00
1.149432999999999927e+00	3.360391649534577141e+00
1.155386000000000024e+00	3.693527930182447960e+00
1.161338999999999899e+00	4.058081491436457355e+00
1.167294000000000054e+00	4.014289943663015059e+00
1.173246999999999929e+00	3.982260018376481803e+00
1.179200000000000026e+00	4.260226697338734603e+00
1.185151999999999983e+00	4.065545998290681418e+00
1.191103000000000023e+00	3.831685211211453890e+00
1.197054000000000062e+00	3.721748720916799869e+00
1.203006000000000020e+00	3.992201346875267731e+00
1.208957999999999977e+00	4.176273578349959159e+00
1.214909999999999934e+00	4.209520153674303877e+00
1.220861999999999892e+00	4.392867908311829162e+00
1.226814000000000071e+00	4.738620354488446651e+00
1.232765000000000111e+00	4.897495103443128883e+00
1.238717000000000068e+00	4.926678094838218058e+00
1.244668000000000108e+00	4.928406072074047017e+00
1.250620000000000065e+00	4.886148455988273298e+00
1.256572000000000022e+00	4.664963708975441214e+00
1.262526000000000037e+00	4.855662685013448332e+00
1.268480000000000052e+00	4.696615470148909566e+00
1.274434000000000067e+00	4.536661837669877073e+00
1.280386000000000024e+00	4.428130686013776796e+00
1.286335999999999924e+00	4.447283667513878491e+00
1.292281999999999931e+00	4.252758313021245407e+00
1.298224999999999962e+00	4.205590974337591881e+00
1.304170000000000051e+00	4.312725784890735881e+00
1.310119999999999951e+00	4.255377229419790908e+00
1.316079999999999917e+00	4.344479847041585074e+00
1.322052999999999923e+00	4.268662200802975093e+00
1.328036999999999912e+00	4.601025931569215466e+00
1.334017000000000008e+00	4.852904596692815709e+00
1.339976000000000056e+00	5.087434032749538204e+00
1.345900000000000096e+00	5.513069878361873677e+00
1.351774000000000031e+00	5.851981745822000924e+00
1.357607000000000008e+00	6.069519793029274801e+00
1.363453000000000026e+00	6.271635892068466944e+00
1.369372000000000034e+00	6.228339997433491426e+00
1.375421999999999922e+00	6.812677679249008911e+00
1.381658999999999970e+00	6.886399324411963896e+00
1.388052000000000064e+00	7.343932533597373080e+00
1.394403000000000059e+00	7.536092102882754773e+00
1.400492999999999988e+00	7.905898572682089842e+00
1.406104999999999938e+00	7.850836937302458018e+00
1.411021999999999998e+00	8.402360692031416889e+00
1.415195999999999898e+00	8.515724718360630163e+00
1.418924000000000074e+00	8.791259833919340849e+00
1.422549999999999981e+00	9.061738169907179952e+00
1.426417000000000046e+00	9.220451226777790055e+00
1.430868000000000029e+00	9.360408255913473141e+00
1.436091000000000006e+00	9.470259759133133670e+00
1.441923000000000066e+00	9.757799275110572879e+00
1.448144000000000098e+00	1.015713209527653405e+01
1.454538000000000109e+00	1.011623136577202509e+01
1.460887000000000047e+00	9.936960554381315092e+00
1.467041999999999957e+00	1.007159412867991044e+01
1.473030999999999979e+00	9.827689671150357853e+00
1.478914000000000062e+00	9.594692306100156998e+00
1.484749000000000096e+00	9.119157791930536661e+00
1.490591999999999917e+00	8.681618867062400824e+00
1.496488000000000040e+00	7.958148775436000300e+00
1.502428000000000097e+00	7.473219478135765037e+00
1.508397999999999906e+00	6.624539079144574849e+00
1.514380999999999977e+00	6.091992358355190262e+00
1.520361999999999991e+00	5.706347512216095375e+00
1.526329999999999965e+00	5.444794369267355272e+00
1.532284999999999897e+00	5.338687585738397523e+00
1.538232999999999961e+00	5.732312487106537624e+00
1.544175999999999993e+00	5.978523883864336419e+00
1.550119999999999942e+00	6.454602764108218871e+00
1.556068000000000007e+00	7.012242376348724271e+00
1.562019000000000046e+00	7.870311833399417978e+00
1.567971999999999921e+00	8.332056376376055340e+00
1.573925999999999936e+00	9.062116670870276280e+00
1.579879999999999951e+00	9.519305924254728879e+00
1.585833000000000048e+00	1.034732295293114923e+01
1.591785000000000005e+00	1.088117253182545596e+01
1.597736999999999963e+00	1.125193195504203203e+01
1.603688000000000002e+00	1.153168728726554804e+01
1.609639000000000042e+00	1.164414566014014341e+01
1.615590999999999999e+00	1.159498166546519116e+01
1.621542999999999957e+00	1.139182812677064582e+01
1.627494999999999914e+00	1.111086700565460639e+01
1.633447000000000093e+00	1.084750882421444729e+01
1.639399000000000051e+00	1.046349448887095868e+01
1.645350000000000090e+00	1.008395690709116188e+01
1.651302000000000048e+00	9.997925624238428455e+00
1.657253000000000087e+00	9.999622132946505815e+00
1.663205000000000044e+00	1.004787620840332885e+01
1.669157999999999920e+00	1.024122668856706042e+01
1.675111999999999934e+00	1.078891597191509000e+01
1.681065999999999949e+00	1.117929132287269844e+01
1.687019000000000046e+00	1.195060014376837110e+01
1.692971000000000004e+00	1.275419730368482440e+01
1.698919000000000068e+00	1.399456029429472537e+01
1.704863000000000017e+00	1.515451595109038507e+01
1.710806999999999967e+00	1.637426499751941478e+01
1.716752999999999973e+00	1.747525716710804744e+01
1.722706999999999988e+00	1.886090331420367505e+01
1.728671999999999986e+00	1.986649938725443931e+01
1.734652000000000083e+00	2.064774855836846257e+01
1.740636000000000072e+00	2.092026246268664025e+01
1.746609000000000078e+00	2.138626018963438824e+01
1.752555000000000085e+00	2.149955588772686710e+01
1.758458000000000077e+00	2.128596847846210594e+01
1.764308999999999905e+00	2.133847537889133861e+01
1.770140999999999964e+00	2.147574778477627078e+01
1.776011999999999924e+00	2.168883551112956809e+01
1.781979999999999897e+00	2.256390549545210433e+01
1.788105000000000055e+00	2.371699064864840167e+01
1.794426999999999994e+00	2.582768546129922527e+01
1.800829000000000013e+00	2.885693364579606524e+01
1.807091999999999921e+00	3.198924765366199097e+01
1.813002000000000002e+00	3.509351766355715796e+01
1.818338000000000010e+00	3.790948236855846432e+01
1.822912000000000088e+00	4.014809796143045872e+01
1.826850000000000085e+00	4.169888331941483983e+01
1.830492000000000008e+00	4.245093339661399057e+01
1.834179999999999922e+00	4.237596705938408803e+01
1.838259000000000087e+00	4.125748015380856515e+01
1.843048000000000020e+00	3.892335775727399749e+01
1.848562000000000038e+00	3.609534894967136864e+01
1.854589999999999961e+00	3.269950650970810813e+01
1.860913000000000039e+00	2.919521190403833799e+01
1.867313999999999918e+00	2.599965675823358779e+01
1.873583999999999916e+00	2.334942179702866127e+01
1.879660000000000108e+00	2.178333996525313054e+01
1.885596000000000050e+00	2.041479209761880043e+01
1.891450999999999993e+00	1.971480174410942610e+01
1.897281999999999913e+00	1.906096088415510081e+01
1.903146999999999922e+00	1.882959795072194353e+01
1.909062999999999954e+00	1.817577088961990128e+01
1.915018000000000109e+00	1.810504173032597208e+01
1.920995999999999926e+00	1.792402251600391239e+01
1.926979999999999915e+00	1.760780801366887260e+01
1.932955999999999896e+00	1.739219080880624091e+01
1.938917999999999919e+00	1.673295882876432827e+01
1.944868999999999959e+00	1.656519656526273820e+01
1.950814000000000048e+00	1.599033492136362788e+01
1.956757999999999997e+00	1.534627165329249898e+01
1.962703000000000086e+00	1.476643555385980733e+01
1.968652000000000069e+00	1.432651983215874658e+01
1.974604000000000026e+00	1.413044272793660561e+01
1.980558000000000041e+00	1.361755092686111190e+01
1.986512000000000056e+00	1.313539189487336145e+01
1.992466000000000070e+00	1.296506223642989575e+01
1.998418000000000028e+00	1.276783778031381189e+01
2.004370000000000207e+00	1.242716458008494840e+01
2.010321999999999942e+00	1.216680919027701968e+01
2.016272999999999982e+00	1.203691206634536925e+01
2.022224000000000022e+00	1.201134721442997311e+01
2.028176000000000201e+00	1.216540509481305499e+01
2.034127999999999936e+00	1.235250921822607140e+01
2.040080000000000116e+00	1.274949762526273389e+01
2.046031999999999851e+00	1.297110767374336504e+01
2.051984000000000030e+00	1.303906149818152649e+01
2.057935000000000070e+00	1.321882140604294875e+01
2.063886999999999805e+00	1.338762004181131893e+01
2.069837999999999845e+00	1.323698478652975474e+01
2.075791000000000164e+00	1.299462476479367368e+01
2.081744000000000039e+00	1.262819357052627822e+01
2.087698000000000054e+00	1.239460253739135887e+01
2.093652000000000069e+00	1.201146399090367289e+01
2.099604999999999944e+00	1.177115227487187177e+01
2.105554999999999843e+00	1.133806293632039619e+01
2.111501000000000072e+00	1.106518267431967040e+01
2.117445000000000022e+00	1.104508078029717133e+01
2.123388999999999971e+00	1.090690433545900007e+01
2.129338000000000175e+00	1.115187410432618087e+01
2.135295999999999861e+00	1.135251174150404019e+01
2.141268000000000171e+00	1.165391568698043834e+01
2.147250999999999799e+00	1.217975087525197786e+01
2.153232000000000035e+00	1.258571019599223284e+01
2.159196000000000115e+00	1.282798795097773592e+01
2.165125000000000188e+00	1.350556130020080303e+01
2.171006000000000213e+00	1.390591600224134261e+01
2.176841000000000026e+00	1.467313931092766843e+01
2.182682999999999929e+00	1.542145849948493641e+01
2.188588999999999896e+00	1.630255934407189855e+01
2.194618000000000180e+00	1.683951616416945285e+01
2.200828000000000007e+00	1.784648574127696108e+01
2.207209999999999894e+00	1.793757385015945971e+01
2.213579000000000185e+00	1.835926051348110732e+01
2.219714999999999883e+00	1.842085847241972374e+01
2.225403000000000020e+00	1.844391034103148286e+01
2.230423000000000044e+00	1.822009246204044430e+01
2.234681000000000139e+00	1.800960338645597858e+01
2.238447999999999993e+00	1.747682436284368990e+01
2.242068000000000172e+00	1.684643661159593009e+01
2.245884000000000214e+00	1.633332451004424257e+01
2.250237999999999960e+00	1.579666131882525626e+01
2.255365999999999982e+00	1.543859978896556306e+01
2.261130000000000084e+00	1.536350896493454599e+01
2.267313000000000134e+00	1.522741962175041053e+01
2.273696000000000161e+00	1.539208869825959525e+01
2.280063999999999869e+00	1.570745987303859970e+01
2.286243999999999943e+00	1.610238101589454018e+01
2.292251999999999956e+00	1.660063095250604448e+01
2.298146000000000022e+00	1.717772120562433003e+01
2.303983000000000114e+00	1.769447441647684727e+01
2.309822000000000042e+00	1.834719107789739567e+01
2.315710999999999853e+00	1.838875490573843052e+01
2.321645999999999876e+00	1.863344796957123606e+01
2.327612999999999932e+00	1.852462920737509577e+01
2.333594999999999864e+00	1.829218494566230646e+01
2.339576999999999796e+00	1.813703393979567835e+01
2.345546999999999827e+00	1.794888464800369476e+01
2.351503999999999817e+00	1.781298092765147345e+01
2.357451999999999881e+00	1.755314225367684955e+01
2.363395999999999830e+00	1.717516205180150379e+01
2.369339000000000084e+00	1.730045427764505561e+01
2.375286000000000008e+00	1.695884311100627428e+01
2.381237000000000048e+00	1.683660769957112535e+01
2.387189999999999923e+00	1.693380833464507162e+01
2.393143999999999938e+00	1.719709294096131202e+01
2.399097999999999953e+00	1.745424158186018104e+01
2.405050999999999828e+00	1.817861870551929471e+01
2.411004000000000147e+00	1.895854985131453319e+01
2.416955999999999882e+00	2.031016963558899135e+01
2.422906999999999922e+00	2.172215679248163056e+01
2.428857999999999961e+00	2.373517766449068844e+01
2.434809000000000001e+00	2.589890953997821299e+01
2.440760000000000041e+00	2.801822599219384813e+01
2.446712000000000220e+00	3.025522837219923034e+01
2.452663999999999955e+00	3.197333243806880532e+01
2.458616999999999830e+00	3.315253637656750385e+01
2.464570999999999845e+00	3.334355400776209422e+01
2.470524999999999860e+00	3.269108814130008511e+01
2.476478000000000179e+00	3.132315803415613686e+01
2.482429999999999914e+00	2.959055704762822003e+01
2.488377999999999979e+00	2.803997682814606307e+01
2.494323000000000068e+00	2.633946719435520833e+01
2.500265999999999877e+00	2.489168155427647022e+01
2.506212000000000106e+00	2.364101780583112244e+01
2.512164999999999981e+00	2.215954759621319781e+01
2.518129000000000062e+00	2.074979168134451157e+01
2.524108000000000018e+00	1.956645465339907375e+01
2.530091999999999786e+00	1.882916648574144602e+01
2.536067000000000071e+00	1.883998574275923943e+01
2.542015999999999831e+00	2.025504162893982496e+01
2.547924000000000078e+00	2.370843037204079451e+01
2.553779000000000021e+00	2.986474749290119135e+01
2.559610000000000163e+00	3.794874339225157911e+01
2.565475000000000172e+00	4.601924102218089985e+01
2.571432000000000162e+00	5.291197286952544232e+01
2.577539999999999942e+00	5.729514453417036890e+01
2.583845999999999865e+00	5.696988080220387474e+01
2.590249000000000024e+00	5.246292038166491523e+01
2.596534000000000120e+00	4.549604085353821148e+01
2.602485000000000159e+00	3.727641037063150975e+01
2.607883000000000173e+00	2.916145431764865847e+01
2.612527000000000044e+00	2.282728946818707527e+01
2.616509000000000196e+00	1.850858307617005849e+01
2.620163999999999938e+00	1.538542500291016601e+01
2.623834000000000000e+00	1.354660488359070314e+01
2.627863000000000060e+00	1.191309013310100262e+01
2.632579999999999920e+00	1.001212553308852016e+01
2.638037000000000187e+00	8.134038385487560419e+00
2.644026000000000209e+00	6.571580039604726586e+00
2.650332000000000132e+00	6.148569237415814293e+00
2.656734000000000151e+00	7.677346542596305667e+00
2.663022999999999918e+00	1.185889328147200317e+01
2.669115000000000126e+00	1.772614272946250935e+01
2.675060999999999911e+00	2.430653400871972991e+01
2.680919999999999970e+00	3.021400747179242785e+01
2.686751000000000111e+00	3.368019240310998441e+01
2.692610999999999866e+00	3.361702957273461578e+01
2.698523999999999923e+00	2.970328207196491022e+01
2.704476000000000102e+00	2.338771767626280607e+01
2.710452000000000083e+00	1.604592516242435352e+01
2.716435999999999851e+00	9.203207057426107340e+00
2.722412999999999972e+00	4.203000010474979398e+00
2.728375999999999912e+00	1.829833925218935953e+00
2.734328000000000092e+00	1.609483430051328767e+00
2.740273999999999877e+00	2.855462894653483019e+00
2.746217000000000130e+00	5.512041836152937968e+00
2.752162000000000219e+00	9.237612283991678552e+00
2.758110999999999979e+00	1.323883160721718433e+01
2.764063000000000159e+00	1.750534059365331530e+01
2.770016000000000034e+00	2.143730239896769874e+01
2.775971000000000188e+00	2.485586867240815678e+01
2.781924000000000063e+00	2.720761796045032455e+01
2.787876999999999938e+00	2.861759458056514305e+01
2.793829000000000118e+00	2.855038652442551950e+01
2.799780999999999853e+00	2.724190401209110135e+01
2.805731999999999893e+00	2.462016593000630849e+01
2.811682999999999932e+00	2.044057599063474129e+01
2.817635000000000112e+00	1.516580153208167303e+01
2.823586999999999847e+00	9.367964039130637133e+00
2.829539000000000026e+00	3.276764663465514538e+00
2.835491000000000206e+00	-1.375675486458253882e+00
2.841442999999999941e+00	-4.876061200269577789e+00
2.847395000000000120e+00	-6.351857105962123384e+00
2.853346999999999856e+00	-6.447536100834649453e+00
2.859299000000000035e+00	-4.623858673907449202e+00
2.865251000000000214e+00	-1.402205596700723866e+00
2.871201999999999810e+00	2.685295843734975207e+00
2.877153999999999989e+00	7.998049753301546438e+00
2.883106000000000169e+00	1.339724830755701213e+01
2.889057999999999904e+00	1.822468979384312249e+01
2.895010000000000083e+00	2.197152741883518345e+01
2.900961999999999819e+00	2.394616022976443404e+01
2.906913999999999998e+00	2.373601973986295732e+01
2.912866000000000177e+00	2.169497533143820789e+01
2.918817999999999913e+00	1.859168260506708492e+01
2.924770000000000092e+00	1.511548843173727619e+01
2.930721000000000132e+00	1.131550523242205486e+01
2.936672999999999867e+00	8.118467873046995464e+00
2.942625000000000046e+00	5.196278861562497298e+00
2.948576999999999781e+00	2.647535777527287415e+00
2.954528999999999961e+00	3.881216483150839308e-02
2.960481000000000140e+00	-2.525800307323153415e+00
2.966432999999999875e+00	-5.088276945850366495e+00
2.972385000000000055e+00	-7.696687711148373801e+00
2.978336999999999790e+00	-9.982535912760893027e+00
2.984288999999999970e+00	-1.220070022921701458e+01
2.990240000000000009e+00	-1.368114899109889748e+01
2.996192000000000188e+00	-1.472891540518200770e+01
3.002143999999999924e+00	-1.477041140860301205e+01
3.008096000000000103e+00	-1.419720100711474942e+01
3.014047999999999838e+00	-1.261087379913923812e+01
3.020000000000000018e+00	-9.511505493578232162e+00
