1.199999999999999956e-01	3.081380523812431438e-01
1.249780000000000058e-01	2.536550815533771264e-01
1.305999999999999939e-01	1.771878058871385053e-01
1.367059999999999942e-01	2.600302288588436372e-01
1.431360000000000132e-01	2.838252373042758903e-01
1.497320000000000040e-01	1.804388450200073157e-01
1.563350000000000017e-01	-2.042621035823917186e-01
1.627850000000000130e-01	-9.273231342298127178e-02
1.689219999999999888e-01	-1.933867042569617500e-01
1.745889999999999942e-01	-5.878623104368768670e-01
1.796250000000000069e-01	-5.756100630127465312e-01
1.839349999999999874e-01	-7.872277003240439885e-01
1.877439999999999942e-01	-1.043189276568816215e+00
1.913779999999999926e-01	-1.254428821410369599e+00
1.951660000000000061e-01	-1.438619718116306290e+00
1.994340000000000002e-01	-1.402176800670211554e+00
2.044499999999999929e-01	-1.362324629385236019e+00
2.101250000000000062e-01	-1.342259181012166458e+00
2.162479999999999958e-01	-1.432441082180569980e+00
2.226049999999999973e-01	-1.203850209968853724e+00
2.289819999999999911e-01	-9.806377113684376923e-01
2.351930000000000132e-01	-9.836122140048171314e-01
2.412249999999999950e-01	-9.350250197973776212e-01
2.471349999999999936e-01	-9.002860599916068240e-01
2.529799999999999827e-01	-1.025397180749466397e+00
2.588170000000000193e-01	-1.109845680239430754e+00
2.646970000000000156e-01	-1.204372891013493430e+00
2.706259999999999777e-01	-1.037967337005630153e+00
2.765880000000000005e-01	-1.142949789469866140e+00
2.825679999999999858e-01	-1.110470972697292558e+00
2.885510000000000019e-01	-1.180447238663811182e+00
2.945229999999999793e-01	-1.146664966334720370e+00
3.004809999999999981e-01	-1.281557867910237958e+00
3.064310000000000089e-01	-1.260738283312764940e+00
3.123750000000000138e-01	-1.316141161428898476e+00
3.183190000000000186e-01	-1.390159636873020910e+00
3.242650000000000254e-01	-1.548220635849486326e+00
3.302149999999999808e-01	-1.747419146459088468e+00
3.361680000000000224e-01	-1.678987154382494795e+00
3.421210000000000084e-01	-1.752094443252702360e+00
3.480759999999999965e-01	-1.728143076687889801e+00
3.540289999999999826e-01	-1.485981177308825396e+00
3.599809999999999954e-01	-1.260033579215152022e+00
3.659330000000000083e-01	-9.699359136908143331e-01
3.718839999999999923e-01	-8.588121059985469596e-01
3.778360000000000052e-01	-7.080831586073244033e-01
3.837869999999999893e-01	-7.153392752965801460e-01
3.897390000000000021e-01	-7.370664472483581253e-01
3.956910000000000149e-01	-6.855165239381415532e-01
4.016429999999999723e-01	-9.493745030038076571e-01
4.075949999999999851e-01	-1.308632638910145696e+00
4.135469999999999979e-01	-1.397771671412051164e+00
4.194979999999999820e-01	-1.726044437021005518e+00
4.254499999999999948e-01	-1.631484327548201829e+00
4.314009999999999789e-01	-1.874746006138425791e+00
4.373540000000000205e-01	-1.652251468269847479e+00
4.433079999999999798e-01	-1.572510758314559443e+00
4.492619999999999947e-01	-1.497848296470314367e+00
4.552160000000000095e-01	-1.693405311232449195e+00
4.611680000000000224e-01	-1.453391125149238183e+00
4.671170000000000044e-01	-1.317614256617167134e+00
4.730619999999999825e-01	-1.290357275615595656e+00
4.790059999999999873e-01	-1.373439512518005001e+00
4.849510000000000209e-01	-1.229725555350471122e+00
4.909020000000000050e-01	-1.242526919021978982e+00
4.968629999999999991e-01	-1.308700086828551434e+00
5.028390000000000359e-01	-1.055450581513535990e+00
5.088230000000000253e-01	-1.156594700450005009e+00
5.148009999999999531e-01	-1.127538127971721593e+00
5.207570000000000254e-01	-9.648102962987679110e-01
5.266750000000000043e-01	-8.925056550281215140e-01
5.325410000000000421e-01	-9.430456721819645560e-01
5.383719999999999617e-01	-6.954258368176777783e-01
5.442249999999999588e-01	-1.129783177202740241e+00
5.501580000000000359e-01	-1.267918761879172962e+00
5.562289999999999734e-01	-1.274722988358060638e+00
5.624930000000000208e-01	-1.203044894706520651e+00
5.688929999999999820e-01	-1.272093458663897669e+00
5.752220000000000111e-01	-1.173041003486462008e+00
5.812610000000000277e-01	-1.150229749351026953e+00
5.867949999999999555e-01	-1.001032412588475085e+00
5.916080000000000227e-01	-6.938051158167659604e-01
5.957040000000000113e-01	-7.843287853404521393e-01
5.993990000000000151e-01	-3.408241020357191120e-01
6.030370000000000452e-01	-3.079928617412037717e-01
6.069609999999999728e-01	-3.047844816236946475e-01
6.115110000000000268e-01	-3.810613182362470597e-01
6.168270000000000142e-01	-4.813479885774485378e-01
6.227219999999999978e-01	-4.842546666823727697e-01
6.289789999999999548e-01	-4.760974235122331644e-01
6.353790000000000271e-01	-5.912708748244509538e-01
6.417070000000000274e-01	-3.163498393968142697e-01
6.478369999999999962e-01	-4.775625395327249278e-01
6.538089999999999735e-01	-2.579265304070306741e-01
6.596819999999999906e-01	-1.289829094991256087e-01
6.655140000000000500e-01	-6.265894048202838573e-02
6.713630000000000431e-01	-2.655749650844549392e-02
6.772660000000000347e-01	-3.157274363246165283e-02
6.832110000000000127e-01	-1.079549410779921947e-01
6.891829999999999901e-01	-1.618011612849065695e-01
6.951669999999999794e-01	-3.192406154038825994e-01
7.011469999999999647e-01	-3.085952458414595867e-01
7.071119999999999628e-01	-3.297635134846464977e-01
7.130670000000000064e-01	-1.830526977871386185e-01
7.190130000000000132e-01	-8.073578650454113492e-02
7.249569999999999625e-01	-2.505131604597937711e-01
7.309010000000000229e-01	-9.673890787635075483e-02
7.368489999999999762e-01	-5.848398004319341204e-02
7.428000000000000158e-01	1.578518693990560440e-02
7.487530000000000019e-01	6.919250850546090903e-02
7.547080000000000455e-01	1.032435008374395363e-01
7.606619999999999493e-01	3.100229734533360149e-01
7.666140000000000176e-01	1.511973509391020265e-01
7.725670000000000037e-01	3.034128347707266693e-01
7.785180000000000433e-01	3.159855053516987811e-01
7.844689999999999719e-01	4.749568722374551411e-01
7.904210000000000402e-01	4.385708350373102027e-01
7.963729999999999976e-01	6.920931850253027040e-01
8.023249999999999549e-01	4.577748705081751135e-01
8.082770000000000232e-01	4.874073298098914875e-01
8.142289999999999806e-01	6.354198053922321954e-01
8.201800000000000201e-01	6.450563006774290287e-01
8.261319999999999775e-01	7.623810790733273057e-01
8.320830000000000171e-01	8.137198765890293339e-01
8.380349999999999744e-01	9.695721308038277586e-01
8.439870000000000427e-01	8.694390222579029270e-01
8.499400000000000288e-01	1.004553678612738032e+00
8.558940000000000436e-01	6.949410575464093354e-01
8.618479999999999475e-01	1.068046078121751341e+00
8.678010000000000446e-01	8.195075694232768493e-01
8.737519999999999731e-01	8.191360615428189274e-01
8.797000000000000375e-01	1.036379374900863404e+00
8.856439999999999868e-01	7.174389851652209771e-01
8.915870000000000184e-01	9.909496265899014888e-01
8.975349999999999717e-01	1.008238083838795651e+00
9.034900000000000153e-01	8.873396673200482088e-01
9.094569999999999599e-01	1.112398775928868488e+00
9.154379999999999740e-01	1.117376927617061977e+00
9.214210000000000456e-01	1.506503393211091391e+00
9.273909999999999654e-01	1.501382763072609094e+00
9.333329999999999682e-01	1.490155535113869556e+00
9.392300000000000093e-01	1.681876964779386308e+00
9.450749999999999984e-01	1.628508668894965483e+00
9.509090000000000042e-01	1.690771416497627300e+00
9.567890000000000006e-01	1.797389925108469511e+00
9.627750000000000474e-01	1.958732919178151510e+00
9.689229999999999787e-01	2.126275815222100185e+00
9.752680000000000238e-01	2.028312984344535774e+00
9.816639999999999810e-01	2.053136869982370882e+00
9.878930000000000211e-01	2.230442592552132730e+00
9.937399999999999567e-01	2.430278117100004298e+00
9.989850000000000119e-01	2.316569044172333225e+00
1.003457999999999961e+00	2.520475439941205931e+00
1.007338000000000067e+00	2.398165826246105858e+00
1.010966000000000031e+00	2.456959321587441458e+00
1.014685999999999977e+00	2.452850547512049673e+00
1.018841000000000108e+00	2.304606239273816470e+00
1.023735000000000062e+00	2.196392702665073582e+00
1.029328999999999938e+00	2.204636713604276821e+00
1.035408000000000106e+00	2.310932367381488994e+00
1.041754000000000069e+00	2.304775615957472379e+00
1.048148999999999997e+00	2.233540428883469264e+00
1.054391999999999996e+00	2.210969869114375541e+00
1.060446000000000000e+00	2.153166734573951580e+00
1.066368999999999900e+00	2.259286225733472708e+00
1.072216999999999976e+00	2.165754592604441253e+00
1.078049000000000035e+00	2.351236177364631974e+00
1.083920999999999912e+00	2.095842490218024601e+00
1.089842999999999895e+00	2.423592264929077089e+00
1.095801999999999943e+00	2.385453642503187588e+00
1.101780999999999899e+00	2.647840942415323529e+00
1.107765000000000111e+00	2.695762780827830163e+00
1.113739999999999952e+00	3.173758341929437954e+00
1.119699999999999918e+00	3.060252923344233267e+00
1.125650000000000039e+00	3.397315216897007772e+00
1.131594999999999906e+00	3.359276055526493554e+00
1.137537999999999938e+00	3.547108766029601234e+00
1.143483999999999945e+00	3.707022362696250184e+00
1.149432999999999927e+00	3.690134744119077048e+00
1.155386000000000024e+00	3.742832410727112258e+00
1.161338999999999899e+00	3.735340999028180953e+00
1.167294000000000054e+00	3.817959759900451999e+00
1.173246999999999929e+00	3.915442326601576983e+00
1.179200000000000026e+00	3.855861718374178349e+00
1.185151999999999983e+00	3.937151900030047447e+00
1.191103000000000023e+00	3.577196144723329141e+00
1.197054000000000062e+00	3.962373377127366592e+00
1.203006000000000020e+00	4.115778674014106464e+00
1.208957999999999977e+00	4.268446277530519417e+00
1.214909999999999934e+00	4.245120019631912989e+00
1.220861999999999892e+00	4.421322466008346552e+00
1.226814000000000071e+00	4.401607089696961239e+00
1.232765000000000111e+00	4.727575819299808302e+00
1.238717000000000068e+00	4.722035276205605037e+00
1.244668000000000108e+00	4.665528106884925919e+00
1.250620000000000065e+00	4.680289145227413350e+00
1.256572000000000022e+00	4.510020897044748622e+00
1.262526000000000037e+00	4.521031483825485253e+00
1.268480000000000052e+00	4.437199388538179967e+00
1.274434000000000067e+00	4.421190305467328052e+00
1.280386000000000024e+00	4.385471081606666210e+00
1.286335999999999924e+00	4.341442141985099035e+00
1.292281999999999931e+00	4.378197198829953507e+00
1.298224999999999962e+00	4.372250022063717267e+00
1.304170000000000051e+00	4.411093047154767355e+00
1.310119999999999951e+00	4.312361835802151155e+00
1.316079999999999917e+00	4.631123898929930149e+00
1.322052999999999923e+00	4.731514502496308339e+00
1.328036999999999912e+00	5.078401251324430987e+00
1.334017000000000008e+00	5.248781181863670930e+00
1.339976000000000056e+00	5.554289271747659740e+00
1.345900000000000096e+00	5.909487440768990574e+00
1.351774000000000031e+00	5.957211273290263343e+00
1.357607000000000008e+00	6.365319138303227930e+00
1.363453000000000026e+00	6.183950878375272353e+00
1.369372000000000034e+00	6.349785025739712374e+00
1.375421999999999922e+00	6.427926469361148420e+00
1.381658999999999970e+00	6.673953761790889061e+00
1.388052000000000064e+00	6.859302951940941639e+00
1.394403000000000059e+00	7.143123708632533209e+00
1.400492999999999988e+00	7.173246654992740723e+00
1.406104999999999938e+00	7.443895097492925217e+00
1.411021999999999998e+00	7.602608367157333902e+00
1.415195999999999898e+00	8.137417545298323063e+00
1.418924000000000074e+00	8.608636563813623965e+00
1.422549999999999981e+00	8.726623456124503520e+00
1.426417000000000046e+00	9.045395990383415352e+00
1.430868000000000029e+00	9.417616167962302498e+00
1.436091000000000006e+00	9.585145697471610049e+00
1.441923000000000066e+00	9.671098245380253644e+00
1.448144000000000098e+00	9.749729552149247525e+00
1.454538000000000109e+00	9.660133089483272428e+00
1.460887000000000047e+00	9.612086971268309910e+00
1.467041999999999957e+00	9.602806833701464484e+00
1.473030999999999979e+00	9.567096006014516263e+00
1.478914000000000062e+00	9.152064978154450969e+00
1.484749000000000096e+00	8.662033091334103929e+00
1.490591999999999917e+00	8.488807007947626104e+00
1.496488000000000040e+00	7.948561173160397786e+00
1.502428000000000097e+00	7.700625116949315618e+00
1.508397999999999906e+00	7.165617678432047555e+00
1.514380999999999977e+00	6.730168600692921999e+00
1.520361999999999991e+00	6.446300688984427651e+00
1.526329999999999965e+00	6.328597666586939674e+00
1.532284999999999897e+00	6.394128100177803198e+00
1.538232999999999961e+00	6.362031442709858098e+00
1.544175999999999993e+00	6.454310617770993908e+00
1.550119999999999942e+00	6.772436979595489959e+00
1.556068000000000007e+00	7.189716233869847706e+00
1.562019000000000046e+00	7.597652597211796532e+00
1.567971999999999921e+00	8.127351032037198664e+00
1.573925999999999936e+00	8.857321526240243159e+00
1.579879999999999951e+00	9.442811224125890135e+00
1.585833000000000048e+00	1.000478045260829063e+01
1.591785000000000005e+00	1.088040633484130026e+01
1.597736999999999963e+00	1.124913493053890612e+01
1.603688000000000002e+00	1.158985089998799189e+01
1.609639000000000042e+00	1.225916358639982562e+01
1.615590999999999999e+00	1.251395749484656506e+01
1.621542999999999957e+00	1.249024259739379872e+01
1.627494999999999914e+00	1.259681947889627907e+01
1.633447000000000093e+00	1.285570326452839574e+01
1.639399000000000051e+00	1.251127054810458183e+01
1.645350000000000090e+00	1.251549806878772486e+01
1.651302000000000048e+00	1.234401339648436924e+01
1.657253000000000087e+00	1.253771246463836775e+01
1.663205000000000044e+00	1.242246857418383854e+01
1.669157999999999920e+00	1.272113925713884619e+01
1.675111999999999934e+00	1.287946355904291984e+01
1.681065999999999949e+00	1.326594877029635278e+01
1.687019000000000046e+00	1.410670751885447416e+01
1.692971000000000004e+00	1.467928832426864894e+01
1.698919000000000068e+00	1.541841759256524647e+01
1.704863000000000017e+00	1.586691268120354792e+01
1.710806999999999967e+00	1.646950986184949173e+01
1.716752999999999973e+00	1.720575033078932137e+01
1.722706999999999988e+00	1.732382813389361331e+01
1.728671999999999986e+00	1.797148216686850120e+01
1.734652000000000083e+00	1.864699398790563478e+01
1.740636000000000072e+00	1.887656649464944536e+01
1.746609000000000078e+00	1.938491727957519117e+01
1.752555000000000085e+00	1.989822994925019017e+01
1.758458000000000077e+00	2.038812721032559594e+01
1.764308999999999905e+00	2.061029400846316406e+01
1.770140999999999964e+00	2.125600755423330313e+01
1.776011999999999924e+00	2.184412303739830108e+01
1.781979999999999897e+00	2.301705494808584263e+01
1.788105000000000055e+00	2.483559561198001120e+01
1.794426999999999994e+00	2.705993697808207799e+01
1.800829000000000013e+00	2.996904118627493574e+01
1.807091999999999921e+00	3.277520160237067159e+01
1.813002000000000002e+00	3.566957807431310812e+01
1.818338000000000010e+00	3.777364488250113794e+01
1.822912000000000088e+00	3.917123967559749076e+01
1.826850000000000085e+00	3.969795951918671051e+01
1.830492000000000008e+00	3.931041265720287470e+01
1.834179999999999922e+00	3.838585681826658913e+01
1.838259000000000087e+00	3.643077733385175065e+01
1.843048000000000020e+00	3.445003895398846794e+01
1.848562000000000038e+00	3.193850286159269558e+01
1.854589999999999961e+00	2.939683926068703457e+01
1.860913000000000039e+00	2.707729913263983690e+01
1.867313999999999918e+00	2.463765103961041802e+01
1.873583999999999916e+00	2.307669427470414902e+01
1.879660000000000108e+00	2.201730123688036755e+01
1.885596000000000050e+00	2.134823184062338086e+01
1.891450999999999993e+00	2.121468585073098723e+01
1.897281999999999913e+00	2.110911908906079759e+01
1.903146999999999922e+00	2.080098423064778856e+01
1.909062999999999954e+00	2.122163782062066062e+01
1.915018000000000109e+00	2.101941865281025201e+01
1.920995999999999926e+00	2.097012137575334023e+01
1.926979999999999915e+00	2.087568860285663064e+01
1.932955999999999896e+00	2.057326903480340619e+01
1.938917999999999919e+00	1.978220354455953256e+01
1.944868999999999959e+00	1.918698212619693422e+01
1.950814000000000048e+00	1.821140985753909192e+01
1.956757999999999997e+00	1.724603757205337828e+01
1.962703000000000086e+00	1.630253346145449456e+01
1.968652000000000069e+00	1.553592221778222005e+01
1.974604000000000026e+00	1.491412794128386921e+01
1.980558000000000041e+00	1.433033986698463735e+01
1.986512000000000056e+00	1.385136038610257536e+01
1.992466000000000070e+00	1.333105590615780933e+01
1.998418000000000028e+00	1.314102532911664234e+01
2.004370000000000207e+00	1.310861883509613079e+01
2.010321999999999942e+00	1.317011420585266990e+01
2.016272999999999982e+00	1.314218876078553855e+01
2.022224000000000022e+00	1.354979002680959255e+01
2.028176000000000201e+00	1.363708761655193236e+01
2.034127999999999936e+00	1.392031073168407396e+01
2.040080000000000116e+00	1.439748410752598140e+01
2.046031999999999851e+00	1.452785336108336267e+01
2.051984000000000030e+00	1.459451500779755406e+01
2.057935000000000070e+00	1.471420724525322576e+01
2.063886999999999805e+00	1.441472634938778441e+01
2.069837999999999845e+00	1.421051626404805468e+01
2.075791000000000164e+00	1.368984311362666695e+01
2.081744000000000039e+00	1.339278640235136031e+01
2.087698000000000054e+00	1.261954977481743612e+01
2.093652000000000069e+00	1.200467979034449861e+01
2.099604999999999944e+00	1.141562237498714438e+01
2.105554999999999843e+00	1.095280245724005930e+01
2.111501000000000072e+00	1.066807746493829612e+01
2.117445000000000022e+00	1.022583177699750756e+01
2.123388999999999971e+00	1.006319088307354370e+01
2.129338000000000175e+00	9.786175827198025701e+00
2.135295999999999861e+00	1.029092152675386096e+01
2.141268000000000171e+00	1.026209645171130802e+01
2.147250999999999799e+00	1.090970585437939633e+01
2.153232000000000035e+00	1.139431835754745137e+01
2.159196000000000115e+00	1.201971220560345444e+01
2.165125000000000188e+00	1.271962437042429173e+01
2.171006000000000213e+00	1.326013983523993467e+01
2.176841000000000026e+00	1.432181591254038722e+01
2.182682999999999929e+00	1.517171219379361347e+01
2.188588999999999896e+00	1.570921843411836782e+01
2.194618000000000180e+00	1.631409049468147288e+01
2.200828000000000007e+00	1.682869310562024978e+01
2.207209999999999894e+00	1.723919501669389120e+01
2.213579000000000185e+00	1.755689825664727621e+01
2.219714999999999883e+00	1.776418643016240750e+01
2.225403000000000020e+00	1.768418872001522857e+01
2.230423000000000044e+00	1.765338897433017351e+01
2.234681000000000139e+00	1.745907365072542561e+01
2.238447999999999993e+00	1.745768627359203506e+01
2.242068000000000172e+00	1.724092194406200207e+01
2.245884000000000214e+00	1.701179035726532973e+01
2.250237999999999960e+00	1.703620899463378180e+01
2.255365999999999982e+00	1.700226004846576089e+01
2.261130000000000084e+00	1.732198667264123060e+01
2.267313000000000134e+00	1.776890000754269039e+01
2.273696000000000161e+00	1.815717167033267643e+01
2.280063999999999869e+00	1.877767925303351859e+01
2.286243999999999943e+00	1.934668941601674064e+01
2.292251999999999956e+00	1.984376599888802772e+01
2.298146000000000022e+00	2.068002891851853420e+01
2.303983000000000114e+00	2.120459109941996445e+01
2.309822000000000042e+00	2.161497142745670175e+01
2.315710999999999853e+00	2.194718433179915706e+01
2.321645999999999876e+00	2.205175253313694483e+01
2.327612999999999932e+00	2.205109657458815775e+01
2.333594999999999864e+00	2.208292081081895120e+01
2.339576999999999796e+00	2.177437420973685533e+01
2.345546999999999827e+00	2.155252047808768268e+01
2.351503999999999817e+00	2.129024460664873075e+01
2.357451999999999881e+00	2.097139080995663818e+01
2.363395999999999830e+00	2.066017917986796704e+01
2.369339000000000084e+00	2.106431896932950565e+01
2.375286000000000008e+00	2.143241851877019144e+01
2.381237000000000048e+00	2.224447648772308028e+01
2.387189999999999923e+00	2.333831525944568597e+01
2.393143999999999938e+00	2.475582758549731111e+01
2.399097999999999953e+00	2.649893223465366532e+01
2.405050999999999828e+00	2.857373396166226698e+01
2.411004000000000147e+00	3.042360431305925061e+01
2.416955999999999882e+00	3.256002498361815611e+01
2.422906999999999922e+00	3.494070285259294906e+01
2.428857999999999961e+00	3.752283118775283555e+01
2.434809000000000001e+00	3.994044588645156324e+01
2.440760000000000041e+00	4.207649135173447519e+01
2.446712000000000220e+00	4.350971528861776960e+01
2.452663999999999955e+00	4.446022088610953205e+01
2.458616999999999830e+00	4.412976250576745230e+01
2.464570999999999845e+00	4.225638114863999562e+01
2.470524999999999860e+00	3.929291271947435149e+01
2.476478000000000179e+00	3.592103698870781159e+01
2.482429999999999914e+00	3.190449301163390317e+01
2.488377999999999979e+00	2.823210115115743335e+01
2.494323000000000068e+00	2.531161115060568889e+01
2.500265999999999877e+00	2.331359744095643194e+01
2.506212000000000106e+00	2.170069467786075990e+01
2.512164999999999981e+00	2.124799272498624703e+01
2.518129000000000062e+00	2.142156801420745893e+01
2.524108000000000018e+00	2.190960379540024050e+01
2.530091999999999786e+00	2.265872009879119631e+01
2.536067000000000071e+00	2.398581686775284183e+01
2.542015999999999831e+00	2.522034725882019401e+01
2.547924000000000078e+00	2.668040486264541755e+01
2.553779000000000021e+00	2.779366539919822898e+01
2.559610000000000163e+00	2.854765660658421567e+01
2.565475000000000172e+00	2.931394676192104853e+01
2.571432000000000162e+00	2.900279614138644035e+01
2.577539999999999942e+00	2.843748147713551333e+01
2.583845999999999865e+00	2.674403810543335780e+01
2.590249000000000024e+00	2.485910073557829136e+01
2.596534000000000120e+00	2.228500778972236063e+01
2.602485000000000159e+00	1.934072973008005292e+01
2.607883000000000173e+00	1.674792549073568182e+01
2.612527000000000044e+00	1.411062723467043689e+01
2.616509000000000196e+00	1.164498314393796186e+01
2.620163999999999938e+00	9.587265275762657524e+00
2.623834000000000000e+00	8.070209938392679305e+00
2.627863000000000060e+00	7.151291117705909528e+00
2.632579999999999920e+00	7.061631878671121854e+00
2.638037000000000187e+00	7.620246196644779424e+00
2.644026000000000209e+00	8.550164205963437070e+00
2.650332000000000132e+00	9.832061033353678425e+00
2.656734000000000151e+00	1.103636618703526651e+01
2.663022999999999918e+00	1.240724262974422665e+01
2.669115000000000126e+00	1.310439174015916031e+01
2.675060999999999911e+00	1.390719162854758295e+01
2.680919999999999970e+00	1.494054552106210032e+01
2.686751000000000111e+00	1.601564246004389958e+01
2.692610999999999866e+00	1.716819683862176760e+01
2.698523999999999923e+00	1.882318527606123482e+01
2.704476000000000102e+00	2.040239875844619988e+01
2.710452000000000083e+00	2.169688088260557990e+01
2.716435999999999851e+00	2.206110224641824047e+01
2.722412999999999972e+00	2.150430349638484628e+01
2.728375999999999912e+00	1.985891509715178316e+01
2.734328000000000092e+00	1.746130111489832615e+01
2.740273999999999877e+00	1.472032156538486447e+01
2.746217000000000130e+00	1.156883225619987243e+01
2.752162000000000219e+00	8.400063423474191993e+00
2.758110999999999979e+00	5.954493779851117274e+00
2.764063000000000159e+00	4.012878704691315690e+00
2.770016000000000034e+00	3.074404037951649293e+00
2.775971000000000188e+00	2.715654230193964569e+00
2.781924000000000063e+00	3.543945428375971929e+00
2.787876999999999938e+00	6.046032670547246468e+00
2.793829000000000118e+00	8.752032332089669353e+00
2.799780999999999853e+00	1.229469190443881033e+01
2.805731999999999893e+00	1.534011692916714154e+01
2.811682999999999932e+00	1.792605749520963343e+01
2.817635000000000112e+00	1.991602265637315838e+01
2.823586999999999847e+00	2.075169458722170646e+01
2.829539000000000026e+00	2.132039675460744732e+01
2.835491000000000206e+00	2.044717006427160300e+01
2.841442999999999941e+00	1.943886634604042030e+01
2.847395000000000120e+00	1.799514399456226954e+01
2.853346999999999856e+00	1.660296866440480912e+01
2.859299000000000035e+00	1.560432518049134032e+01
2.865251000000000214e+00	1.557001160638519011e+01
2.871201999999999810e+00	1.656391651123714226e+01
2.877153999999999989e+00	1.885282937441372297e+01
2.883106000000000169e+00	2.200843844362817592e+01
2.889057999999999904e+00	2.535740924923672424e+01
2.895010000000000083e+00	2.781493609551709412e+01
2.900961999999999819e+00	2.918838773860121094e+01
2.906913999999999998e+00	2.899506031808105888e+01
2.912866000000000177e+00	2.717913000384157840e+01
2.918817999999999913e+00	2.403494711154856134e+01
2.924770000000000092e+00	1.990964996395441489e+01
2.930721000000000132e+00	1.500806267320552401e+01
2.936672999999999867e+00	9.816812940718804725e+00
2.942625000000000046e+00	4.343329328247985899e+00
2.948576999999999781e+00	-7.992639563348707954e-01
2.954528999999999961e+00	-5.364936403472542636e+00
2.960481000000000140e+00	-8.680509914137882532e+00
2.966432999999999875e+00	-1.091331710935922494e+01
2.972385000000000055e+00	-1.213653515549099993e+01
2.978336999999999790e+00	-1.261117439457538936e+01
2.984288999999999970e+00	-1.275869923291468488e+01
2.990240000000000009e+00	-1.211892556293592271e+01
2.996192000000000188e+00	-1.185312104072274764e+01
3.002143999999999924e+00	-1.165691719268319559e+01
3.008096000000000103e+00	-1.203485150725318142e+01
3.014047999999999838e+00	-1.335279572698982697e+01
3.020000000000000018e+00	-1.565710715103618611e+01
