1.199999999999999956e-01	3.794357521304601022e+00
1.249780000000000058e-01	3.741780868797360604e+00
1.305999999999999939e-01	3.862857862499908812e+00
1.367059999999999942e-01	4.355854978711846570e+00
1.431360000000000132e-01	4.617381236619063856e+00
1.497320000000000040e-01	4.203481172716938552e+00
1.563350000000000017e-01	2.912678509942992378e+00
1.627850000000000130e-01	3.289404807658166341e+00
1.689219999999999888e-01	2.330580739732847739e+00
1.745889999999999942e-01	2.330432051153858097e+00
1.796250000000000069e-01	1.748807439040490408e+00
1.839349999999999874e-01	1.413361403913696357e+00
1.877439999999999942e-01	1.106254769875888222e+00
1.913779999999999926e-01	1.082311766195958480e+00
1.951660000000000061e-01	1.503839006357086117e+00
1.994340000000000002e-01	1.821794206240233249e+00
2.044499999999999929e-01	1.548969104262627905e+00
2.101250000000000062e-01	1.372584249519936295e+00
2.162479999999999958e-01	1.722551687036860457e+00
2.226049999999999973e-01	1.215619498734708870e+00
2.289819999999999911e-01	2.193004034855054130e+00
2.351930000000000132e-01	2.422516720791671574e+00
2.412249999999999950e-01	2.583927224078126805e+00
2.471349999999999936e-01	2.884960792051175726e+00
2.529799999999999827e-01	3.111440758800299466e+00
2.588170000000000193e-01	3.225253507679086695e+00
2.646970000000000156e-01	4.358424167939433325e+00
2.706259999999999777e-01	5.251884867726751338e+00
2.765880000000000005e-01	5.078483673835763490e+00
2.825679999999999858e-01	5.069824768598117259e+00
2.885510000000000019e-01	4.869179636663853117e+00
2.945229999999999793e-01	5.950371125475319545e+00
3.004809999999999981e-01	5.453542060307595918e+00
3.064310000000000089e-01	4.422264403928195087e+00
3.123750000000000138e-01	4.413778298741700468e+00
3.183190000000000186e-01	3.387732520967886796e+00
3.242650000000000254e-01	3.922619823828120911e+00
3.302149999999999808e-01	2.440984334155857471e+00
3.361680000000000224e-01	2.835967496023801715e+00
3.421210000000000084e-01	3.375016514552742208e+00
3.480759999999999965e-01	2.866889064236270546e+00
3.540289999999999826e-01	2.300652367718517777e+00
3.599809999999999954e-01	3.628305396817326667e+00
3.659330000000000083e-01	3.211062124935015749e+00
3.718839999999999923e-01	3.942108357477741798e+00
3.778360000000000052e-01	4.013326160705939394e+00
3.837869999999999893e-01	4.626918710388141953e+00
3.897390000000000021e-01	3.996105737651736600e+00
3.956910000000000149e-01	5.061892470468812633e+00
4.016429999999999723e-01	4.568553046230770853e+00
4.075949999999999851e-01	4.914412017577056702e+00
4.135469999999999979e-01	4.157913550056876240e+00
4.194979999999999820e-01	4.525656463362857096e+00
4.254499999999999948e-01	4.573609536541209053e+00
4.314009999999999789e-01	4.150505016271500480e+00
4.373540000000000205e-01	4.193481517413042425e+00
4.433079999999999798e-01	3.586046389454511374e+00
4.492619999999999947e-01	3.177140285223979177e+00
4.552160000000000095e-01	3.671304422279598523e+00
4.611680000000000224e-01	4.242090272345460988e+00
4.671170000000000044e-01	4.435871155944941080e+00
4.730619999999999825e-01	3.388601774199112793e+00
4.790059999999999873e-01	2.517831859169929132e+00
4.849510000000000209e-01	2.666690251047207472e+00
4.909020000000000050e-01	2.487651687077654827e+00
4.968629999999999991e-01	2.431048443644402646e+00
5.028390000000000359e-01	3.713027815329631220e+00
5.088230000000000253e-01	3.690862623382439534e+00
5.148009999999999531e-01	3.891799189192082231e+00
5.207570000000000254e-01	2.658686108423393701e+00
5.266750000000000043e-01	3.464351222372646255e+00
5.325410000000000421e-01	2.898631932773450881e+00
5.383719999999999617e-01	3.636451874021183972e+00
5.442249999999999588e-01	3.293133077202736292e+00
5.501580000000000359e-01	2.706009684075020960e+00
5.562289999999999734e-01	2.773622901241167948e+00
5.624930000000000208e-01	2.992541246681199585e+00
5.688929999999999820e-01	2.497947744928147085e+00
5.752220000000000111e-01	3.221361253979167394e+00
5.812610000000000277e-01	2.788802923646180876e+00
5.867949999999999555e-01	3.247790745643415633e+00
5.916080000000000227e-01	3.174161592975499158e+00
5.957040000000000113e-01	2.822415716810715569e+00
5.993990000000000151e-01	3.813905726178187905e+00
6.030370000000000452e-01	4.013102670087357104e+00
6.069609999999999728e-01	4.327331293356055042e+00
6.115110000000000268e-01	4.545695256453769595e+00
6.168270000000000142e-01	4.683122661838502232e+00
6.227219999999999978e-01	4.703111760867749069e+00
6.289789999999999548e-01	4.868666569271507427e+00
6.353790000000000271e-01	4.391721917212397130e+00
6.417070000000000274e-01	4.657483501213061317e+00
6.478369999999999962e-01	4.968054344527032207e+00
6.538089999999999735e-01	4.768768086640708503e+00
6.596819999999999906e-01	4.602236104767132296e+00
6.655140000000000500e-01	3.851948617284203458e+00
6.713630000000000431e-01	4.526462173018090951e+00
6.772660000000000347e-01	3.989052582837413485e+00
6.832110000000000127e-01	4.509996030837566394e+00
6.891829999999999901e-01	4.355420842210405041e+00
6.951669999999999794e-01	5.209732444388601280e+00
7.011469999999999647e-01	5.224795598231462002e+00
7.071119999999999628e-01	5.350411332307400514e+00
7.130670000000000064e-01	5.082706606268835969e+00
7.190130000000000132e-01	4.888927422940790635e+00
7.249569999999999625e-01	5.175291051265983100e+00
7.309010000000000229e-01	5.103840493873513573e+00
7.368489999999999762e-01	5.646310738824444897e+00
7.428000000000000158e-01	6.808623293454520109e+00
7.487530000000000019e-01	6.557686747318864917e+00
7.547080000000000455e-01	7.167034158742431771e+00
7.606619999999999493e-01	6.660522612730837899e+00
7.666140000000000176e-01	6.495701595191910371e+00
7.725670000000000037e-01	7.235066437444743315e+00
7.785180000000000433e-01	6.785086208223544801e+00
7.844689999999999719e-01	6.899112983412434730e+00
7.904210000000000402e-01	5.974727743442876715e+00
7.963729999999999976e-01	6.712863231535044939e+00
8.023249999999999549e-01	5.671659365293762356e+00
8.082770000000000232e-01	5.937102184757137913e+00
8.142289999999999806e-01	5.922211917780364487e+00
8.201800000000000201e-01	5.712762005202426607e+00
8.261319999999999775e-01	5.962622871638917132e+00
8.320830000000000171e-01	5.056180764759959700e+00
8.380349999999999744e-01	5.854404811512206486e+00
8.439870000000000427e-01	7.118071455405150516e+00
8.499400000000000288e-01	5.598829635840258945e+00
8.558940000000000436e-01	5.932421635853750708e+00
8.618479999999999475e-01	5.877325743768317068e+00
8.678010000000000446e-01	5.906750780339858231e+00
8.737519999999999731e-01	5.432392842903972507e+00
8.797000000000000375e-01	5.195859000674424522e+00
8.856439999999999868e-01	4.963303174698346254e+00
8.915870000000000184e-01	4.985823575435169630e+00
8.975349999999999717e-01	5.570836031510806308e+00
9.034900000000000153e-01	5.841350787525735555e+00
9.094569999999999599e-01	5.780210677637725780e+00
9.154379999999999740e-01	6.933910414573727365e+00
9.214210000000000456e-01	7.302424031238007096e+00
9.273909999999999654e-01	6.674080562225928936e+00
9.333329999999999682e-01	7.996166684594217422e+00
9.392300000000000093e-01	6.668378564941121134e+00
9.450749999999999984e-01	6.627016834434565240e+00
9.509090000000000042e-01	6.633714683534099876e+00
9.567890000000000006e-01	6.468743546133024047e+00
9.627750000000000474e-01	6.100631507226109917e+00
9.689229999999999787e-01	5.399666401179027631e+00
9.752680000000000238e-01	6.696224577589388716e+00
9.816639999999999810e-01	7.029563039954460635e+00
9.878930000000000211e-01	7.801332054171557395e+00
9.937399999999999567e-01	9.044435746371986440e+00
9.989850000000000119e-01	8.389812238607849082e+00
1.003457999999999961e+00	8.976610731526639242e+00
1.007338000000000067e+00	9.920376609498431364e+00
1.010966000000000031e+00	9.869598653478977468e+00
1.014685999999999977e+00	9.122204099866040750e+00
1.018841000000000108e+00	8.876466098930425375e+00
1.023735000000000062e+00	8.665556419676457622e+00
1.029328999999999938e+00	9.034959618476783305e+00
1.035408000000000106e+00	9.119384041602089042e+00
1.041754000000000069e+00	8.845783980171900041e+00
1.048148999999999997e+00	9.246431607505513739e+00
1.054391999999999996e+00	9.969966762040060715e+00
1.060446000000000000e+00	9.986903447382138310e+00
1.066368999999999900e+00	9.783937311689113514e+00
1.072216999999999976e+00	1.004940189797672190e+01
1.078049000000000035e+00	9.672503042494387415e+00
1.083920999999999912e+00	9.841912464426496143e+00
1.089842999999999895e+00	9.691207469666331065e+00
1.095801999999999943e+00	8.718362403496442425e+00
1.101780999999999899e+00	9.281184878378295977e+00
1.107765000000000111e+00	9.228417278500943510e+00
1.113739999999999952e+00	8.729527126768376277e+00
1.119699999999999918e+00	8.819543745488317654e+00
1.125650000000000039e+00	9.472752977025340471e+00
1.131594999999999906e+00	9.895358263553246658e+00
1.137537999999999938e+00	1.010421599433275297e+01
1.143483999999999945e+00	1.009384334959410268e+01
1.149432999999999927e+00	1.069097534567376862e+01
1.155386000000000024e+00	1.047640547078788487e+01
1.161338999999999899e+00	1.080609410494422029e+01
1.167294000000000054e+00	1.095231486541015720e+01
1.173246999999999929e+00	1.074118936572708449e+01
1.179200000000000026e+00	1.116997028994778063e+01
1.185151999999999983e+00	1.153690169381000175e+01
1.191103000000000023e+00	1.194327364411658721e+01
1.197054000000000062e+00	1.148514069356829914e+01
1.203006000000000020e+00	1.191714572834107599e+01
1.208957999999999977e+00	1.223534764954371745e+01
1.214909999999999934e+00	1.212272828397719415e+01
1.220861999999999892e+00	1.092483770864195769e+01
1.226814000000000071e+00	1.142476401981247491e+01
1.232765000000000111e+00	1.086015977449119241e+01
1.238717000000000068e+00	1.186961253523252324e+01
1.244668000000000108e+00	1.170632469647867246e+01
1.250620000000000065e+00	1.256817542115127218e+01
1.256572000000000022e+00	1.390490995572765875e+01
1.262526000000000037e+00	1.333842880400113273e+01
1.268480000000000052e+00	1.368654594186326712e+01
1.274434000000000067e+00	1.493278779572899495e+01
1.280386000000000024e+00	1.561506453420802210e+01
1.286335999999999924e+00	1.529052313648955064e+01
1.292281999999999931e+00	1.585048393093064689e+01
1.298224999999999962e+00	1.555260609347317313e+01
1.304170000000000051e+00	1.565256862748897504e+01
1.310119999999999951e+00	1.574496752612906292e+01
1.316079999999999917e+00	1.586003942739120021e+01
1.322052999999999923e+00	1.557418201675647751e+01
1.328036999999999912e+00	1.554815392886301240e+01
1.334017000000000008e+00	1.592953984738853457e+01
1.339976000000000056e+00	1.529030774125641479e+01
1.345900000000000096e+00	1.540044076099319881e+01
1.351774000000000031e+00	1.569171911299779687e+01
1.357607000000000008e+00	1.663016090427587557e+01
1.363453000000000026e+00	1.611999383854006496e+01
1.369372000000000034e+00	1.669439018245866535e+01
1.375421999999999922e+00	1.794191440389997894e+01
1.381658999999999970e+00	1.947565479519384013e+01
1.388052000000000064e+00	1.946605728930320112e+01
1.394403000000000059e+00	2.072987859673487065e+01
1.400492999999999988e+00	2.180098255361399140e+01
1.406104999999999938e+00	2.406331619688526402e+01
1.411021999999999998e+00	2.575943570105575375e+01
1.415195999999999898e+00	2.813189608125190233e+01
1.418924000000000074e+00	2.985599358584989105e+01
1.422549999999999981e+00	3.075461391280429169e+01
1.426417000000000046e+00	3.271329310671997348e+01
1.430868000000000029e+00	3.386134731368535000e+01
1.436091000000000006e+00	3.520275317364201584e+01
1.441923000000000066e+00	3.457071033656571046e+01
1.448144000000000098e+00	3.338240578684069959e+01
1.454538000000000109e+00	3.255581086510809286e+01
1.460887000000000047e+00	3.078073415200126561e+01
1.467041999999999957e+00	2.805511170930333620e+01
1.473030999999999979e+00	2.692970325802589215e+01
1.478914000000000062e+00	2.528722445245029249e+01
1.484749000000000096e+00	2.337209516735421033e+01
1.490591999999999917e+00	2.149250109136589870e+01
1.496488000000000040e+00	2.044831945921145433e+01
1.502428000000000097e+00	1.894589082016852188e+01
1.508397999999999906e+00	1.847466778254315756e+01
1.514380999999999977e+00	1.840298599970638094e+01
1.520361999999999991e+00	1.780620407928215698e+01
1.526329999999999965e+00	1.882703631639703445e+01
1.532284999999999897e+00	1.865957316356972839e+01
1.538232999999999961e+00	1.919912603739335566e+01
1.544175999999999993e+00	2.030128141593821312e+01
1.550119999999999942e+00	2.142308690430955664e+01
1.556068000000000007e+00	2.223502502620061350e+01
1.562019000000000046e+00	2.318098334714002107e+01
1.567971999999999921e+00	2.439121006499573241e+01
1.573925999999999936e+00	2.559324617278960545e+01
1.579879999999999951e+00	2.698899121375522725e+01
1.585833000000000048e+00	2.856999256858355096e+01
1.591785000000000005e+00	2.973831707118027623e+01
1.597736999999999963e+00	3.016581444182926575e+01
1.603688000000000002e+00	3.054864605090731544e+01
1.609639000000000042e+00	3.141888422617261867e+01
1.615590999999999999e+00	3.172873883578323273e+01
1.621542999999999957e+00	3.173379191256361409e+01
1.627494999999999914e+00	3.125497514464032633e+01
1.633447000000000093e+00	3.207001351746133366e+01
1.639399000000000051e+00	3.178530677797150261e+01
1.645350000000000090e+00	3.309411703862740950e+01
1.651302000000000048e+00	3.556330583872200179e+01
1.657253000000000087e+00	3.579394001079566578e+01
1.663205000000000044e+00	3.869349178843609138e+01
1.669157999999999920e+00	4.074352699603369388e+01
1.675111999999999934e+00	4.215977587609346955e+01
1.681065999999999949e+00	4.408693548657518591e+01
1.687019000000000046e+00	4.556326612174086677e+01
1.692971000000000004e+00	4.864038712306091838e+01
1.698919000000000068e+00	5.164573104769544898e+01
1.704863000000000017e+00	5.632769964719463474e+01
1.710806999999999967e+00	6.184405873975732248e+01
1.716752999999999973e+00	6.681083589666693001e+01
1.722706999999999988e+00	6.849745123515407386e+01
1.728671999999999986e+00	7.085444036798757850e+01
1.734652000000000083e+00	6.999642640279407146e+01
1.740636000000000072e+00	6.616389223061966618e+01
1.746609000000000078e+00	6.116290358786888959e+01
1.752555000000000085e+00	5.589617710523945959e+01
1.758458000000000077e+00	4.999594562764075079e+01
1.764308999999999905e+00	4.749912648494656509e+01
1.770140999999999964e+00	4.539089826627114377e+01
1.776011999999999924e+00	4.468690713197358377e+01
1.781979999999999897e+00	4.393292953234620057e+01
1.788105000000000055e+00	4.587827415769930894e+01
1.794426999999999994e+00	4.608806662939519327e+01
1.800829000000000013e+00	4.633296195665109707e+01
1.807091999999999921e+00	4.783471263128676298e+01
1.813002000000000002e+00	4.788505006517892326e+01
1.818338000000000010e+00	4.823912710817590010e+01
1.822912000000000088e+00	4.831825615930007700e+01
1.826850000000000085e+00	4.869303374261978234e+01
1.830492000000000008e+00	4.828569612922699861e+01
1.834179999999999922e+00	4.843787050260205973e+01
1.838259000000000087e+00	4.716974013156833934e+01
1.843048000000000020e+00	4.706086795276839752e+01
1.848562000000000038e+00	4.705062848698189981e+01
1.854589999999999961e+00	4.507185443606002906e+01
1.860913000000000039e+00	4.371915969103000776e+01
1.867313999999999918e+00	4.110494218199238503e+01
1.873583999999999916e+00	3.800332392768416412e+01
1.879660000000000108e+00	3.385080830965993215e+01
1.885596000000000050e+00	3.194874546213848276e+01
1.891450999999999993e+00	3.328358282167076965e+01
1.897281999999999913e+00	3.816211549341344522e+01
1.903146999999999922e+00	4.942741198499089705e+01
1.909062999999999954e+00	6.567874685988293493e+01
1.915018000000000109e+00	8.228943412333096319e+01
1.920995999999999926e+00	9.760396005858980573e+01
1.926979999999999915e+00	1.079078207345333169e+02
1.932955999999999896e+00	1.071161332639891839e+02
1.938917999999999919e+00	9.994003476873730563e+01
1.944868999999999959e+00	8.647724308696412265e+01
1.950814000000000048e+00	7.036808314189400448e+01
1.956757999999999997e+00	5.606795720490521262e+01
1.962703000000000086e+00	4.558912076773632549e+01
1.968652000000000069e+00	4.035609809554841121e+01
1.974604000000000026e+00	3.892789396383899714e+01
1.980558000000000041e+00	4.017305370459933300e+01
1.986512000000000056e+00	4.099895427133473902e+01
1.992466000000000070e+00	4.140037437492303951e+01
1.998418000000000028e+00	3.960673654051446135e+01
2.004370000000000207e+00	3.715008625751788429e+01
2.010321999999999942e+00	3.446061122145132316e+01
2.016272999999999982e+00	3.155445816562121664e+01
2.022224000000000022e+00	2.898574928638414860e+01
2.028176000000000201e+00	2.739393373008747190e+01
2.034127999999999936e+00	2.696347233938111287e+01
2.040080000000000116e+00	2.708779875555797290e+01
2.046031999999999851e+00	2.913932470875614555e+01
2.051984000000000030e+00	3.262950760705926712e+01
2.057935000000000070e+00	3.775042663490297912e+01
2.063886999999999805e+00	4.361944607248239691e+01
2.069837999999999845e+00	4.816382125391389479e+01
2.075791000000000164e+00	5.165194762501391068e+01
2.081744000000000039e+00	5.371390527150531824e+01
2.087698000000000054e+00	5.325824341717394361e+01
2.093652000000000069e+00	5.175399729989048581e+01
2.099604999999999944e+00	4.935851272251569810e+01
2.105554999999999843e+00	4.704090514424989777e+01
2.111501000000000072e+00	4.297902505058809908e+01
2.117445000000000022e+00	3.874497930143314051e+01
2.123388999999999971e+00	3.628801746558771413e+01
2.129338000000000175e+00	3.355236923356805079e+01
2.135295999999999861e+00	2.991376260879019355e+01
2.141268000000000171e+00	2.825515321861200135e+01
2.147250999999999799e+00	2.677414545212445773e+01
2.153232000000000035e+00	2.691838270346453044e+01
2.159196000000000115e+00	2.620380771137954667e+01
2.165125000000000188e+00	2.669986574427829851e+01
2.171006000000000213e+00	2.534474780232369184e+01
2.176841000000000026e+00	2.600877803658137211e+01
2.182682999999999929e+00	2.552536806421393223e+01
2.188588999999999896e+00	2.514054441181760069e+01
2.194618000000000180e+00	2.474933912665058955e+01
2.200828000000000007e+00	2.551735475776542117e+01
2.207209999999999894e+00	2.571961097027026710e+01
2.213579000000000185e+00	2.605592665890308979e+01
2.219714999999999883e+00	2.630048589365456735e+01
2.225403000000000020e+00	2.787333017305523697e+01
2.230423000000000044e+00	2.809756396882241347e+01
2.234681000000000139e+00	2.809292187247282868e+01
2.238447999999999993e+00	2.865611471151744993e+01
2.242068000000000172e+00	2.974228757309478866e+01
2.245884000000000214e+00	3.319590260418202377e+01
2.250237999999999960e+00	3.649201199899931680e+01
2.255365999999999982e+00	4.265202451729695809e+01
2.261130000000000084e+00	4.898506746665257339e+01
2.267313000000000134e+00	5.527847072220841795e+01
2.273696000000000161e+00	6.070906287533425427e+01
2.280063999999999869e+00	6.227187803657233189e+01
2.286243999999999943e+00	6.013765112815558211e+01
2.292251999999999956e+00	5.554284769099594854e+01
2.298146000000000022e+00	4.927031155705709864e+01
2.303983000000000114e+00	4.210209931443748843e+01
2.309822000000000042e+00	3.710407076408791482e+01
2.315710999999999853e+00	3.308302078090113696e+01
2.321645999999999876e+00	3.210994434922426422e+01
2.327612999999999932e+00	3.048049678280747088e+01
2.333594999999999864e+00	3.097095776791176647e+01
2.339576999999999796e+00	3.145169921006458225e+01
2.345546999999999827e+00	3.171618148865830022e+01
2.351503999999999817e+00	3.093222692785795402e+01
2.357451999999999881e+00	3.167265011446718859e+01
2.363395999999999830e+00	3.169764721650996364e+01
2.369339000000000084e+00	3.210224406940532305e+01
2.375286000000000008e+00	3.296692407092252353e+01
2.381237000000000048e+00	3.374267168346080581e+01
2.387189999999999923e+00	3.556120592200889519e+01
2.393143999999999938e+00	3.595376958206733065e+01
2.399097999999999953e+00	3.887817885703560705e+01
2.405050999999999828e+00	4.044786566467914923e+01
2.411004000000000147e+00	4.153100371734512208e+01
2.416955999999999882e+00	4.360511125351962392e+01
2.422906999999999922e+00	4.503530953799249659e+01
2.428857999999999961e+00	4.468398295534484532e+01
2.434809000000000001e+00	4.431761754356684690e+01
2.440760000000000041e+00	4.175847848604475843e+01
2.446712000000000220e+00	4.170908211386278452e+01
2.452663999999999955e+00	3.785100409610431882e+01
2.458616999999999830e+00	3.559117517381967843e+01
2.464570999999999845e+00	3.472532395111020520e+01
2.470524999999999860e+00	3.402814189412274715e+01
2.476478000000000179e+00	3.358729143389432892e+01
2.482429999999999914e+00	3.307558869524739009e+01
2.488377999999999979e+00	3.202323442548831167e+01
2.494323000000000068e+00	2.979488796465530953e+01
2.500265999999999877e+00	2.716889593278786919e+01
2.506212000000000106e+00	2.436198275785235623e+01
2.512164999999999981e+00	2.332761068543609895e+01
2.518129000000000062e+00	2.275110878328688457e+01
2.524108000000000018e+00	2.439701716410769095e+01
2.530091999999999786e+00	2.548181283841207900e+01
2.536067000000000071e+00	2.926915628801052449e+01
2.542015999999999831e+00	3.214804329967743257e+01
2.547924000000000078e+00	3.470393003273637333e+01
2.553779000000000021e+00	3.701483055589279303e+01
2.559610000000000163e+00	3.664221159381457227e+01
2.565475000000000172e+00	3.462936622598429182e+01
2.571432000000000162e+00	3.241613557937300527e+01
2.577539999999999942e+00	2.922074733681136394e+01
2.583845999999999865e+00	2.641039064254971436e+01
2.590249000000000024e+00	2.263861898594970512e+01
2.596534000000000120e+00	1.920237577469984913e+01
2.602485000000000159e+00	1.530431059230825319e+01
2.607883000000000173e+00	1.190984682628758407e+01
2.612527000000000044e+00	8.825595658167829427e+00
2.616509000000000196e+00	6.102229049077009471e+00
2.620163999999999938e+00	3.115306470019890028e+00
2.623834000000000000e+00	1.236368405036870621e+00
2.627863000000000060e+00	-1.203284633825316696e+00
2.632579999999999920e+00	-3.968134758253526240e+00
2.638037000000000187e+00	-6.953115441517643269e+00
2.644026000000000209e+00	-9.465763620174776349e+00
2.650332000000000132e+00	-1.113240632457904589e+01
2.656734000000000151e+00	-1.048570899954092361e+01
2.663022999999999918e+00	-9.188357735473923427e+00
2.669115000000000126e+00	-5.415309667963502882e+00
2.675060999999999911e+00	8.444098112514085708e-01
2.680919999999999970e+00	5.124002028845693779e+00
2.686751000000000111e+00	1.172661957423900603e+01
2.692610999999999866e+00	1.670661043160849957e+01
2.698523999999999923e+00	2.030096116661326278e+01
2.704476000000000102e+00	2.294530624261094331e+01
2.710452000000000083e+00	2.507273576541672000e+01
2.716435999999999851e+00	2.345576086045647912e+01
2.722412999999999972e+00	2.243093174071609042e+01
2.728375999999999912e+00	2.092861545395145839e+01
2.734328000000000092e+00	1.689918626120174849e+01
2.740273999999999877e+00	1.433341869661285806e+01
2.746217000000000130e+00	1.049663483620339477e+01
2.752162000000000219e+00	8.629971449785635684e+00
2.758110999999999979e+00	8.039864336130703393e+00
2.764063000000000159e+00	8.373509326688296284e+00
2.770016000000000034e+00	8.884205862017479305e+00
2.775971000000000188e+00	9.967495180656172238e+00
2.781924000000000063e+00	1.079130418640856881e+01
2.787876999999999938e+00	1.269523295208255931e+01
2.793829000000000118e+00	1.326648112753897735e+01
2.799780999999999853e+00	1.439615619792751744e+01
2.805731999999999893e+00	1.467522305799474758e+01
2.811682999999999932e+00	1.495124912974491771e+01
2.817635000000000112e+00	1.620863740363948935e+01
2.823586999999999847e+00	1.718524157471836133e+01
2.829539000000000026e+00	1.797983892248405624e+01
2.835491000000000206e+00	1.908260798047932738e+01
2.841442999999999941e+00	2.097840637537611030e+01
2.847395000000000120e+00	2.316860008504086466e+01
2.853346999999999856e+00	2.529219835680502726e+01
2.859299000000000035e+00	2.507791876196039382e+01
2.865251000000000214e+00	2.555507090077240306e+01
2.871201999999999810e+00	2.388591781819466675e+01
2.877153999999999989e+00	2.072233025200008427e+01
2.883106000000000169e+00	1.749274732436406410e+01
2.889057999999999904e+00	1.402021543256052993e+01
2.895010000000000083e+00	1.413669227898810909e+01
2.900961999999999819e+00	1.754684613310694274e+01
2.906913999999999998e+00	2.501438230400113838e+01
2.912866000000000177e+00	3.483012623662053642e+01
2.918817999999999913e+00	4.379708707601038498e+01
2.924770000000000092e+00	5.138649516110813664e+01
2.930721000000000132e+00	5.358439130585615828e+01
2.936672999999999867e+00	4.945403947444358295e+01
2.942625000000000046e+00	4.169166619921202965e+01
2.948576999999999781e+00	3.150402739551419984e+01
2.954528999999999961e+00	2.055852546759191668e+01
2.960481000000000140e+00	1.088761248803055537e+01
2.966432999999999875e+00	4.671611495277469217e+00
2.972385000000000055e+00	1.636406912318293161e+00
2.978336999999999790e+00	-1.923866739597468456e-01
2.984288999999999970e+00	7.715381502649478751e-01
2.990240000000000009e+00	1.741573936853277660e+00
2.996192000000000188e+00	4.002514110263224900e+00
3.002143999999999924e+00	5.966751051111977233e+00
3.008096000000000103e+00	7.299277821049235726e+00
3.014047999999999838e+00	8.342707757726161688e+00
3.020000000000000018e+00	6.224547721633671316e+00
