1.199999999999999956e-01	-8.049831230319359765e-01
1.249780000000000058e-01	-1.692774641309393591e+00
1.305999999999999939e-01	-1.663598793269532417e+00
1.367059999999999942e-01	-1.531645067882636102e+00
1.431360000000000132e-01	-1.033545322298504709e+00
1.497320000000000040e-01	-1.207241541326949497e+00
1.563350000000000017e-01	-1.088358782281455106e+00
1.627850000000000130e-01	-5.066420858954669981e-01
1.689219999999999888e-01	-1.042246125999038098e+00
1.745889999999999942e-01	5.113096601248301454e-02
1.796250000000000069e-01	-3.442525898236851734e-01
1.839349999999999874e-01	-7.203194539896028425e-01
1.877439999999999942e-01	-7.635655163305286042e-01
1.913779999999999926e-01	-1.128254512355932215e+00
1.951660000000000061e-01	-1.083646134032486774e+00
1.994340000000000002e-01	-1.810191493309525779e+00
2.044499999999999929e-01	-1.538287049282371033e+00
2.101250000000000062e-01	-1.753582087108064735e+00
2.162479999999999958e-01	-1.833539911923566912e+00
2.226049999999999973e-01	-2.280453918551464731e+00
2.289819999999999911e-01	-1.173291568115785610e+00
2.351930000000000132e-01	-1.299150294154108654e+00
2.412249999999999950e-01	-1.238092386907658771e+00
2.471349999999999936e-01	-1.957713194449500538e+00
2.529799999999999827e-01	-1.461121442205348231e+00
2.588170000000000193e-01	-1.161326064661444502e+00
2.646970000000000156e-01	-6.764509006841867844e-01
2.706259999999999777e-01	-5.767128917498498542e-01
2.765880000000000005e-01	-1.068674309729134242e+00
2.825679999999999858e-01	-4.995421763436861395e-01
2.885510000000000019e-01	-6.697162811978636388e-01
2.945229999999999793e-01	-2.226796943904658654e-01
3.004809999999999981e-01	-7.212749021483804146e-01
3.064310000000000089e-01	-1.170947174268507140e+00
3.123750000000000138e-01	-1.504761790530804388e+00
3.183190000000000186e-01	-1.672409339676678375e+00
3.242650000000000254e-01	-1.894195956481727672e+00
3.302149999999999808e-01	-1.482191400968525752e+00
3.361680000000000224e-01	-2.099028565954807135e+00
3.421210000000000084e-01	-1.508193960114319720e+00
3.480759999999999965e-01	-1.332162863527480257e+00
3.540289999999999826e-01	-1.060403274993001688e+00
3.599809999999999954e-01	-6.274448965389342048e-01
3.659330000000000083e-01	-1.393737587429118019e+00
3.718839999999999923e-01	-1.047235709868956866e+00
3.778360000000000052e-01	-1.137178242288602092e+00
3.837869999999999893e-01	-1.061967803035394953e+00
3.897390000000000021e-01	-1.518905433951001971e+00
3.956910000000000149e-01	-7.640610863491972271e-01
4.016429999999999723e-01	-8.409806939333132059e-01
4.075949999999999851e-01	-9.919182232832945978e-01
4.135469999999999979e-01	-1.017342495812652903e+00
4.194979999999999820e-01	-1.046617688694966741e+00
4.254499999999999948e-01	-8.072368058756989040e-01
4.314009999999999789e-01	-1.174642566991215720e+00
4.373540000000000205e-01	-1.196776172080821876e+00
4.433079999999999798e-01	-1.238905981994684158e+00
4.492619999999999947e-01	-1.802822990518934798e+00
4.552160000000000095e-01	-1.409768917576482483e+00
4.611680000000000224e-01	-2.170215393226198941e+00
4.671170000000000044e-01	-1.279807846837807794e+00
4.730619999999999825e-01	-2.232166487585225401e+00
4.790059999999999873e-01	-2.101616503286732662e+00
4.849510000000000209e-01	-1.970193986856978441e+00
4.909020000000000050e-01	-2.472127183247492699e+00
4.968629999999999991e-01	-2.322939631763946799e+00
5.028390000000000359e-01	-1.732288291172413564e+00
5.088230000000000253e-01	-1.848473952053757641e+00
5.148009999999999531e-01	-1.105162248632092670e+00
5.207570000000000254e-01	-8.888341962409712638e-01
5.266750000000000043e-01	-3.576313365698522428e-01
5.325410000000000421e-01	-7.967009955375192742e-01
5.383719999999999617e-01	-1.760894090044958782e-01
5.442249999999999588e-01	-9.300236829655283977e-01
5.501580000000000359e-01	-7.093454348520860098e-01
5.562289999999999734e-01	-6.984533279633593494e-01
5.624930000000000208e-01	-1.064151559294039817e+00
5.688929999999999820e-01	-1.344953439806675366e+00
5.752220000000000111e-01	-9.422375469356245592e-01
5.812610000000000277e-01	-7.706627899362668010e-01
5.867949999999999555e-01	-8.820989833057841789e-01
5.916080000000000227e-01	-6.305517352897763717e-01
5.957040000000000113e-01	-5.129645767231940656e-01
5.993990000000000151e-01	-3.532464664645940111e-02
6.030370000000000452e-01	-4.103263580630732710e-01
6.069609999999999728e-01	-1.242214976043983343e+00
6.115110000000000268e-01	-1.069094639269686509e-01
6.168270000000000142e-01	-3.326832488386410325e-01
6.227219999999999978e-01	2.269043807282729031e-01
6.289789999999999548e-01	-8.682890086831019927e-01
6.353790000000000271e-01	4.266172789166228219e-02
6.417070000000000274e-01	-2.611737142378157128e-01
6.478369999999999962e-01	4.494240576838450241e-01
6.538089999999999735e-01	-3.635968275914409631e-01
6.596819999999999906e-01	-4.475819586744278489e-02
6.655140000000000500e-01	-6.630159522681332573e-01
6.713630000000000431e-01	-5.789108708158641203e-01
6.772660000000000347e-01	-1.016221558699203165e+00
6.832110000000000127e-01	-2.108702284965668361e-01
6.891829999999999901e-01	3.056931310922196832e-01
6.951669999999999794e-01	4.753102518139784571e-02
7.011469999999999647e-01	-1.099236917663454771e-01
7.071119999999999628e-01	4.580131184036506653e-02
7.130670000000000064e-01	-4.268790874070468311e-01
7.190130000000000132e-01	-4.281889932482306760e-01
7.249569999999999625e-01	-1.000683271009619180e-01
7.309010000000000229e-01	-3.249225793732725687e-01
7.368489999999999762e-01	2.357640843727756286e-01
7.428000000000000158e-01	-6.447627924340068040e-01
7.487530000000000019e-01	2.624418656399281624e-01
7.547080000000000455e-01	1.583347267049841078e-01
7.606619999999999493e-01	2.648523820952577434e-01
7.666140000000000176e-01	2.904104562441926496e-01
7.725670000000000037e-01	1.859831922642299906e-01
7.785180000000000433e-01	-6.378956322569077908e-02
7.844689999999999719e-01	8.978055713080801414e-02
7.904210000000000402e-01	4.204585510628796596e-01
7.963729999999999976e-01	2.110754024565251186e-01
8.023249999999999549e-01	1.200661014889167766e-01
8.082770000000000232e-01	4.579116338375183171e-02
8.142289999999999806e-01	-3.352520449389403412e-01
8.201800000000000201e-01	2.755261122047634181e-01
8.261319999999999775e-01	2.716378113787890625e-01
8.320830000000000171e-01	2.252450263216451976e-01
8.380349999999999744e-01	4.374698259156213909e-01
8.439870000000000427e-01	1.017485332828379718e+00
8.499400000000000288e-01	2.907246401082569376e-02
8.558940000000000436e-01	3.370700216913449787e-01
8.618479999999999475e-01	2.322787680293826040e-01
8.678010000000000446e-01	2.743556841515554234e-01
8.737519999999999731e-01	2.363994172579562125e-01
8.797000000000000375e-01	3.100029920580671394e-01
8.856439999999999868e-01	7.758276575513295414e-01
8.915870000000000184e-01	8.822769604353659645e-01
8.975349999999999717e-01	1.000833453689135011e+00
9.034900000000000153e-01	1.462971860028184690e+00
9.094569999999999599e-01	8.253189252687282984e-01
9.154379999999999740e-01	1.390056400582933893e+00
9.214210000000000456e-01	8.796398086394416893e-01
9.273909999999999654e-01	1.610810161481771807e+00
9.333329999999999682e-01	3.502448855275012707e-01
9.392300000000000093e-01	1.083461562133013256e+00
9.450749999999999984e-01	1.219692618559608643e+00
9.509090000000000042e-01	1.389138168875882151e+00
9.567890000000000006e-01	1.419437988321101685e+00
9.627750000000000474e-01	1.812291965652723658e+00
9.689229999999999787e-01	1.580170111842051472e+00
9.752680000000000238e-01	2.540729970599183041e+00
9.816639999999999810e-01	2.528179901157566523e+00
9.878930000000000211e-01	2.057660579758032959e+00
9.937399999999999567e-01	2.662959616381767702e+00
9.989850000000000119e-01	1.865308798263423329e+00
1.003457999999999961e+00	2.799216551094676486e+00
1.007338000000000067e+00	3.114644159992613570e+00
1.010966000000000031e+00	3.001462012638899335e+00
1.014685999999999977e+00	2.960087581178411753e+00
1.018841000000000108e+00	3.399429191052641297e+00
1.023735000000000062e+00	2.455239893302490373e+00
1.029328999999999938e+00	2.269117546263970997e+00
1.035408000000000106e+00	2.068858775015519846e+00
1.041754000000000069e+00	1.945118322960131652e+00
1.048148999999999997e+00	1.860067970678647153e+00
1.054391999999999996e+00	1.701026855570635821e+00
1.060446000000000000e+00	1.705189983470702053e+00
1.066368999999999900e+00	1.948524591661701999e+00
1.072216999999999976e+00	2.171311940609860436e+00
1.078049000000000035e+00	2.755407394936903565e+00
1.083920999999999912e+00	2.215528284733846220e+00
1.089842999999999895e+00	1.904984160604552557e+00
1.095801999999999943e+00	2.691077198772045875e+00
1.101780999999999899e+00	1.440526606360236661e+00
1.107765000000000111e+00	1.953851537819994766e+00
1.113739999999999952e+00	2.601884644276442060e+00
1.119699999999999918e+00	1.964009175940325314e+00
1.125650000000000039e+00	2.904410107978342204e+00
1.131594999999999906e+00	2.695718637098676318e+00
1.137537999999999938e+00	3.332464047672140328e+00
1.143483999999999945e+00	2.819147583171701221e+00
1.149432999999999927e+00	3.602054939708874581e+00
1.155386000000000024e+00	3.089410134766062299e+00
1.161338999999999899e+00	3.377671095588644423e+00
1.167294000000000054e+00	3.448494836095536531e+00
1.173246999999999929e+00	3.321578478044870053e+00
1.179200000000000026e+00	3.473613449470547287e+00
1.185151999999999983e+00	4.000575441223120698e+00
1.191103000000000023e+00	3.652819487661022269e+00
1.197054000000000062e+00	3.673959220078703680e+00
1.203006000000000020e+00	3.665187772239552277e+00
1.208957999999999977e+00	3.304744994316655582e+00
1.214909999999999934e+00	4.178827284283840093e+00
1.220861999999999892e+00	4.005709499182342981e+00
1.226814000000000071e+00	4.077699395982102182e+00
1.232765000000000111e+00	4.083562431010535398e+00
1.238717000000000068e+00	3.803317729565867999e+00
1.244668000000000108e+00	3.789857173870781804e+00
1.250620000000000065e+00	3.881547473462244380e+00
1.256572000000000022e+00	4.060317911203814134e+00
1.262526000000000037e+00	3.900135463408656911e+00
1.268480000000000052e+00	3.751823448993622634e+00
1.274434000000000067e+00	4.292775395086670720e+00
1.280386000000000024e+00	4.728421382760884306e+00
1.286335999999999924e+00	4.959514544546039794e+00
1.292281999999999931e+00	4.526648524473842805e+00
1.298224999999999962e+00	5.042085181317609965e+00
1.304170000000000051e+00	5.457496237554125607e+00
1.310119999999999951e+00	5.699093148253460583e+00
1.316079999999999917e+00	5.518233941763045713e+00
1.322052999999999923e+00	5.313165833456785059e+00
1.328036999999999912e+00	5.339094401744548080e+00
1.334017000000000008e+00	5.379329117062218835e+00
1.339976000000000056e+00	5.372422763886433472e+00
1.345900000000000096e+00	6.232438368402997142e+00
1.351774000000000031e+00	5.953763713544108604e+00
1.357607000000000008e+00	6.421452819112428045e+00
1.363453000000000026e+00	6.948733593806668551e+00
1.369372000000000034e+00	7.421414885585721599e+00
1.375421999999999922e+00	7.745916906664374935e+00
1.381658999999999970e+00	7.968411949721273757e+00
1.388052000000000064e+00	8.101461178813607944e+00
1.394403000000000059e+00	7.843431112851440901e+00
1.400492999999999988e+00	8.079187729307086840e+00
1.406104999999999938e+00	8.333983765019516099e+00
1.411021999999999998e+00	8.014664923324088974e+00
1.415195999999999898e+00	8.476429193991926070e+00
1.418924000000000074e+00	8.977284050867186949e+00
1.422549999999999981e+00	9.836264638783138281e+00
1.426417000000000046e+00	9.407875109863690355e+00
1.430868000000000029e+00	9.266336230119646800e+00
1.436091000000000006e+00	9.893447343645176417e+00
1.441923000000000066e+00	9.916036725921186346e+00
1.448144000000000098e+00	9.994177699985602459e+00
1.454538000000000109e+00	9.140077556993434271e+00
1.460887000000000047e+00	9.669038565767552385e+00
1.467041999999999957e+00	9.855163883341417019e+00
1.473030999999999979e+00	9.193680228934397292e+00
1.478914000000000062e+00	8.810216685965757577e+00
1.484749000000000096e+00	9.564999910286795526e+00
1.490591999999999917e+00	8.690699079933580151e+00
1.496488000000000040e+00	7.970235605672960411e+00
1.502428000000000097e+00	7.641820923249257547e+00
1.508397999999999906e+00	7.737114476168838628e+00
1.514380999999999977e+00	6.707353718307394352e+00
1.520361999999999991e+00	6.812839484817247104e+00
1.526329999999999965e+00	6.591916606356606145e+00
1.532284999999999897e+00	6.083375743684649173e+00
1.538232999999999961e+00	6.211626706274780751e+00
1.544175999999999993e+00	5.887765793209636556e+00
1.550119999999999942e+00	6.516469820469561469e+00
1.556068000000000007e+00	7.228701025027302940e+00
1.562019000000000046e+00	7.651466523919121521e+00
1.567971999999999921e+00	8.745071727160327768e+00
1.573925999999999936e+00	8.896271722560546991e+00
1.579879999999999951e+00	1.029943583490926606e+01
1.585833000000000048e+00	1.111284815704673079e+01
1.591785000000000005e+00	1.175749446750172567e+01
1.597736999999999963e+00	1.224780842485764332e+01
1.603688000000000002e+00	1.313991230380197095e+01
1.609639000000000042e+00	1.292022265012167637e+01
1.615590999999999999e+00	1.298791700337518940e+01
1.621542999999999957e+00	1.250690248739040555e+01
1.627494999999999914e+00	1.119144364296211869e+01
1.633447000000000093e+00	1.144192824411480380e+01
1.639399000000000051e+00	1.110794785949327768e+01
1.645350000000000090e+00	1.049052362259104854e+01
1.651302000000000048e+00	1.064097097449052853e+01
1.657253000000000087e+00	9.600034828899074668e+00
1.663205000000000044e+00	9.692816961652152230e+00
1.669157999999999920e+00	9.925454776546711599e+00
1.675111999999999934e+00	1.007540678315863758e+01
1.681065999999999949e+00	1.027968824599067510e+01
1.687019000000000046e+00	1.117333110754800352e+01
1.692971000000000004e+00	1.145996816735414292e+01
1.698919000000000068e+00	1.268035374963009687e+01
1.704863000000000017e+00	1.369855650833657279e+01
1.710806999999999967e+00	1.459317398404333410e+01
1.716752999999999973e+00	1.572444091938729649e+01
1.722706999999999988e+00	1.639724978571535985e+01
1.728671999999999986e+00	1.745169910747567243e+01
1.734652000000000083e+00	1.835277404228360965e+01
1.740636000000000072e+00	1.965365092903765998e+01
1.746609000000000078e+00	2.065933753984594290e+01
1.752555000000000085e+00	2.169632241202520007e+01
1.758458000000000077e+00	2.230975589558095251e+01
1.764308999999999905e+00	2.321538449047086416e+01
1.770140999999999964e+00	2.374843516783800368e+01
1.776011999999999924e+00	2.399028752224514704e+01
1.781979999999999897e+00	2.517660472920650605e+01
1.788105000000000055e+00	2.652938515203321046e+01
1.794426999999999994e+00	2.841976781222088277e+01
1.800829000000000013e+00	3.130183019469008343e+01
1.807091999999999921e+00	3.392335906000663925e+01
1.813002000000000002e+00	3.661652897971745091e+01
1.818338000000000010e+00	3.825803046293379595e+01
1.822912000000000088e+00	3.973773390889892454e+01
1.826850000000000085e+00	3.987883484448016702e+01
1.830492000000000008e+00	3.968784303482885178e+01
1.834179999999999922e+00	3.857964735409874635e+01
1.838259000000000087e+00	3.733497175267325474e+01
1.843048000000000020e+00	3.544025422708712370e+01
1.848562000000000038e+00	3.273108275216666385e+01
1.854589999999999961e+00	3.004328947610720491e+01
1.860913000000000039e+00	2.809534717821054528e+01
1.867313999999999918e+00	2.555598323144526773e+01
1.873583999999999916e+00	2.380916621852081860e+01
1.879660000000000108e+00	2.249845253044257376e+01
1.885596000000000050e+00	2.138623018317364810e+01
1.891450999999999993e+00	2.194529877691979891e+01
1.897281999999999913e+00	2.158648363348312316e+01
1.903146999999999922e+00	2.047358944208184894e+01
1.909062999999999954e+00	2.111861576131725471e+01
1.915018000000000109e+00	2.085221380506749966e+01
1.920995999999999926e+00	2.133687892270203790e+01
1.926979999999999915e+00	2.046233272748883536e+01
1.932955999999999896e+00	2.060855852579360459e+01
1.938917999999999919e+00	2.010728238041743765e+01
1.944868999999999959e+00	1.942139203917502144e+01
1.950814000000000048e+00	1.826975610606591971e+01
1.956757999999999997e+00	1.815157908687984900e+01
1.962703000000000086e+00	1.689305198902516381e+01
1.968652000000000069e+00	1.678145567059225129e+01
1.974604000000000026e+00	1.648936311368276009e+01
1.980558000000000041e+00	1.611856410039190024e+01
1.986512000000000056e+00	1.524900054238818647e+01
1.992466000000000070e+00	1.620088624986043868e+01
1.998418000000000028e+00	1.485156192353493054e+01
2.004370000000000207e+00	1.452788135140787595e+01
2.010321999999999942e+00	1.483680626743307585e+01
2.016272999999999982e+00	1.424748040131754756e+01
2.022224000000000022e+00	1.473103235439422320e+01
2.028176000000000201e+00	1.412167882950311792e+01
2.034127999999999936e+00	1.478836848586996666e+01
2.040080000000000116e+00	1.468848981818623045e+01
2.046031999999999851e+00	1.410105099360798953e+01
2.051984000000000030e+00	1.470637591377141362e+01
2.057935000000000070e+00	1.422120835401391936e+01
2.063886999999999805e+00	1.463405318032389957e+01
2.069837999999999845e+00	1.424732701644922095e+01
2.075791000000000164e+00	1.395584343957676055e+01
2.081744000000000039e+00	1.341831838458308113e+01
2.087698000000000054e+00	1.387336745468651955e+01
2.093652000000000069e+00	1.391447399196852075e+01
2.099604999999999944e+00	1.302462306730468100e+01
2.105554999999999843e+00	1.340834341352374004e+01
2.111501000000000072e+00	1.319520158914724561e+01
2.117445000000000022e+00	1.312597146360840838e+01
2.123388999999999971e+00	1.335645182853308377e+01
2.129338000000000175e+00	1.379290789495494174e+01
2.135295999999999861e+00	1.350658021990658142e+01
2.141268000000000171e+00	1.374449541604972680e+01
2.147250999999999799e+00	1.458300791011198072e+01
2.153232000000000035e+00	1.556238723575181915e+01
2.159196000000000115e+00	1.630820120760079561e+01
2.165125000000000188e+00	1.654778345714639087e+01
2.171006000000000213e+00	1.684992057424121725e+01
2.176841000000000026e+00	1.768327920206532156e+01
2.182682999999999929e+00	1.840121433528365813e+01
2.188588999999999896e+00	1.858713266136757269e+01
2.194618000000000180e+00	1.888292145531591970e+01
2.200828000000000007e+00	1.888542277576448924e+01
2.207209999999999894e+00	1.827286511807986358e+01
2.213579000000000185e+00	1.818366282184999605e+01
2.219714999999999883e+00	1.686601777392543156e+01
2.225403000000000020e+00	1.717683739542401611e+01
2.230423000000000044e+00	1.628020169371772141e+01
2.234681000000000139e+00	1.536073280438371746e+01
2.238447999999999993e+00	1.496850471128656146e+01
2.242068000000000172e+00	1.471492734089979493e+01
2.245884000000000214e+00	1.569017028288888405e+01
2.250237999999999960e+00	1.533963093047796278e+01
2.255365999999999982e+00	1.609959611851623862e+01
2.261130000000000084e+00	1.576781025110799384e+01
2.267313000000000134e+00	1.660340444891906841e+01
2.273696000000000161e+00	1.749223883460816609e+01
2.280063999999999869e+00	1.822604673154891586e+01
2.286243999999999943e+00	1.962884387343775217e+01
2.292251999999999956e+00	2.107247629292497137e+01
2.298146000000000022e+00	2.184192137270102307e+01
2.303983000000000114e+00	2.263594346447492711e+01
2.309822000000000042e+00	2.326059067126023194e+01
2.315710999999999853e+00	2.310219167013157815e+01
2.321645999999999876e+00	2.397590231918425729e+01
2.327612999999999932e+00	2.341131643923004191e+01
2.333594999999999864e+00	2.328156792531152064e+01
2.339576999999999796e+00	2.164425296495168283e+01
2.345546999999999827e+00	2.080173816251317120e+01
2.351503999999999817e+00	2.028363840721462097e+01
2.357451999999999881e+00	1.919505101027104388e+01
2.363395999999999830e+00	1.913987769813439854e+01
2.369339000000000084e+00	1.870223719913045457e+01
2.375286000000000008e+00	1.826872663357629989e+01
2.381237000000000048e+00	1.875242885375937618e+01
2.387189999999999923e+00	1.867659760480325915e+01
2.393143999999999938e+00	2.028908561907107710e+01
2.399097999999999953e+00	2.149494786932602608e+01
2.405050999999999828e+00	2.282619225119515249e+01
2.411004000000000147e+00	2.441762295998685772e+01
2.416955999999999882e+00	2.707331168240396124e+01
2.422906999999999922e+00	2.793121542619568487e+01
2.428857999999999961e+00	2.986445789050570809e+01
2.434809000000000001e+00	3.023966403998062091e+01
2.440760000000000041e+00	3.104175421057498241e+01
2.446712000000000220e+00	3.138701023441655735e+01
2.452663999999999955e+00	3.067342780657347845e+01
2.458616999999999830e+00	2.941512556278934554e+01
2.464570999999999845e+00	2.850476626018101811e+01
2.470524999999999860e+00	2.762143584802657159e+01
2.476478000000000179e+00	2.561815362577664246e+01
2.482429999999999914e+00	2.388378233773363846e+01
2.488377999999999979e+00	2.312422894866232070e+01
2.494323000000000068e+00	2.144180436806164280e+01
2.500265999999999877e+00	2.116204203214754642e+01
2.506212000000000106e+00	2.092845152146573184e+01
2.512164999999999981e+00	2.130373685965129482e+01
2.518129000000000062e+00	2.295787751317510939e+01
2.524108000000000018e+00	2.434602995134231662e+01
2.530091999999999786e+00	2.760901613987216408e+01
2.536067000000000071e+00	3.232906589519868845e+01
2.542015999999999831e+00	3.557344941844777964e+01
2.547924000000000078e+00	3.967692486495094073e+01
2.553779000000000021e+00	4.292505430921116272e+01
2.559610000000000163e+00	4.473085276464554738e+01
2.565475000000000172e+00	4.611902862541884929e+01
2.571432000000000162e+00	4.620104502193795071e+01
2.577539999999999942e+00	4.493038285488723460e+01
2.583845999999999865e+00	4.181828014985640607e+01
2.590249000000000024e+00	3.769912396219003625e+01
2.596534000000000120e+00	3.260852241487061320e+01
2.602485000000000159e+00	2.787265281824264562e+01
2.607883000000000173e+00	2.326850323287420608e+01
2.612527000000000044e+00	1.983982845777343940e+01
2.616509000000000196e+00	1.723523437149883719e+01
2.620163999999999938e+00	1.608320564784084539e+01
2.623834000000000000e+00	1.763946677145231234e+01
2.627863000000000060e+00	2.050254889384625301e+01
2.632579999999999920e+00	2.605209416995016269e+01
2.638037000000000187e+00	3.371844945779211855e+01
2.644026000000000209e+00	4.184925355409431091e+01
2.650332000000000132e+00	4.950521359906039010e+01
2.656734000000000151e+00	5.338770287707605178e+01
2.663022999999999918e+00	5.431359749015422267e+01
2.669115000000000126e+00	5.163231664382964681e+01
2.675060999999999911e+00	4.690516652647215778e+01
2.680919999999999970e+00	3.975115063019089945e+01
2.686751000000000111e+00	3.458903045428134249e+01
2.692610999999999866e+00	3.071624095596897774e+01
2.698523999999999923e+00	2.872286131622388439e+01
2.704476000000000102e+00	2.871428608334999311e+01
2.710452000000000083e+00	2.799492821772760465e+01
2.716435999999999851e+00	2.555401656232568541e+01
2.722412999999999972e+00	2.265767495211070681e+01
2.728375999999999912e+00	1.648503590416524389e+01
2.734328000000000092e+00	1.004467814609533960e+01
2.740273999999999877e+00	3.821432895729497403e+00
2.746217000000000130e+00	-9.777975278757470301e-01
2.752162000000000219e+00	-3.513587068024144777e+00
2.758110999999999979e+00	-1.701235659319608740e+00
2.764063000000000159e+00	1.528595113857118548e+00
2.770016000000000034e+00	6.337986246195033146e+00
2.775971000000000188e+00	1.081526240677465545e+01
2.781924000000000063e+00	1.386224380674724443e+01
2.787876999999999938e+00	1.598000172478098868e+01
2.793829000000000118e+00	1.578298010493929482e+01
2.799780999999999853e+00	1.533400930733034606e+01
2.805731999999999893e+00	1.235435910390975245e+01
2.811682999999999932e+00	1.003265378013726306e+01
2.817635000000000112e+00	6.071644484212229465e+00
2.823586999999999847e+00	2.963077695951217727e+00
2.829539000000000026e+00	8.564630497540068887e-01
2.835491000000000206e+00	-1.981973674706777322e-01
2.841442999999999941e+00	1.390169213913534207e+00
2.847395000000000120e+00	4.991206210885061445e+00
2.853346999999999856e+00	1.016849891843782849e+01
2.859299000000000035e+00	1.716106301866367545e+01
2.865251000000000214e+00	2.258584421302745682e+01
2.871201999999999810e+00	2.867391459717406121e+01
2.877153999999999989e+00	3.056404010640790148e+01
2.883106000000000169e+00	3.256552909082701319e+01
2.889057999999999904e+00	3.123100732535172952e+01
2.895010000000000083e+00	3.027330957227113828e+01
2.900961999999999819e+00	2.742843605295735898e+01
2.906913999999999998e+00	2.414965963526233850e+01
2.912866000000000177e+00	1.990751044223838306e+01
2.918817999999999913e+00	1.502737984543182037e+01
2.924770000000000092e+00	1.021606552021227365e+01
2.930721000000000132e+00	5.375611773584095587e+00
2.936672999999999867e+00	1.693002510612757749e+00
2.942625000000000046e+00	-1.776651075545145009e+00
2.948576999999999781e+00	-5.377525654574251135e+00
2.954528999999999961e+00	-7.728047528776087027e+00
2.960481000000000140e+00	-8.930550928797222454e+00
2.966432999999999875e+00	-8.853028197709436498e+00
2.972385000000000055e+00	-7.663583549997592392e+00
2.978336999999999790e+00	-5.793309039212634737e+00
2.984288999999999970e+00	-1.688149919338879368e+00
2.990240000000000009e+00	3.169019156001036119e+00
2.996192000000000188e+00	1.024473532611893134e+01
3.002143999999999924e+00	1.775173024510183239e+01
3.008096000000000103e+00	2.826425846321504309e+01
3.014047999999999838e+00	4.000655423377855868e+01
3.020000000000000018e+00	5.423084088179648887e+01
