1.199999999999999956e-01	1.778733019011628613e+00
1.249780000000000058e-01	1.364374857573818600e+00
1.305999999999999939e-01	1.752517472945585020e+00
1.367059999999999942e-01	2.492563144454781110e+00
1.431360000000000132e-01	2.908034294829429545e+00
1.497320000000000040e-01	1.779624532082747956e+00
1.563350000000000017e-01	2.072180068627612837e+00
1.627850000000000130e-01	1.678214347879309010e+00
1.689219999999999888e-01	2.826610232417432478e+00
1.745889999999999942e-01	2.668314930475425228e+00
1.796250000000000069e-01	1.871834766563389429e+00
1.839349999999999874e-01	2.727464063994164079e+00
1.877439999999999942e-01	1.812994210361442260e+00
1.913779999999999926e-01	2.301829524891451761e+00
1.951660000000000061e-01	1.601042316226616524e+00
1.994340000000000002e-01	1.712935151850810911e+00
2.044499999999999929e-01	7.856327608452974287e-01
2.101250000000000062e-01	5.076154117200933902e-01
2.162479999999999958e-01	6.820679076067257540e-01
2.226049999999999973e-01	1.496949647099456104e+00
2.289819999999999911e-01	5.373764872794892788e-01
2.351930000000000132e-01	4.654330425110368985e-01
2.412249999999999950e-01	8.897377409924064340e-01
2.471349999999999936e-01	1.389263492080040407e+00
2.529799999999999827e-01	2.264450025497628083e+00
2.588170000000000193e-01	1.086381462005748588e+00
2.646970000000000156e-01	1.790649740424523184e+00
2.706259999999999777e-01	2.468853925477269673e+00
2.765880000000000005e-01	3.678291227388336360e+00
2.825679999999999858e-01	3.195666209960256410e+00
2.885510000000000019e-01	3.729522874208051064e+00
2.945229999999999793e-01	3.909143031772676302e+00
3.004809999999999981e-01	4.291907343199012459e+00
3.064310000000000089e-01	2.907742284384687181e+00
3.123750000000000138e-01	3.635394902335922218e+00
3.183190000000000186e-01	3.484544862918598440e+00
3.242650000000000254e-01	3.174289390962819812e+00
3.302149999999999808e-01	2.603359474802531270e+00
3.361680000000000224e-01	1.906248737400366045e+00
3.421210000000000084e-01	1.773781346146365179e+00
3.480759999999999965e-01	1.620395644844301986e+00
3.540289999999999826e-01	1.069436151154414816e+00
3.599809999999999954e-01	2.257081308280850962e+00
3.659330000000000083e-01	2.106289347721296501e+00
3.718839999999999923e-01	2.315106073732903891e+00
3.778360000000000052e-01	2.261631344693716628e+00
3.837869999999999893e-01	3.124872780226818580e+00
3.897390000000000021e-01	3.030465534404867878e+00
3.956910000000000149e-01	3.242177454715953200e+00
4.016429999999999723e-01	3.635293320249135540e+00
4.075949999999999851e-01	4.098040214622314714e+00
4.135469999999999979e-01	3.496495120568758885e+00
4.194979999999999820e-01	3.702096627159835673e+00
4.254499999999999948e-01	3.456761878302404778e+00
4.314009999999999789e-01	3.091128014333339724e+00
4.373540000000000205e-01	3.172674262496748998e+00
4.433079999999999798e-01	3.210755985390220335e+00
4.492619999999999947e-01	1.970585124996688586e+00
4.552160000000000095e-01	3.313659231255806414e+00
4.611680000000000224e-01	2.012330220217883880e+00
4.671170000000000044e-01	2.571294868088839891e+00
4.730619999999999825e-01	2.342601807584022922e+00
4.790059999999999873e-01	2.893463351908138748e+00
4.849510000000000209e-01	2.684381897911728210e+00
4.909020000000000050e-01	3.364090556259322184e+00
4.968629999999999991e-01	4.066700050116308418e+00
5.028390000000000359e-01	3.195515938326223271e+00
5.088230000000000253e-01	4.385843300755418284e+00
5.148009999999999531e-01	4.445248942081413190e+00
5.207570000000000254e-01	4.188984629367449308e+00
5.266750000000000043e-01	4.373573487618367395e+00
5.325410000000000421e-01	4.547275642563601394e+00
5.383719999999999617e-01	4.258081760790745740e+00
5.442249999999999588e-01	4.613268185588603743e+00
5.501580000000000359e-01	4.132501597105244784e+00
5.562289999999999734e-01	4.680346605489351219e+00
5.624930000000000208e-01	4.060904460730935028e+00
5.688929999999999820e-01	4.046558072847989962e+00
5.752220000000000111e-01	3.768976307193466546e+00
5.812610000000000277e-01	3.253682619834953549e+00
5.867949999999999555e-01	3.252530446334971348e+00
5.916080000000000227e-01	3.799716711696579985e+00
5.957040000000000113e-01	4.079838657791932555e+00
5.993990000000000151e-01	3.735637463578969975e+00
6.030370000000000452e-01	4.164449704687847920e+00
6.069609999999999728e-01	3.622430353728534058e+00
6.115110000000000268e-01	5.008572133713727226e+00
6.168270000000000142e-01	3.912786088389806238e+00
6.227219999999999978e-01	5.098833206595488221e+00
6.289789999999999548e-01	5.720057087609450974e+00
6.353790000000000271e-01	5.410115428972370744e+00
6.417070000000000274e-01	5.961548872622809192e+00
6.478369999999999962e-01	5.500267197656970808e+00
6.538089999999999735e-01	4.962378204151906225e+00
6.596819999999999906e-01	4.922025325757203085e+00
6.655140000000000500e-01	4.847257233532160647e+00
6.713630000000000431e-01	4.797137875170935928e+00
6.772660000000000347e-01	4.905548833659477026e+00
6.832110000000000127e-01	5.126215796998114804e+00
6.891829999999999901e-01	4.140396509891714594e+00
6.951669999999999794e-01	3.856953312074410611e+00
7.011469999999999647e-01	4.699921765946123209e+00
7.071119999999999628e-01	4.301174795011568186e+00
7.130670000000000064e-01	4.948176317140142721e+00
7.190130000000000132e-01	4.808706328372537975e+00
7.249569999999999625e-01	5.099337240244191882e+00
7.309010000000000229e-01	5.251823464639752359e+00
7.368489999999999762e-01	6.605058425611696649e+00
7.428000000000000158e-01	6.247761879856362555e+00
7.487530000000000019e-01	5.742145235831518590e+00
7.547080000000000455e-01	5.860619578094087068e+00
7.606619999999999493e-01	5.860092457199868043e+00
7.666140000000000176e-01	6.560320337510051836e+00
7.725670000000000037e-01	5.321063475431050627e+00
7.785180000000000433e-01	5.938976564387481005e+00
7.844689999999999719e-01	6.012625110868966338e+00
7.904210000000000402e-01	5.936396805268993937e+00
7.963729999999999976e-01	6.083088639271670317e+00
8.023249999999999549e-01	5.867068407241204930e+00
8.082770000000000232e-01	5.695346914942618355e+00
8.142289999999999806e-01	6.801988952672266109e+00
8.201800000000000201e-01	5.975467197976047196e+00
8.261319999999999775e-01	5.499197833248881118e+00
8.320830000000000171e-01	5.092208995032102337e+00
8.380349999999999744e-01	5.921768173354378106e+00
8.439870000000000427e-01	6.495556015148538975e+00
8.499400000000000288e-01	5.496895081032639574e+00
8.558940000000000436e-01	6.172825696818683205e+00
8.618479999999999475e-01	6.515886530081572481e+00
8.678010000000000446e-01	6.513766136760127168e+00
8.737519999999999731e-01	7.019754559845514663e+00
8.797000000000000375e-01	7.172670531292020257e+00
8.856439999999999868e-01	7.798840471998815360e+00
8.915870000000000184e-01	7.743720339034851463e+00
8.975349999999999717e-01	6.846583971777761235e+00
9.034900000000000153e-01	7.664039250272276504e+00
9.094569999999999599e-01	6.842934802158709751e+00
9.154379999999999740e-01	7.088091313891397682e+00
9.214210000000000456e-01	7.109314079478945558e+00
9.273909999999999654e-01	7.630928212806195710e+00
9.333329999999999682e-01	7.410160161409541146e+00
9.392300000000000093e-01	7.160026207990785707e+00
9.450749999999999984e-01	7.528703395359372941e+00
9.509090000000000042e-01	7.840998138186861866e+00
9.567890000000000006e-01	7.991341849767409578e+00
9.627750000000000474e-01	7.285667194698467242e+00
9.689229999999999787e-01	8.121208034447546353e+00
9.752680000000000238e-01	8.582334135345691450e+00
9.816639999999999810e-01	8.505835076345741541e+00
9.878930000000000211e-01	8.605770885644984602e+00
9.937399999999999567e-01	8.180816077843449108e+00
9.989850000000000119e-01	8.714572544437324098e+00
1.003457999999999961e+00	8.128050074244931977e+00
1.007338000000000067e+00	8.553101404360212712e+00
1.010966000000000031e+00	8.734085415007005082e+00
1.014685999999999977e+00	8.001324768143435406e+00
1.018841000000000108e+00	8.731589041838191179e+00
1.023735000000000062e+00	8.255375975545337752e+00
1.029328999999999938e+00	8.061935638753283229e+00
1.035408000000000106e+00	7.824816582472999826e+00
1.041754000000000069e+00	8.195750763857683197e+00
1.048148999999999997e+00	7.229902063660859746e+00
1.054391999999999996e+00	8.462137359526016311e+00
1.060446000000000000e+00	8.329692182048161087e+00
1.066368999999999900e+00	8.928044401593428603e+00
1.072216999999999976e+00	8.518419155293456058e+00
1.078049000000000035e+00	9.801788321868862397e+00
1.083920999999999912e+00	1.031332746956190149e+01
1.089842999999999895e+00	9.921171164773291196e+00
1.095801999999999943e+00	9.814616120197342752e+00
1.101780999999999899e+00	1.078398571277419471e+01
1.107765000000000111e+00	1.064956748265826647e+01
1.113739999999999952e+00	1.182799888677823930e+01
1.119699999999999918e+00	1.127536010305181868e+01
1.125650000000000039e+00	1.096833215566340769e+01
1.131594999999999906e+00	1.071698233368800324e+01
1.137537999999999938e+00	1.017867332026089500e+01
1.143483999999999945e+00	1.093928677444006325e+01
1.149432999999999927e+00	1.169951495863525892e+01
1.155386000000000024e+00	1.135928525395088329e+01
1.161338999999999899e+00	1.121926384646246433e+01
1.167294000000000054e+00	1.090089726259253666e+01
1.173246999999999929e+00	1.204959103362066308e+01
1.179200000000000026e+00	1.163304500798123620e+01
1.185151999999999983e+00	1.246261753235259917e+01
1.191103000000000023e+00	1.137193021338121390e+01
1.197054000000000062e+00	1.179143229017628691e+01
1.203006000000000020e+00	1.243185832964464055e+01
1.208957999999999977e+00	1.279253509366479769e+01
1.214909999999999934e+00	1.263666081908954553e+01
1.220861999999999892e+00	1.288695673039650913e+01
1.226814000000000071e+00	1.337931321927035455e+01
1.232765000000000111e+00	1.239576808163519139e+01
1.238717000000000068e+00	1.275367064832228259e+01
1.244668000000000108e+00	1.251389380290172504e+01
1.250620000000000065e+00	1.318995440236480476e+01
1.256572000000000022e+00	1.257580368933410497e+01
1.262526000000000037e+00	1.279603096187625866e+01
1.268480000000000052e+00	1.276762941389388928e+01
1.274434000000000067e+00	1.318215628868554390e+01
1.280386000000000024e+00	1.351810231155070419e+01
1.286335999999999924e+00	1.275711611681179924e+01
1.292281999999999931e+00	1.356573548886230718e+01
1.298224999999999962e+00	1.374987436620145154e+01
1.304170000000000051e+00	1.385968829063871155e+01
1.310119999999999951e+00	1.434432831075962156e+01
1.316079999999999917e+00	1.509022409424723676e+01
1.322052999999999923e+00	1.506406162435966856e+01
1.328036999999999912e+00	1.530555853452944248e+01
1.334017000000000008e+00	1.498822686859387154e+01
1.339976000000000056e+00	1.607227238261571856e+01
1.345900000000000096e+00	1.644840633783098838e+01
1.351774000000000031e+00	1.692871209686938272e+01
1.357607000000000008e+00	1.672770124833969518e+01
1.363453000000000026e+00	1.794723240797759445e+01
1.369372000000000034e+00	1.727918006752661739e+01
1.375421999999999922e+00	1.867443946908145946e+01
1.381658999999999970e+00	1.937194638794775159e+01
1.388052000000000064e+00	1.977757542211042008e+01
1.394403000000000059e+00	2.011454501815323326e+01
1.400492999999999988e+00	2.089894167226617228e+01
1.406104999999999938e+00	2.149480613952550101e+01
1.411021999999999998e+00	2.249766006304184529e+01
1.415195999999999898e+00	2.278926923051131226e+01
1.418924000000000074e+00	2.497337452369937694e+01
1.422549999999999981e+00	2.559183037973812702e+01
1.426417000000000046e+00	2.601015113549266644e+01
1.430868000000000029e+00	2.708150748298674415e+01
1.436091000000000006e+00	2.715277952436494857e+01
1.441923000000000066e+00	2.614615675057710220e+01
1.448144000000000098e+00	2.620389275407967844e+01
1.454538000000000109e+00	2.559442185171221240e+01
1.460887000000000047e+00	2.480481967650134933e+01
1.467041999999999957e+00	2.411210123716762510e+01
1.473030999999999979e+00	2.352903755338774516e+01
1.478914000000000062e+00	2.218544888534344395e+01
1.484749000000000096e+00	2.123989920229427142e+01
1.490591999999999917e+00	2.105827978415618063e+01
1.496488000000000040e+00	2.083998900217154215e+01
1.502428000000000097e+00	1.998820477915115035e+01
1.508397999999999906e+00	2.019062023315655452e+01
1.514380999999999977e+00	1.967831846685899322e+01
1.520361999999999991e+00	2.025929426284685775e+01
1.526329999999999965e+00	2.036078923888874215e+01
1.532284999999999897e+00	1.986923111672036057e+01
1.538232999999999961e+00	2.122542937635585858e+01
1.544175999999999993e+00	2.030972076275833871e+01
1.550119999999999942e+00	2.101470724158987480e+01
1.556068000000000007e+00	2.150643738802465421e+01
1.562019000000000046e+00	2.167105309837684857e+01
1.567971999999999921e+00	2.247515582787293198e+01
1.573925999999999936e+00	2.394416459719579038e+01
1.579879999999999951e+00	2.438451558746229253e+01
1.585833000000000048e+00	2.505194089558160897e+01
1.591785000000000005e+00	2.618262688913759462e+01
1.597736999999999963e+00	2.681598086552298454e+01
1.603688000000000002e+00	2.835598925651659741e+01
1.609639000000000042e+00	2.908838904156765182e+01
1.615590999999999999e+00	2.974914304899588302e+01
1.621542999999999957e+00	3.090528313334620591e+01
1.627494999999999914e+00	3.235166179995947289e+01
1.633447000000000093e+00	3.268812900716487491e+01
1.639399000000000051e+00	3.341030353634459971e+01
1.645350000000000090e+00	3.343773869190871295e+01
1.651302000000000048e+00	3.431494249098878413e+01
1.657253000000000087e+00	3.511135159131840311e+01
1.663205000000000044e+00	3.511298444299484345e+01
1.669157999999999920e+00	3.476545191354264830e+01
1.675111999999999934e+00	3.565917295283362165e+01
1.681065999999999949e+00	3.573642634971611898e+01
1.687019000000000046e+00	3.602619066321290120e+01
1.692971000000000004e+00	3.676781849549899306e+01
1.698919000000000068e+00	3.710916743092597159e+01
1.704863000000000017e+00	3.920011303589916452e+01
1.710806999999999967e+00	3.999414545820852140e+01
1.716752999999999973e+00	4.027387511405560616e+01
1.722706999999999988e+00	4.084261541359706627e+01
1.728671999999999986e+00	4.298056393109832385e+01
1.734652000000000083e+00	4.358071598284664816e+01
1.740636000000000072e+00	4.507905686904700815e+01
1.746609000000000078e+00	4.683126430552568564e+01
1.752555000000000085e+00	4.857359000419231165e+01
1.758458000000000077e+00	5.071694107747400437e+01
1.764308999999999905e+00	5.458421788045186673e+01
1.770140999999999964e+00	5.903139779752282834e+01
1.776011999999999924e+00	6.327770222987951598e+01
1.781979999999999897e+00	6.702442423945531402e+01
1.788105000000000055e+00	7.091635299685295024e+01
1.794426999999999994e+00	7.275490728078879954e+01
1.800829000000000013e+00	7.309679784195786567e+01
1.807091999999999921e+00	7.274777591342599692e+01
1.813002000000000002e+00	7.159926709882199702e+01
1.818338000000000010e+00	6.835802051860920869e+01
1.822912000000000088e+00	6.503554396664706871e+01
1.826850000000000085e+00	6.164957116308379170e+01
1.830492000000000008e+00	5.857568732103971598e+01
1.834179999999999922e+00	5.669173718494557335e+01
1.838259000000000087e+00	5.388760961171839625e+01
1.843048000000000020e+00	5.316800077572925431e+01
1.848562000000000038e+00	5.400335013993415600e+01
1.854589999999999961e+00	5.556761567178234174e+01
1.860913000000000039e+00	5.872948461517163565e+01
1.867313999999999918e+00	6.212582171894508321e+01
1.873583999999999916e+00	6.554686905793484186e+01
1.879660000000000108e+00	6.845505480459414116e+01
1.885596000000000050e+00	7.060252687680782913e+01
1.891450999999999993e+00	7.265562319860509888e+01
1.897281999999999913e+00	7.294163682967933937e+01
1.903146999999999922e+00	7.218548672953633627e+01
1.909062999999999954e+00	6.906218279002224847e+01
1.915018000000000109e+00	6.433245297094785542e+01
1.920995999999999926e+00	6.125864427842945759e+01
1.926979999999999915e+00	5.770611050170380452e+01
1.932955999999999896e+00	5.615888556823927047e+01
1.938917999999999919e+00	5.590239927822640453e+01
1.944868999999999959e+00	5.575311782480996214e+01
1.950814000000000048e+00	5.656924603001903051e+01
1.956757999999999997e+00	5.948047996399750303e+01
1.962703000000000086e+00	5.984749990496688099e+01
1.968652000000000069e+00	6.101651749807724201e+01
1.974604000000000026e+00	6.255845552333250481e+01
1.980558000000000041e+00	6.340677507055318074e+01
1.986512000000000056e+00	6.334161844236987093e+01
1.992466000000000070e+00	6.291271903343655936e+01
1.998418000000000028e+00	6.316555843072063681e+01
2.004370000000000207e+00	6.128696146420838176e+01
2.010321999999999942e+00	5.926075064352159671e+01
2.016272999999999982e+00	5.652989145586818154e+01
2.022224000000000022e+00	5.328455452404277537e+01
2.028176000000000201e+00	4.979741496452810168e+01
2.034127999999999936e+00	4.680126179943363240e+01
2.040080000000000116e+00	4.235793940985380601e+01
2.046031999999999851e+00	3.864150806039246788e+01
2.051984000000000030e+00	3.576838533019527233e+01
2.057935000000000070e+00	3.409771398766207540e+01
2.063886999999999805e+00	3.353285651728828753e+01
2.069837999999999845e+00	3.244222767149474151e+01
2.075791000000000164e+00	3.321114382107227669e+01
2.081744000000000039e+00	3.364323565961136353e+01
2.087698000000000054e+00	3.421804182440899922e+01
2.093652000000000069e+00	3.438268339564828580e+01
2.099604999999999944e+00	3.628473226755209424e+01
2.105554999999999843e+00	3.713450655041778958e+01
2.111501000000000072e+00	3.848573995706633610e+01
2.117445000000000022e+00	3.970804828738933168e+01
2.123388999999999971e+00	4.068315181918396917e+01
2.129338000000000175e+00	4.158842710322208092e+01
2.135295999999999861e+00	4.147482395563977065e+01
2.141268000000000171e+00	4.188553767316231102e+01
2.147250999999999799e+00	4.206403645165381278e+01
2.153232000000000035e+00	4.183962308525897811e+01
2.159196000000000115e+00	4.207069812827713662e+01
2.165125000000000188e+00	4.147403993476862638e+01
2.171006000000000213e+00	4.125137865876246224e+01
2.176841000000000026e+00	4.031746453486674397e+01
2.182682999999999929e+00	4.049393080174691306e+01
2.188588999999999896e+00	3.933691067501236205e+01
2.194618000000000180e+00	3.800562560128758349e+01
2.200828000000000007e+00	3.743059914709127156e+01
2.207209999999999894e+00	3.603270243044882903e+01
2.213579000000000185e+00	3.605024903995242624e+01
2.219714999999999883e+00	3.504675181158862074e+01
2.225403000000000020e+00	3.367003431374757128e+01
2.230423000000000044e+00	3.282759522561554633e+01
2.234681000000000139e+00	3.251894507122735689e+01
2.238447999999999993e+00	3.248453872462297909e+01
2.242068000000000172e+00	3.264951584920729744e+01
2.245884000000000214e+00	3.375431314845649666e+01
2.250237999999999960e+00	3.560206721988664214e+01
2.255365999999999982e+00	3.785173453288447831e+01
2.261130000000000084e+00	4.257354352609365122e+01
2.267313000000000134e+00	4.706640822163099358e+01
2.273696000000000161e+00	4.960499270295268559e+01
2.280063999999999869e+00	5.429649034286754983e+01
2.286243999999999943e+00	5.721668989994378052e+01
2.292251999999999956e+00	5.866709817252489501e+01
2.298146000000000022e+00	6.202507191478105852e+01
2.303983000000000114e+00	6.333069461373465003e+01
2.309822000000000042e+00	6.580019860467142223e+01
2.315710999999999853e+00	6.926701830232907753e+01
2.321645999999999876e+00	7.278667254660366837e+01
2.327612999999999932e+00	7.591173804760518351e+01
2.333594999999999864e+00	7.574569529940193036e+01
2.339576999999999796e+00	7.540033208347696814e+01
2.345546999999999827e+00	7.123085400176896087e+01
2.351503999999999817e+00	6.567071643042019957e+01
2.357451999999999881e+00	5.844905490646537061e+01
2.363395999999999830e+00	5.213264375054104960e+01
2.369339000000000084e+00	4.679848227210376166e+01
2.375286000000000008e+00	4.344227516728062710e+01
2.381237000000000048e+00	4.188016844731654942e+01
2.387189999999999923e+00	4.130202018506152228e+01
2.393143999999999938e+00	4.187821120026436006e+01
2.399097999999999953e+00	4.260183391625527349e+01
2.405050999999999828e+00	4.424387715266117027e+01
2.411004000000000147e+00	4.555468205019452910e+01
2.416955999999999882e+00	4.671964191731192528e+01
2.422906999999999922e+00	4.801286425350252784e+01
2.428857999999999961e+00	4.759412073467808568e+01
2.434809000000000001e+00	4.742943276539902797e+01
2.440760000000000041e+00	4.593945111737528464e+01
2.446712000000000220e+00	4.580559701445616128e+01
2.452663999999999955e+00	4.492634041153882407e+01
2.458616999999999830e+00	4.419708298302587934e+01
2.464570999999999845e+00	4.544659215729274138e+01
2.470524999999999860e+00	4.729749972853241502e+01
2.476478000000000179e+00	5.013691546895002915e+01
2.482429999999999914e+00	5.288282047374563177e+01
2.488377999999999979e+00	5.648647152925745019e+01
2.494323000000000068e+00	5.998354830846774632e+01
2.500265999999999877e+00	6.219125351896899900e+01
2.506212000000000106e+00	6.384244120878910422e+01
2.512164999999999981e+00	6.434324787780285249e+01
2.518129000000000062e+00	6.326975362985062645e+01
2.524108000000000018e+00	5.940996679029050398e+01
2.530091999999999786e+00	5.396027848526035342e+01
2.536067000000000071e+00	4.844879652108146928e+01
2.542015999999999831e+00	4.545372290273152771e+01
2.547924000000000078e+00	4.490653802834810904e+01
2.553779000000000021e+00	4.813620235448851759e+01
2.559610000000000163e+00	5.385684602490643869e+01
2.565475000000000172e+00	6.186827123801643324e+01
2.571432000000000162e+00	6.751195424942693535e+01
2.577539999999999942e+00	6.941349790219342708e+01
2.583845999999999865e+00	6.664058750097458983e+01
2.590249000000000024e+00	5.754054233261069129e+01
2.596534000000000120e+00	4.536855956517577226e+01
2.602485000000000159e+00	3.221426856935962491e+01
2.607883000000000173e+00	1.970266653810659463e+01
2.612527000000000044e+00	1.138596498713745220e+01
2.616509000000000196e+00	5.524886033749333514e+00
2.620163999999999938e+00	2.104856825669492171e+00
2.623834000000000000e+00	2.096577465729212442e+00
2.627863000000000060e+00	2.376986967419226104e+00
2.632579999999999920e+00	2.344604961112179975e+00
2.638037000000000187e+00	1.944634242846338790e+00
2.644026000000000209e+00	2.613615195946370484e+00
2.650332000000000132e+00	5.748923359079217699e-01
2.656734000000000151e+00	-9.106309039952658058e-01
2.663022999999999918e+00	-4.031449142769606198e+00
2.669115000000000126e+00	-6.981259578776580987e+00
2.675060999999999911e+00	-1.167325031884221964e+01
2.680919999999999970e+00	-1.522481760626585157e+01
2.686751000000000111e+00	-1.811028867102094964e+01
2.692610999999999866e+00	-2.041247360566466540e+01
2.698523999999999923e+00	-2.181930613493913285e+01
2.704476000000000102e+00	-2.106638935529085899e+01
2.710452000000000083e+00	-1.887413557456207513e+01
2.716435999999999851e+00	-1.490829931435084355e+01
2.722412999999999972e+00	-8.291124300078354992e+00
2.728375999999999912e+00	4.146354433922515015e-01
2.734328000000000092e+00	1.007647621303107144e+01
2.740273999999999877e+00	1.873352693570773297e+01
2.746217000000000130e+00	2.686024565275444331e+01
2.752162000000000219e+00	3.188907744757346308e+01
2.758110999999999979e+00	3.244162526828166904e+01
2.764063000000000159e+00	3.116978426394182833e+01
2.770016000000000034e+00	2.736740201495668501e+01
2.775971000000000188e+00	2.282989220384404305e+01
2.781924000000000063e+00	1.721466622442564898e+01
2.787876999999999938e+00	1.175523773607296540e+01
2.793829000000000118e+00	5.141863454914926912e+00
2.799780999999999853e+00	8.603663697793466625e-01
2.805731999999999893e+00	-2.115052655879963162e+00
2.811682999999999932e+00	-4.831736835329683899e+00
2.817635000000000112e+00	-4.168504740326685720e+00
2.823586999999999847e+00	-3.735519949012625407e+00
2.829539000000000026e+00	-2.431994763066966936e+00
2.835491000000000206e+00	-5.047492390540920804e-01
2.841442999999999941e+00	-6.320201556505220530e-01
2.847395000000000120e+00	-1.237481768047825170e+00
2.853346999999999856e+00	-3.981732161932756586e+00
2.859299000000000035e+00	-6.707425759027327850e+00
2.865251000000000214e+00	-1.108560864868977625e+01
2.871201999999999810e+00	-1.581328080627115185e+01
2.877153999999999989e+00	-1.993477585849676359e+01
2.883106000000000169e+00	-2.501403840232038789e+01
2.889057999999999904e+00	-2.752624522994719669e+01
2.895010000000000083e+00	-2.798835708165770697e+01
2.900961999999999819e+00	-2.368318882764748778e+01
2.906913999999999998e+00	-1.614883581755033148e+01
2.912866000000000177e+00	-5.477950156933722781e+00
2.918817999999999913e+00	6.007589932370404284e+00
2.924770000000000092e+00	1.402123767728932968e+01
2.930721000000000132e+00	1.984108270912262029e+01
2.936672999999999867e+00	1.999985942725633237e+01
2.942625000000000046e+00	1.633586555943500684e+01
2.948576999999999781e+00	1.127719802098595636e+01
2.954528999999999961e+00	5.495755432212241942e+00
2.960481000000000140e+00	8.058848237586728747e-01
2.966432999999999875e+00	-2.430436756338206106e+00
2.972385000000000055e+00	-2.383914096412762085e+00
2.978336999999999790e+00	-1.199622680614508496e+00
2.984288999999999970e+00	1.583299897150158397e+00
2.990240000000000009e+00	3.302602746327995664e+00
2.996192000000000188e+00	6.291157294674162515e+00
3.002143999999999924e+00	7.796560573117844228e+00
3.008096000000000103e+00	8.775171948668910815e+00
3.014047999999999838e+00	6.876223002616239199e+00
3.020000000000000018e+00	3.294382368798258298e+00
