1.199999999999999956e-01	-2.606426407788379862e+00
1.249780000000000058e-01	-8.498894612538261395e-01
1.305999999999999939e-01	-9.543922197488816095e-02
1.367059999999999942e-01	8.648601385912597639e-01
1.431360000000000132e-01	1.759176078429194323e+00
1.497320000000000040e-01	2.250225762815694086e+00
1.563350000000000017e-01	2.755175655198770279e+00
1.627850000000000130e-01	2.566895942794838792e+00
1.689219999999999888e-01	2.684696326484246498e+00
1.745889999999999942e-01	2.940837708497224590e+00
1.796250000000000069e-01	2.423124889738073051e+00
1.839349999999999874e-01	2.797889724189199789e+00
1.877439999999999942e-01	2.510089871094649983e+00
1.913779999999999926e-01	2.135486316395592166e+00
1.951660000000000061e-01	2.186018314737545598e+00
1.994340000000000002e-01	2.253404646654717514e+00
2.044499999999999929e-01	2.182951290261642363e+00
2.101250000000000062e-01	1.800501372134883926e+00
2.162479999999999958e-01	1.716293639814368222e+00
2.226049999999999973e-01	1.977251546423592021e+00
2.289819999999999911e-01	1.925720741183544860e+00
2.351930000000000132e-01	1.756237793686500570e+00
2.412249999999999950e-01	1.796658541509804197e+00
2.471349999999999936e-01	1.773970058289594975e+00
2.529799999999999827e-01	2.050003548333060532e+00
2.588170000000000193e-01	2.070545178133358366e+00
2.646970000000000156e-01	2.278672344655594095e+00
2.706259999999999777e-01	3.079324129079060057e+00
2.765880000000000005e-01	2.325589769940021423e+00
2.825679999999999858e-01	2.294233325832233383e+00
2.885510000000000019e-01	2.539430673952701056e+00
2.945229999999999793e-01	3.096866233102657517e+00
3.004809999999999981e-01	2.996764936471624452e+00
3.064310000000000089e-01	3.323070407253415404e+00
3.123750000000000138e-01	2.668048944266097955e+00
3.183190000000000186e-01	3.162767637671596077e+00
3.242650000000000254e-01	3.772750997373819359e+00
3.302149999999999808e-01	2.901867447108046338e+00
3.361680000000000224e-01	3.389621780992469802e+00
3.421210000000000084e-01	3.366598862255043567e+00
3.480759999999999965e-01	3.387504757066773120e+00
3.540289999999999826e-01	3.349781985733846223e+00
3.599809999999999954e-01	3.531054801342856209e+00
3.659330000000000083e-01	3.225705681721018347e+00
3.718839999999999923e-01	3.410830453720078204e+00
3.778360000000000052e-01	3.433066694403342112e+00
3.837869999999999893e-01	3.426081016530651446e+00
3.897390000000000021e-01	3.879542160606126000e+00
3.956910000000000149e-01	3.904957082733067519e+00
4.016429999999999723e-01	3.754115007869091691e+00
4.075949999999999851e-01	4.167814417423947759e+00
4.135469999999999979e-01	3.996893726155049453e+00
4.194979999999999820e-01	3.919071039506319742e+00
4.254499999999999948e-01	3.966695815542265358e+00
4.314009999999999789e-01	3.883398853961355979e+00
4.373540000000000205e-01	3.726586720886591486e+00
4.433079999999999798e-01	4.392238049753262707e+00
4.492619999999999947e-01	4.389009201150403605e+00
4.552160000000000095e-01	4.250438842923903948e+00
4.611680000000000224e-01	4.262572099740652654e+00
4.671170000000000044e-01	4.097334366542449757e+00
4.730619999999999825e-01	3.996314419444784161e+00
4.790059999999999873e-01	4.464942214227115791e+00
4.849510000000000209e-01	4.396621171095285163e+00
4.909020000000000050e-01	4.543512558351062047e+00
4.968629999999999991e-01	4.575550893538901320e+00
5.028390000000000359e-01	4.175214015798678346e+00
5.088230000000000253e-01	4.688706264835104776e+00
5.148009999999999531e-01	4.548552517932883177e+00
5.207570000000000254e-01	4.697407119811448872e+00
5.266750000000000043e-01	4.757223272591421193e+00
5.325410000000000421e-01	4.797676695097555566e+00
5.383719999999999617e-01	5.001575722271248026e+00
5.442249999999999588e-01	5.472280095606727457e+00
5.501580000000000359e-01	5.365614174863727825e+00
5.562289999999999734e-01	5.739078845377418858e+00
5.624930000000000208e-01	5.551861260408653465e+00
5.688929999999999820e-01	6.062395208503107646e+00
5.752220000000000111e-01	5.886783490459007062e+00
5.812610000000000277e-01	5.488560186332285262e+00
5.867949999999999555e-01	5.800862563267098260e+00
5.916080000000000227e-01	5.886230931235097330e+00
5.957040000000000113e-01	6.114053092043353566e+00
5.993990000000000151e-01	5.838780147812713039e+00
6.030370000000000452e-01	6.202457429389317767e+00
6.069609999999999728e-01	5.952432194376595653e+00
6.115110000000000268e-01	6.166726438454047887e+00
6.168270000000000142e-01	6.140081322143577935e+00
6.227219999999999978e-01	5.948189345880788181e+00
6.289789999999999548e-01	6.154649857229478549e+00
6.353790000000000271e-01	5.529340611624157020e+00
6.417070000000000274e-01	5.283482937520065370e+00
6.478369999999999962e-01	5.154361953459926760e+00
6.538089999999999735e-01	5.390466107714433797e+00
6.596819999999999906e-01	5.642333975921290268e+00
6.655140000000000500e-01	5.959631278835176182e+00
6.713630000000000431e-01	6.064323672854170511e+00
6.772660000000000347e-01	6.256737215068186586e+00
6.832110000000000127e-01	6.486595757625213565e+00
6.891829999999999901e-01	6.614870611189469507e+00
6.951669999999999794e-01	6.682873831381338725e+00
7.011469999999999647e-01	6.874140534291582227e+00
7.071119999999999628e-01	7.080915862440065212e+00
7.130670000000000064e-01	7.039026607651269529e+00
7.190130000000000132e-01	7.353091578166326414e+00
7.249569999999999625e-01	7.280273820971601140e+00
7.309010000000000229e-01	7.109268055123426855e+00
7.368489999999999762e-01	7.263430344933598626e+00
7.428000000000000158e-01	7.668967252548844371e+00
7.487530000000000019e-01	7.705833033464037030e+00
7.547080000000000455e-01	7.633698808985581508e+00
7.606619999999999493e-01	7.508637685926066396e+00
7.666140000000000176e-01	7.565927630748031874e+00
7.725670000000000037e-01	7.022176770893821640e+00
7.785180000000000433e-01	7.507952786787617683e+00
7.844689999999999719e-01	7.691263030469998263e+00
7.904210000000000402e-01	7.562554316098643703e+00
7.963729999999999976e-01	7.774146187850716316e+00
8.023249999999999549e-01	8.023542855884640446e+00
8.082770000000000232e-01	7.976950814683046787e+00
8.142289999999999806e-01	8.267973407505031957e+00
8.201800000000000201e-01	8.398595932072405290e+00
8.261319999999999775e-01	8.476586225237785044e+00
8.320830000000000171e-01	8.425305630646462873e+00
8.380349999999999744e-01	8.308636092370276671e+00
8.439870000000000427e-01	8.084461459706075104e+00
8.499400000000000288e-01	8.313582018908489246e+00
8.558940000000000436e-01	8.206528479074316706e+00
8.618479999999999475e-01	8.191776891311604913e+00
8.678010000000000446e-01	8.820945283270857473e+00
8.737519999999999731e-01	8.963336836408329233e+00
8.797000000000000375e-01	8.866212801972576329e+00
8.856439999999999868e-01	9.024722663980867310e+00
8.915870000000000184e-01	9.505219228391457165e+00
8.975349999999999717e-01	9.322084536427597712e+00
9.034900000000000153e-01	9.474875856895577542e+00
9.094569999999999599e-01	9.808910749587852251e+00
9.154379999999999740e-01	9.650191222878632402e+00
9.214210000000000456e-01	9.569651870798120186e+00
9.273909999999999654e-01	9.756451062942185004e+00
9.333329999999999682e-01	9.971308765061912993e+00
9.392300000000000093e-01	9.671219412377187297e+00
9.450749999999999984e-01	1.022633227807766687e+01
9.509090000000000042e-01	1.047787687628747477e+01
9.567890000000000006e-01	1.024218464329260492e+01
9.627750000000000474e-01	1.064990842753848455e+01
9.689229999999999787e-01	1.063286841751169653e+01
9.752680000000000238e-01	1.063535967306016694e+01
9.816639999999999810e-01	1.095442693369750664e+01
9.878930000000000211e-01	1.106366164168113819e+01
9.937399999999999567e-01	1.143829885162827509e+01
9.989850000000000119e-01	1.126652234450788370e+01
1.003457999999999961e+00	1.139329503434432667e+01
1.007338000000000067e+00	1.190334929748499881e+01
1.010966000000000031e+00	1.188216048473821829e+01
1.014685999999999977e+00	1.181425950722790752e+01
1.018841000000000108e+00	1.193865399369942715e+01
1.023735000000000062e+00	1.254389487745569909e+01
1.029328999999999938e+00	1.236903322163690966e+01
1.035408000000000106e+00	1.249149368803555937e+01
1.041754000000000069e+00	1.253929161852449781e+01
1.048148999999999997e+00	1.281207161521725801e+01
1.054391999999999996e+00	1.325222764272572462e+01
1.060446000000000000e+00	1.296925140588284897e+01
1.066368999999999900e+00	1.298841702522863883e+01
1.072216999999999976e+00	1.311220205662827176e+01
1.078049000000000035e+00	1.359790792014150362e+01
1.083920999999999912e+00	1.407726799524316874e+01
1.089842999999999895e+00	1.405951339884569506e+01
1.095801999999999943e+00	1.461067432465249460e+01
1.101780999999999899e+00	1.466086896513759186e+01
1.107765000000000111e+00	1.490102777040827498e+01
1.113739999999999952e+00	1.554296717539838646e+01
1.119699999999999918e+00	1.598243253211307469e+01
1.125650000000000039e+00	1.611626925799186694e+01
1.131594999999999906e+00	1.658535285448730079e+01
1.137537999999999938e+00	1.691229570833542084e+01
1.143483999999999945e+00	1.714604287663039983e+01
1.149432999999999927e+00	1.713360877837068941e+01
1.155386000000000024e+00	1.711851714136664881e+01
1.161338999999999899e+00	1.715189047845650450e+01
1.167294000000000054e+00	1.694220480942880158e+01
1.173246999999999929e+00	1.721175517768173791e+01
1.179200000000000026e+00	1.698532871559100954e+01
1.185151999999999983e+00	1.673775738288311388e+01
1.191103000000000023e+00	1.681650024561853840e+01
1.197054000000000062e+00	1.676913524419066093e+01
1.203006000000000020e+00	1.698459895834017530e+01
1.208957999999999977e+00	1.670353429646335641e+01
1.214909999999999934e+00	1.642605891978617905e+01
1.220861999999999892e+00	1.648152005057253788e+01
1.226814000000000071e+00	1.640160791021869713e+01
1.232765000000000111e+00	1.657583296732149947e+01
1.238717000000000068e+00	1.670103701831284937e+01
1.244668000000000108e+00	1.695710208213129633e+01
1.250620000000000065e+00	1.690446229017889479e+01
1.256572000000000022e+00	1.688102024137910817e+01
1.262526000000000037e+00	1.742470658393500926e+01
1.268480000000000052e+00	1.728091839717592038e+01
1.274434000000000067e+00	1.808789144537902160e+01
1.280386000000000024e+00	1.747958003071355293e+01
1.286335999999999924e+00	1.773991910323698562e+01
1.292281999999999931e+00	1.850291911913311793e+01
1.298224999999999962e+00	1.854918585989253543e+01
1.304170000000000051e+00	1.860274261434499721e+01
1.310119999999999951e+00	1.905411645255879804e+01
1.316079999999999917e+00	1.915223571652221679e+01
1.322052999999999923e+00	1.884059631864762707e+01
1.328036999999999912e+00	1.935279007783615768e+01
1.334017000000000008e+00	1.962116009131487715e+01
1.339976000000000056e+00	1.947558933045803542e+01
1.345900000000000096e+00	2.015402502064097234e+01
1.351774000000000031e+00	2.046281971794785548e+01
1.357607000000000008e+00	2.064796188272434918e+01
1.363453000000000026e+00	2.158707544737225703e+01
1.369372000000000034e+00	2.182299739431811858e+01
1.375421999999999922e+00	2.275896813315440426e+01
1.381658999999999970e+00	2.342293485002800324e+01
1.388052000000000064e+00	2.469302808615584155e+01
1.394403000000000059e+00	2.523184796320128598e+01
1.400492999999999988e+00	2.623928763030810174e+01
1.406104999999999938e+00	2.749078380769869767e+01
1.411021999999999998e+00	2.871236309717788160e+01
1.415195999999999898e+00	2.980283514073704865e+01
1.418924000000000074e+00	3.115606320274354246e+01
1.422549999999999981e+00	3.213164252208488136e+01
1.426417000000000046e+00	3.299939080060002539e+01
1.430868000000000029e+00	3.335260757130139808e+01
1.436091000000000006e+00	3.390916375195555332e+01
1.441923000000000066e+00	3.373998246410925361e+01
1.448144000000000098e+00	3.349935060727739966e+01
1.454538000000000109e+00	3.239921421817356162e+01
1.460887000000000047e+00	3.168256504690272379e+01
1.467041999999999957e+00	3.068752098182080701e+01
1.473030999999999979e+00	3.016219935244636829e+01
1.478914000000000062e+00	2.918591952964969494e+01
1.484749000000000096e+00	2.801663890207413843e+01
1.490591999999999917e+00	2.750023921458176801e+01
1.496488000000000040e+00	2.616060305576805334e+01
1.502428000000000097e+00	2.575493134361722269e+01
1.508397999999999906e+00	2.507485573637519849e+01
1.514380999999999977e+00	2.485785551059534626e+01
1.520361999999999991e+00	2.440062586873776240e+01
1.526329999999999965e+00	2.483446299301538929e+01
1.532284999999999897e+00	2.459100824990361644e+01
1.538232999999999961e+00	2.498946778902639565e+01
1.544175999999999993e+00	2.501411748284123959e+01
1.550119999999999942e+00	2.571648390968784170e+01
1.556068000000000007e+00	2.629859635485312097e+01
1.562019000000000046e+00	2.733733348019117315e+01
1.567971999999999921e+00	2.786290486968735181e+01
1.573925999999999936e+00	2.921105578028855021e+01
1.579879999999999951e+00	3.098863892845939461e+01
1.585833000000000048e+00	3.266948700227933244e+01
1.591785000000000005e+00	3.419661868136330440e+01
1.597736999999999963e+00	3.595751316822518362e+01
1.603688000000000002e+00	3.779373222552012379e+01
1.609639000000000042e+00	3.961913347318866130e+01
1.615590999999999999e+00	4.042545823744874411e+01
1.621542999999999957e+00	4.142743215901180065e+01
1.627494999999999914e+00	4.238371247306549350e+01
1.633447000000000093e+00	4.268454413669946490e+01
1.639399000000000051e+00	4.348355116688081523e+01
1.645350000000000090e+00	4.364512407891032808e+01
1.651302000000000048e+00	4.435584266918402818e+01
1.657253000000000087e+00	4.483087711021850197e+01
1.663205000000000044e+00	4.505319118535949485e+01
1.669157999999999920e+00	4.531379412647135752e+01
1.675111999999999934e+00	4.573633289593738027e+01
1.681065999999999949e+00	4.646146571285883198e+01
1.687019000000000046e+00	4.719564253526282016e+01
1.692971000000000004e+00	4.814079539208414360e+01
1.698919000000000068e+00	4.905996674599957430e+01
1.704863000000000017e+00	5.052660841242246192e+01
1.710806999999999967e+00	5.222535604932706832e+01
1.716752999999999973e+00	5.336692409679014304e+01
1.722706999999999988e+00	5.505623190209232831e+01
1.728671999999999986e+00	5.675815704126156902e+01
1.734652000000000083e+00	5.849069654838848464e+01
1.740636000000000072e+00	6.003111311870848255e+01
1.746609000000000078e+00	6.207472712878242049e+01
1.752555000000000085e+00	6.364422446129699296e+01
1.758458000000000077e+00	6.384216411317132156e+01
1.764308999999999905e+00	6.457905055630976676e+01
1.770140999999999964e+00	6.408511034070811263e+01
1.776011999999999924e+00	6.427590352157669429e+01
1.781979999999999897e+00	6.479920758895713107e+01
1.788105000000000055e+00	6.705230904191017771e+01
1.794426999999999994e+00	6.932638719577839481e+01
1.800829000000000013e+00	7.349301281339027980e+01
1.807091999999999921e+00	7.784153469499176481e+01
1.813002000000000002e+00	8.095575085452431097e+01
1.818338000000000010e+00	8.276041036348414082e+01
1.822912000000000088e+00	8.151392764072335240e+01
1.826850000000000085e+00	7.855806902300373906e+01
1.830492000000000008e+00	7.349371274445847746e+01
1.834179999999999922e+00	6.896388755745927313e+01
1.838259000000000087e+00	6.393906503774704930e+01
1.843048000000000020e+00	6.044679237109311032e+01
1.848562000000000038e+00	5.833297903030821629e+01
1.854589999999999961e+00	5.739555112036670437e+01
1.860913000000000039e+00	5.659970088801910038e+01
1.867313999999999918e+00	5.645763274883895377e+01
1.873583999999999916e+00	5.618087131360746866e+01
1.879660000000000108e+00	5.597339965487448410e+01
1.885596000000000050e+00	5.557833837352593065e+01
1.891450999999999993e+00	5.518191714823293381e+01
1.897281999999999913e+00	5.481098034758726811e+01
1.903146999999999922e+00	5.409385374798891633e+01
1.909062999999999954e+00	5.399299501189928208e+01
1.915018000000000109e+00	5.405708165011139954e+01
1.920995999999999926e+00	5.438357302567725782e+01
1.926979999999999915e+00	5.452950663295245448e+01
1.932955999999999896e+00	5.647620212859040123e+01
1.938917999999999919e+00	5.764037683371547161e+01
1.944868999999999959e+00	5.990466361481694690e+01
1.950814000000000048e+00	6.165042850094449278e+01
1.956757999999999997e+00	6.269860824112828368e+01
1.962703000000000086e+00	6.289076427284062021e+01
1.968652000000000069e+00	6.320713388153345136e+01
1.974604000000000026e+00	6.195939713410881922e+01
1.980558000000000041e+00	6.077213413020830757e+01
1.986512000000000056e+00	5.832925645671708992e+01
1.992466000000000070e+00	5.679359932062654082e+01
1.998418000000000028e+00	5.393647613371644667e+01
2.004370000000000207e+00	5.213395771147724389e+01
2.010321999999999942e+00	4.947131909424110319e+01
2.016272999999999982e+00	4.729407335375875476e+01
2.022224000000000022e+00	4.492775194968547936e+01
2.028176000000000201e+00	4.254612203180747088e+01
2.034127999999999936e+00	4.107288368528181621e+01
2.040080000000000116e+00	4.011723323670542385e+01
2.046031999999999851e+00	3.843423058208074394e+01
2.051984000000000030e+00	3.803144312624557699e+01
2.057935000000000070e+00	3.753981155980121542e+01
2.063886999999999805e+00	3.725040219668239416e+01
2.069837999999999845e+00	3.754925341954229623e+01
2.075791000000000164e+00	3.784948263329182083e+01
2.081744000000000039e+00	3.861398135440911972e+01
2.087698000000000054e+00	3.926065085219583040e+01
2.093652000000000069e+00	4.094896907621395599e+01
2.099604999999999944e+00	4.186567428999259022e+01
2.105554999999999843e+00	4.276081512864383427e+01
2.111501000000000072e+00	4.406615829661248540e+01
2.117445000000000022e+00	4.534852326047894167e+01
2.123388999999999971e+00	4.672039802241007322e+01
2.129338000000000175e+00	4.766863113240310668e+01
2.135295999999999861e+00	4.894751077114999305e+01
2.141268000000000171e+00	4.956276997694593689e+01
2.147250999999999799e+00	4.964173771404499291e+01
2.153232000000000035e+00	4.994756170633974790e+01
2.159196000000000115e+00	4.981434456085855089e+01
2.165125000000000188e+00	4.974517036184985130e+01
2.171006000000000213e+00	4.912500480041745732e+01
2.176841000000000026e+00	4.920466612028575781e+01
2.182682999999999929e+00	4.828215111691307015e+01
2.188588999999999896e+00	4.787097745555946915e+01
2.194618000000000180e+00	4.718628059021959587e+01
2.200828000000000007e+00	4.683407438483750695e+01
2.207209999999999894e+00	4.652753387760886028e+01
2.213579000000000185e+00	4.612741273191321056e+01
2.219714999999999883e+00	4.680747794243533377e+01
2.225403000000000020e+00	4.747357134340413154e+01
2.230423000000000044e+00	4.864626242558702529e+01
2.234681000000000139e+00	5.013362665382864947e+01
2.238447999999999993e+00	5.286872674853906773e+01
2.242068000000000172e+00	5.546557600574347191e+01
2.245884000000000214e+00	5.777208730734732001e+01
2.250237999999999960e+00	6.043240894166920185e+01
2.255365999999999982e+00	6.260329112530349960e+01
2.261130000000000084e+00	6.461747815505769665e+01
2.267313000000000134e+00	6.520707974535631024e+01
2.273696000000000161e+00	6.578072856183642614e+01
2.280063999999999869e+00	6.510820170943230778e+01
2.286243999999999943e+00	6.352965743387018449e+01
2.292251999999999956e+00	6.157485410550712146e+01
2.298146000000000022e+00	5.812648538149881006e+01
2.303983000000000114e+00	5.561564873806715781e+01
2.309822000000000042e+00	5.262426389283625383e+01
2.315710999999999853e+00	5.113808967442508902e+01
2.321645999999999876e+00	4.989818376980232983e+01
2.327612999999999932e+00	4.976756427455459431e+01
2.333594999999999864e+00	4.981893191390506104e+01
2.339576999999999796e+00	5.051276690763081234e+01
2.345546999999999827e+00	5.194974555765816149e+01
2.351503999999999817e+00	5.397758651829915522e+01
2.357451999999999881e+00	5.645983522406749699e+01
2.363395999999999830e+00	5.973060030647692287e+01
2.369339000000000084e+00	6.404560048169886954e+01
2.375286000000000008e+00	6.828101555663594979e+01
2.381237000000000048e+00	7.215116872683914551e+01
2.387189999999999923e+00	7.618503280029145230e+01
2.393143999999999938e+00	7.834735366865679396e+01
2.399097999999999953e+00	7.899336653517789841e+01
2.405050999999999828e+00	7.751128801256265888e+01
2.411004000000000147e+00	7.425352828459573118e+01
2.416955999999999882e+00	6.934557815114932566e+01
2.422906999999999922e+00	6.414118096464163443e+01
2.428857999999999961e+00	5.997314594571635382e+01
2.434809000000000001e+00	5.690605445292821685e+01
2.440760000000000041e+00	5.473212125281578722e+01
2.446712000000000220e+00	5.405172473936011102e+01
2.452663999999999955e+00	5.337152236295135310e+01
2.458616999999999830e+00	5.298997049478303722e+01
2.464570999999999845e+00	5.271828390960043720e+01
2.470524999999999860e+00	5.224248384345281693e+01
2.476478000000000179e+00	5.075930041809159121e+01
2.482429999999999914e+00	5.065480189991414051e+01
2.488377999999999979e+00	4.958384507168257471e+01
2.494323000000000068e+00	4.841326208572275647e+01
2.500265999999999877e+00	4.756433913051941431e+01
2.506212000000000106e+00	4.734209702728898606e+01
2.512164999999999981e+00	4.827622748501858752e+01
2.518129000000000062e+00	5.067740329136046995e+01
2.524108000000000018e+00	5.509639608336590300e+01
2.530091999999999786e+00	6.098073341446770002e+01
2.536067000000000071e+00	6.685479862961835806e+01
2.542015999999999831e+00	7.101502906296906303e+01
2.547924000000000078e+00	7.209855640182784953e+01
2.553779000000000021e+00	6.906848566364595854e+01
2.559610000000000163e+00	6.238845261595515268e+01
2.565475000000000172e+00	5.372393097320134103e+01
2.571432000000000162e+00	4.402371252142913960e+01
2.577539999999999942e+00	3.687636986896618652e+01
2.583845999999999865e+00	3.144170908972626677e+01
2.590249000000000024e+00	2.961116529865977398e+01
2.596534000000000120e+00	2.995828754287642326e+01
2.602485000000000159e+00	3.203489726418616357e+01
2.607883000000000173e+00	3.418396630632514643e+01
2.612527000000000044e+00	3.692251241815687735e+01
2.616509000000000196e+00	3.859948476312893462e+01
2.620163999999999938e+00	3.937274539821859065e+01
2.623834000000000000e+00	3.977292572127944936e+01
2.627863000000000060e+00	3.799367773849392194e+01
2.632579999999999920e+00	3.483429948133072429e+01
2.638037000000000187e+00	3.082752601078783528e+01
2.644026000000000209e+00	2.598075094665214380e+01
2.650332000000000132e+00	2.212531940431999544e+01
2.656734000000000151e+00	2.001495357550443543e+01
2.663022999999999918e+00	2.078205335832438294e+01
2.669115000000000126e+00	2.353070803361831764e+01
2.675060999999999911e+00	2.809433140838246246e+01
2.680919999999999970e+00	3.294744296457304245e+01
2.686751000000000111e+00	3.716149930482849584e+01
2.692610999999999866e+00	3.873468580564284025e+01
2.698523999999999923e+00	3.798351898601639931e+01
2.704476000000000102e+00	3.611829937082454478e+01
2.710452000000000083e+00	3.352580390208613181e+01
2.716435999999999851e+00	3.093263966497795181e+01
2.722412999999999972e+00	2.928667454133161385e+01
2.728375999999999912e+00	2.882449134824963721e+01
2.734328000000000092e+00	2.925031273837813117e+01
2.740273999999999877e+00	3.024013456297318569e+01
2.746217000000000130e+00	3.015335587838963960e+01
2.752162000000000219e+00	2.915320384365422157e+01
2.758110999999999979e+00	2.732334970916481609e+01
2.764063000000000159e+00	2.417288123200037475e+01
2.770016000000000034e+00	2.127375238702546412e+01
2.775971000000000188e+00	1.905910888039648654e+01
2.781924000000000063e+00	1.709021726470270153e+01
2.787876999999999938e+00	1.697136711368117190e+01
2.793829000000000118e+00	1.660399569360349403e+01
2.799780999999999853e+00	1.793044320711291206e+01
2.805731999999999893e+00	2.028898332878242172e+01
2.811682999999999932e+00	2.222481334294218058e+01
2.817635000000000112e+00	2.502343936644177447e+01
2.823586999999999847e+00	2.709403896768835196e+01
2.829539000000000026e+00	2.925817516126344486e+01
2.835491000000000206e+00	2.885307489621995458e+01
2.841442999999999941e+00	2.672082319184764643e+01
2.847395000000000120e+00	2.225709120588692969e+01
2.853346999999999856e+00	1.670980328632929002e+01
2.859299000000000035e+00	1.078276128502298725e+01
2.865251000000000214e+00	5.418547918650467032e+00
2.871201999999999810e+00	1.198596823048501347e+00
2.877153999999999989e+00	-6.977784716309960444e-01
2.883106000000000169e+00	-1.435548365370391544e+00
2.889057999999999904e+00	-5.606043037168786380e-01
2.895010000000000083e+00	-3.660175622965779890e-02
2.900961999999999819e+00	7.630509686808741865e-01
2.906913999999999998e+00	1.489537170728872928e+00
2.912866000000000177e+00	1.929567263004994704e+00
2.918817999999999913e+00	3.850985403399541429e+00
2.924770000000000092e+00	6.992743732792997768e+00
2.930721000000000132e+00	1.370473271074734889e+01
2.936672999999999867e+00	2.226460534767594979e+01
2.942625000000000046e+00	3.219608389002500815e+01
2.948576999999999781e+00	4.240235305288716461e+01
2.954528999999999961e+00	4.988465848708850103e+01
2.960481000000000140e+00	5.358581845473967320e+01
2.966432999999999875e+00	5.204387165982296892e+01
2.972385000000000055e+00	4.696175168237088826e+01
2.978336999999999790e+00	3.802834527960015265e+01
2.984288999999999970e+00	2.781783128851155240e+01
2.990240000000000009e+00	1.721693975871828997e+01
2.996192000000000188e+00	7.519842978529630351e+00
3.002143999999999924e+00	-1.892016164533601164e-01
3.008096000000000103e+00	-4.084941201756185691e+00
3.014047999999999838e+00	-3.312154431807889488e+00
3.020000000000000018e+00	3.035229705554713053e+00
