1.199999999999999956e-01	1.037990389502635225e+00
1.249780000000000058e-01	3.263786784699761467e-01
1.305999999999999939e-01	1.241001777461649525e+00
1.367059999999999942e-01	1.639190520717244581e+00
1.431360000000000132e-01	1.634498408275409265e+00
1.497320000000000040e-01	3.857472540176407061e-01
1.563350000000000017e-01	2.281023136113134453e-01
1.627850000000000130e-01	5.232546612028615707e-01
1.689219999999999888e-01	4.603850050278329720e-01
1.745889999999999942e-01	-4.909752063928691790e-01
1.796250000000000069e-01	3.648242709013810314e-01
1.839349999999999874e-01	-3.535934808543346186e-01
1.877439999999999942e-01	-5.228684271325407806e-01
1.913779999999999926e-01	-8.766872128563236721e-01
1.951660000000000061e-01	-1.941803077216351037e+00
1.994340000000000002e-01	-1.605648844765451777e+00
2.044499999999999929e-01	-6.334571309209346968e-01
2.101250000000000062e-01	-8.043305064896361101e-01
2.162479999999999958e-01	-5.950859434043889173e-01
2.226049999999999973e-01	-6.108309633257508198e-01
2.289819999999999911e-01	-1.159221380705137694e+00
2.351930000000000132e-01	-1.015318891391189249e+00
2.412249999999999950e-01	-9.246543284768271587e-01
2.471349999999999936e-01	-1.078505448542130818e-01
2.529799999999999827e-01	3.270509456020774253e-01
2.588170000000000193e-01	-1.548208093621882275e-01
2.646970000000000156e-01	7.005538677790967839e-02
2.706259999999999777e-01	-6.944251377382706369e-01
2.765880000000000005e-01	2.918987390344318644e-02
2.825679999999999858e-01	3.422787308937405015e-01
2.885510000000000019e-01	6.569244798686280085e-02
2.945229999999999793e-01	-1.211133322548832991e+00
3.004809999999999981e-01	-2.654388788550114953e-01
3.064310000000000089e-01	-3.436577152425674964e-01
3.123750000000000138e-01	-1.221492935264756330e+00
3.183190000000000186e-01	-5.299670233850281020e-01
3.242650000000000254e-01	-1.903675553394845732e-01
3.302149999999999808e-01	-1.282630393138078695e+00
3.361680000000000224e-01	-8.199747193931730127e-01
3.421210000000000084e-01	-1.090724229356572650e+00
3.480759999999999965e-01	-7.840290330930730356e-01
3.540289999999999826e-01	-1.315911480081174423e+00
3.599809999999999954e-01	-9.646268889680120751e-03
3.659330000000000083e-01	-6.070828590656842660e-01
3.718839999999999923e-01	-5.903623145004908146e-01
3.778360000000000052e-01	-5.113149423874185917e-02
3.837869999999999893e-01	-2.739647861162386455e-01
3.897390000000000021e-01	-1.116622545447850001e+00
3.956910000000000149e-01	-3.317872042766278895e-02
4.016429999999999723e-01	-3.394529901798581939e-01
4.075949999999999851e-01	-1.048204730413235142e+00
4.135469999999999979e-01	-1.345204968749177388e+00
4.194979999999999820e-01	-1.169566888558494444e+00
4.254499999999999948e-01	-3.201254994780016183e-01
4.314009999999999789e-01	-1.683575650374395272e+00
4.373540000000000205e-01	-1.068437312057977540e+00
4.433079999999999798e-01	-1.115241832109327813e+00
4.492619999999999947e-01	-6.711185415725037240e-01
4.552160000000000095e-01	-1.093480733299972973e+00
4.611680000000000224e-01	-7.933288002037311992e-01
4.671170000000000044e-01	-1.243190173516882435e+00
4.730619999999999825e-01	-6.104179917654395382e-01
4.790059999999999873e-01	-9.046948979349442865e-01
4.849510000000000209e-01	-1.344695093164764543e+00
4.909020000000000050e-01	9.972907778709005910e-02
4.968629999999999991e-01	-4.808243846173752001e-01
5.028390000000000359e-01	6.044105248732543068e-01
5.088230000000000253e-01	-2.067508616120279363e-01
5.148009999999999531e-01	9.122948800984609363e-02
5.207570000000000254e-01	-8.129054723191446730e-01
5.266750000000000043e-01	-6.861634621998689010e-01
5.325410000000000421e-01	-3.516174921052119817e-01
5.383719999999999617e-01	-1.033624625231703842e-01
5.442249999999999588e-01	-7.088667314385022067e-01
5.501580000000000359e-01	-6.963065947469314620e-01
5.562289999999999734e-01	-4.985357475196464105e-01
5.624930000000000208e-01	-5.997580601728035310e-01
5.688929999999999820e-01	-3.972306497606251652e-01
5.752220000000000111e-01	-2.415228659473003248e-01
5.812610000000000277e-01	-1.260057026514307399e+00
5.867949999999999555e-01	-8.392434839914219014e-01
5.916080000000000227e-01	3.132774438090128455e-01
5.957040000000000113e-01	1.256937948986629472e-01
5.993990000000000151e-01	-2.863098197942169909e-01
6.030370000000000452e-01	3.427300762266833334e-01
6.069609999999999728e-01	6.033103259398517881e-01
6.115110000000000268e-01	3.025786833695140454e-01
6.168270000000000142e-01	2.849896338416095798e-01
6.227219999999999978e-01	1.869133725853805994e-01
6.289789999999999548e-01	6.338257894702535866e-01
6.353790000000000271e-01	1.106076996861287576e+00
6.417070000000000274e-01	2.357063103512366253e-01
6.478369999999999962e-01	1.126591262700509910e+00
6.538089999999999735e-01	1.072503940719238935e+00
6.596819999999999906e-01	5.470452596141849311e-01
6.655140000000000500e-01	-3.788993797765503602e-01
6.713630000000000431e-01	-5.330286353958595402e-01
6.772660000000000347e-01	-3.982924194693274744e-01
6.832110000000000127e-01	1.300492922904367132e-01
6.891829999999999901e-01	7.617867611278854589e-01
6.951669999999999794e-01	3.010964621489808923e-01
7.011469999999999647e-01	2.779848105284967175e-01
7.071119999999999628e-01	5.058330733047683436e-01
7.130670000000000064e-01	1.188242098080107167e+00
7.190130000000000132e-01	7.705757840590515828e-01
7.249569999999999625e-01	9.500871159012630462e-01
7.309010000000000229e-01	9.829894903397720096e-01
7.368489999999999762e-01	3.227812639693288799e-01
7.428000000000000158e-01	1.467751404127783377e-01
7.487530000000000019e-01	8.713834523822530098e-01
7.547080000000000455e-01	7.932430579899835132e-01
7.606619999999999493e-01	4.427382055035518627e-01
7.666140000000000176e-01	6.424282941346843856e-01
7.725670000000000037e-01	4.639437472451701794e-02
7.785180000000000433e-01	9.623163224430671958e-01
7.844689999999999719e-01	-3.358246706752464616e-01
7.904210000000000402e-01	4.642943355668640026e-01
7.963729999999999976e-01	1.026899048312013563e-01
8.023249999999999549e-01	7.610791116340288598e-01
8.082770000000000232e-01	-3.230399051548238365e-02
8.142289999999999806e-01	3.629538420316062997e-01
8.201800000000000201e-01	5.449221652380384917e-01
8.261319999999999775e-01	7.963397166547148132e-01
8.320830000000000171e-01	6.874956532485925198e-01
8.380349999999999744e-01	1.956970477345273407e-01
8.439870000000000427e-01	8.804982984147613490e-01
8.499400000000000288e-01	-1.123927939607652915e-01
8.558940000000000436e-01	1.261577242774834406e+00
8.618479999999999475e-01	1.779191193548153027e+00
8.678010000000000446e-01	1.631819979037006485e+00
8.737519999999999731e-01	1.555048220423115968e+00
8.797000000000000375e-01	1.906553396634819597e+00
8.856439999999999868e-01	1.579857787551527171e+00
8.915870000000000184e-01	1.323851709479521688e+00
8.975349999999999717e-01	1.806678835539774042e+00
9.034900000000000153e-01	1.217343485726341878e+00
9.094569999999999599e-01	1.307377731467509685e+00
9.154379999999999740e-01	1.305565366584056974e+00
9.214210000000000456e-01	1.496247107151113864e+00
9.273909999999999654e-01	1.865477313280201388e+00
9.333329999999999682e-01	1.574143983992454698e+00
9.392300000000000093e-01	1.391863292786328143e+00
9.450749999999999984e-01	1.164993250346381348e+00
9.509090000000000042e-01	2.948805447210381736e+00
9.567890000000000006e-01	2.637455949103731712e+00
9.627750000000000474e-01	1.529785342739353293e+00
9.689229999999999787e-01	2.304027692673423555e+00
9.752680000000000238e-01	2.146404766031319689e+00
9.816639999999999810e-01	1.636338665403911818e+00
9.878930000000000211e-01	2.379911298118726481e+00
9.937399999999999567e-01	2.797386642129529477e+00
9.989850000000000119e-01	2.499332485990164887e+00
1.003457999999999961e+00	2.451758108880360609e+00
1.007338000000000067e+00	2.308430636923177737e+00
1.010966000000000031e+00	2.232818630242289881e+00
1.014685999999999977e+00	2.044843380174693692e+00
1.018841000000000108e+00	2.057603792227762352e+00
1.023735000000000062e+00	2.513562148551141462e+00
1.029328999999999938e+00	2.385577571702421018e+00
1.035408000000000106e+00	2.960849745851648063e+00
1.041754000000000069e+00	2.975859136099828106e+00
1.048148999999999997e+00	3.331740697449236954e+00
1.054391999999999996e+00	2.234909087919864312e+00
1.060446000000000000e+00	2.383902986229883947e+00
1.066368999999999900e+00	2.218839894030896431e+00
1.072216999999999976e+00	1.769710152496090094e+00
1.078049000000000035e+00	2.467501339504067026e+00
1.083920999999999912e+00	2.875693742940184983e+00
1.089842999999999895e+00	2.845393532429512096e+00
1.095801999999999943e+00	2.217508946921484814e+00
1.101780999999999899e+00	3.428255198993405806e+00
1.107765000000000111e+00	4.077084629347458744e+00
1.113739999999999952e+00	3.711514920124648231e+00
1.119699999999999918e+00	3.756625928689364624e+00
1.125650000000000039e+00	4.793780437096546443e+00
1.131594999999999906e+00	3.589563849140636087e+00
1.137537999999999938e+00	4.138385053837669858e+00
1.143483999999999945e+00	3.882161622504040288e+00
1.149432999999999927e+00	3.203088143249151365e+00
1.155386000000000024e+00	4.741583618722224003e+00
1.161338999999999899e+00	4.762530502489896733e+00
1.167294000000000054e+00	4.704012851055678013e+00
1.173246999999999929e+00	4.539574558155726081e+00
1.179200000000000026e+00	3.636939937843417958e+00
1.185151999999999983e+00	4.676099683630394743e+00
1.191103000000000023e+00	4.231855040364007614e+00
1.197054000000000062e+00	5.010823097193025433e+00
1.203006000000000020e+00	4.118556583210114752e+00
1.208957999999999977e+00	4.207508175577806320e+00
1.214909999999999934e+00	4.999072193089590499e+00
1.220861999999999892e+00	5.084120728910900056e+00
1.226814000000000071e+00	4.400585835261080270e+00
1.232765000000000111e+00	4.787291639152368106e+00
1.238717000000000068e+00	4.404008779879868385e+00
1.244668000000000108e+00	4.661410013675002517e+00
1.250620000000000065e+00	4.484462198695100987e+00
1.256572000000000022e+00	5.777654889973590002e+00
1.262526000000000037e+00	5.372449305444130907e+00
1.268480000000000052e+00	4.501708860165352988e+00
1.274434000000000067e+00	5.540195347975172879e+00
1.280386000000000024e+00	5.107764066227357347e+00
1.286335999999999924e+00	4.694710646210335625e+00
1.292281999999999931e+00	5.151655131489202510e+00
1.298224999999999962e+00	3.685566390854548402e+00
1.304170000000000051e+00	4.047831208488811505e+00
1.310119999999999951e+00	4.844234896964469961e+00
1.316079999999999917e+00	5.653114948778751980e+00
1.322052999999999923e+00	4.887212766392750929e+00
1.328036999999999912e+00	5.251329275088168380e+00
1.334017000000000008e+00	5.445208056270702812e+00
1.339976000000000056e+00	5.847579864271637895e+00
1.345900000000000096e+00	5.623099550879142150e+00
1.351774000000000031e+00	6.122772658059144391e+00
1.357607000000000008e+00	5.685810890438882659e+00
1.363453000000000026e+00	6.301931459553357762e+00
1.369372000000000034e+00	6.347870561955185842e+00
1.375421999999999922e+00	6.280920056811020835e+00
1.381658999999999970e+00	7.163347505769393386e+00
1.388052000000000064e+00	7.572286335752933084e+00
1.394403000000000059e+00	8.410664243204792001e+00
1.400492999999999988e+00	6.985888917603032766e+00
1.406104999999999938e+00	7.734057397652009946e+00
1.411021999999999998e+00	9.009906249414635582e+00
1.415195999999999898e+00	8.659998833440978316e+00
1.418924000000000074e+00	9.112710298635274597e+00
1.422549999999999981e+00	9.869267729805823564e+00
1.426417000000000046e+00	1.066041230395661366e+01
1.430868000000000029e+00	9.568860207349068503e+00
1.436091000000000006e+00	9.359639642962001460e+00
1.441923000000000066e+00	1.001448968325452427e+01
1.448144000000000098e+00	1.024088076329647023e+01
1.454538000000000109e+00	9.940107111529934869e+00
1.460887000000000047e+00	9.687147256150867136e+00
1.467041999999999957e+00	9.463577099644494339e+00
1.473030999999999979e+00	1.018725419290614198e+01
1.478914000000000062e+00	9.538285028181341829e+00
1.484749000000000096e+00	9.438574686552030357e+00
1.490591999999999917e+00	9.169048568012637901e+00
1.496488000000000040e+00	8.413226367939216743e+00
1.502428000000000097e+00	7.998682959273992310e+00
1.508397999999999906e+00	8.058804514856138468e+00
1.514380999999999977e+00	7.729457673629247516e+00
1.520361999999999991e+00	7.332283551056915982e+00
1.526329999999999965e+00	6.461049627868967526e+00
1.532284999999999897e+00	6.942888777203743977e+00
1.538232999999999961e+00	6.701656634433945214e+00
1.544175999999999993e+00	7.144660604784737856e+00
1.550119999999999942e+00	7.157780014103463984e+00
1.556068000000000007e+00	8.140816617263137545e+00
1.562019000000000046e+00	7.304798205157460700e+00
1.567971999999999921e+00	8.711054043701391691e+00
1.573925999999999936e+00	9.060365678250757782e+00
1.579879999999999951e+00	9.298380600838914489e+00
1.585833000000000048e+00	9.311472847973510270e+00
1.591785000000000005e+00	1.043324385197893100e+01
1.597736999999999963e+00	1.111757913377984330e+01
1.603688000000000002e+00	1.306116697436397445e+01
1.609639000000000042e+00	1.221839023888037978e+01
1.615590999999999999e+00	1.279703453609053376e+01
1.621542999999999957e+00	1.273622503977552967e+01
1.627494999999999914e+00	1.304913572265884802e+01
1.633447000000000093e+00	1.313821856611813921e+01
1.639399000000000051e+00	1.271723918659233377e+01
1.645350000000000090e+00	1.207525744927805889e+01
1.651302000000000048e+00	1.232697413803148123e+01
1.657253000000000087e+00	1.253971388920805907e+01
1.663205000000000044e+00	1.350519215397465445e+01
1.669157999999999920e+00	1.292913318282388246e+01
1.675111999999999934e+00	1.392940517389572186e+01
1.681065999999999949e+00	1.368300271553697556e+01
1.687019000000000046e+00	1.473413060682399589e+01
1.692971000000000004e+00	1.503742602393398009e+01
1.698919000000000068e+00	1.617948468549863961e+01
1.704863000000000017e+00	1.630686968090942912e+01
1.710806999999999967e+00	1.717778618967588855e+01
1.716752999999999973e+00	1.691192591175227378e+01
1.722706999999999988e+00	1.822677975083373170e+01
1.728671999999999986e+00	1.832728705243192735e+01
1.734652000000000083e+00	1.921850741728795953e+01
1.740636000000000072e+00	1.977208370943126781e+01
1.746609000000000078e+00	1.958386881603554741e+01
1.752555000000000085e+00	2.084232636909136005e+01
1.758458000000000077e+00	2.090786723036497818e+01
1.764308999999999905e+00	2.144319359323096919e+01
1.770140999999999964e+00	2.189701748735828346e+01
1.776011999999999924e+00	2.256331284130109438e+01
1.781979999999999897e+00	2.465516092439816020e+01
1.788105000000000055e+00	2.575562846845491194e+01
1.794426999999999994e+00	2.809118380181316610e+01
1.800829000000000013e+00	3.086850124503016346e+01
1.807091999999999921e+00	3.284498330973814717e+01
1.813002000000000002e+00	3.647012520932413793e+01
1.818338000000000010e+00	3.863347293660854831e+01
1.822912000000000088e+00	3.941926515884528470e+01
1.826850000000000085e+00	4.036207678810711741e+01
1.830492000000000008e+00	3.934288305432777832e+01
1.834179999999999922e+00	3.874454544043241100e+01
1.838259000000000087e+00	3.693818514950133647e+01
1.843048000000000020e+00	3.490194679129295707e+01
1.848562000000000038e+00	3.247849162523989719e+01
1.854589999999999961e+00	2.880523260533614405e+01
1.860913000000000039e+00	2.637615921539483210e+01
1.867313999999999918e+00	2.470078230385484019e+01
1.873583999999999916e+00	2.215873132891016439e+01
1.879660000000000108e+00	2.256418431760163301e+01
1.885596000000000050e+00	2.133576605327423081e+01
1.891450999999999993e+00	2.149993105446880648e+01
1.897281999999999913e+00	2.149972149031562907e+01
1.903146999999999922e+00	2.171034097483950376e+01
1.909062999999999954e+00	2.197546522856323037e+01
1.915018000000000109e+00	2.141065698202493550e+01
1.920995999999999926e+00	2.127446580007439891e+01
1.926979999999999915e+00	2.121411067461672317e+01
1.932955999999999896e+00	2.070432555727715496e+01
1.938917999999999919e+00	1.955108758733094021e+01
1.944868999999999959e+00	1.843385544791861719e+01
1.950814000000000048e+00	1.836173620059575029e+01
1.956757999999999997e+00	1.736888708540637083e+01
1.962703000000000086e+00	1.656417387611332614e+01
1.968652000000000069e+00	1.578275979629287562e+01
1.974604000000000026e+00	1.520890442775288420e+01
1.980558000000000041e+00	1.416099377766084189e+01
1.986512000000000056e+00	1.393940526908156663e+01
1.992466000000000070e+00	1.456074660274590826e+01
1.998418000000000028e+00	1.352066383886588952e+01
2.004370000000000207e+00	1.381756382409027673e+01
2.010321999999999942e+00	1.408925736174042953e+01
2.016272999999999982e+00	1.389908118009864424e+01
2.022224000000000022e+00	1.464131851890457270e+01
2.028176000000000201e+00	1.443157416534260484e+01
2.034127999999999936e+00	1.477849566102048406e+01
2.040080000000000116e+00	1.516210919310163874e+01
2.046031999999999851e+00	1.469378644420032742e+01
2.051984000000000030e+00	1.545998829475521674e+01
2.057935000000000070e+00	1.476909290993634194e+01
2.063886999999999805e+00	1.506064077750721530e+01
2.069837999999999845e+00	1.480014124556779009e+01
2.075791000000000164e+00	1.422808228533877895e+01
2.081744000000000039e+00	1.406318358582650951e+01
2.087698000000000054e+00	1.266129928427967855e+01
2.093652000000000069e+00	1.246282962456247034e+01
2.099604999999999944e+00	1.158180606222330233e+01
2.105554999999999843e+00	1.015232104807092384e+01
2.111501000000000072e+00	1.077416627883322064e+01
2.117445000000000022e+00	1.043738932007485687e+01
2.123388999999999971e+00	1.049918666265053346e+01
2.129338000000000175e+00	1.069149598562401771e+01
2.135295999999999861e+00	1.163857025974407478e+01
2.141268000000000171e+00	1.102644712369642832e+01
2.147250999999999799e+00	1.171210968213055992e+01
2.153232000000000035e+00	1.152755526078350812e+01
2.159196000000000115e+00	1.232552983207040143e+01
2.165125000000000188e+00	1.311361720120816621e+01
2.171006000000000213e+00	1.350927082839305449e+01
2.176841000000000026e+00	1.464146970306842199e+01
2.182682999999999929e+00	1.479467422291788559e+01
2.188588999999999896e+00	1.578908986521735081e+01
2.194618000000000180e+00	1.738650645045681387e+01
2.200828000000000007e+00	1.781038861428221409e+01
2.207209999999999894e+00	1.778998071885808940e+01
2.213579000000000185e+00	1.825765768326470351e+01
2.219714999999999883e+00	1.824832302303775577e+01
2.225403000000000020e+00	1.791545886386377262e+01
2.230423000000000044e+00	1.755456115855107768e+01
2.234681000000000139e+00	1.783573146977277091e+01
2.238447999999999993e+00	1.735155301495635527e+01
2.242068000000000172e+00	1.756632180607743621e+01
2.245884000000000214e+00	1.678096114462232080e+01
2.250237999999999960e+00	1.812347594634190528e+01
2.255365999999999982e+00	1.737083400199193051e+01
2.261130000000000084e+00	1.837293211991191910e+01
2.267313000000000134e+00	1.844973418255815290e+01
2.273696000000000161e+00	1.933254882698696520e+01
2.280063999999999869e+00	2.048012761252457281e+01
2.286243999999999943e+00	1.953463832037831338e+01
2.292251999999999956e+00	2.134590104433342006e+01
2.298146000000000022e+00	2.170019949407940629e+01
2.303983000000000114e+00	2.173755992600826659e+01
2.309822000000000042e+00	2.195121150887737826e+01
2.315710999999999853e+00	2.217017588480799972e+01
2.321645999999999876e+00	2.298919307226132602e+01
2.327612999999999932e+00	2.222011425427829678e+01
2.333594999999999864e+00	2.262758495511072354e+01
2.339576999999999796e+00	2.176587789576075949e+01
2.345546999999999827e+00	2.214321082514904404e+01
2.351503999999999817e+00	2.171681258491159028e+01
2.357451999999999881e+00	2.180094306055557851e+01
2.363395999999999830e+00	2.208564257810082054e+01
2.369339000000000084e+00	2.124819536706109346e+01
2.375286000000000008e+00	2.167697841578187479e+01
2.381237000000000048e+00	2.320479850161284219e+01
2.387189999999999923e+00	2.294588027572109468e+01
2.393143999999999938e+00	2.446238164480194044e+01
2.399097999999999953e+00	2.642566480009076813e+01
2.405050999999999828e+00	2.858521168736809415e+01
2.411004000000000147e+00	2.990749811961449467e+01
2.416955999999999882e+00	3.291392644151385127e+01
2.422906999999999922e+00	3.544235411867929741e+01
2.428857999999999961e+00	3.801382296072129208e+01
2.434809000000000001e+00	4.040745291595113287e+01
2.440760000000000041e+00	4.273838165460004035e+01
2.446712000000000220e+00	4.359991456011459121e+01
2.452663999999999955e+00	4.539418733035442699e+01
2.458616999999999830e+00	4.462807101636964546e+01
2.464570999999999845e+00	4.282415908280449912e+01
2.470524999999999860e+00	4.029069273111817040e+01
2.476478000000000179e+00	3.618419704597383912e+01
2.482429999999999914e+00	3.180207976711149698e+01
2.488377999999999979e+00	2.842042483157018751e+01
2.494323000000000068e+00	2.542489300695370602e+01
2.500265999999999877e+00	2.354789886423643352e+01
2.506212000000000106e+00	2.238085536400710041e+01
2.512164999999999981e+00	2.128198127179627264e+01
2.518129000000000062e+00	2.232890314867243831e+01
2.524108000000000018e+00	2.217088957426058471e+01
2.530091999999999786e+00	2.349724301811806626e+01
2.536067000000000071e+00	2.443750210543581147e+01
2.542015999999999831e+00	2.606664073247651814e+01
2.547924000000000078e+00	2.823098959544718412e+01
2.553779000000000021e+00	2.849875850291375912e+01
2.559610000000000163e+00	2.964990654915618862e+01
2.565475000000000172e+00	2.953241254203937771e+01
2.571432000000000162e+00	2.909093336726840917e+01
2.577539999999999942e+00	2.787109693301608004e+01
2.583845999999999865e+00	2.788409975877486957e+01
2.590249000000000024e+00	2.450701851161936773e+01
2.596534000000000120e+00	2.206114816472748075e+01
2.602485000000000159e+00	1.961345147621247875e+01
2.607883000000000173e+00	1.580714469654265741e+01
2.612527000000000044e+00	1.339449320104754193e+01
2.616509000000000196e+00	1.049949530194697189e+01
2.620163999999999938e+00	9.705367433819525047e+00
2.623834000000000000e+00	8.564884893925945875e+00
2.627863000000000060e+00	7.030305672149866680e+00
2.632579999999999920e+00	8.251714379866585958e+00
2.638037000000000187e+00	7.760374395094160604e+00
2.644026000000000209e+00	8.755147038069694077e+00
2.650332000000000132e+00	9.697994907939987641e+00
2.656734000000000151e+00	1.144947851335924405e+01
2.663022999999999918e+00	1.194302047390931421e+01
2.669115000000000126e+00	1.287798179838611290e+01
2.675060999999999911e+00	1.350319422797742419e+01
2.680919999999999970e+00	1.434697117011543810e+01
2.686751000000000111e+00	1.549241644121617512e+01
2.692610999999999866e+00	1.683851284513301394e+01
2.698523999999999923e+00	1.870237946446596311e+01
2.704476000000000102e+00	2.071273554467777345e+01
2.710452000000000083e+00	2.172457103170289727e+01
2.716435999999999851e+00	2.232744219109516948e+01
2.722412999999999972e+00	2.197868414105137447e+01
2.728375999999999912e+00	2.035098919845878740e+01
2.734328000000000092e+00	1.752555458763126950e+01
2.740273999999999877e+00	1.488115247553112930e+01
2.746217000000000130e+00	1.098431911775150027e+01
2.752162000000000219e+00	8.060268941748773841e+00
2.758110999999999979e+00	6.121423135407683347e+00
2.764063000000000159e+00	3.372084167038849500e+00
2.770016000000000034e+00	2.030661262286164614e+00
2.775971000000000188e+00	2.433968658085420067e+00
2.781924000000000063e+00	3.976040202910585464e+00
2.787876999999999938e+00	6.212128646543344068e+00
2.793829000000000118e+00	9.318992589482492761e+00
2.799780999999999853e+00	1.156372812846934472e+01
2.805731999999999893e+00	1.520915498317429737e+01
2.811682999999999932e+00	1.818636260325255805e+01
2.817635000000000112e+00	2.005656864526266858e+01
2.823586999999999847e+00	2.039942805695910621e+01
2.829539000000000026e+00	2.092860424766950800e+01
2.835491000000000206e+00	2.155054886851474194e+01
2.841442999999999941e+00	1.966454371190313566e+01
2.847395000000000120e+00	1.851657873878024674e+01
2.853346999999999856e+00	1.724899855382586011e+01
2.859299000000000035e+00	1.606783934299849292e+01
2.865251000000000214e+00	1.549606631922839917e+01
2.871201999999999810e+00	1.761056311778495953e+01
2.877153999999999989e+00	1.961017078930203539e+01
2.883106000000000169e+00	2.277634917326680153e+01
2.889057999999999904e+00	2.585244498330957086e+01
2.895010000000000083e+00	2.897955694242742553e+01
2.900961999999999819e+00	2.986498006555608242e+01
2.906913999999999998e+00	2.983110505814298108e+01
2.912866000000000177e+00	2.739032966791502588e+01
2.918817999999999913e+00	2.500527012656092651e+01
2.924770000000000092e+00	2.089814106776545088e+01
2.930721000000000132e+00	1.559745336673795713e+01
2.936672999999999867e+00	1.027508381052996711e+01
2.942625000000000046e+00	5.157649711323331054e+00
2.948576999999999781e+00	-9.481043822707948543e-01
2.954528999999999961e+00	-5.249706526976860133e+00
2.960481000000000140e+00	-9.063345928564562115e+00
2.966432999999999875e+00	-1.086306511411472897e+01
2.972385000000000055e+00	-1.258510202567815561e+01
2.978336999999999790e+00	-1.220598589641287468e+01
2.984288999999999970e+00	-1.255239890495261790e+01
2.990240000000000009e+00	-1.177491134727409694e+01
2.996192000000000188e+00	-1.112175783043425348e+01
3.002143999999999924e+00	-1.094100674039190757e+01
3.008096000000000103e+00	-1.143763741751615726e+01
3.014047999999999838e+00	-1.275040289017814743e+01
3.020000000000000018e+00	-1.520209999804272805e+01
