1.199999999999999956e-01	2.716767841159994479e+00
1.249780000000000058e-01	1.787704407408627905e+00
1.305999999999999939e-01	1.206793384679874181e+00
1.367059999999999942e-01	2.975505024749143801e-01
1.431360000000000132e-01	-7.356540205078476724e-04
1.497320000000000040e-01	6.522723780323957943e-02
1.563350000000000017e-01	-4.536516644357755368e-01
1.627850000000000130e-01	-6.172091477513190760e-01
1.689219999999999888e-01	-2.938401868687023910e-02
1.745889999999999942e-01	9.133509546655782518e-02
1.796250000000000069e-01	-2.978844209298909806e-01
1.839349999999999874e-01	-1.083427558973349525e+00
1.877439999999999942e-01	-4.680123450336289848e-01
1.913779999999999926e-01	-3.565609624331033123e-01
1.951660000000000061e-01	-5.923587004695112235e-01
1.994340000000000002e-01	-7.534155960591575329e-01
2.044499999999999929e-01	-9.776396429351380535e-01
2.101250000000000062e-01	-1.323137543686508932e+00
2.162479999999999958e-01	-1.334377407256040815e+00
2.226049999999999973e-01	-1.646982625298377911e+00
2.289819999999999911e-01	-1.606611523372768913e+00
2.351930000000000132e-01	-1.189755374651661590e+00
2.412249999999999950e-01	-1.631287653495666845e+00
2.471349999999999936e-01	-1.201419481519396149e+00
2.529799999999999827e-01	-7.845492398600764083e-01
2.588170000000000193e-01	-1.159668912290107823e+00
2.646970000000000156e-01	-1.164065040985462485e+00
2.706259999999999777e-01	-1.494948787710209670e+00
2.765880000000000005e-01	-1.362451975248502256e+00
2.825679999999999858e-01	-1.179975891354045459e+00
2.885510000000000019e-01	-9.117225894418388155e-01
2.945229999999999793e-01	-1.338994258561988504e+00
3.004809999999999981e-01	-1.405145072746678991e+00
3.064310000000000089e-01	-1.118447928124885360e+00
3.123750000000000138e-01	-5.775493076301154716e-01
3.183190000000000186e-01	-7.717155877006880438e-01
3.242650000000000254e-01	-5.453112978641353470e-01
3.302149999999999808e-01	-2.821861179023988919e-01
3.361680000000000224e-01	-2.994431275374358492e-01
3.421210000000000084e-01	-7.052397674009834860e-01
3.480759999999999965e-01	-2.202573325886355571e-01
3.540289999999999826e-01	-6.129898203849906135e-01
3.599809999999999954e-01	-4.641185872454876571e-01
3.659330000000000083e-01	-7.846864156035009419e-01
3.718839999999999923e-01	1.480871640787642107e-01
3.778360000000000052e-01	-6.615877894272331750e-01
3.837869999999999893e-01	-1.188451033333679518e-01
3.897390000000000021e-01	-1.144949239492895066e+00
3.956910000000000149e-01	-7.902725435042931013e-01
4.016429999999999723e-01	-9.934401456601504865e-01
4.075949999999999851e-01	-1.271136089000291403e+00
4.135469999999999979e-01	-7.918168466200786737e-01
4.194979999999999820e-01	-2.509344654875118596e-01
4.254499999999999948e-01	-5.696802671230211113e-01
4.314009999999999789e-01	-9.891062551368730027e-01
4.373540000000000205e-01	-1.283121851124759960e-01
4.433079999999999798e-01	-1.492358181989872357e-02
4.492619999999999947e-01	-1.330139277554108546e+00
4.552160000000000095e-01	-7.900085748735555802e-01
4.611680000000000224e-01	-1.316065783148630430e+00
4.671170000000000044e-01	-1.559538610633348199e+00
4.730619999999999825e-01	-9.051786225923557083e-01
4.790059999999999873e-01	-3.271482853420344394e-01
4.849510000000000209e-01	-9.133917438687430002e-01
4.909020000000000050e-01	-8.037174905469387509e-01
4.968629999999999991e-01	-9.988377399789042377e-01
5.028390000000000359e-01	-1.200166154901547877e+00
5.088230000000000253e-01	-9.304582813905017957e-01
5.148009999999999531e-01	-3.516825549381202842e-01
5.207570000000000254e-01	-4.810648116570339083e-01
5.266750000000000043e-01	-2.363830671888461632e-01
5.325410000000000421e-01	-5.326462394020513580e-01
5.383719999999999617e-01	-2.196284068255316413e-02
5.442249999999999588e-01	-8.361369810171774830e-01
5.501580000000000359e-01	-9.058556172772430637e-01
5.562289999999999734e-01	-6.753691549092067925e-01
5.624930000000000208e-01	-6.614081485625789014e-01
5.688929999999999820e-01	-1.611482826329041718e+00
5.752220000000000111e-01	-1.479758170171643794e+00
5.812610000000000277e-01	-1.331274276206160456e+00
5.867949999999999555e-01	-1.052870694598665224e+00
5.916080000000000227e-01	-6.548648005473927114e-01
5.957040000000000113e-01	-2.061478511933099167e-01
5.993990000000000151e-01	4.197653233993248190e-02
6.030370000000000452e-01	6.162599654590203979e-01
6.069609999999999728e-01	-2.446361751927363382e-01
6.115110000000000268e-01	-4.282529533829336488e-02
6.168270000000000142e-01	-2.259987833864947337e-01
6.227219999999999978e-01	6.046628171516768013e-01
6.289789999999999548e-01	6.002808055144412958e-01
6.353790000000000271e-01	1.040391078855272156e+00
6.417070000000000274e-01	9.100682009091071167e-01
6.478369999999999962e-01	1.026245582254678435e-02
6.538089999999999735e-01	1.727745018953838474e-01
6.596819999999999906e-01	7.214513453513327068e-01
6.655140000000000500e-01	2.939076813228630458e-01
6.713630000000000431e-01	-1.539154150942189103e-01
6.772660000000000347e-01	-2.875895099316125858e-01
6.832110000000000127e-01	-8.517016245101944882e-01
6.891829999999999901e-01	-5.471262960718821233e-01
6.951669999999999794e-01	-6.778452536154113695e-01
7.011469999999999647e-01	-2.240393814717273058e-01
7.071119999999999628e-01	-9.143638241786100629e-02
7.130670000000000064e-01	-1.998104999400096282e-01
7.190130000000000132e-01	4.684797545734082913e-01
7.249569999999999625e-01	2.897490925498742986e-01
7.309010000000000229e-01	6.557436411388188890e-01
7.368489999999999762e-01	1.082673978594699493e+00
7.428000000000000158e-01	6.511298988667125753e-01
7.487530000000000019e-01	1.819244500164879375e-01
7.547080000000000455e-01	2.727443748798972223e-01
7.606619999999999493e-01	-3.857961031929835194e-02
7.666140000000000176e-01	6.025445727744604962e-01
7.725670000000000037e-01	4.032012090885086497e-01
7.785180000000000433e-01	8.143682481516176797e-01
7.844689999999999719e-01	8.960911962543928189e-01
7.904210000000000402e-01	2.031955677250883330e+00
7.963729999999999976e-01	1.328444222324641988e+00
8.023249999999999549e-01	1.714822594116232946e+00
8.082770000000000232e-01	7.010364495752676728e-01
8.142289999999999806e-01	9.554004282759309685e-01
8.201800000000000201e-01	6.651080361318020273e-01
8.261319999999999775e-01	1.281832912741094344e+00
8.320830000000000171e-01	1.464442082136122369e+00
8.380349999999999744e-01	2.263791166119044185e+00
8.439870000000000427e-01	1.306598988388944838e+00
8.499400000000000288e-01	1.626330594509252325e+00
8.558940000000000436e-01	1.487435167091740507e+00
8.618479999999999475e-01	1.354435399268446805e+00
8.678010000000000446e-01	2.035319656684956513e+00
8.737519999999999731e-01	1.455431041977641504e+00
8.797000000000000375e-01	9.331585860448171621e-01
8.856439999999999868e-01	1.491902914899070787e+00
8.915870000000000184e-01	1.421766789148874333e+00
8.975349999999999717e-01	7.108829284837203666e-01
9.034900000000000153e-01	1.662851126439779614e+00
9.094569999999999599e-01	1.146383409461210867e+00
9.154379999999999740e-01	4.618066033282782756e-01
9.214210000000000456e-01	1.253801621992380433e+00
9.273909999999999654e-01	1.914959869008620696e+00
9.333329999999999682e-01	1.025328055319377540e+00
9.392300000000000093e-01	1.673442446473863532e+00
9.450749999999999984e-01	1.527844135761307509e+00
9.509090000000000042e-01	1.644215677574388579e+00
9.567890000000000006e-01	1.886982286006405163e+00
9.627750000000000474e-01	1.869966824105854020e+00
9.689229999999999787e-01	2.405010356684664785e+00
9.752680000000000238e-01	1.554417690992728307e+00
9.816639999999999810e-01	2.063823288997645555e+00
9.878930000000000211e-01	1.962928131373547602e+00
9.937399999999999567e-01	2.273407607347209591e+00
9.989850000000000119e-01	2.469153156324067844e+00
1.003457999999999961e+00	1.969332819650819077e+00
1.007338000000000067e+00	2.616855375872349398e+00
1.010966000000000031e+00	1.968391336112514489e+00
1.014685999999999977e+00	1.738035494926393643e+00
1.018841000000000108e+00	2.997602683319286587e+00
1.023735000000000062e+00	3.215948033205225265e+00
1.029328999999999938e+00	2.815353871045438439e+00
1.035408000000000106e+00	2.764647499404566222e+00
1.041754000000000069e+00	2.280634473869063594e+00
1.048148999999999997e+00	1.966886184264255100e+00
1.054391999999999996e+00	3.306681800561073636e+00
1.060446000000000000e+00	2.593702755601334342e+00
1.066368999999999900e+00	2.359759280241721324e+00
1.072216999999999976e+00	1.640772443380531964e+00
1.078049000000000035e+00	2.211978393794199693e+00
1.083920999999999912e+00	2.392787308170231775e+00
1.089842999999999895e+00	1.868880071666746190e+00
1.095801999999999943e+00	2.969461014156212997e+00
1.101780999999999899e+00	3.393368913197579051e+00
1.107765000000000111e+00	3.102324086935827729e+00
1.113739999999999952e+00	3.862861820614525765e+00
1.119699999999999918e+00	4.145064081987324123e+00
1.125650000000000039e+00	3.722825979576724897e+00
1.131594999999999906e+00	4.503604248573374491e+00
1.137537999999999938e+00	4.788574691059322319e+00
1.143483999999999945e+00	5.064006560720637040e+00
1.149432999999999927e+00	3.826204916991014393e+00
1.155386000000000024e+00	3.918746690429528279e+00
1.161338999999999899e+00	4.593106691549461829e+00
1.167294000000000054e+00	3.894366200244346210e+00
1.173246999999999929e+00	3.885531141149271672e+00
1.179200000000000026e+00	3.723346097636229590e+00
1.185151999999999983e+00	3.469422604437168545e+00
1.191103000000000023e+00	4.018880693681516902e+00
1.197054000000000062e+00	4.297866994358842341e+00
1.203006000000000020e+00	4.099032286962217775e+00
1.208957999999999977e+00	4.894441365876470051e+00
1.214909999999999934e+00	4.713231922675367613e+00
1.220861999999999892e+00	4.928504053154870057e+00
1.226814000000000071e+00	5.065774008438087783e+00
1.232765000000000111e+00	4.507038046386988128e+00
1.238717000000000068e+00	5.080131872051400599e+00
1.244668000000000108e+00	5.578803185761028516e+00
1.250620000000000065e+00	5.787905939217443674e+00
1.256572000000000022e+00	5.546015813141077722e+00
1.262526000000000037e+00	5.098680372445709708e+00
1.268480000000000052e+00	5.603003606256716118e+00
1.274434000000000067e+00	5.077214432748794692e+00
1.280386000000000024e+00	4.759321055058984840e+00
1.286335999999999924e+00	3.895842952084278998e+00
1.292281999999999931e+00	4.404280862808528596e+00
1.298224999999999962e+00	3.522518688093549066e+00
1.304170000000000051e+00	4.635413691808466297e+00
1.310119999999999951e+00	4.543330760553774716e+00
1.316079999999999917e+00	4.973115918250738510e+00
1.322052999999999923e+00	4.825437064837306167e+00
1.328036999999999912e+00	4.437312310739292442e+00
1.334017000000000008e+00	4.424747820225280570e+00
1.339976000000000056e+00	5.621684064606125020e+00
1.345900000000000096e+00	5.314612868372472931e+00
1.351774000000000031e+00	6.034147723254223550e+00
1.357607000000000008e+00	5.772482883897977146e+00
1.363453000000000026e+00	6.320358086716396429e+00
1.369372000000000034e+00	6.306583720778068169e+00
1.375421999999999922e+00	7.157183693154858695e+00
1.381658999999999970e+00	7.406236360990189560e+00
1.388052000000000064e+00	8.012293600313173059e+00
1.394403000000000059e+00	8.613624550572616556e+00
1.400492999999999988e+00	8.145203168691798723e+00
1.406104999999999938e+00	8.713059941181050760e+00
1.411021999999999998e+00	8.836456793982938152e+00
1.415195999999999898e+00	1.006875640968876517e+01
1.418924000000000074e+00	9.689149156280796760e+00
1.422549999999999981e+00	9.178482928220198289e+00
1.426417000000000046e+00	9.633284924554729400e+00
1.430868000000000029e+00	1.020556546477249604e+01
1.436091000000000006e+00	1.036659671523025672e+01
1.441923000000000066e+00	1.057030977944982197e+01
1.448144000000000098e+00	1.085709445124140871e+01
1.454538000000000109e+00	1.001184665415408226e+01
1.460887000000000047e+00	9.989710937438873728e+00
1.467041999999999957e+00	1.009111491194248877e+01
1.473030999999999979e+00	9.406158391485869075e+00
1.478914000000000062e+00	9.644584589161530275e+00
1.484749000000000096e+00	9.069021337246290670e+00
1.490591999999999917e+00	8.600578209004533292e+00
1.496488000000000040e+00	8.127558411670158023e+00
1.502428000000000097e+00	7.368954944852777800e+00
1.508397999999999906e+00	7.054529663509955029e+00
1.514380999999999977e+00	6.044885202090464205e+00
1.520361999999999991e+00	5.939435444879557657e+00
1.526329999999999965e+00	6.233898270428555932e+00
1.532284999999999897e+00	6.033341992216825211e+00
1.538232999999999961e+00	6.548944717930886839e+00
1.544175999999999993e+00	6.747447002818153905e+00
1.550119999999999942e+00	6.252299445292689661e+00
1.556068000000000007e+00	7.576655501988028618e+00
1.562019000000000046e+00	7.607810865300815628e+00
1.567971999999999921e+00	8.767470154156121964e+00
1.573925999999999936e+00	8.985507874222637525e+00
1.579879999999999951e+00	9.786295002698414791e+00
1.585833000000000048e+00	1.033851684839524410e+01
1.591785000000000005e+00	1.085996236864757769e+01
1.597736999999999963e+00	1.098629969931487693e+01
1.603688000000000002e+00	1.075384122730399561e+01
1.609639000000000042e+00	1.235470098973311437e+01
1.615590999999999999e+00	1.164639146244232748e+01
1.621542999999999957e+00	1.125694451076349445e+01
1.627494999999999914e+00	1.117008534087879390e+01
1.633447000000000093e+00	1.111784822892033731e+01
1.639399000000000051e+00	1.059663585695657417e+01
1.645350000000000090e+00	1.161826071675273653e+01
1.651302000000000048e+00	9.736696612321880551e+00
1.657253000000000087e+00	9.928814636611297928e+00
1.663205000000000044e+00	1.022826846700957759e+01
1.669157999999999920e+00	1.052059692561828363e+01
1.675111999999999934e+00	1.134798177004685371e+01
1.681065999999999949e+00	1.208467186628192813e+01
1.687019000000000046e+00	1.299346814017349061e+01
1.692971000000000004e+00	1.287194720589831753e+01
1.698919000000000068e+00	1.408683878300267978e+01
1.704863000000000017e+00	1.531337783403374431e+01
1.710806999999999967e+00	1.611220029168033108e+01
1.716752999999999973e+00	1.639880587273873758e+01
1.722706999999999988e+00	1.838996796149980995e+01
1.728671999999999986e+00	1.871979628198368317e+01
1.734652000000000083e+00	2.035297717618377078e+01
1.740636000000000072e+00	2.057201801597215152e+01
1.746609000000000078e+00	2.060109534536202602e+01
1.752555000000000085e+00	2.185413881830329430e+01
1.758458000000000077e+00	2.202109395771902456e+01
1.764308999999999905e+00	2.324311342936997704e+01
1.770140999999999964e+00	2.229866864276072747e+01
1.776011999999999924e+00	2.260582624979462452e+01
1.781979999999999897e+00	2.372913436700873291e+01
1.788105000000000055e+00	2.554255711193963663e+01
1.794426999999999994e+00	2.681135618470901605e+01
1.800829000000000013e+00	2.940104292484171111e+01
1.807091999999999921e+00	3.166163786888710874e+01
1.813002000000000002e+00	3.513411234365539570e+01
1.818338000000000010e+00	3.791127171341303637e+01
1.822912000000000088e+00	3.983857242957755318e+01
1.826850000000000085e+00	4.192821338674886533e+01
1.830492000000000008e+00	4.269586723919088200e+01
1.834179999999999922e+00	4.272525359882435936e+01
1.838259000000000087e+00	4.172153739079625723e+01
1.843048000000000020e+00	3.950061459230275318e+01
1.848562000000000038e+00	3.625555883930948653e+01
1.854589999999999961e+00	3.244390501165256779e+01
1.860913000000000039e+00	2.921525616564426997e+01
1.867313999999999918e+00	2.670263883296368590e+01
1.873583999999999916e+00	2.469009334717433646e+01
1.879660000000000108e+00	2.254658219657321894e+01
1.885596000000000050e+00	2.142347317445485189e+01
1.891450999999999993e+00	2.142738539090688121e+01
1.897281999999999913e+00	2.013417774489720813e+01
1.903146999999999922e+00	2.085919592702001069e+01
1.909062999999999954e+00	2.002507025425041221e+01
1.915018000000000109e+00	1.944763659868128158e+01
1.920995999999999926e+00	1.894971153250133611e+01
1.926979999999999915e+00	1.843357030688007114e+01
1.932955999999999896e+00	1.703165331590935239e+01
1.938917999999999919e+00	1.676151173836144181e+01
1.944868999999999959e+00	1.669288342998683916e+01
1.950814000000000048e+00	1.593728971887769141e+01
1.956757999999999997e+00	1.523402178191315315e+01
1.962703000000000086e+00	1.473291970727971290e+01
1.968652000000000069e+00	1.452322113538729731e+01
1.974604000000000026e+00	1.481363668642805642e+01
1.980558000000000041e+00	1.390849962121562555e+01
1.986512000000000056e+00	1.327078397988526959e+01
1.992466000000000070e+00	1.344481349092909106e+01
1.998418000000000028e+00	1.261703237436704583e+01
2.004370000000000207e+00	1.225188466900491058e+01
2.010321999999999942e+00	1.326288334323863616e+01
2.016272999999999982e+00	1.334193834047623461e+01
2.022224000000000022e+00	1.293909704149898232e+01
2.028176000000000201e+00	1.308693874666373702e+01
2.034127999999999936e+00	1.405333171435291995e+01
2.040080000000000116e+00	1.450483264484444312e+01
2.046031999999999851e+00	1.397992866698921510e+01
2.051984000000000030e+00	1.535114407549654914e+01
2.057935000000000070e+00	1.442240985073170911e+01
2.063886999999999805e+00	1.473904573446139565e+01
2.069837999999999845e+00	1.350743609789437549e+01
2.075791000000000164e+00	1.426765241357474068e+01
2.081744000000000039e+00	1.396366272953873811e+01
2.087698000000000054e+00	1.320075907237252366e+01
2.093652000000000069e+00	1.246980771482484762e+01
2.099604999999999944e+00	1.172571983925238115e+01
2.105554999999999843e+00	1.173350151851759904e+01
2.111501000000000072e+00	1.153132018464702213e+01
2.117445000000000022e+00	1.096372993435310406e+01
2.123388999999999971e+00	1.185074899815873373e+01
2.129338000000000175e+00	1.189058662981739367e+01
2.135295999999999861e+00	1.238442971309105900e+01
2.141268000000000171e+00	1.196066366183909047e+01
2.147250999999999799e+00	1.204943366560257445e+01
2.153232000000000035e+00	1.172554105046723194e+01
2.159196000000000115e+00	1.245351967369722956e+01
2.165125000000000188e+00	1.295023410094058036e+01
2.171006000000000213e+00	1.423604347830882233e+01
2.176841000000000026e+00	1.506270602911787648e+01
2.182682999999999929e+00	1.563714818857006428e+01
2.188588999999999896e+00	1.754749528618509302e+01
2.194618000000000180e+00	1.791492691212505761e+01
2.200828000000000007e+00	1.813891463866111664e+01
2.207209999999999894e+00	1.874628497905491642e+01
2.213579000000000185e+00	1.904051979934245864e+01
2.219714999999999883e+00	1.890661925510475072e+01
2.225403000000000020e+00	1.822794953236179083e+01
2.230423000000000044e+00	1.843214021171679562e+01
2.234681000000000139e+00	1.825994971113129850e+01
2.238447999999999993e+00	1.795680189568640017e+01
2.242068000000000172e+00	1.705923124944614599e+01
2.245884000000000214e+00	1.691354638366513541e+01
2.250237999999999960e+00	1.576764017045964472e+01
2.255365999999999982e+00	1.615456201569325501e+01
2.261130000000000084e+00	1.634749278454422594e+01
2.267313000000000134e+00	1.524246318548562762e+01
2.273696000000000161e+00	1.598009008468591041e+01
2.280063999999999869e+00	1.678135295884935019e+01
2.286243999999999943e+00	1.756160463718227760e+01
2.292251999999999956e+00	1.785436329902669073e+01
2.298146000000000022e+00	1.734041693509298199e+01
2.303983000000000114e+00	1.774251904046515804e+01
2.309822000000000042e+00	1.921379797109896259e+01
2.315710999999999853e+00	1.985192365865021813e+01
2.321645999999999876e+00	1.892362557218378427e+01
2.327612999999999932e+00	1.928979610619092000e+01
2.333594999999999864e+00	1.849116264087717099e+01
2.339576999999999796e+00	1.876630295052367714e+01
2.345546999999999827e+00	1.841381767260060087e+01
2.351503999999999817e+00	1.833457237211113267e+01
2.357451999999999881e+00	1.899244549382368774e+01
2.363395999999999830e+00	1.868249755104164578e+01
2.369339000000000084e+00	1.877064405393198143e+01
2.375286000000000008e+00	1.880478381210487271e+01
2.381237000000000048e+00	1.944405861904090571e+01
2.387189999999999923e+00	1.770795399398865300e+01
2.393143999999999938e+00	1.854480305291283315e+01
2.399097999999999953e+00	1.788672507750498042e+01
2.405050999999999828e+00	1.919796574438657899e+01
2.411004000000000147e+00	1.996180853565850555e+01
2.416955999999999882e+00	2.146018630837433605e+01
2.422906999999999922e+00	2.228787098462450089e+01
2.428857999999999961e+00	2.382752765833371100e+01
2.434809000000000001e+00	2.584836887115952209e+01
2.440760000000000041e+00	2.926960620310875072e+01
2.446712000000000220e+00	3.013966739992625676e+01
2.452663999999999955e+00	3.217718295683654617e+01
2.458616999999999830e+00	3.329183345757056856e+01
2.464570999999999845e+00	3.365960382025884456e+01
2.470524999999999860e+00	3.215041197132030248e+01
2.476478000000000179e+00	3.130604912221406266e+01
2.482429999999999914e+00	2.952488044272368484e+01
2.488377999999999979e+00	2.696201286839454880e+01
2.494323000000000068e+00	2.666291417433613731e+01
2.500265999999999877e+00	2.448232946771987173e+01
2.506212000000000106e+00	2.304986784012027812e+01
2.512164999999999981e+00	2.133268380837202471e+01
2.518129000000000062e+00	2.130677082366328179e+01
2.524108000000000018e+00	1.989703217062060148e+01
2.530091999999999786e+00	2.001130267688420261e+01
2.536067000000000071e+00	1.996948894606327585e+01
2.542015999999999831e+00	2.091494225831349496e+01
2.547924000000000078e+00	2.420772738415103831e+01
2.553779000000000021e+00	3.117938956662009531e+01
2.559610000000000163e+00	3.894895233865617712e+01
2.565475000000000172e+00	4.724938401238551933e+01
2.571432000000000162e+00	5.316785219438582288e+01
2.577539999999999942e+00	5.666106701396759604e+01
2.583845999999999865e+00	5.743178397292412996e+01
2.590249000000000024e+00	5.315869118542872940e+01
2.596534000000000120e+00	4.660247723265467812e+01
2.602485000000000159e+00	3.871723692961645469e+01
2.607883000000000173e+00	3.060843936426416789e+01
2.612527000000000044e+00	2.377495624904257809e+01
2.616509000000000196e+00	1.945859820534259299e+01
2.620163999999999938e+00	1.700329484072392816e+01
2.623834000000000000e+00	1.380759818109685888e+01
2.627863000000000060e+00	1.256302315222253085e+01
2.632579999999999920e+00	8.995589501116523223e+00
2.638037000000000187e+00	7.902201075081060289e+00
2.644026000000000209e+00	6.475222181452388703e+00
2.650332000000000132e+00	5.870361266951429791e+00
2.656734000000000151e+00	7.434768621327134674e+00
2.663022999999999918e+00	1.081486054539194264e+01
2.669115000000000126e+00	1.735288327861851343e+01
2.675060999999999911e+00	2.424283918478315769e+01
2.680919999999999970e+00	2.974867629779616962e+01
2.686751000000000111e+00	3.276525441774844438e+01
2.692610999999999866e+00	3.368728050477066915e+01
2.698523999999999923e+00	2.913563305460255393e+01
2.704476000000000102e+00	2.299276987171600695e+01
2.710452000000000083e+00	1.578727109010632113e+01
2.716435999999999851e+00	9.175353544359014180e+00
2.722412999999999972e+00	4.907372606559524897e+00
2.728375999999999912e+00	1.560382480808589323e+00
2.734328000000000092e+00	1.467874136607493440e+00
2.740273999999999877e+00	3.555450133249002054e+00
2.746217000000000130e+00	6.409191986629960702e+00
2.752162000000000219e+00	9.650351532536921795e+00
2.758110999999999979e+00	1.395033226038526308e+01
2.764063000000000159e+00	1.814908904494768294e+01
2.770016000000000034e+00	2.232009224942035530e+01
2.775971000000000188e+00	2.453776922923025339e+01
2.781924000000000063e+00	2.774899205074904884e+01
2.787876999999999938e+00	2.977328859951104079e+01
2.793829000000000118e+00	2.894570305308302594e+01
2.799780999999999853e+00	2.876123896443509054e+01
2.805731999999999893e+00	2.523169370103156339e+01
2.811682999999999932e+00	2.031433603564871504e+01
2.817635000000000112e+00	1.508227408060712627e+01
2.823586999999999847e+00	1.085378660302501430e+01
2.829539000000000026e+00	3.255901242614856805e+00
2.835491000000000206e+00	-1.823181623183569133e+00
2.841442999999999941e+00	-4.918966982064566729e+00
2.847395000000000120e+00	-6.460395005396725843e+00
2.853346999999999856e+00	-6.102390830629853546e+00
2.859299000000000035e+00	-3.898770692898479773e+00
2.865251000000000214e+00	-5.173857246843143187e-01
2.871201999999999810e+00	3.563276583907982076e+00
2.877153999999999989e+00	9.796759212417672558e+00
2.883106000000000169e+00	1.470528777926207731e+01
2.889057999999999904e+00	1.908705687090810699e+01
2.895010000000000083e+00	2.297009511317720865e+01
2.900961999999999819e+00	2.499007143501922812e+01
2.906913999999999998e+00	2.476810546390943557e+01
2.912866000000000177e+00	2.267135667395117338e+01
2.918817999999999913e+00	1.911608180039597471e+01
2.924770000000000092e+00	1.541949571019266685e+01
2.930721000000000132e+00	1.148401287061195575e+01
2.936672999999999867e+00	8.465865911737539662e+00
2.942625000000000046e+00	4.768520221003980986e+00
2.948576999999999781e+00	2.584134741505117017e+00
2.954528999999999961e+00	3.843754781441109381e-01
2.960481000000000140e+00	-2.721229458910063848e+00
2.966432999999999875e+00	-5.222586036527697040e+00
2.972385000000000055e+00	-6.971088382827178798e+00
2.978336999999999790e+00	-9.422172642975967349e+00
2.984288999999999970e+00	-1.126646584854844946e+01
2.990240000000000009e+00	-1.251250780955982123e+01
2.996192000000000188e+00	-1.316651061429639924e+01
3.002143999999999924e+00	-1.357256244575843773e+01
3.008096000000000103e+00	-1.329445865236735891e+01
3.014047999999999838e+00	-1.163149538011969497e+01
3.020000000000000018e+00	-8.930901557945194469e+00
