1.199999999999999956e-01	1.674163874439864808e+00
1.249780000000000058e-01	3.679340645078815752e-01
1.305999999999999939e-01	-7.432751935807440091e-01
1.367059999999999942e-01	-1.215697646323905090e+00
1.431360000000000132e-01	-1.481588231116801158e+00
1.497320000000000040e-01	-1.722793599837788348e+00
1.563350000000000017e-01	-1.937228937503695292e+00
1.627850000000000130e-01	-1.938144816584089325e+00
1.689219999999999888e-01	-1.579442306584478928e+00
1.745889999999999942e-01	-1.481017260140774061e+00
1.796250000000000069e-01	-1.782440175172112617e+00
1.839349999999999874e-01	-1.543890819741361442e+00
1.877439999999999942e-01	-1.762461032615206369e+00
1.913779999999999926e-01	-1.714345490472204636e+00
1.951660000000000061e-01	-1.703440714173787063e+00
1.994340000000000002e-01	-1.908878577229508711e+00
2.044499999999999929e-01	-1.694581718413235016e+00
2.101250000000000062e-01	-1.177168259408542861e+00
2.162479999999999958e-01	-9.131655350891105805e-01
2.226049999999999973e-01	-7.168043184516910138e-01
2.289819999999999911e-01	-3.541085204541553622e-01
2.351930000000000132e-01	-2.082415057816920378e-01
2.412249999999999950e-01	-3.659911127995291169e-01
2.471349999999999936e-01	-4.381325522299944764e-01
2.529799999999999827e-01	-5.513869642716360264e-01
2.588170000000000193e-01	-7.257610538737007122e-01
2.646970000000000156e-01	-8.386776047670907452e-01
2.706259999999999777e-01	-7.970535104115318292e-01
2.765880000000000005e-01	-6.190180822408867245e-01
2.825679999999999858e-01	-8.676117263194196294e-01
2.885510000000000019e-01	-8.707327247523938274e-01
2.945229999999999793e-01	-1.363909902123099371e+00
3.004809999999999981e-01	-1.488613811889752059e+00
3.064310000000000089e-01	-2.040770854843486859e+00
3.123750000000000138e-01	-2.232300453608574653e+00
3.183190000000000186e-01	-2.207721650203973596e+00
3.242650000000000254e-01	-2.185462089914833150e+00
3.302149999999999808e-01	-1.786360527283699540e+00
3.361680000000000224e-01	-1.252580301849858913e+00
3.421210000000000084e-01	-8.074149080320914829e-01
3.480759999999999965e-01	-3.997119701318018192e-01
3.540289999999999826e-01	-1.793401022941330525e-01
3.599809999999999954e-01	-3.971810052953139714e-02
3.659330000000000083e-01	-1.056253544503498731e-01
3.718839999999999923e-01	-3.389057776886796880e-01
3.778360000000000052e-01	-6.084655750623325643e-01
3.837869999999999893e-01	-5.318613332923666226e-01
3.897390000000000021e-01	-7.038215732211028364e-01
3.956910000000000149e-01	-4.214075431998000054e-01
4.016429999999999723e-01	-3.768000651102643705e-01
4.075949999999999851e-01	-4.327107046427932646e-01
4.135469999999999979e-01	-6.118981504455417442e-01
4.194979999999999820e-01	-8.194997084292192646e-01
4.254499999999999948e-01	-1.065167365716780612e+00
4.314009999999999789e-01	-1.304844299064010116e+00
4.373540000000000205e-01	-1.763827804064946436e+00
4.433079999999999798e-01	-1.770849962710101311e+00
4.492619999999999947e-01	-1.683372945146007993e+00
4.552160000000000095e-01	-1.770586400067600152e+00
4.611680000000000224e-01	-1.634242842220269276e+00
4.671170000000000044e-01	-1.380501681009835391e+00
4.730619999999999825e-01	-9.507189612201929485e-01
4.790059999999999873e-01	-6.167277586449156912e-01
4.849510000000000209e-01	-2.878274948929634425e-01
4.909020000000000050e-01	-4.983588738000366281e-02
4.968629999999999991e-01	4.720847233493103423e-01
5.028390000000000359e-01	3.643458542781009557e-01
5.088230000000000253e-01	3.286896213680184919e-01
5.148009999999999531e-01	-1.049958438224266877e-01
5.207570000000000254e-01	5.294421550844419233e-03
5.266750000000000043e-01	-5.412181853359191441e-01
5.325410000000000421e-01	-8.118573750754398688e-01
5.383719999999999617e-01	-1.109472606095975644e+00
5.442249999999999588e-01	-1.275032049535310463e+00
5.501580000000000359e-01	-1.366585416263174313e+00
5.562289999999999734e-01	-1.755938331765100724e+00
5.624930000000000208e-01	-2.077005385694650652e+00
5.688929999999999820e-01	-1.842805558828799484e+00
5.752220000000000111e-01	-1.900730822293711375e+00
5.812610000000000277e-01	-1.745025428616220342e+00
5.867949999999999555e-01	-1.709776973720118498e+00
5.916080000000000227e-01	-1.315159844238360742e+00
5.957040000000000113e-01	-9.076668417121345200e-01
5.993990000000000151e-01	-1.771635765888147640e-01
6.030370000000000452e-01	1.062681190066984416e-02
6.069609999999999728e-01	9.308999598158018696e-02
6.115110000000000268e-01	1.708175853470370043e-01
6.168270000000000142e-01	4.004491406122574482e-01
6.227219999999999978e-01	-2.255466815541675996e-01
6.289789999999999548e-01	-7.552559880573314066e-01
6.353790000000000271e-01	-8.765878099254308387e-01
6.417070000000000274e-01	-1.036917791688230173e+00
6.478369999999999962e-01	-1.108400466974643006e+00
6.538089999999999735e-01	-1.046850116069534264e+00
6.596819999999999906e-01	-6.816521248844037428e-01
6.655140000000000500e-01	-3.999621759107205854e-01
6.713630000000000431e-01	8.186355109277607123e-02
6.772660000000000347e-01	-6.126255765101805417e-02
6.832110000000000127e-01	3.875992460156814645e-01
6.891829999999999901e-01	3.577216953969735713e-01
6.951669999999999794e-01	3.079210349477021769e-01
7.011469999999999647e-01	3.590913807920869671e-01
7.071119999999999628e-01	4.984818787771438386e-01
7.130670000000000064e-01	5.013275602135095488e-01
7.190130000000000132e-01	4.385521692839606245e-01
7.249569999999999625e-01	7.040124390668360821e-01
7.309010000000000229e-01	6.560276966311228142e-01
7.368489999999999762e-01	7.263108960852524554e-01
7.428000000000000158e-01	7.852639281675600769e-01
7.487530000000000019e-01	5.042395095376247527e-01
7.547080000000000455e-01	6.835346412522919080e-01
7.606619999999999493e-01	5.711418722941934423e-01
7.666140000000000176e-01	5.401176128875063709e-01
7.725670000000000037e-01	5.282425320385745193e-01
7.785180000000000433e-01	5.130685303746894688e-01
7.844689999999999719e-01	3.506265930178592560e-01
7.904210000000000402e-01	3.352206765995673909e-01
7.963729999999999976e-01	3.641221793895734193e-01
8.023249999999999549e-01	1.116448737074040715e-01
8.082770000000000232e-01	-9.581550571304268960e-02
8.142289999999999806e-01	-3.358277378422767079e-01
8.201800000000000201e-01	-1.648413256798697824e-01
8.261319999999999775e-01	-2.244173437247971303e-01
8.320830000000000171e-01	-3.225896468017335206e-01
8.380349999999999744e-01	-3.414487542775352935e-01
8.439870000000000427e-01	-1.649916916258624966e-01
8.499400000000000288e-01	1.433344481789912417e-01
8.558940000000000436e-01	2.101505747193312956e-01
8.618479999999999475e-01	4.018937060178966458e-01
8.678010000000000446e-01	7.567477186043757298e-01
8.737519999999999731e-01	8.812149713732556622e-01
8.797000000000000375e-01	1.056118109951915462e+00
8.856439999999999868e-01	9.261370824841831384e-01
8.915870000000000184e-01	9.633970184200164599e-01
8.975349999999999717e-01	7.040263215690657495e-01
9.034900000000000153e-01	5.559925160523042642e-01
9.094569999999999599e-01	2.494548024437325540e-01
9.154379999999999740e-01	3.048801212668121874e-01
9.214210000000000456e-01	4.164876067147805228e-01
9.273909999999999654e-01	2.758316523482009508e-01
9.333329999999999682e-01	3.143673996466532228e-01
9.392300000000000093e-01	5.534788291999472865e-01
9.450749999999999984e-01	9.079657790565633935e-01
9.509090000000000042e-01	1.119778965105850288e+00
9.567890000000000006e-01	1.521852994926842229e+00
9.627750000000000474e-01	1.892337247235981845e+00
9.689229999999999787e-01	1.984419153859205531e+00
9.752680000000000238e-01	2.515289063873500375e+00
9.816639999999999810e-01	2.622659068949715344e+00
9.878930000000000211e-01	2.988982716535633077e+00
9.937399999999999567e-01	3.190771440840239670e+00
9.989850000000000119e-01	2.695420784073305320e+00
1.003457999999999961e+00	2.985926491159517582e+00
1.007338000000000067e+00	2.532054029764692960e+00
1.010966000000000031e+00	2.262991727154340271e+00
1.014685999999999977e+00	1.900609743111512984e+00
1.018841000000000108e+00	1.613424267443023474e+00
1.023735000000000062e+00	1.242134572643672108e+00
1.029328999999999938e+00	1.530615628332708367e+00
1.035408000000000106e+00	1.636948245622160902e+00
1.041754000000000069e+00	1.660766392595786289e+00
1.048148999999999997e+00	1.899708172966925845e+00
1.054391999999999996e+00	1.871720403150215040e+00
1.060446000000000000e+00	1.825498198737018685e+00
1.066368999999999900e+00	1.760250403849301870e+00
1.072216999999999976e+00	1.815525500338851517e+00
1.078049000000000035e+00	1.660433297683780562e+00
1.083920999999999912e+00	1.751187104647219828e+00
1.089842999999999895e+00	2.267303849920756509e+00
1.095801999999999943e+00	2.744302506664006991e+00
1.101780999999999899e+00	2.803410915350391885e+00
1.107765000000000111e+00	3.035245272289203822e+00
1.113739999999999952e+00	3.481716985663466879e+00
1.119699999999999918e+00	3.465951872027809522e+00
1.125650000000000039e+00	3.688570139694086425e+00
1.131594999999999906e+00	3.613274294914608387e+00
1.137537999999999938e+00	3.736969008269075410e+00
1.143483999999999945e+00	3.658222146336560066e+00
1.149432999999999927e+00	3.934276110241143876e+00
1.155386000000000024e+00	3.966494920178677663e+00
1.161338999999999899e+00	4.468768109301216818e+00
1.167294000000000054e+00	4.323436730409086159e+00
1.173246999999999929e+00	4.341233239666811627e+00
1.179200000000000026e+00	3.990067609612474531e+00
1.185151999999999983e+00	3.959521355450404734e+00
1.191103000000000023e+00	3.882516591813808926e+00
1.197054000000000062e+00	3.792162107422830442e+00
1.203006000000000020e+00	3.801674786237001946e+00
1.208957999999999977e+00	4.215710573595486288e+00
1.214909999999999934e+00	4.685967538902242602e+00
1.220861999999999892e+00	5.177757707176750657e+00
1.226814000000000071e+00	5.638095583008622569e+00
1.232765000000000111e+00	5.902684811096045259e+00
1.238717000000000068e+00	6.044268615067910133e+00
1.244668000000000108e+00	5.993293860866437228e+00
1.250620000000000065e+00	5.970637997309621525e+00
1.256572000000000022e+00	5.647635628680791164e+00
1.262526000000000037e+00	5.566196295570647656e+00
1.268480000000000052e+00	5.387768290094873791e+00
1.274434000000000067e+00	5.071456422369871042e+00
1.280386000000000024e+00	4.990020476065694766e+00
1.286335999999999924e+00	5.108207246253028799e+00
1.292281999999999931e+00	4.996730604428925027e+00
1.298224999999999962e+00	4.892864435482591645e+00
1.304170000000000051e+00	4.893143137252228492e+00
1.310119999999999951e+00	4.873931805839646358e+00
1.316079999999999917e+00	4.788898144269686519e+00
1.322052999999999923e+00	4.765699248627428553e+00
1.328036999999999912e+00	5.094026410585115627e+00
1.334017000000000008e+00	5.133163425405292024e+00
1.339976000000000056e+00	5.175418794800010325e+00
1.345900000000000096e+00	5.563051811120013568e+00
1.351774000000000031e+00	5.471802083820148432e+00
1.357607000000000008e+00	5.605304172757088033e+00
1.363453000000000026e+00	5.828632577530342473e+00
1.369372000000000034e+00	6.096191169814344946e+00
1.375421999999999922e+00	6.311521573169655674e+00
1.381658999999999970e+00	6.696943433037938043e+00
1.388052000000000064e+00	6.959060026353130368e+00
1.394403000000000059e+00	7.314879900450921291e+00
1.400492999999999988e+00	7.817246054751047168e+00
1.406104999999999938e+00	8.309649865890387233e+00
1.411021999999999998e+00	8.539256893958638628e+00
1.415195999999999898e+00	8.909174683226762426e+00
1.418924000000000074e+00	9.279869346308634803e+00
1.422549999999999981e+00	9.459635101918994593e+00
1.426417000000000046e+00	9.593594459059611168e+00
1.430868000000000029e+00	9.915799589337975561e+00
1.436091000000000006e+00	1.010009587076842763e+01
1.441923000000000066e+00	1.007622401518097810e+01
1.448144000000000098e+00	9.870800888147178043e+00
1.454538000000000109e+00	9.806438096364061607e+00
1.460887000000000047e+00	9.700290804721095839e+00
1.467041999999999957e+00	9.118259791815640725e+00
1.473030999999999979e+00	9.071154606444311597e+00
1.478914000000000062e+00	8.460583119920645601e+00
1.484749000000000096e+00	7.885429089215901577e+00
1.490591999999999917e+00	7.577256777864167070e+00
1.496488000000000040e+00	7.130271710710243127e+00
1.502428000000000097e+00	7.024055805938314911e+00
1.508397999999999906e+00	6.674270887461950963e+00
1.514380999999999977e+00	6.596938814790752836e+00
1.520361999999999991e+00	6.411381029272419596e+00
1.526329999999999965e+00	6.337076830282589057e+00
1.532284999999999897e+00	6.163938237498397754e+00
1.538232999999999961e+00	6.288951114236500217e+00
1.544175999999999993e+00	6.334590359149471439e+00
1.550119999999999942e+00	6.557787067992178365e+00
1.556068000000000007e+00	6.979461734785307847e+00
1.562019000000000046e+00	7.435569880609310012e+00
1.567971999999999921e+00	8.145814623824975342e+00
1.573925999999999936e+00	8.662478860395856017e+00
1.579879999999999951e+00	9.233952922357442361e+00
1.585833000000000048e+00	9.770127694786610917e+00
1.591785000000000005e+00	1.031565544850496252e+01
1.597736999999999963e+00	1.078785817129111102e+01
1.603688000000000002e+00	1.077173902911620473e+01
1.609639000000000042e+00	1.113669782379623108e+01
1.615590999999999999e+00	1.144507363354535556e+01
1.621542999999999957e+00	1.147682104869410047e+01
1.627494999999999914e+00	1.158212272969810996e+01
1.633447000000000093e+00	1.154432064928454871e+01
1.639399000000000051e+00	1.181118862541785042e+01
1.645350000000000090e+00	1.176420446915521545e+01
1.651302000000000048e+00	1.181003460250406434e+01
1.657253000000000087e+00	1.169027758188233257e+01
1.663205000000000044e+00	1.175365234089510125e+01
1.669157999999999920e+00	1.206882877426701484e+01
1.675111999999999934e+00	1.235452295952947566e+01
1.681065999999999949e+00	1.277805724177586555e+01
1.687019000000000046e+00	1.329041118200269977e+01
1.692971000000000004e+00	1.388717974365136953e+01
1.698919000000000068e+00	1.465505080175983643e+01
1.704863000000000017e+00	1.579327875776755619e+01
1.710806999999999967e+00	1.682447173160072040e+01
1.716752999999999973e+00	1.779126675609075647e+01
1.722706999999999988e+00	1.891164502171579542e+01
1.728671999999999986e+00	1.989711925471299736e+01
1.734652000000000083e+00	2.035853532394738608e+01
1.740636000000000072e+00	2.100696258842709696e+01
1.746609000000000078e+00	2.155684971085555190e+01
1.752555000000000085e+00	2.168734700453295972e+01
1.758458000000000077e+00	2.187908179283754251e+01
1.764308999999999905e+00	2.182840085347775272e+01
1.770140999999999964e+00	2.196950660051097870e+01
1.776011999999999924e+00	2.230661955174061717e+01
1.781979999999999897e+00	2.311917528901335217e+01
1.788105000000000055e+00	2.447537676488824943e+01
1.794426999999999994e+00	2.673350525590509008e+01
1.800829000000000013e+00	2.927118030272114524e+01
1.807091999999999921e+00	3.228974078299921047e+01
1.813002000000000002e+00	3.509722315304692586e+01
1.818338000000000010e+00	3.788926918693685764e+01
1.822912000000000088e+00	4.044738280119646845e+01
1.826850000000000085e+00	4.174573441660388085e+01
1.830492000000000008e+00	4.224089099449135887e+01
1.834179999999999922e+00	4.208445740960369363e+01
1.838259000000000087e+00	4.110864940762500197e+01
1.843048000000000020e+00	3.903777987217019074e+01
1.848562000000000038e+00	3.604285911652018370e+01
1.854589999999999961e+00	3.257647756720535170e+01
1.860913000000000039e+00	2.925612592998574257e+01
1.867313999999999918e+00	2.591629180588421377e+01
1.873583999999999916e+00	2.381865995264164582e+01
1.879660000000000108e+00	2.213792148742624377e+01
1.885596000000000050e+00	2.126288914774104200e+01
1.891450999999999993e+00	2.096671210270104524e+01
1.897281999999999913e+00	2.059181941907750613e+01
1.903146999999999922e+00	2.033079761041144096e+01
1.909062999999999954e+00	2.011166888544468634e+01
1.915018000000000109e+00	1.947882645517985623e+01
1.920995999999999926e+00	1.908146953746490837e+01
1.926979999999999915e+00	1.860046946024171532e+01
1.932955999999999896e+00	1.805306624343463184e+01
1.938917999999999919e+00	1.741338580627130739e+01
1.944868999999999959e+00	1.699578593801524562e+01
1.950814000000000048e+00	1.643453941698352594e+01
1.956757999999999997e+00	1.584268235142300441e+01
1.962703000000000086e+00	1.548568182032026286e+01
1.968652000000000069e+00	1.528192303771791494e+01
1.974604000000000026e+00	1.506394345239262833e+01
1.980558000000000041e+00	1.489302757077081019e+01
1.986512000000000056e+00	1.458950385013759110e+01
1.992466000000000070e+00	1.448608015864050635e+01
1.998418000000000028e+00	1.414341727711296315e+01
2.004370000000000207e+00	1.374839296811843781e+01
2.010321999999999942e+00	1.337415440798399935e+01
2.016272999999999982e+00	1.288308293597079235e+01
2.022224000000000022e+00	1.267669855738353668e+01
2.028176000000000201e+00	1.273129220231437486e+01
2.034127999999999936e+00	1.292828372011011595e+01
2.040080000000000116e+00	1.290665577269410846e+01
2.046031999999999851e+00	1.330562100403341219e+01
2.051984000000000030e+00	1.342095309174026774e+01
2.057935000000000070e+00	1.359985408160703457e+01
2.063886999999999805e+00	1.370090059822825168e+01
2.069837999999999845e+00	1.358113614360263810e+01
2.075791000000000164e+00	1.377913060186542360e+01
2.081744000000000039e+00	1.402226118744504291e+01
2.087698000000000054e+00	1.397194080051917631e+01
2.093652000000000069e+00	1.419349996104265266e+01
2.099604999999999944e+00	1.422749612988612355e+01
2.105554999999999843e+00	1.412156135632255705e+01
2.111501000000000072e+00	1.410638475687047766e+01
2.117445000000000022e+00	1.375723134437243012e+01
2.123388999999999971e+00	1.323025921063887544e+01
2.129338000000000175e+00	1.301480948483949085e+01
2.135295999999999861e+00	1.265449209553008814e+01
2.141268000000000171e+00	1.277821776953520505e+01
2.147250999999999799e+00	1.313071274524512688e+01
2.153232000000000035e+00	1.381159133951197582e+01
2.159196000000000115e+00	1.476242086626918315e+01
2.165125000000000188e+00	1.551985171386749585e+01
2.171006000000000213e+00	1.652391573520588253e+01
2.176841000000000026e+00	1.742400100236010729e+01
2.182682999999999929e+00	1.784606626867663692e+01
2.188588999999999896e+00	1.841939713279901980e+01
2.194618000000000180e+00	1.920058749469308168e+01
2.200828000000000007e+00	1.952557153167253290e+01
2.207209999999999894e+00	1.998732838577315007e+01
2.213579000000000185e+00	2.015660315138426029e+01
2.219714999999999883e+00	2.022510725786787589e+01
2.225403000000000020e+00	1.998711189621791462e+01
2.230423000000000044e+00	2.005583072198609074e+01
2.234681000000000139e+00	1.937820191336754760e+01
2.238447999999999993e+00	1.861080834893392577e+01
2.242068000000000172e+00	1.816424203181838948e+01
2.245884000000000214e+00	1.758980272251671195e+01
2.250237999999999960e+00	1.710169735809371616e+01
2.255365999999999982e+00	1.680989417780875073e+01
2.261130000000000084e+00	1.647647911130931675e+01
2.267313000000000134e+00	1.655232763076471159e+01
2.273696000000000161e+00	1.663063858367503656e+01
2.280063999999999869e+00	1.707090202226882880e+01
2.286243999999999943e+00	1.742412113271362628e+01
2.292251999999999956e+00	1.782745841147584187e+01
2.298146000000000022e+00	1.836055817055952843e+01
2.303983000000000114e+00	1.851003727493092654e+01
2.309822000000000042e+00	1.872909907075534264e+01
2.315710999999999853e+00	1.864768730873009517e+01
2.321645999999999876e+00	1.832382896399378325e+01
2.327612999999999932e+00	1.788980875972383089e+01
2.333594999999999864e+00	1.735830654316347932e+01
2.339576999999999796e+00	1.703993207855910796e+01
2.345546999999999827e+00	1.700565130950874249e+01
2.351503999999999817e+00	1.689456443892836646e+01
2.357451999999999881e+00	1.710854603821370290e+01
2.363395999999999830e+00	1.737403293645111546e+01
2.369339000000000084e+00	1.773273553778561507e+01
2.375286000000000008e+00	1.825280219146842597e+01
2.381237000000000048e+00	1.874612810049831424e+01
2.387189999999999923e+00	1.929710523207623396e+01
2.393143999999999938e+00	2.008506629487698802e+01
2.399097999999999953e+00	2.056450789584921424e+01
2.405050999999999828e+00	2.130010258264765355e+01
2.411004000000000147e+00	2.223203808429820683e+01
2.416955999999999882e+00	2.312308249744957322e+01
2.422906999999999922e+00	2.404477445608702268e+01
2.428857999999999961e+00	2.546081754423963517e+01
2.434809000000000001e+00	2.679311438599090067e+01
2.440760000000000041e+00	2.873877440927258320e+01
2.446712000000000220e+00	3.018524329700159825e+01
2.452663999999999955e+00	3.139977262656165280e+01
2.458616999999999830e+00	3.189472205142918781e+01
2.464570999999999845e+00	3.166366053880662434e+01
2.470524999999999860e+00	3.055942639625249413e+01
2.476478000000000179e+00	2.881454641593030175e+01
2.482429999999999914e+00	2.708198461822663816e+01
2.488377999999999979e+00	2.538232104884431450e+01
2.494323000000000068e+00	2.405776908802904401e+01
2.500265999999999877e+00	2.277377542764094187e+01
2.506212000000000106e+00	2.202752980555537121e+01
2.512164999999999981e+00	2.086717667724287750e+01
2.518129000000000062e+00	1.998591669647756319e+01
2.524108000000000018e+00	1.850671539719291303e+01
2.530091999999999786e+00	1.731923193411518014e+01
2.536067000000000071e+00	1.704454103619665517e+01
2.542015999999999831e+00	1.806104402448534429e+01
2.547924000000000078e+00	2.105317652185828337e+01
2.553779000000000021e+00	2.653776061435608824e+01
2.559610000000000163e+00	3.367030194481185390e+01
2.565475000000000172e+00	4.166669331319011604e+01
2.571432000000000162e+00	4.813174587599483800e+01
2.577539999999999942e+00	5.188413408603087618e+01
2.583845999999999865e+00	5.174976275789786939e+01
2.590249000000000024e+00	4.749855664836374558e+01
2.596534000000000120e+00	4.072261732259470790e+01
2.602485000000000159e+00	3.329258723349317961e+01
2.607883000000000173e+00	2.651364352947386394e+01
2.612527000000000044e+00	2.188594155775373196e+01
2.616509000000000196e+00	1.976777815051015352e+01
2.620163999999999938e+00	1.923952349682643614e+01
2.623834000000000000e+00	1.964944475317803807e+01
2.627863000000000060e+00	2.007944653834966431e+01
2.632579999999999920e+00	1.989576477488672168e+01
2.638037000000000187e+00	1.880035568283855341e+01
2.644026000000000209e+00	1.777626613611315776e+01
2.650332000000000132e+00	1.758504140657126769e+01
2.656734000000000151e+00	1.847501367085035184e+01
2.663022999999999918e+00	2.150150395963363081e+01
2.669115000000000126e+00	2.588110135109672783e+01
2.675060999999999911e+00	3.067025753699968149e+01
2.680919999999999970e+00	3.462177634321888320e+01
2.686751000000000111e+00	3.598342173354340190e+01
2.692610999999999866e+00	3.382413926069961008e+01
2.698523999999999923e+00	2.784443033269168666e+01
2.704476000000000102e+00	1.949126393699206261e+01
2.710452000000000083e+00	1.072376395481722255e+01
2.716435999999999851e+00	2.952019080754504810e+00
2.722412999999999972e+00	-1.958247822463987209e+00
2.728375999999999912e+00	-4.031238723178780070e+00
2.734328000000000092e+00	-3.127417728825503840e+00
2.740273999999999877e+00	-1.242515992850219131e-01
2.746217000000000130e+00	4.498428126700499519e+00
2.752162000000000219e+00	1.026966684336659696e+01
2.758110999999999979e+00	1.633107199281598909e+01
2.764063000000000159e+00	2.223516269702457748e+01
2.770016000000000034e+00	2.767755441253363458e+01
2.775971000000000188e+00	3.199597162282260499e+01
2.781924000000000063e+00	3.466827099696810421e+01
2.787876999999999938e+00	3.528020233569866093e+01
2.793829000000000118e+00	3.433444241132003327e+01
2.799780999999999853e+00	3.180442703443206298e+01
2.805731999999999893e+00	2.765926897285509511e+01
2.811682999999999932e+00	2.247968365443460215e+01
2.817635000000000112e+00	1.589225796903134480e+01
2.823586999999999847e+00	9.072641905626834813e+00
2.829539000000000026e+00	2.317388069167773512e+00
2.835491000000000206e+00	-3.692620332284233253e+00
2.841442999999999941e+00	-8.184369104825449881e+00
2.847395000000000120e+00	-1.093003587221377870e+01
2.853346999999999856e+00	-1.221054661208890479e+01
2.859299000000000035e+00	-1.168242869769155234e+01
2.865251000000000214e+00	-9.862872919303987018e+00
2.871201999999999810e+00	-6.801146602214428682e+00
2.877153999999999989e+00	-2.560422918377333268e+00
2.883106000000000169e+00	2.087501630017055909e+00
2.889057999999999904e+00	6.479630664303947185e+00
2.895010000000000083e+00	1.015661010449904644e+01
2.900961999999999819e+00	1.168273574849607854e+01
2.906913999999999998e+00	1.155359960133354669e+01
2.912866000000000177e+00	1.027856122894918123e+01
2.918817999999999913e+00	7.919645679092743862e+00
2.924770000000000092e+00	5.002091679599518947e+00
2.930721000000000132e+00	2.842950325947191548e+00
2.936672999999999867e+00	7.496146946444930403e-01
2.942625000000000046e+00	-7.422244409805333065e-01
2.948576999999999781e+00	-1.712552130173515152e+00
2.954528999999999961e+00	-2.158625707074800282e+00
2.960481000000000140e+00	-2.400018409712858070e+00
2.966432999999999875e+00	-2.309392532473377724e+00
2.972385000000000055e+00	-1.721493583495202095e+00
2.978336999999999790e+00	-1.181160699501025091e+00
2.984288999999999970e+00	-1.684436663864096462e-01
2.990240000000000009e+00	1.161807187742130321e+00
2.996192000000000188e+00	3.003761737109297503e+00
3.002143999999999924e+00	5.118870735511826808e+00
3.008096000000000103e+00	7.979847234626912922e+00
3.014047999999999838e+00	1.099348148894972255e+01
3.020000000000000018e+00	1.467885022208361789e+01
