1.199999999999999956e-01	3.088800387481931864e+00
1.249780000000000058e-01	3.313005354195835306e+00
1.305999999999999939e-01	3.216805796332014022e+00
1.367059999999999942e-01	3.321598357776768040e+00
1.431360000000000132e-01	3.356820309857368567e+00
1.497320000000000040e-01	3.686943050482133888e+00
1.563350000000000017e-01	3.707821842158346648e+00
1.627850000000000130e-01	3.530083797982832561e+00
1.689219999999999888e-01	3.804833373866889357e+00
1.745889999999999942e-01	3.356515947688367252e+00
1.796250000000000069e-01	3.225583135039538085e+00
1.839349999999999874e-01	2.892557520464627885e+00
1.877439999999999942e-01	2.304068186857216816e+00
1.913779999999999926e-01	2.045750633464340495e+00
1.951660000000000061e-01	1.661575246593984811e+00
1.994340000000000002e-01	1.292482854504589218e+00
2.044499999999999929e-01	1.408560353228268225e+00
2.101250000000000062e-01	1.357108311166780545e+00
2.162479999999999958e-01	1.539056554957566769e+00
2.226049999999999973e-01	1.747194096251026618e+00
2.289819999999999911e-01	1.856169732513059278e+00
2.351930000000000132e-01	2.170285367734409387e+00
2.412249999999999950e-01	2.649452663282132026e+00
2.471349999999999936e-01	2.802801500460420758e+00
2.529799999999999827e-01	2.750909043011109834e+00
2.588170000000000193e-01	2.969795191578796789e+00
2.646970000000000156e-01	2.796830986790619367e+00
2.706259999999999777e-01	2.761568878569025998e+00
2.765880000000000005e-01	2.901840451240517371e+00
2.825679999999999858e-01	2.863508017301632513e+00
2.885510000000000019e-01	2.932860071145079406e+00
2.945229999999999793e-01	2.938652203916286343e+00
3.004809999999999981e-01	3.063488116318862531e+00
3.064310000000000089e-01	3.264493266020994433e+00
3.123750000000000138e-01	3.252207029244206904e+00
3.183190000000000186e-01	3.365846947842985326e+00
3.242650000000000254e-01	3.481801133928546399e+00
3.302149999999999808e-01	3.358590409264416099e+00
3.361680000000000224e-01	3.195179220697013989e+00
3.421210000000000084e-01	3.064087030049976956e+00
3.480759999999999965e-01	2.801128604621728968e+00
3.540289999999999826e-01	2.466627675626967608e+00
3.599809999999999954e-01	2.112705127873375499e+00
3.659330000000000083e-01	1.972338989825699551e+00
3.718839999999999923e-01	1.898379771511951031e+00
3.778360000000000052e-01	1.939252011033103518e+00
3.837869999999999893e-01	1.941048318448570731e+00
3.897390000000000021e-01	2.197482289290336510e+00
3.956910000000000149e-01	2.534432711574658548e+00
4.016429999999999723e-01	3.251897556489709018e+00
4.075949999999999851e-01	3.858843401925619698e+00
4.135469999999999979e-01	4.244166683710695942e+00
4.194979999999999820e-01	4.598162651734034156e+00
4.254499999999999948e-01	4.967818656944594125e+00
4.314009999999999789e-01	5.040761188438469098e+00
4.373540000000000205e-01	4.967154150510597610e+00
4.433079999999999798e-01	4.644685584864731709e+00
4.492619999999999947e-01	4.024072471481503932e+00
4.552160000000000095e-01	3.186908236792562743e+00
4.611680000000000224e-01	2.567712993744394545e+00
4.671170000000000044e-01	1.951246094189241331e+00
4.730619999999999825e-01	1.720070801860924314e+00
4.790059999999999873e-01	1.861192012338377388e+00
4.849510000000000209e-01	2.211131221205541397e+00
4.909020000000000050e-01	2.465136882822312803e+00
4.968629999999999991e-01	3.066557442361753871e+00
5.028390000000000359e-01	3.467072807941191215e+00
5.088230000000000253e-01	3.684418232240889601e+00
5.148009999999999531e-01	4.424801252229017656e+00
5.207570000000000254e-01	4.802474173699607718e+00
5.266750000000000043e-01	4.776939681391949577e+00
5.325410000000000421e-01	4.721472526358852839e+00
5.383719999999999617e-01	4.764206412512949740e+00
5.442249999999999588e-01	4.533669005370101424e+00
5.501580000000000359e-01	4.243486338733082341e+00
5.562289999999999734e-01	4.063493842748098217e+00
5.624930000000000208e-01	3.925540646463744565e+00
5.688929999999999820e-01	4.139163863428294121e+00
5.752220000000000111e-01	3.955089372242301060e+00
5.812610000000000277e-01	4.241163811695006558e+00
5.867949999999999555e-01	4.111606524390737150e+00
5.916080000000000227e-01	3.951412943928903854e+00
5.957040000000000113e-01	3.841067040514961839e+00
5.993990000000000151e-01	3.358487973199436372e+00
6.030370000000000452e-01	3.466448440746889403e+00
6.069609999999999728e-01	3.120432722434431927e+00
6.115110000000000268e-01	3.259484722334494045e+00
6.168270000000000142e-01	3.610152802195544464e+00
6.227219999999999978e-01	4.172425019754204989e+00
6.289789999999999548e-01	4.547422221789158669e+00
6.353790000000000271e-01	5.196927154535806892e+00
6.417070000000000274e-01	5.720975532214747972e+00
6.478369999999999962e-01	5.869284519825968438e+00
6.538089999999999735e-01	6.014293298595415393e+00
6.596819999999999906e-01	6.049120208367929408e+00
6.655140000000000500e-01	6.437397875408601422e+00
6.713630000000000431e-01	6.022834449636986776e+00
6.772660000000000347e-01	6.178139661996803866e+00
6.832110000000000127e-01	6.005552266505505443e+00
6.891829999999999901e-01	6.058446360328575864e+00
6.951669999999999794e-01	5.986357726059262419e+00
7.011469999999999647e-01	6.050789093537289887e+00
7.071119999999999628e-01	5.991898882663591941e+00
7.130670000000000064e-01	5.985864041923152357e+00
7.190130000000000132e-01	5.535127332937126887e+00
7.249569999999999625e-01	6.027249915718134510e+00
7.309010000000000229e-01	5.780461855942482963e+00
7.368489999999999762e-01	5.967477851582514425e+00
7.428000000000000158e-01	5.704843504341156724e+00
7.487530000000000019e-01	5.748571036901098275e+00
7.547080000000000455e-01	5.947642970106334914e+00
7.606619999999999493e-01	6.090697870918299728e+00
7.666140000000000176e-01	6.256684419447250178e+00
7.725670000000000037e-01	6.521238777533227449e+00
7.785180000000000433e-01	6.834690303606975270e+00
7.844689999999999719e-01	7.023045483892172314e+00
7.904210000000000402e-01	7.229307603882085154e+00
7.963729999999999976e-01	7.267650933357831633e+00
8.023249999999999549e-01	7.196372836178065668e+00
8.082770000000000232e-01	7.296078621805966336e+00
8.142289999999999806e-01	7.143060126300865065e+00
8.201800000000000201e-01	7.132200476761854979e+00
8.261319999999999775e-01	6.869453382868467628e+00
8.320830000000000171e-01	7.146862515856978071e+00
8.380349999999999744e-01	7.131883259185638479e+00
8.439870000000000427e-01	7.360813642145635605e+00
8.499400000000000288e-01	7.489731212828058204e+00
8.558940000000000436e-01	7.507356008337140452e+00
8.618479999999999475e-01	7.810687705914457268e+00
8.678010000000000446e-01	7.565914918787642662e+00
8.737519999999999731e-01	7.693595242211329399e+00
8.797000000000000375e-01	7.847515771960821951e+00
8.856439999999999868e-01	7.554396539180365799e+00
8.915870000000000184e-01	7.430865007521743060e+00
8.975349999999999717e-01	7.166752428378507567e+00
9.034900000000000153e-01	7.164908766848904875e+00
9.094569999999999599e-01	7.185095352937207025e+00
9.154379999999999740e-01	7.033589348417226716e+00
9.214210000000000456e-01	6.969041579312368562e+00
9.273909999999999654e-01	7.406369434512313887e+00
9.333329999999999682e-01	7.523365065491253389e+00
9.392300000000000093e-01	7.877062641572055490e+00
9.450749999999999984e-01	8.428293799556701771e+00
9.509090000000000042e-01	8.785819358147721303e+00
9.567890000000000006e-01	9.014578978624495420e+00
9.627750000000000474e-01	9.236092428468504423e+00
9.689229999999999787e-01	9.232071958100755538e+00
9.752680000000000238e-01	8.792869639730197306e+00
9.816639999999999810e-01	8.203674613411820360e+00
9.878930000000000211e-01	7.592432368808031740e+00
9.937399999999999567e-01	7.055383492887280283e+00
9.989850000000000119e-01	6.678899790285968585e+00
1.003457999999999961e+00	6.840183761728685141e+00
1.007338000000000067e+00	7.666859847863769062e+00
1.010966000000000031e+00	8.272348159655576794e+00
1.014685999999999977e+00	8.747286043642994002e+00
1.018841000000000108e+00	9.490551665300333894e+00
1.023735000000000062e+00	9.807310271180391226e+00
1.029328999999999938e+00	9.873101867220741568e+00
1.035408000000000106e+00	9.768329951225672048e+00
1.041754000000000069e+00	9.460620210483192238e+00
1.048148999999999997e+00	9.115078165697026336e+00
1.054391999999999996e+00	8.829816262728297005e+00
1.060446000000000000e+00	9.167601296185676318e+00
1.066368999999999900e+00	9.254738550479045145e+00
1.072216999999999976e+00	9.485244285004327480e+00
1.078049000000000035e+00	1.002294274668456886e+01
1.083920999999999912e+00	1.051626263236521730e+01
1.089842999999999895e+00	1.104695516463848115e+01
1.095801999999999943e+00	1.150979669886006818e+01
1.101780999999999899e+00	1.194494628232214062e+01
1.107765000000000111e+00	1.221822332352681784e+01
1.113739999999999952e+00	1.238218164583915026e+01
1.119699999999999918e+00	1.219841686747010634e+01
1.125650000000000039e+00	1.191145774035198279e+01
1.131594999999999906e+00	1.177841691353442855e+01
1.137537999999999938e+00	1.156935707273045644e+01
1.143483999999999945e+00	1.119895424279173568e+01
1.149432999999999927e+00	1.125624182339334922e+01
1.155386000000000024e+00	1.109507015988976164e+01
1.161338999999999899e+00	1.117820373780575949e+01
1.167294000000000054e+00	1.109798987163549810e+01
1.173246999999999929e+00	1.129377305526454656e+01
1.179200000000000026e+00	1.136012204645828305e+01
1.185151999999999983e+00	1.119820039959638613e+01
1.191103000000000023e+00	1.086446318982370052e+01
1.197054000000000062e+00	1.106307447371741581e+01
1.203006000000000020e+00	1.135496105782477727e+01
1.208957999999999977e+00	1.176708825484075049e+01
1.214909999999999934e+00	1.233966842383883034e+01
1.220861999999999892e+00	1.292826248365620323e+01
1.226814000000000071e+00	1.316681518944269413e+01
1.232765000000000111e+00	1.311427828543224550e+01
1.238717000000000068e+00	1.293251053398337191e+01
1.244668000000000108e+00	1.279068167596246219e+01
1.250620000000000065e+00	1.243439741116967312e+01
1.256572000000000022e+00	1.226930226053229944e+01
1.262526000000000037e+00	1.218802195099168806e+01
1.268480000000000052e+00	1.236232866104345973e+01
1.274434000000000067e+00	1.240113747583666459e+01
1.280386000000000024e+00	1.277809076288521517e+01
1.286335999999999924e+00	1.337203804986964251e+01
1.292281999999999931e+00	1.399495971363035807e+01
1.298224999999999962e+00	1.473080216270015441e+01
1.304170000000000051e+00	1.533828455693054593e+01
1.310119999999999951e+00	1.604477315669811333e+01
1.316079999999999917e+00	1.668896465218957559e+01
1.322052999999999923e+00	1.688969639687414315e+01
1.328036999999999912e+00	1.725764314809239863e+01
1.334017000000000008e+00	1.750534063101446947e+01
1.339976000000000056e+00	1.771921315476667047e+01
1.345900000000000096e+00	1.762617363110741664e+01
1.351774000000000031e+00	1.766194288860923223e+01
1.357607000000000008e+00	1.752771561611149664e+01
1.363453000000000026e+00	1.745764653324954452e+01
1.369372000000000034e+00	1.764131534894168141e+01
1.375421999999999922e+00	1.766477448038021691e+01
1.381658999999999970e+00	1.788437277571844319e+01
1.388052000000000064e+00	1.833274706071308557e+01
1.394403000000000059e+00	1.892343863981191632e+01
1.400492999999999988e+00	1.993320819107122688e+01
1.406104999999999938e+00	2.076769009178727643e+01
1.411021999999999998e+00	2.185098403531607048e+01
1.415195999999999898e+00	2.289659169105034309e+01
1.418924000000000074e+00	2.415848394138591004e+01
1.422549999999999981e+00	2.485743763493007563e+01
1.426417000000000046e+00	2.587248147438221579e+01
1.430868000000000029e+00	2.680830225432822189e+01
1.436091000000000006e+00	2.713213750457493489e+01
1.441923000000000066e+00	2.718464711260685007e+01
1.448144000000000098e+00	2.704261307232165024e+01
1.454538000000000109e+00	2.669877017787563744e+01
1.460887000000000047e+00	2.582777625763633722e+01
1.467041999999999957e+00	2.479018778406706147e+01
1.473030999999999979e+00	2.351894141228576274e+01
1.478914000000000062e+00	2.233647853113215831e+01
1.484749000000000096e+00	2.118551880359233408e+01
1.490591999999999917e+00	2.028339432495383932e+01
1.496488000000000040e+00	1.986420400308146483e+01
1.502428000000000097e+00	1.986751334022545024e+01
1.508397999999999906e+00	1.989937631723059752e+01
1.514380999999999977e+00	1.978126651762757149e+01
1.520361999999999991e+00	1.967830865932821638e+01
1.526329999999999965e+00	1.967297465599419937e+01
1.532284999999999897e+00	1.936615477130381535e+01
1.538232999999999961e+00	1.902933862643273599e+01
1.544175999999999993e+00	1.931064024502267884e+01
1.550119999999999942e+00	1.961821785847794075e+01
1.556068000000000007e+00	2.052135125204932109e+01
1.562019000000000046e+00	2.206145225596216619e+01
1.567971999999999921e+00	2.342025755143031773e+01
1.573925999999999936e+00	2.511883847257222158e+01
1.579879999999999951e+00	2.637422276288153711e+01
1.585833000000000048e+00	2.775552935072085603e+01
1.591785000000000005e+00	2.896195137514299134e+01
1.597736999999999963e+00	2.972263497916059194e+01
1.603688000000000002e+00	3.059037518999464567e+01
1.609639000000000042e+00	3.119111962666488935e+01
1.615590999999999999e+00	3.167674213598588651e+01
1.621542999999999957e+00	3.230898995788868433e+01
1.627494999999999914e+00	3.287710203882216575e+01
1.633447000000000093e+00	3.318525021111987172e+01
1.639399000000000051e+00	3.376817113034768170e+01
1.645350000000000090e+00	3.429718271982601863e+01
1.651302000000000048e+00	3.446136412483681966e+01
1.657253000000000087e+00	3.485417665372595764e+01
1.663205000000000044e+00	3.524886082392102082e+01
1.669157999999999920e+00	3.562126008918964004e+01
1.675111999999999934e+00	3.596726710920835046e+01
1.681065999999999949e+00	3.613915774728754116e+01
1.687019000000000046e+00	3.639698886733784633e+01
1.692971000000000004e+00	3.704481131532946847e+01
1.698919000000000068e+00	3.756664702637631592e+01
1.704863000000000017e+00	3.878780743849576851e+01
1.710806999999999967e+00	4.024826248297571851e+01
1.716752999999999973e+00	4.141397785261107600e+01
1.722706999999999988e+00	4.300732009826383972e+01
1.728671999999999986e+00	4.417879247799807985e+01
1.734652000000000083e+00	4.499817975040426177e+01
1.740636000000000072e+00	4.594109339478989540e+01
1.746609000000000078e+00	4.708505136160581372e+01
1.752555000000000085e+00	4.882165003352966437e+01
1.758458000000000077e+00	5.134280984232533029e+01
1.764308999999999905e+00	5.473249187458378628e+01
1.770140999999999964e+00	5.925132208615747231e+01
1.776011999999999924e+00	6.381468403244684851e+01
1.781979999999999897e+00	6.803625385723367458e+01
1.788105000000000055e+00	7.159289265469794827e+01
1.794426999999999994e+00	7.380829062358796477e+01
1.800829000000000013e+00	7.458103046423870808e+01
1.807091999999999921e+00	7.404168352335030079e+01
1.813002000000000002e+00	7.250586662970272300e+01
1.818338000000000010e+00	6.967875574964484997e+01
1.822912000000000088e+00	6.660897948992415252e+01
1.826850000000000085e+00	6.288257707155950271e+01
1.830492000000000008e+00	5.883060275244739756e+01
1.834179999999999922e+00	5.571930202370007379e+01
1.838259000000000087e+00	5.355965404055564960e+01
1.843048000000000020e+00	5.279769332183314390e+01
1.848562000000000038e+00	5.362782640717335170e+01
1.854589999999999961e+00	5.547886725205164993e+01
1.860913000000000039e+00	5.833069752137722475e+01
1.867313999999999918e+00	6.152353577284668518e+01
1.873583999999999916e+00	6.529678938754240392e+01
1.879660000000000108e+00	6.869938114321209355e+01
1.885596000000000050e+00	7.175711369940781026e+01
1.891450999999999993e+00	7.353675929779547005e+01
1.897281999999999913e+00	7.395973085169177352e+01
1.903146999999999922e+00	7.274165182619594816e+01
1.909062999999999954e+00	6.933857957349167123e+01
1.915018000000000109e+00	6.528604195946529387e+01
1.920995999999999926e+00	6.126281576098947568e+01
1.926979999999999915e+00	5.750564218349720136e+01
1.932955999999999896e+00	5.532610113205711855e+01
1.938917999999999919e+00	5.452965417293901851e+01
1.944868999999999959e+00	5.539989489913725862e+01
1.950814000000000048e+00	5.687405053819320244e+01
1.956757999999999997e+00	5.843962294421510961e+01
1.962703000000000086e+00	5.970644343939794396e+01
1.968652000000000069e+00	6.117133549704247741e+01
1.974604000000000026e+00	6.196542981208315837e+01
1.980558000000000041e+00	6.240039563328839023e+01
1.986512000000000056e+00	6.233066836215995465e+01
1.992466000000000070e+00	6.200698546008341339e+01
1.998418000000000028e+00	6.134951507694436401e+01
2.004370000000000207e+00	6.049218394698306867e+01
2.010321999999999942e+00	5.884851083652453951e+01
2.016272999999999982e+00	5.694432131844984468e+01
2.022224000000000022e+00	5.420521113036821959e+01
2.028176000000000201e+00	5.075787523566605586e+01
2.034127999999999936e+00	4.699660625651480217e+01
2.040080000000000116e+00	4.323251122903942445e+01
2.046031999999999851e+00	3.985532819705947816e+01
2.051984000000000030e+00	3.676371910940048338e+01
2.057935000000000070e+00	3.486335103746438335e+01
2.063886999999999805e+00	3.322763921488492400e+01
2.069837999999999845e+00	3.232073121135030647e+01
2.075791000000000164e+00	3.224313790616106701e+01
2.081744000000000039e+00	3.285304061875821446e+01
2.087698000000000054e+00	3.362659812770142764e+01
2.093652000000000069e+00	3.511027266116801826e+01
2.099604999999999944e+00	3.658695392854058781e+01
2.105554999999999843e+00	3.797842000240028426e+01
2.111501000000000072e+00	3.940121549907714638e+01
2.117445000000000022e+00	4.023493713586097442e+01
2.123388999999999971e+00	4.110200314520763953e+01
2.129338000000000175e+00	4.160512899148182697e+01
2.135295999999999861e+00	4.214752198979071807e+01
2.141268000000000171e+00	4.205407991413385105e+01
2.147250999999999799e+00	4.229266361933048302e+01
2.153232000000000035e+00	4.226149799257998296e+01
2.159196000000000115e+00	4.204000652988240461e+01
2.165125000000000188e+00	4.184144206754631057e+01
2.171006000000000213e+00	4.172470977487908783e+01
2.176841000000000026e+00	4.158142383570422140e+01
2.182682999999999929e+00	4.125061239910520072e+01
2.188588999999999896e+00	4.096827725999839487e+01
2.194618000000000180e+00	4.062765940964899869e+01
2.200828000000000007e+00	3.971588426810507144e+01
2.207209999999999894e+00	3.875214967557225521e+01
2.213579000000000185e+00	3.756952304048034108e+01
2.219714999999999883e+00	3.640328317211714904e+01
2.225403000000000020e+00	3.506508423644028483e+01
2.230423000000000044e+00	3.390945865455601194e+01
2.234681000000000139e+00	3.336105077773114402e+01
2.238447999999999993e+00	3.312234257276276850e+01
2.242068000000000172e+00	3.327407752717444822e+01
2.245884000000000214e+00	3.436900634809384059e+01
2.250237999999999960e+00	3.640926651748038267e+01
2.255365999999999982e+00	3.898533098913099337e+01
2.261130000000000084e+00	4.248181535081452864e+01
2.267313000000000134e+00	4.627762457219311187e+01
2.273696000000000161e+00	5.004872285535721232e+01
2.280063999999999869e+00	5.324736895248367574e+01
2.286243999999999943e+00	5.580622509467931991e+01
2.292251999999999956e+00	5.800175321827332908e+01
2.298146000000000022e+00	5.981869711258099187e+01
2.303983000000000114e+00	6.202852412989513198e+01
2.309822000000000042e+00	6.501573957179162733e+01
2.315710999999999853e+00	6.876984135250378927e+01
2.321645999999999876e+00	7.238987318704394625e+01
2.327612999999999932e+00	7.578496259444420957e+01
2.333594999999999864e+00	7.733940551740394653e+01
2.339576999999999796e+00	7.658047021101587859e+01
2.345546999999999827e+00	7.289736808049903516e+01
2.351503999999999817e+00	6.662446315418993947e+01
2.357451999999999881e+00	5.964134136595842506e+01
2.363395999999999830e+00	5.276688427537774828e+01
2.369339000000000084e+00	4.690562013246428563e+01
2.375286000000000008e+00	4.343554190112757141e+01
2.381237000000000048e+00	4.175271534451962196e+01
2.387189999999999923e+00	4.160736322661394837e+01
2.393143999999999938e+00	4.279476611641562300e+01
2.399097999999999953e+00	4.422477086854949846e+01
2.405050999999999828e+00	4.535106733828098413e+01
2.411004000000000147e+00	4.671096955322422417e+01
2.416955999999999882e+00	4.776913054611693354e+01
2.422906999999999922e+00	4.834521456454445598e+01
2.428857999999999961e+00	4.850285121030118773e+01
2.434809000000000001e+00	4.815652079996120705e+01
2.440760000000000041e+00	4.720176320592783270e+01
2.446712000000000220e+00	4.597568749571794910e+01
2.452663999999999955e+00	4.560186331784709068e+01
2.458616999999999830e+00	4.533254128376785275e+01
2.464570999999999845e+00	4.644871953922682906e+01
2.470524999999999860e+00	4.781590715939015723e+01
2.476478000000000179e+00	5.018355007595864947e+01
2.482429999999999914e+00	5.303795157590766962e+01
2.488377999999999979e+00	5.587248972861619478e+01
2.494323000000000068e+00	5.915960088680081697e+01
2.500265999999999877e+00	6.131337855944929061e+01
2.506212000000000106e+00	6.323501093481885960e+01
2.512164999999999981e+00	6.375142188950387379e+01
2.518129000000000062e+00	6.253107003305994738e+01
2.524108000000000018e+00	5.925300006733672831e+01
2.530091999999999786e+00	5.493045564632426192e+01
2.536067000000000071e+00	5.003603188780255095e+01
2.542015999999999831e+00	4.673120185071997668e+01
2.547924000000000078e+00	4.598029731599479675e+01
2.553779000000000021e+00	4.905059294271234194e+01
2.559610000000000163e+00	5.491643456311012272e+01
2.565475000000000172e+00	6.199331547394256603e+01
2.571432000000000162e+00	6.739392646989128366e+01
2.577539999999999942e+00	6.934443213432636810e+01
2.583845999999999865e+00	6.567499708625678068e+01
2.590249000000000024e+00	5.692193647621951413e+01
2.596534000000000120e+00	4.490921486516799632e+01
2.602485000000000159e+00	3.196321362096327334e+01
2.607883000000000173e+00	1.958576325077009272e+01
2.612527000000000044e+00	1.066261442223467348e+01
2.616509000000000196e+00	4.829275996112238900e+00
2.620163999999999938e+00	1.986108289485839284e+00
2.623834000000000000e+00	9.635830608184497992e-01
2.627863000000000060e+00	1.007847650505475645e+00
2.632579999999999920e+00	1.578305217314182052e+00
2.638037000000000187e+00	1.743161943856900375e+00
2.644026000000000209e+00	1.515693391526635292e+00
2.650332000000000132e+00	1.007221471139165825e+00
2.656734000000000151e+00	-7.086261257091763799e-01
2.663022999999999918e+00	-3.251007610858014818e+00
2.669115000000000126e+00	-6.949811275513415154e+00
2.675060999999999911e+00	-1.072502789871955464e+01
2.680919999999999970e+00	-1.467872138028243789e+01
2.686751000000000111e+00	-1.826312733657462672e+01
2.692610999999999866e+00	-2.087852592350006731e+01
2.698523999999999923e+00	-2.231692660735815892e+01
2.704476000000000102e+00	-2.204629354312342571e+01
2.710452000000000083e+00	-2.005310058564198528e+01
2.716435999999999851e+00	-1.598008344900920896e+01
2.722412999999999972e+00	-9.201857814477165221e+00
2.728375999999999912e+00	-3.515438711525445958e-01
2.734328000000000092e+00	9.235874683602441237e+00
2.740273999999999877e+00	1.873185137067352812e+01
2.746217000000000130e+00	2.628391041730543520e+01
2.752162000000000219e+00	3.112781091766919417e+01
2.758110999999999979e+00	3.251848329475148347e+01
2.764063000000000159e+00	3.127410974609381356e+01
2.770016000000000034e+00	2.809693876613369667e+01
2.775971000000000188e+00	2.335699322830684821e+01
2.781924000000000063e+00	1.810576143207757838e+01
2.787876999999999938e+00	1.257513153894135627e+01
2.793829000000000118e+00	7.587920547334053190e+00
2.799780999999999853e+00	3.285092977156364835e+00
2.805731999999999893e+00	-1.937766662869030987e-03
2.811682999999999932e+00	-2.055304913208021222e+00
2.817635000000000112e+00	-2.690828476339058639e+00
2.823586999999999847e+00	-2.262233439835275917e+00
2.829539000000000026e+00	-1.113723380637555938e+00
2.835491000000000206e+00	-4.167004412846846417e-01
2.841442999999999941e+00	-3.353069323119414191e-01
2.847395000000000120e+00	-1.017461102888534974e+00
2.853346999999999856e+00	-2.881349677899827100e+00
2.859299000000000035e+00	-5.886210588528062004e+00
2.865251000000000214e+00	-9.767135442301322357e+00
2.871201999999999810e+00	-1.482629785795397481e+01
2.877153999999999989e+00	-2.005008618692820832e+01
2.883106000000000169e+00	-2.532767129661593586e+01
2.889057999999999904e+00	-2.864042873563474956e+01
2.895010000000000083e+00	-2.908123718600004892e+01
2.900961999999999819e+00	-2.522298479524064518e+01
2.906913999999999998e+00	-1.706043252783848629e+01
2.912866000000000177e+00	-6.000427873450820293e+00
2.918817999999999913e+00	5.510152938417063773e+00
2.924770000000000092e+00	1.495493502225871474e+01
2.930721000000000132e+00	2.095226639991745543e+01
2.936672999999999867e+00	2.152635468270628039e+01
2.942625000000000046e+00	1.813417740554673685e+01
2.948576999999999781e+00	1.215263481307634308e+01
2.954528999999999961e+00	6.247678034383564061e+00
2.960481000000000140e+00	1.200152895221044735e+00
2.966432999999999875e+00	-1.470278268360371898e+00
2.972385000000000055e+00	-1.731392398162021840e+00
2.978336999999999790e+00	-6.621829290478405960e-01
2.984288999999999970e+00	1.695490081356554768e+00
2.990240000000000009e+00	4.081522310066253212e+00
2.996192000000000188e+00	6.667076447717151133e+00
3.002143999999999924e+00	8.347414093512535160e+00
3.008096000000000103e+00	9.138538309313524621e+00
3.014047999999999838e+00	7.728753985271584526e+00
3.020000000000000018e+00	4.303996654271964317e+00
