1.199999999999999956e-01	3.543479999999999963e-01
1.249780000000000058e-01	-9.813800000000000301e-02
1.305999999999999939e-01	-1.126459999999999961e-01
1.367059999999999942e-01	2.168760000000000132e-01
1.431360000000000132e-01	7.964780000000000193e-01
1.497320000000000040e-01	1.532208999999999932e+00
1.563350000000000017e-01	2.330119999999999969e+00
1.627850000000000130e-01	3.096261000000000152e+00
1.689219999999999888e-01	3.736683999999999894e+00
1.745889999999999942e-01	4.157437999999999967e+00
1.796250000000000069e-01	4.264573000000000391e+00
1.839349999999999874e-01	3.992589000000000166e+00
1.877439999999999942e-01	3.421133999999999897e+00
1.913779999999999926e-01	2.676026999999999934e+00
1.951660000000000061e-01	1.883107000000000086e+00
1.994340000000000002e-01	1.168212000000000028e+00
2.044499999999999929e-01	6.438409999999999966e-01
2.101250000000000062e-01	3.454909999999999926e-01
2.162479999999999958e-01	2.810969999999999858e-01
2.226049999999999973e-01	4.585540000000000171e-01
2.289819999999999911e-01	8.857620000000000493e-01
2.351930000000000132e-01	1.558197000000000054e+00
2.412249999999999950e-01	2.390068999999999999e+00
2.471349999999999936e-01	3.262906999999999780e+00
2.529799999999999827e-01	4.058152999999999899e+00
2.588170000000000193e-01	4.657246999999999915e+00
2.646970000000000156e-01	4.958299000000000234e+00
2.706259999999999777e-01	4.983418999999999599e+00
2.765880000000000005e-01	4.810607000000000077e+00
2.825679999999999858e-01	4.518138000000000432e+00
2.885510000000000019e-01	4.184281000000000361e+00
2.945229999999999793e-01	3.880548999999999804e+00
3.004809999999999981e-01	3.621068000000000175e+00
3.064310000000000089e-01	3.391024999999999956e+00
3.123750000000000138e-01	3.175389000000000017e+00
3.183190000000000186e-01	2.959124999999999783e+00
3.242650000000000254e-01	2.730091999999999963e+00
3.302149999999999808e-01	2.504268999999999856e+00
3.361680000000000224e-01	2.313467999999999858e+00
3.421210000000000084e-01	2.189683000000000046e+00
3.480759999999999965e-01	2.164905000000000079e+00
3.540289999999999826e-01	2.267943999999999960e+00
3.599809999999999954e-01	2.491948999999999970e+00
3.659330000000000083e-01	2.807675000000000143e+00
3.718839999999999923e-01	3.185528000000000137e+00
3.778360000000000052e-01	3.595918999999999865e+00
3.837869999999999893e-01	4.008652999999999800e+00
3.897390000000000021e-01	4.385734000000000243e+00
3.956910000000000149e-01	4.683705999999999925e+00
4.016429999999999723e-01	4.859003000000000405e+00
4.075949999999999851e-01	4.868058000000000440e+00
4.135469999999999979e-01	4.672072000000000003e+00
4.194979999999999820e-01	4.304758999999999780e+00
4.254499999999999948e-01	3.856253000000000153e+00
4.314009999999999789e-01	3.418172000000000210e+00
4.373540000000000205e-01	3.082132000000000094e+00
4.433079999999999798e-01	2.935004999999999864e+00
4.492619999999999947e-01	2.978394000000000208e+00
4.552160000000000095e-01	3.140155000000000030e+00
4.611680000000000224e-01	3.345711999999999797e+00
4.671170000000000044e-01	3.520487999999999840e+00
4.730619999999999825e-01	3.592976999999999865e+00
4.790059999999999873e-01	3.557478000000000140e+00
4.849510000000000209e-01	3.471553000000000111e+00
4.909020000000000050e-01	3.395319000000000198e+00
4.968629999999999991e-01	3.388895999999999908e+00
5.028390000000000359e-01	3.510299999999999976e+00
5.088230000000000253e-01	3.762967000000000173e+00
5.148009999999999531e-01	4.092035000000000089e+00
5.207570000000000254e-01	4.439796000000000298e+00
5.266750000000000043e-01	4.748541999999999597e+00
5.325410000000000421e-01	4.961992999999999654e+00
5.383719999999999617e-01	5.069581999999999589e+00
5.442249999999999588e-01	5.115007000000000303e+00
5.501580000000000359e-01	5.145121999999999751e+00
5.562289999999999734e-01	5.206779000000000046e+00
5.624930000000000208e-01	5.345617999999999981e+00
5.688929999999999820e-01	5.558340000000000281e+00
5.752220000000000111e-01	5.777059999999999640e+00
5.812610000000000277e-01	5.929467999999999961e+00
5.867949999999999555e-01	5.943255999999999872e+00
5.916080000000000227e-01	5.747600000000000264e+00
5.957040000000000113e-01	5.349067999999999934e+00
5.993990000000000151e-01	4.867900999999999812e+00
6.030370000000000452e-01	4.433417999999999637e+00
6.069609999999999728e-01	4.174939000000000178e+00
6.115110000000000268e-01	4.220285999999999760e+00
6.168270000000000142e-01	4.592895000000000394e+00
6.227219999999999978e-01	5.145405000000000229e+00
6.289789999999999548e-01	5.714658000000000015e+00
6.353790000000000271e-01	6.137495999999999619e+00
6.417070000000000274e-01	6.251852000000000409e+00
6.478369999999999962e-01	6.002276000000000167e+00
6.538089999999999735e-01	5.527899999999999814e+00
6.596819999999999906e-01	4.988564000000000220e+00
6.655140000000000500e-01	4.544108999999999732e+00
6.713630000000000431e-01	4.353774999999999729e+00
6.772660000000000347e-01	4.489467999999999570e+00
6.832110000000000127e-01	4.845022000000000162e+00
6.891829999999999901e-01	5.292575000000000252e+00
6.951669999999999794e-01	5.704265000000000363e+00
7.011469999999999647e-01	5.952463999999999977e+00
7.071119999999999628e-01	5.964315000000000033e+00
7.130670000000000064e-01	5.791974999999999874e+00
7.190130000000000132e-01	5.504957000000000100e+00
7.249569999999999625e-01	5.172775999999999819e+00
7.309010000000000229e-01	4.864918000000000298e+00
7.368489999999999762e-01	4.639261000000000301e+00
7.428000000000000158e-01	4.523971999999999660e+00
7.487530000000000019e-01	4.542525999999999620e+00
7.547080000000000455e-01	4.718401000000000067e+00
7.606619999999999493e-01	5.075048999999999921e+00
7.666140000000000176e-01	5.610180999999999862e+00
7.725670000000000037e-01	6.247466000000000186e+00
7.785180000000000433e-01	6.897338999999999665e+00
7.844689999999999719e-01	7.470239000000000296e+00
7.904210000000000402e-01	7.876608000000000054e+00
7.963729999999999976e-01	8.056039999999999424e+00
8.023249999999999549e-01	8.042535000000000878e+00
8.082770000000000232e-01	7.889171000000000156e+00
8.142289999999999806e-01	7.649024999999999963e+00
8.201800000000000201e-01	7.375178000000000011e+00
8.261319999999999775e-01	7.110383999999999816e+00
8.320830000000000171e-01	6.859701000000000271e+00
8.380349999999999744e-01	6.619578999999999880e+00
8.439870000000000427e-01	6.386468999999999951e+00
8.499400000000000288e-01	6.156820999999999877e+00
8.558940000000000436e-01	5.933999000000000024e+00
8.618479999999999475e-01	5.749876000000000431e+00
8.678010000000000446e-01	5.643666999999999767e+00
8.737519999999999731e-01	5.654588999999999643e+00
8.797000000000000375e-01	5.821860000000000035e+00
8.856439999999999868e-01	6.169000999999999735e+00
8.915870000000000184e-01	6.646459000000000117e+00
8.975349999999999717e-01	7.183436000000000377e+00
9.034900000000000153e-01	7.709128999999999898e+00
9.094569999999999599e-01	8.152736000000000871e+00
9.154379999999999740e-01	8.455237999999999587e+00
9.214210000000000456e-01	8.619588999999999501e+00
9.273909999999999654e-01	8.669057999999999709e+00
9.333329999999999682e-01	8.626922999999999675e+00
9.392300000000000093e-01	8.516462000000000643e+00
9.450749999999999984e-01	8.360359000000000762e+00
9.509090000000000042e-01	8.177751000000000658e+00
9.567890000000000006e-01	7.986466000000000065e+00
9.627750000000000474e-01	7.804331999999999603e+00
9.689229999999999787e-01	7.649176999999999893e+00
9.752680000000000238e-01	7.536382999999999832e+00
9.816639999999999810e-01	7.464819999999999567e+00
9.878930000000000211e-01	7.426525999999999961e+00
9.937399999999999567e-01	7.413516000000000439e+00
9.989850000000000119e-01	7.417804000000000286e+00
1.003457999999999961e+00	7.430081999999999631e+00
1.007338000000000067e+00	7.430857999999999741e+00
1.010966000000000031e+00	7.395921000000000411e+00
1.014685999999999977e+00	7.301033000000000328e+00
1.018841000000000108e+00	7.121957000000000093e+00
1.023735000000000062e+00	6.843918000000000390e+00
1.029328999999999938e+00	6.535192000000000334e+00
1.035408000000000106e+00	6.307112000000000052e+00
1.041754000000000069e+00	6.271378999999999593e+00
1.048148999999999997e+00	6.539693999999999896e+00
1.054391999999999996e+00	7.207061000000000384e+00
1.060446000000000000e+00	8.200336999999999321e+00
1.066368999999999900e+00	9.349052000000000362e+00
1.072216999999999976e+00	1.048155299999999990e+01
1.078049000000000035e+00	1.142618299999999998e+01
1.083920999999999912e+00	1.202416599999999924e+01
1.089842999999999895e+00	1.226642400000000066e+01
1.095801999999999943e+00	1.224046000000000056e+01
1.101780999999999899e+00	1.203538799999999931e+01
1.107765000000000111e+00	1.174032200000000081e+01
1.113739999999999952e+00	1.144147300000000023e+01
1.119699999999999918e+00	1.118585500000000010e+01
1.125650000000000039e+00	1.099232699999999952e+01
1.131594999999999906e+00	1.087913200000000025e+01
1.137537999999999938e+00	1.086451100000000025e+01
1.143483999999999945e+00	1.096464399999999983e+01
1.149432999999999927e+00	1.116304099999999977e+01
1.155386000000000024e+00	1.141711300000000051e+01
1.161338999999999899e+00	1.168354199999999921e+01
1.167294000000000054e+00	1.191900900000000085e+01
1.173246999999999929e+00	1.208199800000000046e+01
1.179200000000000026e+00	1.216477300000000028e+01
1.185151999999999983e+00	1.218960299999999997e+01
1.191103000000000023e+00	1.217979599999999962e+01
1.197054000000000062e+00	1.215866300000000066e+01
1.203006000000000020e+00	1.214884900000000023e+01
1.208957999999999977e+00	1.215811099999999989e+01
1.214909999999999934e+00	1.217951000000000050e+01
1.220861999999999892e+00	1.220547900000000041e+01
1.226814000000000071e+00	1.222845700000000058e+01
1.232765000000000111e+00	1.224103799999999964e+01
1.238717000000000068e+00	1.224022000000000077e+01
1.244668000000000108e+00	1.222782300000000077e+01
1.250620000000000065e+00	1.220591300000000068e+01
1.256572000000000022e+00	1.217655799999999999e+01
1.262526000000000037e+00	1.214238500000000087e+01
1.268480000000000052e+00	1.212502899999999961e+01
1.274434000000000067e+00	1.216929400000000072e+01
1.280386000000000024e+00	1.232138699999999965e+01
1.286335999999999924e+00	1.262751399999999968e+01
1.292281999999999931e+00	1.313261199999999995e+01
1.298224999999999962e+00	1.382717300000000016e+01
1.304170000000000051e+00	1.462788399999999989e+01
1.310119999999999951e+00	1.544617900000000077e+01
1.316079999999999917e+00	1.619349300000000014e+01
1.322052999999999923e+00	1.678221200000000124e+01
1.328036999999999912e+00	1.717802700000000016e+01
1.334017000000000008e+00	1.742705300000000079e+01
1.339976000000000056e+00	1.758207200000000014e+01
1.345900000000000096e+00	1.769586400000000026e+01
1.351774000000000031e+00	1.782091000000000136e+01
1.357607000000000008e+00	1.798677500000000151e+01
1.363453000000000026e+00	1.818451100000000054e+01
1.369372000000000034e+00	1.840147599999999883e+01
1.375421999999999922e+00	1.862502599999999831e+01
1.381658999999999970e+00	1.884285200000000060e+01
1.388052000000000064e+00	1.907801100000000005e+01
1.394403000000000059e+00	1.941992300000000071e+01
1.400492999999999988e+00	1.996531500000000037e+01
1.406104999999999938e+00	2.081091599999999886e+01
1.411021999999999998e+00	2.205277399999999943e+01
1.415195999999999898e+00	2.367680000000000007e+01
1.418924000000000074e+00	2.543794600000000017e+01
1.422549999999999981e+00	2.706208000000000169e+01
1.426417000000000046e+00	2.827507299999999901e+01
1.430868000000000029e+00	2.880331299999999928e+01
1.436091000000000006e+00	2.851372100000000032e+01
1.441923000000000066e+00	2.760322199999999881e+01
1.448144000000000098e+00	2.631606400000000079e+01
1.454538000000000109e+00	2.489649299999999954e+01
1.460887000000000047e+00	2.358861200000000125e+01
1.467041999999999957e+00	2.256169200000000075e+01
1.473030999999999979e+00	2.178782800000000108e+01
1.478914000000000062e+00	2.120701700000000045e+01
1.484749000000000096e+00	2.075926099999999863e+01
1.490591999999999917e+00	2.038457899999999867e+01
1.496488000000000040e+00	2.004853200000000157e+01
1.502428000000000097e+00	1.979236099999999965e+01
1.508397999999999906e+00	1.967125000000000057e+01
1.514380999999999977e+00	1.974038499999999985e+01
1.520361999999999991e+00	2.005494799999999955e+01
1.526329999999999965e+00	2.063607000000000014e+01
1.532284999999999897e+00	2.139126399999999961e+01
1.538232999999999961e+00	2.220436600000000027e+01
1.544175999999999993e+00	2.295921500000000037e+01
1.550119999999999942e+00	2.353964699999999866e+01
1.556068000000000007e+00	2.386907000000000068e+01
1.562019000000000046e+00	2.401987199999999945e+01
1.567971999999999921e+00	2.409949399999999997e+01
1.573925999999999936e+00	2.421537700000000015e+01
1.579879999999999951e+00	2.447496299999999891e+01
1.585833000000000048e+00	2.496341500000000124e+01
1.591785000000000005e+00	2.567122000000000170e+01
1.597736999999999963e+00	2.656371700000000047e+01
1.603688000000000002e+00	2.760624400000000023e+01
1.609639000000000042e+00	2.876414099999999863e+01
1.615590999999999999e+00	2.999983999999999895e+01
1.621542999999999957e+00	3.126183100000000081e+01
1.627494999999999914e+00	3.249442499999999967e+01
1.633447000000000093e+00	3.364193300000000164e+01
1.639399000000000051e+00	3.464866399999999658e+01
1.645350000000000090e+00	3.546662299999999846e+01
1.651302000000000048e+00	3.608956100000000333e+01
1.657253000000000087e+00	3.652531700000000114e+01
1.663205000000000044e+00	3.678174299999999874e+01
1.669157999999999920e+00	3.686669100000000299e+01
1.675111999999999934e+00	3.679945000000000022e+01
1.681065999999999949e+00	3.666958400000000040e+01
1.687019000000000046e+00	3.659332500000000010e+01
1.692971000000000004e+00	3.668695699999999960e+01
1.698919000000000068e+00	3.706676499999999663e+01
1.704863000000000017e+00	3.782636399999999810e+01
1.710806999999999967e+00	3.890127199999999874e+01
1.716752999999999973e+00	4.015968300000000113e+01
1.722706999999999988e+00	4.146954300000000160e+01
1.728671999999999986e+00	4.269879600000000153e+01
1.734652000000000083e+00	4.374994999999999834e+01
1.740636000000000072e+00	4.479998700000000156e+01
1.746609000000000078e+00	4.615677999999999770e+01
1.752555000000000085e+00	4.812900799999999890e+01
1.758458000000000077e+00	5.102534800000000104e+01
1.764308999999999905e+00	5.509049199999999757e+01
1.770140999999999964e+00	5.998808499999999810e+01
1.776011999999999924e+00	6.507206800000000158e+01
1.781979999999999897e+00	6.969349300000000369e+01
1.788105000000000055e+00	7.320340799999999604e+01
1.794426999999999994e+00	7.500854499999999803e+01
1.800829000000000013e+00	7.509658899999999448e+01
1.807091999999999921e+00	7.380076999999999998e+01
1.813002000000000002e+00	7.145889499999999828e+01
1.818338000000000010e+00	6.840876900000000660e+01
1.822912000000000088e+00	6.498750200000000632e+01
1.826850000000000085e+00	6.152379100000000278e+01
1.830492000000000008e+00	5.834076100000000054e+01
1.834179999999999922e+00	5.576143499999999875e+01
1.838259000000000087e+00	5.410883700000000118e+01
1.843048000000000020e+00	5.368407499999999999e+01
1.848562000000000038e+00	5.448042900000000088e+01
1.854589999999999961e+00	5.626409499999999753e+01
1.860913000000000039e+00	5.879597299999999649e+01
1.867313999999999918e+00	6.183695900000000023e+01
1.873583999999999916e+00	6.514176600000000406e+01
1.879660000000000108e+00	6.836304300000000467e+01
1.885596000000000050e+00	7.106970400000000154e+01
1.891450999999999993e+00	7.282819000000000642e+01
1.897281999999999913e+00	7.320494200000000262e+01
1.903146999999999922e+00	7.179664599999999552e+01
1.909062999999999954e+00	6.879248400000000174e+01
1.915018000000000109e+00	6.492191599999999596e+01
1.920995999999999926e+00	6.093417399999999873e+01
1.926979999999999915e+00	5.757849399999999918e+01
1.932955999999999896e+00	5.558103499999999997e+01
1.938917999999999919e+00	5.512443900000000241e+01
1.944868999999999959e+00	5.584062099999999873e+01
1.950814000000000048e+00	5.733697899999999947e+01
1.956757999999999997e+00	5.922091400000000050e+01
1.962703000000000086e+00	6.110438500000000062e+01
1.968652000000000069e+00	6.273056700000000063e+01
1.974604000000000026e+00	6.399037700000000228e+01
1.980558000000000041e+00	6.478261500000000694e+01
1.986512000000000056e+00	6.500607899999999972e+01
1.992466000000000070e+00	6.456168300000000215e+01
1.998418000000000028e+00	6.342603700000000089e+01
2.004370000000000207e+00	6.167049399999999792e+01
2.010321999999999942e+00	5.937239300000000242e+01
2.016272999999999982e+00	5.660907199999999762e+01
2.022224000000000022e+00	5.345899599999999907e+01
2.028176000000000201e+00	5.005210600000000198e+01
2.034127999999999936e+00	4.659000900000000200e+01
2.040080000000000116e+00	4.327961299999999767e+01
2.046031999999999851e+00	4.032782799999999668e+01
2.051984000000000030e+00	3.793974899999999906e+01
2.057935000000000070e+00	3.621140299999999712e+01
2.063886999999999805e+00	3.506977499999999992e+01
2.069837999999999845e+00	3.442730600000000152e+01
2.075791000000000164e+00	3.419643899999999803e+01
2.081744000000000039e+00	3.428983699999999857e+01
2.087698000000000054e+00	3.463840100000000177e+01
2.093652000000000069e+00	3.520454000000000150e+01
2.099604999999999944e+00	3.595379100000000250e+01
2.105554999999999843e+00	3.685169199999999989e+01
2.111501000000000072e+00	3.786370600000000053e+01
2.117445000000000022e+00	3.894667499999999905e+01
2.123388999999999971e+00	4.004081299999999999e+01
2.129338000000000175e+00	4.108443700000000121e+01
2.135295999999999861e+00	4.201586600000000260e+01
2.141268000000000171e+00	4.277343499999999921e+01
2.147250999999999799e+00	4.329872399999999999e+01
2.153232000000000035e+00	4.354030000000000200e+01
2.159196000000000115e+00	4.344764500000000140e+01
2.165125000000000188e+00	4.297023699999999735e+01
2.171006000000000213e+00	4.205776800000000293e+01
2.176841000000000026e+00	4.072621099999999927e+01
2.182682999999999929e+00	3.915171300000000087e+01
2.188588999999999896e+00	3.753413100000000213e+01
2.194618000000000180e+00	3.607332099999999997e+01
2.200828000000000007e+00	3.496900399999999820e+01
2.207209999999999894e+00	3.433383599999999802e+01
2.213579000000000185e+00	3.404428800000000166e+01
2.219714999999999883e+00	3.393716700000000230e+01
2.225403000000000020e+00	3.384927900000000278e+01
2.230423000000000044e+00	3.361749100000000112e+01
2.234681000000000139e+00	3.318367500000000092e+01
2.238447999999999993e+00	3.281014499999999856e+01
2.242068000000000172e+00	3.282012199999999780e+01
2.245884000000000214e+00	3.353682599999999780e+01
2.250237999999999960e+00	3.528346100000000263e+01
2.255365999999999982e+00	3.822478399999999965e+01
2.261130000000000084e+00	4.198066000000000031e+01
2.267313000000000134e+00	4.605390500000000031e+01
2.273696000000000161e+00	4.994733800000000201e+01
2.280063999999999869e+00	5.316377599999999859e+01
2.286243999999999943e+00	5.537874899999999911e+01
2.292251999999999956e+00	5.693802099999999911e+01
2.298146000000000022e+00	5.834991300000000081e+01
2.303983000000000114e+00	6.012274500000000188e+01
2.309822000000000042e+00	6.276483699999999999e+01
2.315710999999999853e+00	6.657474299999999801e+01
2.321645999999999876e+00	7.093205600000000288e+01
2.327612999999999932e+00	7.496478700000000117e+01
2.333594999999999864e+00	7.780093899999999962e+01
2.339576999999999796e+00	7.856851899999999489e+01
2.345546999999999827e+00	7.663209999999999411e+01
2.351503999999999817e+00	7.252686300000000585e+01
2.357451999999999881e+00	6.714940900000000568e+01
2.363395999999999830e+00	6.139644599999999741e+01
2.369339000000000084e+00	5.616467999999999705e+01
2.375286000000000008e+00	5.221405000000000030e+01
2.381237000000000048e+00	4.953919599999999690e+01
2.387189999999999923e+00	4.786870400000000103e+01
2.393143999999999938e+00	4.693089299999999753e+01
2.399097999999999953e+00	4.645408199999999965e+01
2.405050999999999828e+00	4.619463700000000017e+01
2.411004000000000147e+00	4.608671900000000221e+01
2.416955999999999882e+00	4.613395700000000232e+01
2.422906999999999922e+00	4.634013499999999652e+01
2.428857999999999961e+00	4.670904099999999914e+01
2.434809000000000001e+00	4.724976600000000104e+01
2.440760000000000041e+00	4.800962299999999772e+01
2.446712000000000220e+00	4.905266799999999705e+01
2.452663999999999955e+00	5.044302900000000278e+01
2.458616999999999830e+00	5.224483500000000191e+01
2.464570999999999845e+00	5.450661199999999695e+01
2.470524999999999860e+00	5.714883900000000239e+01
2.476478000000000179e+00	6.002919299999999936e+01
2.482429999999999914e+00	6.300491999999999848e+01
2.488377999999999979e+00	6.593326500000000578e+01
2.494323000000000068e+00	6.865479600000000460e+01
2.500265999999999877e+00	7.085335999999999501e+01
2.506212000000000106e+00	7.212693699999999808e+01
2.512164999999999981e+00	7.207262699999999711e+01
2.518129000000000062e+00	7.028752900000000636e+01
2.524108000000000018e+00	6.646589799999999570e+01
2.530091999999999786e+00	6.135246200000000272e+01
2.536067000000000071e+00	5.633397000000000077e+01
2.542015999999999831e+00	5.280637800000000226e+01
2.547924000000000078e+00	5.216564000000000334e+01
2.553779000000000021e+00	5.564078700000000310e+01
2.559610000000000163e+00	6.237086500000000200e+01
2.565475000000000172e+00	7.007199199999999450e+01
2.571432000000000162e+00	7.643298699999999712e+01
2.577539999999999942e+00	7.914266700000000299e+01
2.583845999999999865e+00	7.605385499999999865e+01
2.590249000000000024e+00	6.741543000000000063e+01
2.596534000000000120e+00	5.529155999999999693e+01
2.602485000000000159e+00	4.179145799999999866e+01
2.607883000000000173e+00	2.902433200000000113e+01
2.612527000000000044e+00	1.901277800000000084e+01
2.616509000000000196e+00	1.228921700000000072e+01
2.620163999999999938e+00	8.130736999999999881e+00
2.623834000000000000e+00	5.775210999999999650e+00
2.627863000000000060e+00	4.460512999999999728e+00
2.632579999999999920e+00	3.452589999999999826e+00
2.638037000000000187e+00	2.592483999999999789e+00
2.644026000000000209e+00	2.259663000000000199e+00
2.650332000000000132e+00	2.854324000000000083e+00
2.656734000000000151e+00	4.776665000000000383e+00
2.663022999999999918e+00	8.389347000000000776e+00
2.669115000000000126e+00	1.312707400000000035e+01
2.675060999999999911e+00	1.745917400000000086e+01
2.680919999999999970e+00	1.980995700000000070e+01
2.686751000000000111e+00	1.860372999999999877e+01
2.692610999999999866e+00	1.233169999999999966e+01
2.698523999999999923e+00	1.513987999999999889e+00
2.704476000000000102e+00	-1.098364800000000052e+01
2.710452000000000083e+00	-2.216478700000000046e+01
2.716435999999999851e+00	-2.903300899999999984e+01
2.722412999999999972e+00	-2.865772700000000128e+01
2.728375999999999912e+00	-2.060753199999999907e+01
2.734328000000000092e+00	-7.663223000000000340e+00
2.740273999999999877e+00	7.183144000000000418e+00
2.746217000000000130e+00	2.093951300000000160e+01
2.752162000000000219e+00	3.064763299999999902e+01
2.758110999999999979e+00	3.499674799999999664e+01
2.764063000000000159e+00	3.503192700000000315e+01
2.770016000000000034e+00	3.197941600000000051e+01
2.775971000000000188e+00	2.706546200000000013e+01
2.781924000000000063e+00	2.150960399999999950e+01
2.787876999999999938e+00	1.609805199999999914e+01
2.793829000000000118e+00	1.092695499999999953e+01
2.799780999999999853e+00	6.030903999999999598e+00
2.805731999999999893e+00	1.444485000000000019e+00
2.811682999999999932e+00	-2.797864999999999824e+00
2.817635000000000112e+00	-6.675434000000000090e+00
2.823586999999999847e+00	-1.019187499999999957e+01
2.829539000000000026e+00	-1.335334800000000044e+01
2.835491000000000206e+00	-1.616601100000000102e+01
2.841442999999999941e+00	-1.863579599999999914e+01
2.847395000000000120e+00	-2.073886999999999858e+01
2.853346999999999856e+00	-2.239238599999999835e+01
2.859299000000000035e+00	-2.350654099999999858e+01
2.865251000000000214e+00	-2.399153099999999839e+01
2.871201999999999810e+00	-2.375743599999999844e+01
2.877153999999999989e+00	-2.268982899999999958e+01
2.883106000000000169e+00	-2.061992499999999851e+01
2.889057999999999904e+00	-1.737162599999999912e+01
2.895010000000000083e+00	-1.276883699999999955e+01
2.900961999999999819e+00	-6.636352999999999724e+00
2.906913999999999998e+00	8.741029999999999633e-01
2.912866000000000177e+00	8.797786000000000328e+00
2.918817999999999913e+00	1.604570100000000110e+01
2.924770000000000092e+00	2.152885200000000054e+01
2.930721000000000132e+00	2.415890200000000121e+01
2.936672999999999867e+00	2.336417700000000153e+01
2.942625000000000046e+00	2.001619300000000123e+01
2.948576999999999781e+00	1.523649600000000071e+01
2.954528999999999961e+00	1.014663700000000013e+01
2.960481000000000140e+00	5.868027999999999800e+00
2.966432999999999875e+00	3.196960999999999942e+00
2.972385000000000055e+00	1.907661000000000051e+00
2.978336999999999790e+00	1.574020999999999892e+00
2.984288999999999970e+00	1.769937000000000094e+00
2.990240000000000009e+00	2.069303000000000115e+00
2.996192000000000188e+00	2.046012999999999860e+00
3.002143999999999924e+00	1.273964000000000096e+00
3.008096000000000103e+00	-6.729519999999999946e-01
3.014047999999999838e+00	-4.220837999999999646e+00
3.020000000000000018e+00	-9.795799999999999841e+00
