1.199999999999999956e-01	-6.336244178123340287e-01
1.249780000000000058e-01	-6.939257195149922675e-01
1.305999999999999939e-01	-3.535560201512294443e-01
1.367059999999999942e-01	-1.093394760587219072e-01
1.431360000000000132e-01	7.158894358170935224e-01
1.497320000000000040e-01	1.085035604002826837e+00
1.563350000000000017e-01	1.606116103128237382e+00
1.627850000000000130e-01	1.897812311736522650e+00
1.689219999999999888e-01	2.554468095997427302e+00
1.745889999999999942e-01	2.783248979437267234e+00
1.796250000000000069e-01	2.899471321680739067e+00
1.839349999999999874e-01	2.626744716988469897e+00
1.877439999999999942e-01	2.307045308457175370e+00
1.913779999999999926e-01	2.022132252704749611e+00
1.951660000000000061e-01	1.855204742957891506e+00
1.994340000000000002e-01	1.303822459262979683e+00
2.044499999999999929e-01	1.045914425622334498e+00
2.101250000000000062e-01	8.523755807975790244e-01
2.162479999999999958e-01	7.787606613493296415e-01
2.226049999999999973e-01	5.943492929420919335e-01
2.289819999999999911e-01	8.092340344759022530e-01
2.351930000000000132e-01	1.221608214787069935e+00
2.412249999999999950e-01	1.277811688254634870e+00
2.471349999999999936e-01	1.481326657719483464e+00
2.529799999999999827e-01	1.968111553723520757e+00
2.588170000000000193e-01	1.891814781887243058e+00
2.646970000000000156e-01	2.252091039930085525e+00
2.706259999999999777e-01	2.484564505088794562e+00
2.765880000000000005e-01	2.808030500457343592e+00
2.825679999999999858e-01	2.886860762496295862e+00
2.885510000000000019e-01	2.918346665274701657e+00
2.945229999999999793e-01	2.911264964057508564e+00
3.004809999999999981e-01	2.724738346626672136e+00
3.064310000000000089e-01	2.524739412462521759e+00
3.123750000000000138e-01	2.625504694592004640e+00
3.183190000000000186e-01	2.340348415978803498e+00
3.242650000000000254e-01	2.192669929190957490e+00
3.302149999999999808e-01	1.925608632883055504e+00
3.361680000000000224e-01	1.673911657521196084e+00
3.421210000000000084e-01	1.785965277953477592e+00
3.480759999999999965e-01	1.499599075120728209e+00
3.540289999999999826e-01	1.498533920085139304e+00
3.599809999999999954e-01	1.630352532812374466e+00
3.659330000000000083e-01	1.690738958120209690e+00
3.718839999999999923e-01	1.882641291043527509e+00
3.778360000000000052e-01	2.049536068244459663e+00
3.837869999999999893e-01	2.394734333655360370e+00
3.897390000000000021e-01	2.645073520984532855e+00
3.956910000000000149e-01	3.019555195570572614e+00
4.016429999999999723e-01	3.369596441406197851e+00
4.075949999999999851e-01	3.651210081754671322e+00
4.135469999999999979e-01	3.563816644987190418e+00
4.194979999999999820e-01	3.632603989722774429e+00
4.254499999999999948e-01	3.516452785744395015e+00
4.314009999999999789e-01	3.499599319390120478e+00
4.373540000000000205e-01	2.966387750279508406e+00
4.433079999999999798e-01	2.800248480079191360e+00
4.492619999999999947e-01	2.539414926244536463e+00
4.552160000000000095e-01	2.469014187930523629e+00
4.611680000000000224e-01	2.305276146316697083e+00
4.671170000000000044e-01	2.168488733875119756e+00
4.730619999999999825e-01	1.951262408248588542e+00
4.790059999999999873e-01	2.007525290891363223e+00
4.849510000000000209e-01	2.333976901966401840e+00
4.909020000000000050e-01	2.568438424454219771e+00
4.968629999999999991e-01	2.794201046954457812e+00
5.028390000000000359e-01	2.931367369395795563e+00
5.088230000000000253e-01	3.353419331599064357e+00
5.148009999999999531e-01	3.645269221648448799e+00
5.207570000000000254e-01	3.889610954698256684e+00
5.266750000000000043e-01	4.117232356913699043e+00
5.325410000000000421e-01	4.261327960796084113e+00
5.383719999999999617e-01	4.392490852306051963e+00
5.442249999999999588e-01	4.297476577722574298e+00
5.501580000000000359e-01	4.238196888659954809e+00
5.562289999999999734e-01	3.861802411667346391e+00
5.624930000000000208e-01	3.793210489158143961e+00
5.688929999999999820e-01	3.644457075350348241e+00
5.752220000000000111e-01	3.368455741343133525e+00
5.812610000000000277e-01	3.353592293746476827e+00
5.867949999999999555e-01	3.201416867188696447e+00
5.916080000000000227e-01	3.326136863095163765e+00
5.957040000000000113e-01	3.302274258233778514e+00
5.993990000000000151e-01	3.346077833977706639e+00
6.030370000000000452e-01	3.596143764983618318e+00
6.069609999999999728e-01	3.860048859654976461e+00
6.115110000000000268e-01	4.090834836919123418e+00
6.168270000000000142e-01	4.380862970221288677e+00
6.227219999999999978e-01	4.638730866410725184e+00
6.289789999999999548e-01	5.023152299735867743e+00
6.353790000000000271e-01	5.060927276979208855e+00
6.417070000000000274e-01	5.238508190597322312e+00
6.478369999999999962e-01	5.137742079704288756e+00
6.538089999999999735e-01	4.980761264842002767e+00
6.596819999999999906e-01	4.688262948298348221e+00
6.655140000000000500e-01	4.736521617326321376e+00
6.713630000000000431e-01	4.291283079663205768e+00
6.772660000000000347e-01	4.354732769613074872e+00
6.832110000000000127e-01	4.164975802500299196e+00
6.891829999999999901e-01	4.059656569715510699e+00
6.951669999999999794e-01	3.873369745302419176e+00
7.011469999999999647e-01	3.934248381113503168e+00
7.071119999999999628e-01	3.937967065009844614e+00
7.130670000000000064e-01	3.941833016371387277e+00
7.190130000000000132e-01	4.291920389639863664e+00
7.249569999999999625e-01	4.533839168724474789e+00
7.309010000000000229e-01	4.707909948667428068e+00
7.368489999999999762e-01	4.886067914837592063e+00
7.428000000000000158e-01	5.270368758599906833e+00
7.487530000000000019e-01	5.489763122928202677e+00
7.547080000000000455e-01	5.665021149262236655e+00
7.606619999999999493e-01	5.691178386567694147e+00
7.666140000000000176e-01	5.801416876989727633e+00
7.725670000000000037e-01	5.869595370604719697e+00
7.785180000000000433e-01	5.950146890449887316e+00
7.844689999999999719e-01	5.770740504882876820e+00
7.904210000000000402e-01	5.787687169570828516e+00
7.963729999999999976e-01	5.900782345955758679e+00
8.023249999999999549e-01	5.943558461334013998e+00
8.082770000000000232e-01	5.808985010835053586e+00
8.142289999999999806e-01	5.781414335913426683e+00
8.201800000000000201e-01	5.725827810410867080e+00
8.261319999999999775e-01	5.869184709533368682e+00
8.320830000000000171e-01	5.744356467308104897e+00
8.380349999999999744e-01	5.837915533784121536e+00
8.439870000000000427e-01	5.900527679922868529e+00
8.499400000000000288e-01	6.013113892316464870e+00
8.558940000000000436e-01	6.414772919792570249e+00
8.618479999999999475e-01	6.459195486204382775e+00
8.678010000000000446e-01	6.643118731002038757e+00
8.737519999999999731e-01	6.794216886139455625e+00
8.797000000000000375e-01	7.211217412472706201e+00
8.856439999999999868e-01	7.149458758077376075e+00
8.915870000000000184e-01	7.244264174627319974e+00
8.975349999999999717e-01	7.239548507543899447e+00
9.034900000000000153e-01	7.079564851017950744e+00
9.094569999999999599e-01	7.042496327398009903e+00
9.154379999999999740e-01	6.873516354221227864e+00
9.214210000000000456e-01	6.766669232061821582e+00
9.273909999999999654e-01	6.376045589564609983e+00
9.333329999999999682e-01	6.679993037897099306e+00
9.392300000000000093e-01	6.651622561591536531e+00
9.450749999999999984e-01	6.840773288559895526e+00
9.509090000000000042e-01	6.988977762492368129e+00
9.567890000000000006e-01	7.122232130619911672e+00
9.627750000000000474e-01	7.614197484157311457e+00
9.689229999999999787e-01	7.887530009185885760e+00
9.752680000000000238e-01	8.172084733143947233e+00
9.816639999999999810e-01	8.536015217484283824e+00
9.878930000000000211e-01	8.660487210642541456e+00
9.937399999999999567e-01	8.831443103493029412e+00
9.989850000000000119e-01	8.699207438608627996e+00
1.003457999999999961e+00	8.643405937534494043e+00
1.007338000000000067e+00	8.578259065987156262e+00
1.010966000000000031e+00	8.437019767057226005e+00
1.014685999999999977e+00	8.216582761072187324e+00
1.018841000000000108e+00	8.039977684007904912e+00
1.023735000000000062e+00	8.026421862551249120e+00
1.029328999999999938e+00	7.860304823433678756e+00
1.035408000000000106e+00	8.116255120734187756e+00
1.041754000000000069e+00	8.168004276189247292e+00
1.048148999999999997e+00	8.282395904902646322e+00
1.054391999999999996e+00	8.275570235619481352e+00
1.060446000000000000e+00	8.494097049659217191e+00
1.066368999999999900e+00	8.779416632882378835e+00
1.072216999999999976e+00	9.103870774120114362e+00
1.078049000000000035e+00	9.223205882813074297e+00
1.083920999999999912e+00	9.426705151011665507e+00
1.089842999999999895e+00	9.663736028772563103e+00
1.095801999999999943e+00	9.778568087007107223e+00
1.101780999999999899e+00	9.892154333007177058e+00
1.107765000000000111e+00	1.006304648968459681e+01
1.113739999999999952e+00	1.004317338230473666e+01
1.119699999999999918e+00	1.020484070832132240e+01
1.125650000000000039e+00	1.018706840121488710e+01
1.131594999999999906e+00	1.013198120274587133e+01
1.137537999999999938e+00	1.006466738416776074e+01
1.143483999999999945e+00	1.006769141165065484e+01
1.149432999999999927e+00	1.043006576430334498e+01
1.155386000000000024e+00	1.022252747283455854e+01
1.161338999999999899e+00	1.025957351571811138e+01
1.167294000000000054e+00	1.036040600906729381e+01
1.173246999999999929e+00	1.063807630053295128e+01
1.179200000000000026e+00	1.071761561138271368e+01
1.185151999999999983e+00	1.077418430478374844e+01
1.191103000000000023e+00	1.087896945298459528e+01
1.197054000000000062e+00	1.094767778256568036e+01
1.203006000000000020e+00	1.091744204903677407e+01
1.208957999999999977e+00	1.126775580709822755e+01
1.214909999999999934e+00	1.121464414717430991e+01
1.220861999999999892e+00	1.128629952287365512e+01
1.226814000000000071e+00	1.155226955624589991e+01
1.232765000000000111e+00	1.207633985413173328e+01
1.238717000000000068e+00	1.221182815875723549e+01
1.244668000000000108e+00	1.230688962043433143e+01
1.250620000000000065e+00	1.274918391426333208e+01
1.256572000000000022e+00	1.308669346313331516e+01
1.262526000000000037e+00	1.322811470882186136e+01
1.268480000000000052e+00	1.307941482791119192e+01
1.274434000000000067e+00	1.304717822046339570e+01
1.280386000000000024e+00	1.311813747899626570e+01
1.286335999999999924e+00	1.336406976158384907e+01
1.292281999999999931e+00	1.313373678175845249e+01
1.298224999999999962e+00	1.318693116718434766e+01
1.304170000000000051e+00	1.348243726948867760e+01
1.310119999999999951e+00	1.366512145715733695e+01
1.316079999999999917e+00	1.395766137966172238e+01
1.322052999999999923e+00	1.424691187291479544e+01
1.328036999999999912e+00	1.457125611488038786e+01
1.334017000000000008e+00	1.503926211433633497e+01
1.339976000000000056e+00	1.530585614859854537e+01
1.345900000000000096e+00	1.582844155482365878e+01
1.351774000000000031e+00	1.636080804412846845e+01
1.357607000000000008e+00	1.678262272507670971e+01
1.363453000000000026e+00	1.752211067003774403e+01
1.369372000000000034e+00	1.792685848021190509e+01
1.375421999999999922e+00	1.853365164040907942e+01
1.381658999999999970e+00	1.899839237851912443e+01
1.388052000000000064e+00	1.955770675277057080e+01
1.394403000000000059e+00	1.999507437377286223e+01
1.400492999999999988e+00	2.059359592617266443e+01
1.406104999999999938e+00	2.129843027921788234e+01
1.411021999999999998e+00	2.209296820858919475e+01
1.415195999999999898e+00	2.296656325512791597e+01
1.418924000000000074e+00	2.398572797550778546e+01
1.422549999999999981e+00	2.520446949221447142e+01
1.426417000000000046e+00	2.635126962358944525e+01
1.430868000000000029e+00	2.707757468995196959e+01
1.436091000000000006e+00	2.804074823246563852e+01
1.441923000000000066e+00	2.859943841784645002e+01
1.448144000000000098e+00	2.873994980828694068e+01
1.454538000000000109e+00	2.887241098803271910e+01
1.460887000000000047e+00	2.857904003162472506e+01
1.467041999999999957e+00	2.791104178038034433e+01
1.473030999999999979e+00	2.730723857797890375e+01
1.478914000000000062e+00	2.618260576865326783e+01
1.484749000000000096e+00	2.536521707789929181e+01
1.490591999999999917e+00	2.427660033851192978e+01
1.496488000000000040e+00	2.343090140750609862e+01
1.502428000000000097e+00	2.247355084256451718e+01
1.508397999999999906e+00	2.173084317448539338e+01
1.514380999999999977e+00	2.110956222266229076e+01
1.520361999999999991e+00	2.090045179456923563e+01
1.526329999999999965e+00	2.050421028986769301e+01
1.532284999999999897e+00	2.031527448009623171e+01
1.538232999999999961e+00	2.049395641790459521e+01
1.544175999999999993e+00	2.059249151681303758e+01
1.550119999999999942e+00	2.064185762626240361e+01
1.556068000000000007e+00	2.106721261723796346e+01
1.562019000000000046e+00	2.129892982207808672e+01
1.567971999999999921e+00	2.152344934752909111e+01
1.573925999999999936e+00	2.200735928675378617e+01
1.579879999999999951e+00	2.227925819405285068e+01
1.585833000000000048e+00	2.299717720052244729e+01
1.591785000000000005e+00	2.337977268105144901e+01
1.597736999999999963e+00	2.410629722700847921e+01
1.603688000000000002e+00	2.474269586652859942e+01
1.609639000000000042e+00	2.565926717912945776e+01
1.615590999999999999e+00	2.648930761103631681e+01
1.621542999999999957e+00	2.736441958476459746e+01
1.627494999999999914e+00	2.820777451519294488e+01
1.633447000000000093e+00	2.943113301659467496e+01
1.639399000000000051e+00	3.057930864356357858e+01
1.645350000000000090e+00	3.177681108494417117e+01
1.651302000000000048e+00	3.302938930576112142e+01
1.657253000000000087e+00	3.458406959660420910e+01
1.663205000000000044e+00	3.595338185773236717e+01
1.669157999999999920e+00	3.743822397828544979e+01
1.675111999999999934e+00	3.923302269621420635e+01
1.681065999999999949e+00	4.098069395085843070e+01
1.687019000000000046e+00	4.291285174868954755e+01
1.692971000000000004e+00	4.448452445678962164e+01
1.698919000000000068e+00	4.590567786143122930e+01
1.704863000000000017e+00	4.731414640684410955e+01
1.710806999999999967e+00	4.802877865694841830e+01
1.716752999999999973e+00	4.858287074814631268e+01
1.722706999999999988e+00	4.898383987214485558e+01
1.728671999999999986e+00	4.903190927747273520e+01
1.734652000000000083e+00	4.947030075328912346e+01
1.740636000000000072e+00	4.962781037488388591e+01
1.746609000000000078e+00	4.988880549122990260e+01
1.752555000000000085e+00	4.999310185330529066e+01
1.758458000000000077e+00	5.029248874754253507e+01
1.764308999999999905e+00	5.042551336454567945e+01
1.770140999999999964e+00	5.066833582447180362e+01
1.776011999999999924e+00	5.092008062661805923e+01
1.781979999999999897e+00	5.141788763084623781e+01
1.788105000000000055e+00	5.192817758286238217e+01
1.794426999999999994e+00	5.254461339872714376e+01
1.800829000000000013e+00	5.332338224647993741e+01
1.807091999999999921e+00	5.423521833915869905e+01
1.813002000000000002e+00	5.593316605878966641e+01
1.818338000000000010e+00	5.810009661629352706e+01
1.822912000000000088e+00	6.066841507088966523e+01
1.826850000000000085e+00	6.390675507697431357e+01
1.830492000000000008e+00	6.784558160120644743e+01
1.834179999999999922e+00	7.199446117587120852e+01
1.838259000000000087e+00	7.651837462602384221e+01
1.843048000000000020e+00	8.146722061648625868e+01
1.848562000000000038e+00	8.659944188907822138e+01
1.854589999999999961e+00	9.144528990132390334e+01
1.860913000000000039e+00	9.623174031202388790e+01
1.867313999999999918e+00	1.005301329611155978e+02
1.873583999999999916e+00	1.043396880661632906e+02
1.879660000000000108e+00	1.071603816002916574e+02
1.885596000000000050e+00	1.087162655628254697e+02
1.891450999999999993e+00	1.084868463602384310e+02
1.897281999999999913e+00	1.060964755007225619e+02
1.903146999999999922e+00	1.012145428006663224e+02
1.909062999999999954e+00	9.397622111333141959e+01
1.915018000000000109e+00	8.574255786021906545e+01
1.920995999999999926e+00	7.719476025592960866e+01
1.926979999999999915e+00	6.907093688064092873e+01
1.932955999999999896e+00	6.295242566557875818e+01
1.938917999999999919e+00	5.874334986052605956e+01
1.944868999999999959e+00	5.610507560488882461e+01
1.950814000000000048e+00	5.436969961329312184e+01
1.956757999999999997e+00	5.346890320806998176e+01
1.962703000000000086e+00	5.265432630608439268e+01
1.968652000000000069e+00	5.171656290861935901e+01
1.974604000000000026e+00	5.048586402516810523e+01
1.980558000000000041e+00	4.939490637685738506e+01
1.986512000000000056e+00	4.825278134359215443e+01
1.992466000000000070e+00	4.654181374108605951e+01
1.998418000000000028e+00	4.500515057447643130e+01
2.004370000000000207e+00	4.345632584781623819e+01
2.010321999999999942e+00	4.193882306690365880e+01
2.016272999999999982e+00	4.035244578352800460e+01
2.022224000000000022e+00	3.888119513836970498e+01
2.028176000000000201e+00	3.771710600065350150e+01
2.034127999999999936e+00	3.690521343687835554e+01
2.040080000000000116e+00	3.610292118879706891e+01
2.046031999999999851e+00	3.542640491017631632e+01
2.051984000000000030e+00	3.494453303705301295e+01
2.057935000000000070e+00	3.451833422516099859e+01
2.063886999999999805e+00	3.420335363971595655e+01
2.069837999999999845e+00	3.440942414165510144e+01
2.075791000000000164e+00	3.472540594094009947e+01
2.081744000000000039e+00	3.487601845069421103e+01
2.087698000000000054e+00	3.551118387132373755e+01
2.093652000000000069e+00	3.593756861199858577e+01
2.099604999999999944e+00	3.657507925011703520e+01
2.105554999999999843e+00	3.694875037100590021e+01
2.111501000000000072e+00	3.733048579228319852e+01
2.117445000000000022e+00	3.757518827555046670e+01
2.123388999999999971e+00	3.758846743155683612e+01
2.129338000000000175e+00	3.729559351656249788e+01
2.135295999999999861e+00	3.697932178326727382e+01
2.141268000000000171e+00	3.653763679428973887e+01
2.147250999999999799e+00	3.612273885393431527e+01
2.153232000000000035e+00	3.546029177041486236e+01
2.159196000000000115e+00	3.523068692569231786e+01
2.165125000000000188e+00	3.508338773378538633e+01
2.171006000000000213e+00	3.447973405389954848e+01
2.176841000000000026e+00	3.483027988131124175e+01
2.182682999999999929e+00	3.564660173585933478e+01
2.188588999999999896e+00	3.694688639222761140e+01
2.194618000000000180e+00	3.967483974008230518e+01
2.200828000000000007e+00	4.403314966416954235e+01
2.207209999999999894e+00	4.951696320536331086e+01
2.213579000000000185e+00	5.584196004291106163e+01
2.219714999999999883e+00	6.199129966852382267e+01
2.225403000000000020e+00	6.710361813957248955e+01
2.230423000000000044e+00	6.999578010416890095e+01
2.234681000000000139e+00	7.014137505631781266e+01
2.238447999999999993e+00	6.802032744874136938e+01
2.242068000000000172e+00	6.452130983570364720e+01
2.245884000000000214e+00	6.001039791933898471e+01
2.250237999999999960e+00	5.563270317302540491e+01
2.255365999999999982e+00	5.132373663351793880e+01
2.261130000000000084e+00	4.759986745954516607e+01
2.267313000000000134e+00	4.442344287345611775e+01
2.273696000000000161e+00	4.144067194843606217e+01
2.280063999999999869e+00	3.862554895182729098e+01
2.286243999999999943e+00	3.666381374946421801e+01
2.292251999999999956e+00	3.445163736749460526e+01
2.298146000000000022e+00	3.265414640132313195e+01
2.303983000000000114e+00	3.135763893216627451e+01
2.309822000000000042e+00	3.014070650357496106e+01
2.315710999999999853e+00	2.906790700743680489e+01
2.321645999999999876e+00	2.842125395599655846e+01
2.327612999999999932e+00	2.775070374618731606e+01
2.333594999999999864e+00	2.735042425358256679e+01
2.339576999999999796e+00	2.681861978747708619e+01
2.345546999999999827e+00	2.634099198931482633e+01
2.351503999999999817e+00	2.578226588578713674e+01
2.357451999999999881e+00	2.595665348272029149e+01
2.363395999999999830e+00	2.685965671427618773e+01
2.369339000000000084e+00	2.876174398407821897e+01
2.375286000000000008e+00	3.167492004236374825e+01
2.381237000000000048e+00	3.556764473500315660e+01
2.387189999999999923e+00	3.950837888792413111e+01
2.393143999999999938e+00	4.351716091669022290e+01
2.399097999999999953e+00	4.608911188231248701e+01
2.405050999999999828e+00	4.742044455352061760e+01
2.411004000000000147e+00	4.736919992864442008e+01
2.416955999999999882e+00	4.649397534746934468e+01
2.422906999999999922e+00	4.446538324555498889e+01
2.428857999999999961e+00	4.175513412221580012e+01
2.434809000000000001e+00	3.882777848628595052e+01
2.440760000000000041e+00	3.638705353337443427e+01
2.446712000000000220e+00	3.391273707987887320e+01
2.452663999999999955e+00	3.216651952031497075e+01
2.458616999999999830e+00	3.110095388538609740e+01
2.464570999999999845e+00	3.135234076252976720e+01
2.470524999999999860e+00	3.256628223042485359e+01
2.476478000000000179e+00	3.463287902357730275e+01
2.482429999999999914e+00	3.711202844499791098e+01
2.488377999999999979e+00	4.006719470988962684e+01
2.494323000000000068e+00	4.287378663374552445e+01
2.500265999999999877e+00	4.553531163091047773e+01
2.506212000000000106e+00	4.734648607409339860e+01
2.512164999999999981e+00	4.852216298775788772e+01
2.518129000000000062e+00	4.852234701245338044e+01
2.524108000000000018e+00	4.686046301464841690e+01
2.530091999999999786e+00	4.383043698580565461e+01
2.536067000000000071e+00	4.015592651701204829e+01
2.542015999999999831e+00	3.591758649632283351e+01
2.547924000000000078e+00	3.179209077468700784e+01
2.553779000000000021e+00	2.807776101166143690e+01
2.559610000000000163e+00	2.479900942808367148e+01
2.565475000000000172e+00	2.218961010842282988e+01
2.571432000000000162e+00	2.015273541479081132e+01
2.577539999999999942e+00	1.787904454649341446e+01
2.583845999999999865e+00	1.609832369058133850e+01
2.590249000000000024e+00	1.455604037296369313e+01
2.596534000000000120e+00	1.417082235925957967e+01
2.602485000000000159e+00	1.466027801443113887e+01
2.607883000000000173e+00	1.732817983121572425e+01
2.612527000000000044e+00	2.217219793718772536e+01
2.616509000000000196e+00	2.858423469352226931e+01
2.620163999999999938e+00	3.473647921229667190e+01
2.623834000000000000e+00	3.983992539374461472e+01
2.627863000000000060e+00	4.111823103963619985e+01
2.632579999999999920e+00	3.802488843284162101e+01
2.638037000000000187e+00	3.078155081288605643e+01
2.644026000000000209e+00	2.088943887419055301e+01
2.650332000000000132e+00	1.107381392114109708e+01
2.656734000000000151e+00	2.935200922121500522e+00
2.663022999999999918e+00	-1.615201511483477237e+00
2.669115000000000126e+00	-2.086017897283169109e+00
2.675060999999999911e+00	-4.024700476974150121e-01
2.680919999999999970e+00	1.122162298271726977e+00
2.686751000000000111e+00	6.941938957854810743e-01
2.692610999999999866e+00	-3.374536831800237113e+00
2.698523999999999923e+00	-1.098201916492213748e+01
2.704476000000000102e+00	-2.077938664492564413e+01
2.710452000000000083e+00	-2.967762794127201431e+01
2.716435999999999851e+00	-3.546901260521467947e+01
2.722412999999999972e+00	-3.615475055679997496e+01
2.728375999999999912e+00	-3.103021423150602232e+01
2.734328000000000092e+00	-2.226791379634712698e+01
2.740273999999999877e+00	-1.156436696195117086e+01
2.746217000000000130e+00	-1.556196739220011560e+00
2.752162000000000219e+00	6.128964034627800039e+00
2.758110999999999979e+00	1.013475973550789533e+01
2.764063000000000159e+00	1.146076764833725825e+01
2.770016000000000034e+00	1.062847557859732106e+01
2.775971000000000188e+00	8.080926735047084364e+00
2.781924000000000063e+00	5.125207476034850274e+00
2.787876999999999938e+00	1.756713924724280451e+00
2.793829000000000118e+00	-1.576194223674990180e+00
2.799780999999999853e+00	-4.328184244378929790e+00
2.805731999999999893e+00	-6.066523506836895230e+00
2.811682999999999932e+00	-6.873829646973269369e+00
2.817635000000000112e+00	-6.477856405168103571e+00
2.823586999999999847e+00	-5.621659408264545021e+00
2.829539000000000026e+00	-4.196594690097848357e+00
2.835491000000000206e+00	-3.166756409456610299e+00
2.841442999999999941e+00	-2.921881680339084131e+00
2.847395000000000120e+00	-3.381810398404879514e+00
2.853346999999999856e+00	-4.211376545383702208e+00
2.859299000000000035e+00	-4.770420313096171760e+00
2.865251000000000214e+00	-4.498771518136941872e+00
2.871201999999999810e+00	-3.096754159517416394e+00
2.877153999999999989e+00	-2.845521911977645924e-01
2.883106000000000169e+00	3.491751673382547771e+00
2.889057999999999904e+00	7.217160300788081351e+00
2.895010000000000083e+00	9.943592561763985316e+00
2.900961999999999819e+00	1.104390994370667833e+01
2.906913999999999998e+00	1.008906657278363461e+01
2.912866000000000177e+00	7.628207799983317550e+00
2.918817999999999913e+00	4.307628168990946804e+00
2.924770000000000092e+00	9.913194211661275901e-01
2.930721000000000132e+00	-1.706740672461373398e+00
2.936672999999999867e+00	-2.969913332314273902e+00
2.942625000000000046e+00	-3.540160667503610359e+00
2.948576999999999781e+00	-3.066108255283648720e+00
2.954528999999999961e+00	-1.936179875639916670e+00
2.960481000000000140e+00	-1.032288835935018634e+00
2.966432999999999875e+00	3.342699173808711954e-01
2.972385000000000055e+00	1.320413241381400482e+00
2.978336999999999790e+00	2.557085744574972175e+00
2.984288999999999970e+00	2.809179178900125695e+00
2.990240000000000009e+00	2.581589350004324768e+00
2.996192000000000188e+00	1.974346184890372058e+00
3.002143999999999924e+00	-1.023964590824826548e-01
3.008096000000000103e+00	-2.940100685129402258e+00
3.014047999999999838e+00	-6.828785835255703596e+00
3.020000000000000018e+00	-1.194271422646054148e+01
